1694442218732 0.39601006548712275 0
1694442219026 1.075002892765847 1
1694442219324 1.1091107469206862 2
1694442219605 0.6617462648707585 3
1694442219905 0.9023887957092536 4
1694442220198 0.21664055254852427 5
1694442220463 1.4089715700617544 6
1694442220745 0.04600651117870035 7
1694442220994 0.7825316721692925 8
1694442221269 0.3371779679099568 9
1694442221546 0.5748297773817197 10
1694442221835 0.3819204717213834 11
1694442222135 0.005882903511794616 12
1694442222404 0.9619866392826311 13
1694442222687 0.2268912219956844 14
1694442222954 0.40930214084611255 15
1694442223211 0.1515570506010024 16
1694442223468 0.009269108597279406 17
1694442223767 0.3407373523502016 18
1694442224067 0.3123838676216738 19
1694442224387 0.0010019857314302655 20
1694442224700 0.6607033800434021 21
1694442224991 0.4901593457721415 22
1694442225330 0.20005358362737324 23
1694442225621 0.4045625979547569 24
1694442225917 0.48127134992582365 25
1694442226204 0.006632707414632399 26
1694442226472 1.390607393381773 27
1694442226764 2.517195140490875 28
1694442227079 0.27221420497396065 29
1694442227343 0.00980828255480886 30
1694442227671 1.1205846525315626 31
1694442227960 0.6946346845997209 32
1694442228270 0.43931558731112974 33
1694442228577 0.0743940469581645 34
1694442228873 0.1323228891729292 35
1694442229172 0.9224956125523531 36
1694442229470 0.6823015994513492 37
1694442229753 0.23094947003320176 38
1694442230045 0.27891945849120614 39
1694442230335 0.8089403061844147 40
1694442230632 0.003926679215790973 41
1694442230943 0.2875284241067782 42
1694442231222 0.21600198379720706 43
1694442231527 1.0881600642854412 44
1694442231805 0.3097024082477927 45
1694442232135 0.2848328524651084 46
1694442232431 0.006907378268604187 47
1694442232688 1.124937575137017 48
1694442232995 0.48846058613733917 49
1694442233318 1.028287608412482 50
1694442233631 0.38913602894787186 51
1694442233953 1.1719049511379795 52
1694442234280 0.06741385945208551 53
1694442234591 0.3960670419216454 54
1694442234870 3.2905053884082673 55
1694442235145 0.6908573579918372 56
1694442235447 0.0293334314313253 57
1694442235769 0.5801243152738486 58
1694442236080 0.83968117975177 59
1694442236357 0.012541913700974258 60
1694442236665 1.1628948781228539 61
1694442236981 0.8538010719610205 62
1694442237238 0.5120277551861712 63
1694442237498 0.28895694045951953 64
1694442237772 0.26010867154243317 65
1694442238025 0.01006678130858672 66
1694442238278 0.13460646146627275 67
1694442238561 0.18114303843659604 68
1694442238878 1.1465225236025751 69
1694442239183 0.8391380968244747 70
1694442239473 0.05400184870962223 71
1694442239773 0.30100389949919193 72
1694442240123 0.5060921469782651 73
1694442240481 1.7542702911799097 74
1694442240796 0.31933703488031656 75
1694442241101 0.405771772018645 76
1694442241395 1.8143995660524201 77
1694442241681 0.07409515773446484 78
1694442241958 0.7433084725573307 79
1694442242244 0.725608300695201 80
1694442242543 0.369015031140408 81
1694442242798 0.6897156274779761 82
1694442243114 0.017648752329100206 83
1694442243437 0.4143252125152977 84
1694442243747 1.7367559535698238 85
1694442244034 0.8819977748318759 86
1694442244328 0.7818864904844035 87
1694442244636 0.025057424030424155 88
1694442244926 0.24513833626784137 89
1694442245173 0.126352029481461 90
1694442245430 1.252844799088611 91
1694442245691 0.02718942496047111 92
1694442245996 1.2189995165366196 93
1694442246282 0.12652104098332784 94
1694442246550 1.058607588370214 95
1694442246857 0.21175061576240747 96
1694442247171 0.24244673512765536 97
1694442247475 0.26483415705351776 98
1694442247781 0.2871752059371014 99
1694442248086 0.013432901526494541 100
1694442248392 0.4261126808667173 101
1694442248697 1.4359269895955211 102
1694442248985 0.17945246536321002 103
1694442249300 1.4674506444163817 104
1694442249585 0.7807391959451526 105
1694442249876 0.251381402970655 106
1694442250138 1.0306518151141322 107
1694442250436 0.6465575449937185 108
1694442250752 0.947973633574379 109
1694442251051 0.34671570452052825 110
1694442251346 0.721172783103983 111
1694442251648 0.5669634275739951 112
1694442251950 0.5143739391795816 113
1694442252270 0.345737211215488 114
1694442252591 0.5712592733061694 115
1694442252864 0.1316098871352138 116
1694442253141 1.1850935519141972 117
1694442253440 0.7229463825266191 118
1694442253748 0.32653609018021507 119
1694442254056 1.8959671852787985 120
1694442254360 0.7142056514026056 121
1694442254637 0.545708930929263 122
1694442254926 0.6653682462838363 123
1694442255212 0.27244439146301547 124
1694442255485 0.5843347827105356 125
1694442255775 0.7596600449524712 126
1694442256087 0.5044126209680112 127
1694442256346 0.08449848713433855 128
1694442256636 0.1050774981411949 129
1694442256929 0.35466183624515685 130
1694442257232 0.7057707535467016 131
1694442257528 0.3048454121028392 132
1694442257891 1.1985480938596735 133
1694442258199 0.6599447317642667 134
1694442258502 0.8504613164035907 135
1694442258806 1.1240530540493627 136
1694442259072 0.09403573732371555 137
1694442259379 2.9099897342149764e-05 138
1694442259684 0.35115728068802887 139
1694442259975 0.13748474409328895 140
1694442260244 6.040946204571835e-05 141
1694442260542 0.674826941911985 142
1694442260842 0.08161919165408414 143
1694442261135 1.3365529035346202 144
1694442261444 0.18437060411041115 145
1694442261755 2.363444710077224 146
1694442262055 1.4969745619806338 147
1694442262348 0.9175895934150111 148
1694442262639 0.16613846197532675 149
1694442262945 0.43312155758355547 150
1694442263252 0.29457511266709596 151
1694442263533 0.3402914655752559 152
1694442263848 0.8061737256642337 153
1694442264148 0.3233877017872769 154
1694442264450 0.8389029302617186 155
1694442264760 0.37631331732207723 156
1694442265041 0.5556189057906805 157
1694442265328 0.4772560196661808 158
1694442265630 0.9771539782963512 159
1694442265945 1.194045539609159 160
1694442266282 0.6422626055012945 161
1694442266592 0.19067920385801027 162
1694442266912 0.0014872099985061523 163
1694442267239 1.0128355353782676 164
1694442267542 0.12684398781507686 165
1694442267870 0.1782770339313991 166
1694442268185 0.5795372747483133 167
1694442268489 0.8182832505872712 168
1694442268796 0.8162701363142398 169
1694442269136 0.0879067496013064 170
1694442269453 0.04444664403300617 171
1694442269771 0.0033684644129267577 172
1694442270082 1.1969599995672284 173
1694442270391 0.6813401437911905 174
1694442270704 0.02430849056638382 175
1694442270977 0.5143893300364029 176
1694442271285 0.06286586063299719 177
1694442271593 0.8168798891242196 178
1694442271878 0.17963707729307798 179
1694442272199 0.6265508471323893 180
1694442272492 0.7899420702306111 181
1694442272772 0.3665018209386482 182
1694442273081 0.663744825256059 183
1694442273420 0.6099926767911813 184
1694442273738 0.889775724619979 185
1694442274054 0.7352884217516383 186
1694442274310 0.3028334623763959 187
1694442274621 0.9431176824999588 188
1694442274899 0.33683940339261814 189
1694442275216 0.8161882571947663 190
1694442275528 0.3932216186434484 191
1694442275796 0.13199113238704485 192
1694442276093 0.041960661587844665 193
1694442276384 0.018117348176181502 194
1694442276672 0.4839049767195128 195
1694442276967 1.2612163038373607 196
1694442277298 0.04221022215253299 197
1694442277559 0.877173655584803 198
1694442277847 1.1652554144261325 199
1694442278137 0.5051766937655721 200
1694442278385 0.0286719624864546 201
1694442278676 0.33403349138110433 202
1694442278955 0.7109252568748716 203
1694442279236 0.5301058038556553 204
1694442279551 0.5010189804717348 205
1694442279873 0.8667027151111479 206
1694442280179 0.5279297740653442 207
1694442280495 0.5607401453269792 208
1694442280795 0.014537448516267761 209
1694442281104 0.15272957593416894 210
1694442281404 0.018043853381710346 211
1694442281716 0.733699324700248 212
1694442282012 1.1869587157860457 213
1694442282273 0.7201114115349507 214
1694442282544 0.19451658843099287 215
1694442282835 0.856359544870956 216
1694442283109 0.1244286086986306 217
1694442283408 0.26674108566089466 218
1694442283677 0.016768033197532284 219
1694442283925 0.5568944222706822 220
1694442284228 0.653268263995046 221
1694442284531 1.1430479613815665 222
1694442284839 0.516951827557477 223
1694442285164 0.4709940802970434 224
1694442285470 0.3814210195222839 225
1694442285774 1.3596434883382138 226
1694442286061 0.42908613830738346 227
1694442286373 0.2961087107885082 228
1694442286684 1.7305863397116013 229
1694442287008 0.1866131203866426 230
1694442287319 0.693791986483327 231
1694442287619 1.1340728272618448 232
1694442287965 0.24906880630477105 233
1694442288272 0.2643649459014137 234
1694442288584 0.7439753306559727 235
1694442288870 0.28505559379500367 236
1694442289175 0.35284037259800827 237
1694442289443 0.7118136333689986 238
1694442289781 0.5128082970495617 239
1694442290091 0.5194524400981964 240
1694442290407 0.5249826867983055 241
1694442290692 0.7245281169040164 242
1694442291014 0.7155250527987621 243
1694442291279 0.43991774487638546 244
1694442291573 0.30562195248312946 245
1694442291881 0.05781125854424935 246
1694442292217 0.7779736210594909 247
1694442292516 0.2021232961999467 248
1694442292789 0.12017935542045077 249
1694442293059 1.0859324889401063 250
1694442293321 0.5268575560211597 251
1694442293611 0.0387826987678348 252
1694442293900 0.3047253701219651 253
1694442294187 0.8781793994952595 254
1694442294490 0.5322257988371177 255
1694442294778 0.19321748862532748 256
1694442295088 0.7748504376857459 257
1694442295355 0.2148962188350355 258
1694442295642 1.2049770346546447 259
1694442295945 0.7459527134095086 260
1694442296222 0.38435350258824996 261
1694442296544 0.894476854306308 262
1694442296825 1.1603593944433188 263
1694442297123 0.7829762856896862 264
1694442297433 0.42348256318984895 265
1694442297719 0.8787567605544869 266
1694442298009 1.0909786546292943 267
1694442298338 0.6709728750832077 268
1694442298622 0.024699532929713736 269
1694442298917 0.23496261717657516 270
1694442299194 1.0218054421524365 271
1694442299454 0.03187337489733922 272
1694442299757 1.4557793103073744 273
1694442300064 0.2364588133301711 274
1694442300376 0.4505669405030704 275
1694442300683 0.3836647266777771 276
1694442300957 0.3810168428500986 277
1694442301263 1.2778817189363778 278
1694442301568 0.319498929948878 279
1694442301880 0.52415356971133 280
1694442302190 0.45561045925655347 281
1694442302505 0.2929187039362277 282
1694442302782 0.00256223571231545 283
1694442303092 0.01833947042720652 284
1694442303409 1.0054804791493641 285
1694442303725 0.6725514885099209 286
1694442304030 0.04573975379990276 287
1694442304345 0.45984086883904574 288
1694442304668 0.15417593012848654 289
1694442305001 0.7427756664206961 290
1694442305349 1.0499950318251825 291
1694442305665 1.2171017798177337 292
1694442305985 0.8124112224528434 293
1694442306290 1.3079655498817955 294
1694442306664 3.6064528479509246 295
1694442306928 0.765565466719006 296
1694442307232 0.39600648332648164 297
1694442307523 4.909114445904414 298
1694442307832 0.06336315284870062 299
1694442308187 0.40400471417221057 300
1694442308500 0.35481121406023647 301
1694442308814 1.0727999706027957 302
1694442309122 0.4972642744273006 303
1694442309417 0.039412338213481536 304
1694442309719 0.4758162850473569 305
1694442310038 0.38604340336508525 306
1694442310341 1.749171709808887 307
1694442310641 0.3054314002091715 308
1694442310941 0.47087692713267804 309
1694442311237 0.4611185587282409 310
1694442311553 0.006327768411492582 311
1694442311835 0.4370735125904532 312
1694442312166 0.3056883373611124 313
1694442312472 0.07357802134964808 314
1694442312781 0.0015918915665893165 315
1694442313102 0.33331382625969086 316
1694442313428 0.4502581209573461 317
1694442313730 0.4402971651998474 318
1694442314029 0.1626446934946154 319
1694442314354 0.2868226991371261 320
1694442314638 1.7479272317751249 321
1694442314946 0.1012734133078407 322
1694442315244 0.6503389529956628 323
1694442315559 0.5823443617894823 324
1694442315884 0.7367602302917459 325
1694442316211 0.4648260011401239 326
1694442316516 0.22443426655242052 327
1694442316824 0.16020815549807044 328
1694442317153 0.26132535753618746 329
1694442317472 0.48949447253396094 330
1694442317764 0.1538377095260451 331
1694442318064 0.7481266375480833 332
1694442318380 0.26529733610152323 333
1694442318693 0.23473323193704465 334
1694442319016 0.3312045305557158 335
1694442319347 0.5586420363708244 336
1694442319629 0.31747560710019085 337
1694442319900 1.3041623822685402 338
1694442320187 0.23543885977294124 339
1694442320466 1.3210098976647784 340
1694442320762 0.0946703311177096 341
1694442321062 0.7279041981743652 342
1694442321393 0.6065479817558201 343
1694442321704 0.7921524965852885 344
1694442321981 0.27613531197345814 345
1694442322258 0.84088362148937 346
1694442322553 0.16246294979796005 347
1694442322894 0.45564129290605077 348
1694442323206 0.3383958214243192 349
1694442323519 0.7350265030073853 350
1694442323828 1.1630746197754658 351
1694442324139 0.9171215765346458 352
1694442324457 0.419396803198827 353
1694442324749 0.20967413406697794 354
1694442325038 1.241805316902229 355
1694442325358 0.5425952305248837 356
1694442325682 0.3121959984591141 357
1694442326009 0.10152659477880045 358
1694442326333 2.20540504912522 359
1694442326686 0.2873518893054783 360
1694442327011 0.006918394068240593 361
1694442327334 0.6172124912945228 362
1694442327611 0.6273745517168212 363
1694442327909 0.9347107748777371 364
1694442328241 0.5709727225699065 365
1694442328541 1.047644784109368 366
1694442328843 0.21807144843421736 367
1694442328950 0.3851790593466071 368
1694442329379 0.15634032428173128 369
1694442329696 0.1202740029006685 370
1694442330017 0.4188914254647303 371
1694442330336 1.1887491741604392 372
1694442330641 0.6048403631796647 373
1694442330956 0.13749977578459224 374
1694442331257 0.37797195274166656 375
1694442331546 0.8315262739571346 376
1694442331864 0.029865266695697227 377
1694442332168 0.14640668841877508 378
1694442332481 0.5478908707407362 379
1694442332787 0.29607129234712193 380
1694442333111 0.931051872974328 381
1694442333436 0.5525507181627812 382
1694442333760 0.31671334698612696 383
1694442334073 0.9484390064582137 384
1694442334382 0.629180508863005 385
1694442334680 0.5639319179923191 386
1694442334983 0.4212761789957941 387
1694442335265 0.02720322089902732 388
1694442335583 0.6908267261248341 389
1694442335925 1.5244619644220112 390
1694442336255 0.49940257314460584 391
1694442336563 0.8100289793497424 392
1694442336917 0.5515514804489944 393
1694442337193 0.5178563707837891 394
1694442337483 0.06295953705349594 395
1694442337822 2.1478305481096993 396
1694442338154 0.277695196795344 397
1694442338486 0.194597012007479 398
1694442338816 0.4766115804320421 399
1694442339143 0.5033529483834954 400
1694442339463 0.17671738524526193 401
1694442339768 1.0889741020008776 402
1694442340098 0.013894697791663965 403
1694442340428 0.07758143839592133 404
1694442340732 0.23688070726037677 405
1694442341039 0.18011107591536646 406
1694442341328 1.4801371669559644 407
1694442341644 1.0024980053408667 408
1694442341974 0.4055033749824841 409
1694442342284 0.6923387096814092 410
1694442342600 0.3951550219088312 411
1694442342899 0.21499876644025487 412
1694442343222 0.1345240283581425 413
1694442343509 0.9116440112006001 414
1694442343831 0.3226319952881514 415
1694442344157 1.502420478523631 416
1694442344415 0.3079607888990544 417
1694442344724 0.18182867075178855 418
1694442344989 0.7700744259382841 419
1694442345301 0.14204187045390054 420
1694442345632 0.6260207164350868 421
1694442345967 0.7735004009504591 422
1694442346285 0.665695234539227 423
1694442346613 1.3404287568539668 424
1694442346958 0.31199425688428856 425
1694442347309 1.8626804914876471 426
1694442347650 0.14108093931205923 427
1694442347963 0.6132771694116097 428
1694442348301 0.2981447147376233 429
1694442348569 0.49124134823116333 430
1694442348871 0.04751461469168919 431
1694442349185 0.33055330091100166 432
1694442349505 0.056003866202206896 433
1694442349815 1.0435086376327445 434
1694442350142 0.5104426838273776 435
1694442350448 0.39035063075843185 436
1694442350769 1.192964775827713 437
1694442351108 0.4966884272872812 438
1694442351403 0.14326027410643585 439
1694442351730 2.508521909805059 440
1694442352066 0.10998951912225602 441
1694442352397 0.2560359663660316 442
1694442352723 0.8811373693250233 443
1694442353048 0.4316605222658639 444
1694442353377 1.2912200494632546 445
1694442353690 3.521739185053359 446
1694442354040 0.5683477508177947 447
1694442354366 0.22752687983610276 448
1694442354658 0.6439191746287832 449
1694442354974 1.4438858517702144 450
1694442355273 0.3017503238804051 451
1694442355637 1.3340403626564117 452
1694442355944 0.22209288669144853 453
1694442356264 0.8134644889406824 454
1694442356534 0.3986542320315329 455
1694442356827 0.18347603628769737 456
1694442357123 0.22353175391490415 457
1694442357433 0.07379997185520996 458
1694442357746 0.6888312082677254 459
1694442358070 0.49797708088654674 460
1694442358366 0.19686090106074097 461
1694442358642 1.7659558803873905 462
1694442358960 0.24271451836774435 463
1694442359271 0.15008533140778543 464
1694442359602 0.22298290043029464 465
1694442359924 0.4320773999519178 466
1694442360225 0.5751312044596222 467
1694442360578 0.2531218326659155 468
1694442360863 0.515825756379529 469
1694442361143 1.5008517002698618 470
1694442361427 1.331424117380637 471
1694442361724 0.334351446839952 472
1694442362021 0.32698255946829563 473
1694442362297 0.6735810236335886 474
1694442362580 0.00146994202841717 475
1694442362872 0.08198214671732777 476
1694442363144 1.806456127319496 477
1694442363436 0.432910473492462 478
1694442363732 1.0636316286200718 479
1694442364025 0.5344522435456526 480
1694442364320 0.2635137433117428 481
1694442364612 1.1288068519581915 482
1694442364931 0.039194385384367154 483
1694442365246 0.2816506343603383 484
1694442365550 0.699425858146602 485
1694442365846 0.4565718736308092 486
1694442366122 1.1438122545923763 487
1694442366431 0.15885423861795606 488
1694442366743 0.08477529370200702 489
1694442367037 0.0046220438949063644 490
1694442367330 0.500262554834729 491
1694442367635 0.17295686740228242 492
1694442367926 0.8055217211720552 493
1694442368233 0.4728433909575187 494
1694442368536 1.4184485419195227 495
1694442368833 0.00045285861427616064 496
1694442369146 1.081477687974699 497
1694442369401 2.5899980793465596 498
1694442369711 0.10394126960633426 499
