1694436713897 -0.0005406366215250369 0
1694436713930 -0.0006389910809916355 1
1694436713962 -0.0005387431145920107 2
1694436713994 -0.00043481656272792435 3
1694436714027 -0.0004531795028517305 4
1694436714059 -0.00032744663873662816 5
1694436714092 -0.0004474513473653463 6
1694436714129 -0.0006713181212811836 7
1694436714170 -0.00036692431663976066 8
1694436714206 -0.0003161605201280615 9
1694436714254 -0.0005029889042902358 10
1694436714309 -0.00048747962048989457 11
1694436714351 -0.0005169839927445796 12
1694436714399 -0.00044901950620479525 13
1694436714437 -0.0002464074072965339 14
1694436714472 -0.00033340269233672615 15
1694436714505 -0.0004527000652072566 16
1694436714536 -0.00026247050153260787 17
1694436714571 -0.00020347497941952675 18
1694436714604 -0.0001546526058118225 19
1694436714644 -0.00017518953173678575 20
1694436714696 7.125345238057079e-06 21
1694436714760 -0.00016386245289723433 22
1694436714817 -0.00021039075077378122 23
1694436714866 -0.0001954639906096567 24
1694436714917 -0.00010635186260321561 25
1694436714973 -0.00023078962880940246 26
1694436715027 7.937750869146942e-05 27
1694436715079 -0.00012133172947059734 28
1694436715142 -4.330260375495776e-05 29
1694436715203 -0.00010630536623601472 30
1694436715251 5.172014740761899e-05 31
1694436715298 0.00014013077702235144 32
1694436715350 7.153926007963385e-05 33
1694436715390 -6.541326945064263e-05 34
1694436715430 0.00010768740462951953 35
1694436715469 -5.4856752290888267e-05 36
1694436715504 0.00014889534315798425 37
1694436715538 0.00023979635815329914 38
1694436715574 0.00021818209174251368 39
1694436715604 0.00010152916514949428 40
1694436715635 0.00025828476476685847 41
1694436715667 0.0003808355485839243 42
1694436715702 0.0006040722353514161 43
1694436715729 0.0005035127535787387 44
1694436715757 0.0002865769746753788 45
1694436715785 0.00015909406293068695 46
1694436715814 0.0003664446453353065 47
1694436715846 0.0005196551056901866 48
1694436715878 0.0005643917475346427 49
1694436715909 0.0004443929617190534 50
1694436715939 0.0004980619251750973 51
1694436715969 0.000596029011668886 52
1694436716000 0.0007484484347574094 53
1694436716032 0.0005481547866545977 54
1694436716061 0.00038716191311094494 55
1694436716091 0.0006944792206380335 56
1694436716119 0.0007293137153976392 57
1694436716148 0.0007407081366761492 58
1694436716175 0.0008497448057224188 59
1694436716204 0.000844382053173498 60
1694436716233 0.0005540027120743973 61
1694436716263 0.0008706366371101781 62
1694436716292 0.000994200450436189 63
1694436716323 0.0008592482550143776 64
1694436716353 0.0009377960097031179 65
1694436716383 0.0007154659851896783 66
1694436716413 0.0011259575217600348 67
1694436716441 0.0007607178165039974 68
1694436716470 0.0013300561462227245 69
1694436716501 0.0007606720770582109 70
1694436716531 0.0009625320602223431 71
1694436716562 0.000852246140873425 72
1694436716593 0.0012040318417163576 73
1694436716624 0.001264550206509396 74
1694436716653 0.0010154376046975777 75
1694436716685 0.0010321106710321493 76
1694436716717 0.0009670824744331119 77
1694436716746 0.0013518250942141652 78
1694436716777 0.0010302424296126933 79
1694436716808 0.0011023080520928819 80
1694436716843 0.0011488421992758013 81
1694436716877 0.0013628341048932402 82
1694436716908 0.0014106990798428143 83
1694436716944 0.0011728581720138465 84
1694436716979 0.0013189621169871213 85
1694436717021 0.0014900110005191536 86
1694436717054 0.001370087427392419 87
1694436717087 0.0015360189292684678 88
1694436717119 0.0017197667963843033 89
1694436717150 0.0014280359534197817 90
1694436717185 0.001902808303231751 91
1694436717216 0.001680176896616481 92
1694436717246 0.001849901552842037 93
1694436717277 0.001985864084044664 94
1694436717309 0.001940183496183523 95
1694436717337 0.0022839537340931804 96
1694436717369 0.0019628833452266514 97
1694436717400 0.0018057777561701904 98
1694436717428 0.00183606989433438 99
1694436717457 0.0021929270637540688 100
1694436717485 0.0018664048862394589 101
1694436717514 0.0021610207244460167 102
1694436717542 0.0019405576127647928 103
1694436717569 0.0016982486296380772 104
1694436717598 0.0020344231450560857 105
1694436717629 0.0021281873609283464 106
1694436717660 0.002271406819887911 107
1694436717702 0.002581877979376701 108
1694436717743 0.0020217803487720953 109
1694436717780 0.0021111963710301884 110
1694436717818 0.0027367440442320756 111
1694436717850 0.0023350199928674487 112
1694436717879 0.0026553744582915595 113
1694436717909 0.0028442599863931495 114
1694436717939 0.0023276845397991464 115
1694436717968 0.0028053821521726308 116
1694436718001 0.0025348009801692273 117
1694436718034 0.002477212464305989 118
1694436718064 0.0027849735299697587 119
1694436718094 0.0030695119781081193 120
1694436718124 0.0025576077272798647 121
1694436718154 0.0030908339215506286 122
1694436718186 0.003259858957211925 123
1694436718216 0.0027101519175591893 124
1694436718249 0.0034283628876464745 125
1694436718280 0.0034078025960151415 126
1694436718310 0.003154986389059089 127
1694436718341 0.002903598558024134 128
1694436718378 0.003021946623865235 129
1694436718412 0.002970382597240584 130
1694436718447 0.0038353441454928028 131
1694436718480 0.003514875743202528 132
1694436718519 0.0032349220461026507 133
1694436718553 0.0028832839524143283 134
1694436718594 0.004296428625193083 135
1694436718627 0.0033565757161635457 136
1694436718663 0.0035332459008620143 137
1694436718697 0.0037988023530814985 138
1694436718731 0.0034997237015450544 139
1694436718762 0.003655196428718588 140
1694436718793 0.0041977947928033554 141
1694436718824 0.003876773222767027 142
1694436718855 0.0035684967086914154 143
1694436718886 0.003506093887401862 144
1694436718918 0.004056191106755258 145
1694436718947 0.003469977102067645 146
1694436718981 0.004177079205819667 147
1694436719011 0.0035759157362287297 148
1694436719041 0.004156758492131152 149
1694436719070 0.004267897205130988 150
1694436719102 0.0037486569173461604 151
1694436719133 0.0035900194834053156 152
1694436719162 0.005017720305839801 153
1694436719193 0.004668161981892238 154
1694436719222 0.003677633363951882 155
1694436719259 0.004124595106130724 156
1694436719290 0.003892287741068645 157
1694436719320 0.004823856033170815 158
1694436719353 0.004675362695735097 159
1694436719385 0.004474853349281993 160
1694436719415 0.004675576902974932 161
1694436719446 0.00412252992054285 162
1694436719479 0.004547329937743205 163
1694436719511 0.004013751680999045 164
1694436719543 0.004532032449525936 165
1694436719575 0.004662157476966522 166
1694436719608 0.005253636969933306 167
1694436719640 0.004889475216695249 168
1694436719679 0.004769908355017782 169
1694436719712 0.005341819912115797 170
1694436719747 0.004996585895444161 171
1694436719779 0.006135193318932308 172
1694436719812 0.005078101894802067 173
1694436719842 0.004385073726319022 174
1694436719873 0.004762049484311359 175
1694436719902 0.00437317105605306 176
1694436719934 0.006027071834685538 177
1694436719965 0.005055376150095325 178
1694436719995 0.005836042893003657 179
1694436720032 0.005716315804272343 180
1694436720060 0.006192895602869064 181
1694436720091 0.005809249053125631 182
1694436720122 0.0055797866781470695 183
1694436720153 0.005769347468081776 184
1694436720185 0.005965556915310644 185
1694436720215 0.005482444443204781 186
1694436720244 0.005149124142232231 187
1694436720273 0.005863072105513623 188
1694436720302 0.0053795476941412845 189
1694436720332 0.006188359979764746 190
1694436720364 0.005801719469099242 191
1694436720395 0.0053109809470516245 192
1694436720426 0.00666128885017081 193
1694436720453 0.006166688522933561 194
1694436720484 0.006670149581086027 195
1694436720514 0.006801332701950269 196
1694436720544 0.006783404841132601 197
1694436720574 0.0067020605365387675 198
1694436720603 0.00612604979714737 199
1694436720634 0.006024161617391721 200
1694436720665 0.005619506631698967 201
1694436720697 0.005965332872352902 202
1694436720728 0.006963117317997369 203
1694436720760 0.007301607225523532 204
1694436720791 0.006909785482588471 205
1694436720824 0.006770896073469479 206
1694436720857 0.006917321783161734 207
1694436720888 0.00718263921126594 208
1694436720919 0.007384482066451481 209
1694436720950 0.0070402164200706885 210
1694436720983 0.007467882817188576 211
1694436721016 0.007812877198910995 212
1694436721048 0.007838060139507497 213
1694436721079 0.007297554374333992 214
1694436721110 0.00752681391633081 215
1694436721143 0.0070962542821969565 216
1694436721176 0.007249174520238322 217
1694436721208 0.00881087289344662 218
1694436721236 0.008818558238453233 219
1694436721267 0.007290313342931509 220
1694436721298 0.008379577699759833 221
1694436721329 0.008335277282382147 222
1694436721360 0.007737968377542592 223
1694436721391 0.008303147914731746 224
1694436721418 0.009421328614469537 225
1694436721447 0.010449744892336965 226
1694436721475 0.008353006154168008 227
1694436721503 0.008662165946926148 228
1694436721533 0.007795576165578355 229
1694436721564 0.008396779942040355 230
1694436721593 0.009441961322531056 231
1694436721625 0.008148363104786505 232
1694436721653 0.008372349339938912 233
1694436721684 0.00892091582080401 234
1694436721716 0.009083140791912747 235
1694436721747 0.009404233086950597 236
1694436721779 0.010847866255777383 237
1694436721810 0.008692729076063554 238
1694436721842 0.008686462326379818 239
1694436721874 0.009580045142348448 240
1694436721901 0.009956010767411039 241
1694436721934 0.009454350842332149 242
1694436721966 0.00998539507116647 243
1694436721999 0.01014893759022073 244
1694436722029 0.0088477656355751 245
1694436722056 0.0113979035328029 246
1694436722085 0.00833921124838155 247
1694436722116 0.009127224315017113 248
1694436722149 0.01004298505748813 249
1694436722180 0.010142206026496847 250
1694436722210 0.009850065854858703 251
1694436722237 0.01025653374661395 252
1694436722268 0.009676089129306176 253
1694436722299 0.012137532173549181 254
1694436722334 0.010982088790919553 255
1694436722363 0.011304494947857013 256
1694436722395 0.010209288182987941 257
1694436722423 0.008891332240891003 258
1694436722450 0.012150501243551881 259
1694436722482 0.011839234318066993 260
1694436722511 0.012006193331762005 261
1694436722542 0.011642581894152348 262
1694436722571 0.010215258741738564 263
1694436722601 0.01156408924065866 264
1694436722630 0.010794625767367116 265
1694436722659 0.011107997417685977 266
1694436722689 0.010233208256450355 267
1694436722721 0.011313695295139814 268
1694436722750 0.012030655882450003 269
1694436722783 0.011951965763201344 270
1694436722814 0.010534653043489217 271
1694436722846 0.011955415102148703 272
1694436722877 0.011220175978657099 273
1694436722907 0.013610585203804093 274
1694436722936 0.012115626440956762 275
1694436722964 0.011065029028735296 276
1694436722996 0.012409816742603774 277
1694436723028 0.011555257801657337 278
1694436723059 0.014409339461475046 279
1694436723088 0.012604779414859268 280
1694436723120 0.012605777877049196 281
1694436723151 0.01323477109552107 282
1694436723183 0.011839678812570975 283
1694436723214 0.014060927087333197 284
1694436723243 0.013339222582415822 285
1694436723276 0.014809378894581449 286
1694436723307 0.01390638870042038 287
1694436723334 0.014005420326240303 288
1694436723363 0.01116948086836178 289
1694436723392 0.01391276723467294 290
1694436723419 0.01275285423758743 291
1694436723450 0.014219747999725807 292
1694436723484 0.012995841330986524 293
1694436723517 0.014260134566790206 294
1694436723549 0.014178997723214848 295
1694436723579 0.012359809547257239 296
1694436723610 0.012429547073242175 297
1694436723641 0.014160071640118455 298
1694436723670 0.013125625496572035 299
1694436723703 0.013275035437769644 300
1694436723734 0.013356509547697737 301
1694436723768 0.013542110888440151 302
1694436723798 0.014736583698727657 303
1694436723827 0.014248138839402569 304
1694436723860 0.015607920158080435 305
1694436723896 0.01585888333303387 306
1694436723927 0.013410934591863044 307
1694436723958 0.013670118491560412 308
1694436723987 0.0159831503137835 309
1694436724019 0.014169213477841391 310
1694436724049 0.015649330466037892 311
1694436724082 0.01353377402041267 312
1694436724114 0.016076772706204445 313
1694436724144 0.015022475088629195 314
1694436724178 0.016333210273627552 315
1694436724211 0.015816745299017554 316
1694436724241 0.014254711005285525 317
1694436724270 0.015353011501719083 318
1694436724303 0.01603114181293208 319
1694436724332 0.015393104396128954 320
1694436724362 0.015361454746933068 321
1694436724396 0.015378306237098682 322
1694436724430 0.014299038737937475 323
1694436724468 0.017837520302954935 324
1694436724502 0.013128898198436212 325
1694436724534 0.018100117858636522 326
1694436724565 0.015151728012505417 327
1694436724596 0.015247297916308078 328
1694436724626 0.015824574245770995 329
1694436724655 0.014745344008192607 330
1694436724687 0.014990068930772926 331
1694436724719 0.01725352765791921 332
1694436724749 0.01595928405090752 333
1694436724780 0.016563463775835063 334
1694436724811 0.013459273462100518 335
1694436724842 0.017177410197142473 336
1694436724873 0.019529479257903715 337
1694436724906 0.019235199940259906 338
1694436724937 0.018085323719089774 339
1694436724967 0.018695810208142927 340
1694436725000 0.016444164405947537 341
1694436725032 0.018073247039006146 342
1694436725063 0.01839726756558402 343
1694436725093 0.016628703581642146 344
1694436725125 0.01841729317772256 345
1694436725153 0.01871886089346375 346
1694436725184 0.019491864047443408 347
1694436725214 0.018365929731928632 348
1694436725242 0.018257256686666445 349
1694436725270 0.01816428410572013 350
1694436725300 0.019437413621809174 351
1694436725330 0.01777546197454416 352
1694436725362 0.01786663090954177 353
1694436725392 0.02090078026723441 354
1694436725428 0.017761505677616474 355
1694436725462 0.01707661114673542 356
1694436725489 0.016912741462769 357
1694436725524 0.019258700075688195 358
1694436725550 0.020657115538916138 359
1694436725576 0.020381408052398742 360
1694436725604 0.018776432838836676 361
1694436725636 0.019695804951886497 362
1694436725664 0.0218480809730226 363
1694436725692 0.021161174583269382 364
1694436725727 0.018863946094924144 365
1694436725754 0.022076996377109026 366
1694436725783 0.020387760138934508 367
1694436725814 0.02102196456854044 368
1694436725843 0.02164639942494828 369
1694436725874 0.01997788400683842 370
1694436725905 0.02246262181976333 371
1694436725937 0.021326109942456872 372
1694436725967 0.022795833463659876 373
1694436725993 0.021088689282802164 374
1694436726026 0.02187469931350272 375
1694436726053 0.019797664067772613 376
1694436726082 0.019230721608717416 377
1694436726113 0.021360420153496817 378
1694436726146 0.022858230366205157 379
1694436726175 0.020853889769329004 380
1694436726204 0.021197701907924138 381
1694436726234 0.022486983395626492 382
1694436726264 0.022655306047528745 383
1694436726292 0.02243244055907312 384
1694436726324 0.023995437149785692 385
1694436726354 0.022812530418246935 386
1694436726386 0.023283580765207867 387
1694436726419 0.020687292759823617 388
1694436726447 0.02253262492283914 389
1694436726476 0.02185675642262974 390
1694436726505 0.02268043917324969 391
1694436726538 0.027654151055945708 392
1694436726570 0.024714419167485402 393
1694436726598 0.02124133461506883 394
1694436726629 0.023476193119546962 395
1694436726660 0.025114764848874205 396
1694436726688 0.02258007186614963 397
1694436726720 0.024293901392431705 398
1694436726749 0.02284731960328712 399
1694436726776 0.025137710899267418 400
1694436726806 0.02761692342924882 401
1694436726837 0.029528789187342697 402
1694436726869 0.024497564883306677 403
1694436726896 0.025557608845100055 404
1694436726927 0.024575441365930484 405
1694436726956 0.027556964455153654 406
1694436726987 0.024847226370783404 407
1694436727022 0.02295771411794023 408
1694436727051 0.02506837752473956 409
1694436727079 0.02529850933908062 410
1694436727107 0.031001142646296387 411
1694436727136 0.026221473131961326 412
1694436727167 0.025291554864651622 413
1694436727196 0.02962277747838382 414
1694436727226 0.027057786325136002 415
1694436727255 0.027371170206718642 416
1694436727289 0.023889700701924532 417
1694436727325 0.02623239489984197 418
1694436727364 0.021349832578868466 419
1694436727399 0.029237296993601114 420
1694436727449 0.027960622597459572 421
1694436727502 0.02132937807504176 422
1694436727568 0.02365751281416273 423
1694436727619 0.025894047991762315 424
1694436727681 0.027463338458082243 425
1694436727721 0.024166669646913053 426
1694436727753 0.025010995725657792 427
1694436727789 0.026373160679322938 428
1694436727821 0.025401652087465143 429
1694436727854 0.02393814205893363 430
1694436727882 0.02583128515679367 431
1694436727913 0.030061984679665144 432
1694436727944 0.02689822097736827 433
1694436727973 0.025515157883471584 434
1694436728000 0.0276326088043104 435
1694436728032 0.030206800827376257 436
1694436728062 0.031774726461737623 437
1694436728088 0.025654764476911507 438
1694436728117 0.027032573656115777 439
1694436728147 0.031320425723994405 440
1694436728175 0.026597705786393533 441
1694436728204 0.029003029153709448 442
1694436728236 0.02958223967275253 443
1694436728265 0.03116432684367476 444
1694436728295 0.027113687884710247 445
1694436728326 0.02875444546967032 446
1694436728358 0.03071981766486287 447
1694436728388 0.026582274235224967 448
1694436728419 0.03549188464894526 449
1694436728448 0.031008567539101528 450
1694436728477 0.027345091917415076 451
1694436728504 0.027175653252169973 452
1694436728536 0.029705639696775754 453
1694436728567 0.027212644855849732 454
1694436728595 0.025377300380887036 455
1694436728626 0.02792070280264891 456
1694436728658 0.02772192079782765 457
1694436728686 0.029907090157247795 458
1694436728715 0.030556862753597036 459
1694436728747 0.030683328533185117 460
1694436728776 0.03233634822117415 461
1694436728803 0.03176759860033629 462
1694436728836 0.027641874981039094 463
1694436728866 0.025461034266962 464
1694436728897 0.029955913668147094 465
1694436728929 0.032627290133700027 466
1694436728958 0.03326218639160905 467
1694436728987 0.03209200260556777 468
1694436729019 0.031963088388551 469
1694436729050 0.02944347841231676 470
1694436729078 0.028464749962075375 471
1694436729106 0.03342210987696226 472
1694436729137 0.03205171147266428 473
1694436729167 0.03346430213694718 474
1694436729193 0.030984956608405056 475
1694436729222 0.036623638481490306 476
1694436729255 0.033876748796267786 477
1694436729285 0.03215696113196931 478
1694436729312 0.030006682203523982 479
1694436729345 0.031988251301175885 480
1694436729375 0.032731173669450775 481
1694436729402 0.03581326334564694 482
1694436729432 0.03082107485336183 483
1694436729461 0.03498910191928195 484
1694436729490 0.03034744700613934 485
1694436729520 0.03305440599752407 486
1694436729551 0.02754048962470279 487
1694436729580 0.03372754446473214 488
1694436729610 0.03584569334494725 489
1694436729639 0.032025188232829405 490
1694436729668 0.03519677930260101 491
1694436729694 0.03201553031425575 492
1694436729727 0.03810757277796473 493
1694436729757 0.03365920570702574 494
1694436729786 0.03898563895795215 495
1694436729816 0.03352135123095723 496
1694436729850 0.03438554689871964 497
1694436729877 0.035234344986537325 498
1694436729906 0.034127881748949984 499
