1694436713890 172.8507395708476 0
1694436713923 171.8463371846706 1
1694436713954 170.55192753881636 2
1694436713987 169.75291936224886 3
1694436714020 167.51713550313528 4
1694436714052 166.43859470572045 5
1694436714086 164.74522021678206 6
1694436714120 163.80501026908516 7
1694436714163 162.88442550870084 8
1694436714198 160.77958628348486 9
1694436714240 160.28211178827374 10
1694436714296 158.98133304631062 11
1694436714342 158.19172245046224 12
1694436714388 156.71988078090152 13
1694436714430 155.66337116099413 14
1694436714463 153.98003963121235 15
1694436714498 151.91832093550588 16
1694436714530 151.74580691987433 17
1694436714563 150.664475200203 18
1694436714597 148.75634892065446 19
1694436714634 147.89438535390178 20
1694436714682 146.47431510109664 21
1694436714747 145.0396539386222 22
1694436714805 144.11537299330263 23
1694436714855 143.27996666120112 24
1694436714905 141.9050294901535 25
1694436714959 141.4729864472217 26
1694436715015 139.4966016577908 27
1694436715065 138.61286890788668 28
1694436715127 138.07317455377301 29
1694436715189 137.0285892034551 30
1694436715238 135.65234825456548 31
1694436715285 134.25609877703997 32
1694436715339 133.25006905364532 33
1694436715381 132.78562990869065 34
1694436715422 131.7979307864941 35
1694436715462 130.31984396353522 36
1694436715496 129.66282280795704 37
1694436715531 128.32070296366453 38
1694436715565 127.850876342294 39
1694436715597 126.34923567317017 40
1694436715628 125.30094737535282 41
1694436715660 123.72893780249144 42
1694436715694 122.80679004520815 43
1694436715723 122.84927141619123 44
1694436715750 121.6958811269815 45
1694436715779 120.97635616172988 46
1694436715808 119.69680252924876 47
1694436715839 119.03081828838035 48
1694436715869 117.91670093244905 49
1694436715900 117.29137114849168 50
1694436715933 115.71904711475312 51
1694436715962 115.10260749817245 52
1694436715993 113.8231099152623 53
1694436716025 113.5454333016093 54
1694436716054 112.65673806914843 55
1694436716083 111.556626226757 56
1694436716112 110.96131928654866 57
1694436716142 110.58833229385438 58
1694436716169 108.84318778782915 59
1694436716197 108.51760146251395 60
1694436716226 107.75745131513503 61
1694436716257 106.5648257879045 62
1694436716285 106.01851613209551 63
1694436716315 104.92428968587097 64
1694436716347 104.35740382068134 65
1694436716376 103.47567519792862 66
1694436716405 103.04248590037895 67
1694436716434 102.35330098187077 68
1694436716464 100.93337264229174 69
1694436716494 101.06832210729166 70
1694436716525 99.35535164983159 71
1694436716554 98.66413104506387 72
1694436716585 98.18818457701151 73
1694436716617 97.19539690508684 74
1694436716646 96.49955694844165 75
1694436716678 95.57257220043049 76
1694436716709 96.0589997296784 77
1694436716739 94.65007746042197 78
1694436716770 94.1522386430284 79
1694436716800 93.03032815635896 80
1694436716835 92.70548506716382 81
1694436716868 92.17539647756418 82
1694436716899 91.45695991897931 83
1694436716933 90.7087755650585 84
1694436716970 89.8594617460974 85
1694436717010 89.20899862918878 86
1694436717048 88.36645354521526 87
1694436717079 88.03725294453831 88
1694436717112 87.06419106701128 89
1694436717143 86.62395916196249 90
1694436717177 85.65934860176569 91
1694436717208 85.68694078837306 92
1694436717239 84.96788818026899 93
1694436717269 83.69492187307111 94
1694436717301 83.87955805853571 95
1694436717330 82.87583064442478 96
1694436717362 81.93083459865336 97
1694436717393 81.70241660037398 98
1694436717421 81.0280217898485 99
1694436717449 80.64740683063286 100
1694436717478 80.23945950139404 101
1694436717507 78.81299805780556 102
1694436717535 79.04204620412186 103
1694436717563 78.37131651546053 104
1694436717591 77.11672390516557 105
1694436717621 77.01643892044076 106
1694436717652 76.80185454670774 107
1694436717690 75.91990762852514 108
1694436717732 75.31514685185864 109
1694436717769 74.32156332770458 110
1694436717811 74.42950989313202 111
1694436717844 73.79710354502616 112
1694436717871 73.18355929893966 113
1694436717902 73.14262071395594 114
1694436717933 72.2965154009154 115
1694436717962 71.58915261965835 116
1694436717994 71.14462006304669 117
1694436718027 70.77370751627015 118
1694436718058 69.88246868869005 119
1694436718087 69.14933148980847 120
1694436718117 69.11635440070447 121
1694436718148 68.80809892485755 122
1694436718179 68.16946491162723 123
1694436718210 67.85301184568372 124
1694436718241 67.00588266412127 125
1694436718272 66.6439089810712 126
1694436718302 66.38143671621138 127
1694436718332 65.64784543965663 128
1694436718369 65.47921394914034 129
1694436718402 65.09486699827815 130
1694436718438 64.72514461068455 131
1694436718472 64.28582175917424 132
1694436718511 63.56116040012496 133
1694436718545 63.35404765602224 134
1694436718586 62.47890114132924 135
1694436718618 62.470929918776626 136
1694436718653 61.84759613112449 137
1694436718689 61.44296961226361 138
1694436718720 61.072607657903 139
1694436718753 60.54947857733515 140
1694436718786 60.46484909549514 141
1694436718817 60.06002998990361 142
1694436718848 59.22002178731799 143
1694436718879 58.95063425003426 144
1694436718911 58.557374698308294 145
1694436718939 58.19341244974512 146
1694436718972 57.88707700233186 147
1694436719003 57.43394639476238 148
1694436719034 56.77944527948713 149
1694436719064 56.27602199422529 150
1694436719095 56.16904900505556 151
1694436719126 55.458517154917175 152
1694436719156 55.2295165112739 153
1694436719186 55.09373380849092 154
1694436719215 54.49860507288316 155
1694436719251 53.91874187344507 156
1694436719282 53.86719440297971 157
1694436719314 53.49862326238608 158
1694436719345 53.14254125243946 159
1694436719379 52.628759831342364 160
1694436719409 52.17768221826839 161
1694436719439 51.90499071376758 162
1694436719469 51.784359533561215 163
1694436719504 51.45012147564133 164
1694436719535 51.31500400445943 165
1694436719567 50.744150810488854 166
1694436719597 50.327074348120966 167
1694436719632 49.766815731993056 168
1694436719668 49.33751254824955 169
1694436719703 49.37866841794142 170
1694436719739 49.081606146373446 171
1694436719771 48.99790686043406 172
1694436719803 48.352347204838324 173
1694436719834 48.19855933026792 174
1694436719865 47.58382518075615 175
1694436719895 47.53496441220914 176
1694436719927 47.34942250147 177
1694436719958 46.82884583780071 178
1694436719987 46.63129736971639 179
1694436720025 45.99045847483965 180
1694436720053 46.269913252544384 181
1694436720084 45.56261175620087 182
1694436720115 45.259603794244235 183
1694436720145 45.14663372000959 184
1694436720177 44.787454784470675 185
1694436720209 44.537255327170534 186
1694436720237 44.17213622245575 187
1694436720266 44.00668347471487 188
1694436720295 43.817288568046614 189
1694436720325 43.22446302756735 190
1694436720356 43.39325890812186 191
1694436720387 42.72980000810486 192
1694436720419 42.49667596116512 193
1694436720447 42.108845572792035 194
1694436720477 42.03787979845012 195
1694436720506 42.164135701732256 196
1694436720537 41.43918167810615 197
1694436720567 41.5123309013757 198
1694436720597 40.7567192850193 199
1694436720627 40.946318780916904 200
1694436720658 40.46579753446366 201
1694436720688 39.97812910076056 202
1694436720720 39.682102105139464 203
1694436720752 39.728712204817064 204
1694436720783 39.65444926984348 205
1694436720815 39.35133635642731 206
1694436720849 38.82783049605628 207
1694436720881 38.54113560562262 208
1694436720912 38.26676524303272 209
1694436720944 38.33954106669709 210
1694436720975 38.229618737069444 211
1694436721009 37.79483670699814 212
1694436721040 37.29900763544947 213
1694436721070 37.36348573232766 214
1694436721103 37.17923868098215 215
1694436721135 36.98803732262077 216
1694436721168 36.65265945224295 217
1694436721199 36.38520062408379 218
1694436721229 36.29882301922104 219
1694436721261 35.95233018584621 220
1694436721291 35.97307180481449 221
1694436721321 35.46090797366635 222
1694436721353 35.0999402548764 223
1694436721384 34.986868766428316 224
1694436721413 34.7733416051665 225
1694436721440 34.7247035144918 226
1694436721468 34.616098766616844 227
1694436721496 34.20991467901557 228
1694436721527 33.82124334913066 229
1694436721557 33.945858209044864 230
1694436721587 33.787377014400704 231
1694436721617 33.36536507092547 232
1694436721646 33.20493982035926 233
1694436721677 33.07184957797489 234
1694436721709 33.044496468434026 235
1694436721740 33.05013687345513 236
1694436721770 32.48709422353762 237
1694436721801 32.07709599251309 238
1694436721834 31.955470465149507 239
1694436721866 31.86583881276116 240
1694436721895 31.611147837482566 241
1694436721928 31.644666292339664 242
1694436721959 31.380377788506543 243
1694436721991 31.18297176398518 244
1694436722021 30.919500003683307 245
1694436722049 30.65851352891037 246
1694436722079 30.575779144421382 247
1694436722110 30.100809126364595 248
1694436722141 30.14732313810715 249
1694436722171 29.834823600516476 250
1694436722203 29.826910954240272 251
1694436722231 29.86584788595116 252
1694436722261 29.41673049551751 253
1694436722292 29.155193737958665 254
1694436722327 29.038503517603413 255
1694436722356 29.1266852242954 256
1694436722387 29.034499822316338 257
1694436722415 28.76025873776064 258
1694436722444 28.374231833162757 259
1694436722473 28.40392406434327 260
1694436722504 28.23306093395101 261
1694436722535 27.975752016497946 262
1694436722565 27.825035256411958 263
1694436722595 27.635456092814525 264
1694436722622 27.626439918256082 265
1694436722651 27.505830725558855 266
1694436722682 27.470950714058183 267
1694436722714 26.890776603925982 268
1694436722743 26.91666249825382 269
1694436722776 26.85459270987652 270
1694436722807 26.8003798610439 271
1694436722838 26.65208645358689 272
1694436722869 26.50310426072695 273
1694436722901 26.338087375314462 274
1694436722929 26.01424350806031 275
1694436722958 25.833517705974405 276
1694436722987 25.95054187354724 277
1694436723021 25.688827924658295 278
1694436723051 25.45997008089028 279
1694436723082 25.570491376315346 280
1694436723113 25.329178172754546 281
1694436723144 25.173028231409035 282
1694436723176 24.99757202393702 283
1694436723206 24.95711142431944 284
1694436723236 24.65108122481105 285
1694436723267 24.50103089995873 286
1694436723300 24.346824606395337 287
1694436723328 24.349855069678682 288
1694436723357 24.118075039172815 289
1694436723385 24.267911683102565 290
1694436723414 23.99083030178381 291
1694436723443 23.963369059079152 292
1694436723476 23.58388734627688 293
1694436723509 23.43088027161576 294
1694436723543 23.257062896150387 295
1694436723571 23.21209165792782 296
1694436723603 23.129899445932136 297
1694436723633 22.850517741388373 298
1694436723663 23.16445259185292 299
1694436723695 22.90860595849858 300
1694436723728 22.641844560095546 301
1694436723759 22.521537915957122 302
1694436723792 22.403362328067143 303
1694436723820 22.233807489718323 304
1694436723851 22.476008629971364 305
1694436723885 22.232972310616912 306
1694436723920 22.13178963365176 307
1694436723950 21.81693019073517 308
1694436723981 21.878009051616576 309
1694436724011 21.683079791910593 310
1694436724043 21.51738239200228 311
1694436724074 21.475766147736415 312
1694436724106 21.286578825935553 313
1694436724136 21.287007750728243 314
1694436724168 21.13775475873727 315
1694436724202 20.980950904958558 316
1694436724233 21.096990370742486 317
1694436724262 20.55076310343613 318
1694436724295 20.884716433229592 319
1694436724326 20.668550219783544 320
1694436724355 20.35174049785623 321
1694436724386 20.36163872500716 322
1694436724420 20.464973474747516 323
1694436724459 20.11527770343691 324
1694436724496 20.006114512631626 325
1694436724528 20.034359307329318 326
1694436724558 19.86947382065381 327
1694436724588 19.81229281069917 328
1694436724618 19.709772022908346 329
1694436724648 19.455949620725516 330
1694436724678 19.69690366399712 331
1694436724711 19.502968892587013 332
1694436724742 19.36560970448285 333
1694436724773 19.09786516598753 334
1694436724804 19.27048773327874 335
1694436724835 19.00497651369783 336
1694436724866 18.87851812050785 337
1694436724898 18.93954005027174 338
1694436724930 18.891208439051752 339
1694436724959 18.722208350689634 340
1694436724992 18.55688219659142 341
1694436725026 18.558228680303532 342
1694436725055 18.517759518758062 343
1694436725084 18.36467933705654 344
1694436725116 18.139895312080647 345
1694436725146 18.15147306651165 346
1694436725177 18.053020854237207 347
1694436725207 17.998235479831987 348
1694436725236 18.04087251491311 349
1694436725263 17.809031272428967 350
1694436725294 17.754594376358682 351
1694436725323 17.654462218439186 352
1694436725353 17.722052490188013 353
1694436725386 17.553921488090406 354
1694436725419 17.3499987719309 355
1694436725451 17.303005105617288 356
1694436725483 17.180699080881904 357
1694436725516 17.30461258374034 358
1694436725543 16.95323106313883 359
1694436725570 17.109882097134417 360
1694436725596 17.05329364221494 361
1694436725628 16.893986509622074 362
1694436725657 17.03324492075356 363
1694436725686 16.676576219047572 364
1694436725720 16.751302310169585 365
1694436725748 16.4209167863697 366
1694436725776 16.39156330128385 367
1694436725807 16.363937729462833 368
1694436725837 16.50691072886228 369
1694436725867 16.311818745050026 370
1694436725898 16.364888664741443 371
1694436725930 16.223407958159246 372
1694436725959 16.134098169354427 373
1694436725987 16.162752706981422 374
1694436726017 15.929582766658022 375
1694436726047 15.796161668838982 376
1694436726076 15.767521753895466 377
1694436726105 15.754677141083517 378
1694436726137 15.63958086461022 379
1694436726169 15.65698525514237 380
1694436726194 15.654931378456235 381
1694436726227 15.479124044104763 382
1694436726257 15.376606600179704 383
1694436726286 15.26930619887485 384
1694436726317 15.19115204395568 385
1694436726348 15.180171951262917 386
1694436726379 15.280503031381555 387
1694436726411 15.081794321890658 388
1694436726441 15.046214606437452 389
1694436726470 15.087935600556104 390
1694436726497 14.931579944593137 391
1694436726529 14.752535474653904 392
1694436726562 14.794496036244777 393
1694436726591 14.75416113887773 394
1694436726622 14.67717628170423 395
1694436726651 14.789974646067705 396
1694436726682 14.425574995086157 397
1694436726714 14.47363666306792 398
1694436726742 14.292176787082429 399
1694436726771 14.287928906880536 400
1694436726798 14.430955681362034 401
1694436726830 14.143302523430464 402
1694436726861 14.302411755680795 403
1694436726889 14.178853526926037 404
1694436726920 14.054552452597932 405
1694436726950 14.048075314831095 406
1694436726979 13.857665343154913 407
1694436727015 13.915444319646143 408
1694436727045 13.776575443589966 409
1694436727071 13.917745825001884 410
1694436727099 13.78023090955916 411
1694436727128 13.616495948269257 412
1694436727158 13.621322464913709 413
1694436727189 13.574958121515484 414
1694436727219 13.39412620810575 415
1694436727247 13.487200231189878 416
1694436727281 13.408744700531837 417
1694436727317 13.447594879454085 418
1694436727355 13.235822452945092 419
1694436727391 13.33923628359487 420
1694436727433 13.19919815083036 421
1694436727490 13.17802020469383 422
1694436727558 13.183359366771608 423
1694436727604 13.134493280634045 424
1694436727666 13.057026454295592 425
1694436727714 13.019919902183489 426
1694436727746 12.778267296099695 427
1694436727780 12.808990887249445 428
1694436727814 12.765306592363107 429
1694436727846 12.62908117669107 430
1694436727875 12.767734887728166 431
1694436727905 12.638996146990879 432
1694436727936 12.755081380173298 433
1694436727965 12.59318471232585 434
1694436727994 12.420618419641832 435
1694436728025 12.449255411905153 436
1694436728054 12.373734870856211 437
1694436728082 12.376249052755178 438
1694436728110 12.225850629093511 439
1694436728141 12.418400333317487 440
1694436728170 12.31361809642658 441
1694436728196 12.292556877024067 442
1694436728227 12.277786351218968 443
1694436728259 12.100017068621518 444
1694436728287 12.167197691572524 445
1694436728318 12.235218659412276 446
1694436728350 12.009754794954622 447
1694436728383 11.954487385506342 448
1694436728411 12.043864729271382 449
1694436728441 11.804374958731668 450
1694436728470 11.716889377645266 451
1694436728498 11.723914446110507 452
1694436728528 11.617065276281876 453
1694436728560 11.797362229188389 454
1694436728588 11.594533503026106 455
1694436728619 11.60564288947987 456
1694436728649 11.540072203138116 457
1694436728679 11.734424591732067 458
1694436728708 11.607617129115845 459
1694436728739 11.497372577679926 460
1694436728769 11.353632155881993 461
1694436728796 11.343860482127477 462
1694436728827 11.2938720799869 463
1694436728858 11.320959055572567 464
1694436728888 11.41340620286942 465
1694436728922 11.209911147470102 466
1694436728951 11.216454004875034 467
1694436728980 11.211746558727096 468
1694436729010 11.076877719895107 469
1694436729043 11.012435729997192 470
1694436729070 11.050876897017643 471
1694436729100 10.921956321423082 472
1694436729130 11.015215665769936 473
1694436729160 10.880268125379352 474
1694436729186 10.970539097113374 475
1694436729214 10.886630607655658 476
1694436729247 10.757744579782852 477
1694436729279 10.817244866496585 478
1694436729306 10.773908822697948 479
1694436729336 10.791382943525214 480
1694436729367 10.725678945680185 481
1694436729395 10.517335365553885 482
1694436729425 10.469001302960178 483
1694436729454 10.679892263344808 484
1694436729483 10.432123214950048 485
1694436729513 10.634602431866819 486
1694436729543 10.554133196654096 487
1694436729574 10.41072608241749 488
1694436729603 10.532509367025792 489
1694436729633 10.410300413095285 490
1694436729662 10.37260942880676 491
1694436729687 10.297107822262552 492
1694436729719 10.325703378691339 493
1694436729751 10.248312674945778 494
1694436729780 10.332045982284987 495
1694436729808 10.226445404130882 496
1694436729841 10.31419759843098 497
1694436729871 10.20117294072148 498
1694436729898 10.113890944301277 499
