1694439200264 174.3779083306756 0
1694439200296 174.02490145570164 1
1694439200330 173.67260969957948 2
1694439200365 173.32103160708016 3
1694439200401 172.9701657259647 4
1694439200442 172.6200106069782 5
1694439200558 172.27056480384337 6
1694439200633 171.9218268732543 7
1694439200699 171.57379537487037 8
1694439200743 171.22646887131 9
1694439200799 170.87984592814445 10
1694439200853 170.53392511389166 11
1694439200902 170.18870500001015 12
1694439200949 169.8441841608928 13
1694439200987 169.50554506938133 14
1694439201081 169.16758687221326 15
1694439201152 168.83030818875335 16
1694439201226 168.4937076411987 17
1694439201269 168.1577838545733 18
1694439201318 167.82253545672177 19
1694439201365 167.48796107830339 20
1694439201422 167.15405935278673 21
1694439201485 166.82082891644322 22
1694439201540 166.48826840834155 23
1694439201590 166.15637647034197 24
1694439201638 165.82515174709016 25
1694439201700 165.49459288601153 26
1694439201768 165.16469853730555 27
1694439201827 164.83546735393983 28
1694439201868 164.50689799164434 29
1694439201915 164.1789891089057 30
1694439201969 163.8517393669613 31
1694439202019 163.52514742979383 32
1694439202067 163.1992119641252 33
1694439202111 162.87393163941113 34
1694439202150 162.54930512783525 35
1694439202187 162.22533110430345 36
1694439202229 161.90200824643833 37
1694439202263 161.57933523457328 38
1694439202297 161.25731075174716 39
1694439202335 160.93593348369825 40
1694439202369 160.615202118859 41
1694439202399 160.29511534835015 42
1694439202429 159.9756718659753 43
1694439202459 159.65687036821515 44
1694439202491 159.33870955422205 45
1694439202525 159.02118812581446 46
1694439202558 158.70430478747105 47
1694439202591 158.38805824632578 48
1694439202624 158.07244721216168 49
1694439202658 157.7574703974058 50
1694439202690 157.44312651712352 51
1694439202721 157.12941428901297 52
1694439202757 156.8163324333999 53
1694439202791 156.5038796732317 54
1694439202820 156.19205473407217 55
1694439202850 155.88085634409632 56
1694439202882 155.57028323408446 57
1694439202914 155.2603341374171 58
1694439202947 154.95100779006933 59
1694439202979 154.64230293060572 60
1694439203011 154.33421830017448 61
1694439203046 154.0267526425025 62
1694439203082 153.71990470388963 63
1694439203114 153.41367323320358 64
1694439203147 153.1080569818745 65
1694439203184 152.80305470388956 66
1694439203225 152.49866515578768 67
1694439203267 152.19488709665416 68
1694439203300 151.89171928811558 69
1694439203336 151.58916049433427 70
1694439203375 151.28720948200302 71
1694439203408 150.9858650203401 72
1694439203445 150.6851258810837 73
1694439203474 150.3849908384868 74
1694439203509 150.08545866931192 75
1694439203546 149.78652815282592 76
1694439203583 149.48819807079474 77
1694439203629 149.1904672074783 78
1694439203662 148.8933343496252 79
1694439203693 148.59679828646753 80
1694439203732 148.30085780971575 81
1694439203762 148.0055117135536 82
1694439203793 147.71075879463282 83
1694439203828 147.41659785206807 84
1694439203857 147.1230276874319 85
1694439203887 146.83004710474933 86
1694439203920 146.53765491049327 87
1694439203960 146.24584991357892 88
1694439203991 145.95463092535886 89
1694439204028 145.66399675961813 90
1694439204058 145.37394623256895 91
1694439204092 145.08447816284584 92
1694439204127 144.79559137150054 93
1694439204161 144.5072846819968 94
1694439204191 144.2195569202056 95
1694439204228 143.93240691440022 96
1694439204262 143.6458334952508 97
1694439204294 143.35983549581982 98
1694439204331 143.0744117515569 99
1694439204364 142.78956110029395 100
1694439204395 142.50528238223998 101
1694439204428 142.22157443997654 102
1694439204460 141.9384361184524 103
1694439204493 141.65586626497893 104
1694439204535 141.37386372922495 105
1694439204567 141.09242736321204 106
1694439204596 140.81155602130954 107
1694439204635 140.53124856022964 108
1694439204665 140.25150383902258 109
1694439204699 139.97232071907177 110
1694439204736 139.6936980640889 111
1694439204774 139.4156347401092 112
1694439204803 139.13812961548652 113
1694439204841 138.86118156088855 114
1694439204874 138.58478944929197 115
1694439204903 138.30895215597778 116
1694439204941 138.03366855852633 117
1694439204969 137.75893753681268 118
1694439205000 137.4847579730018 119
1694439205041 137.21112875154378 120
1694439205076 136.93804875916916 121
1694439205109 136.66551688488406 122
1694439205147 136.39353201996562 123
1694439205179 136.1220930579571 124
1694439205211 135.85119889466338 125
1694439205250 135.58084842814608 126
1694439205284 135.31104055871904 127
1694439205315 135.04177418894346 128
1694439205352 134.77304822362342 129
1694439205383 134.50486156980102 130
1694439205415 134.237213136752 131
1694439205449 133.97010183598084 132
1694439205481 133.70352658121627 133
1694439205512 133.43748628840666 134
1694439205544 133.17197987571535 135
1694439205575 132.9070062635161 136
1694439205604 132.6425643743885 137
1694439205634 132.37865313311337 138
1694439205666 132.11527146666825 139
1694439205701 131.85241830422268 140
1694439205737 131.5900925771339 141
1694439205769 131.3282932189421 142
1694439205801 131.067019165366 143
1694439205832 130.80626935429828 144
1694439205861 130.54604272580113 145
1694439205891 130.28633822210165 146
1694439205919 130.02715478758753 147
1694439205950 129.7684913688023 148
1694439205981 129.5103469144412 149
1694439206014 129.25272037534637 150
1694439206044 128.99561070450267 151
1694439206075 128.7390168570331 152
1694439206107 128.4829377901944 153
1694439206139 128.2273724633726 154
1694439206174 127.97231983807868 155
1694439206201 127.71777887794404 156
1694439206230 127.46374854871627 157
1694439206260 127.21022781825454 158
1694439206290 126.9572156565255 159
1694439206317 126.70471103559866 160
1694439206348 126.45271292964217 161
1694439206382 126.20122031491844 162
1694439206412 125.95023216977978 163
1694439206445 125.69974747466408 164
1694439206473 125.44976521209053 165
1694439206500 125.20028436665521 166
1694439206529 124.95130392502689 167
1694439206562 124.7028228759427 168
1694439206595 124.45484021020377 169
1694439206629 124.20735492067108 170
1694439206667 123.96036600226113 171
1694439206697 123.71387245194161 172
1694439206727 123.46787326872733 173
1694439206762 123.22236745367577 174
1694439206796 122.97735400988307 175
1694439206829 122.73283194247955 176
1694439206858 122.48880025862577 177
1694439206886 122.24525796750807 178
1694439206916 122.00220408033458 179
1694439206947 121.75963761033094 180
1694439206976 121.51755757273611 181
1694439207008 121.2759629847982 182
1694439207037 121.0348528657704 183
1694439207066 120.79422623690672 184
1694439207094 120.55408212145787 185
1694439207124 120.31441954466717 186
1694439207159 120.0752375337664 187
1694439207192 119.83653511797172 188
1694439207224 119.59831132847944 189
1694439207268 119.36056519846208 190
1694439207309 119.12329576306418 191
1694439207346 118.88650205939827 192
1694439207386 118.65018312654072 193
1694439207424 118.41433800552778 194
1694439207458 118.17896573935145 195
1694439207491 117.94406537295546 196
1694439207520 117.7096359532313 197
1694439207551 117.47567652901392 198
1694439207591 117.24218615107816 199
1694439207623 117.0091638721343 200
1694439207653 116.77660874682431 201
1694439207689 116.54451983171778 202
1694439207724 116.31289618530792 203
1694439207764 116.08173686800762 204
1694439207798 115.85104094214543 205
1694439207831 115.62080747196167 206
1694439207866 115.39103552360434 207
1694439207899 115.16172416512542 208
1694439207930 114.93287246647658 209
1694439207960 114.70447949950561 210
1694439207991 114.47654433795226 211
1694439208027 114.24906605744444 212
1694439208059 114.02204373549426 213
1694439208092 113.79547645149417 214
1694439208126 113.56936328671304 215
1694439208161 113.34370332429235 216
1694439208193 113.11849564924216 217
1694439208224 112.89373934843755 218
1694439208261 112.66943351061435 219
1694439208293 112.44557722636564 220
1694439208326 112.2221695881378 221
1694439208360 111.9992096902266 222
1694439208394 111.7766966287735 223
1694439208428 111.55462950176168 224
1694439208461 111.33300740901248 225
1694439208492 111.11182945218135 226
1694439208521 110.89109473475422 227
1694439208552 110.67080236204363 228
1694439208583 110.45095144118498 229
1694439208617 110.23154108113285 230
1694439208649 110.01257039265707 231
1694439208678 109.79403848833907 232
1694439208709 109.57594448256825 233
1694439208738 109.35828749153796 234
1694439208769 109.14106663324208 235
1694439208799 108.92428102747111 236
1694439208847 108.70792979580848 237
1694439208889 108.49201206162695 238
1694439208925 108.27652695008479 239
1694439208964 108.06147358812215 240
1694439208996 107.84685110445741 241
1694439209026 107.63265862958345 242
1694439209061 107.41889529576405 243
1694439209096 107.20556023703008 244
1694439209135 106.99265258917615 245
1694439209189 106.78017148975658 246
1694439209220 106.56811607808216 247
1694439209253 106.35648549521622 248
1694439209295 106.14527888397116 249
1694439209326 105.93449538890484 250
1694439209369 105.72413415631686 251
1694439209400 105.51419433424516 252
1694439209431 105.30467507246225 253
1694439209469 105.0955755224717 254
1694439209498 104.88689483750463 255
1694439209530 104.67863217251602 256
1694439209574 104.47078668418126 257
1694439209603 104.26335753089256 258
1694439209633 104.05634387275538 259
1694439209664 103.84974487158489 260
1694439209694 103.64355969090259 261
1694439209725 103.43778749593255 262
1694439209761 103.23242745359808 263
1694439209814 103.02747873251816 264
1694439209849 102.82294050300395 265
1694439209885 102.61881193705527 266
1694439209919 102.41509220835717 267
1694439209951 102.21178049227642 268
1694439209984 102.00887596585805 269
1694439210019 101.80637780782192 270
1694439210052 101.60428519855917 271
1694439210092 101.40259732012886 272
1694439210125 101.20131335625457 273
1694439210163 101.00043249232081 274
1694439210196 100.79995391536974 275
1694439210230 100.59987681409774 276
1694439210266 100.40020037885189 277
1694439210299 100.20092380162667 278
1694439210332 100.00204627606057 279
1694439210368 99.8035669974326 280
1694439210400 99.605485162659 281
1694439210433 99.40779997028986 282
1694439210467 99.2105106205057 283
1694439210500 99.01361631511418 284
1694439210535 98.81711625754663 285
1694439210570 98.62100965285487 286
1694439210603 98.42529570770769 287
1694439210634 98.2299736303877 288
1694439210681 98.03504263078781 289
1694439210716 97.84050192040813 290
1694439210744 97.64635071235246 291
1694439210778 97.45258822132507 292
1694439210814 97.25921366362742 293
1694439210839 97.06622625715485 294
1694439210871 96.8736252213933 295
1694439210902 96.68140977741602 296
1694439210932 96.48957914788032 297
1694439210962 96.29813255702426 298
1694439210992 96.1070692306635 299
1694439211022 95.91638839618791 300
1694439211049 95.72608928255842 301
1694439211081 95.53617112030378 302
1694439211113 95.34663314151729 303
1694439211138 95.15747457985358 304
1694439211169 94.96869467052552 305
1694439211201 94.78029265030081 306
1694439211231 94.59226775749886 307
1694439211265 94.4046192319877 308
1694439211301 94.2173463151806 309
1694439211332 94.03044825003309 310
1694439211364 93.8439242810396 311
1694439211394 93.65777365423044 312
1694439211422 93.47199561716853 313
1694439211448 93.2865894189463 314
1694439211479 93.10155431018258 315
1694439211509 92.91688954301932 316
1694439211537 92.73259437111862 317
1694439211569 92.54866804965948 318
1694439211599 92.36510983533475 319
1694439211631 92.18191898634801 320
1694439211661 91.99909476241035 321
1694439211691 91.81663642473745 322
1694439211722 91.63454323604633 323
1694439211753 91.45281446055237 324
1694439211788 91.27144936396613 325
1694439211818 91.09044721349036 326
1694439211845 90.90980727781687 327
1694439211877 90.72952882712349 328
1694439211913 90.549611133071 329
1694439211947 90.37005346880011 330
1694439211979 90.1908551089284 331
1694439212013 90.01201532954725 332
1694439212050 89.83353340821886 333
1694439212088 89.65540862397314 334
1694439212132 89.47764025730486 335
1694439212179 89.30022759017041 336
1694439212217 89.123169905985 337
1694439212246 88.94646648961955 338
1694439212280 88.7701166273977 339
1694439212314 88.59411960709284 340
1694439212343 88.41847471792512 341
1694439212380 88.24318125055855 342
1694439212413 88.0682384970979 343
1694439212446 87.89364575108578 344
1694439212484 87.71940230749982 345
1694439212518 87.54550746274946 346
1694439212545 87.37196051467328 347
1694439212581 87.19876076253587 348
1694439212614 87.02590750702498 349
1694439212643 86.85340005024857 350
1694439212676 86.68123769573191 351
1694439212708 86.50941974841464 352
1694439212741 86.33794551464788 353
1694439212776 86.16681430219136 354
1694439212808 85.99602542021043 355
1694439212836 85.82557817927332 356
1694439212869 85.65547189134811 357
1694439212900 85.4857058697999 358
1694439212930 85.31627942938798 359
1694439212958 85.14719188626297 360
1694439212993 84.97844255796389 361
1694439213023 84.81003076341531 362
1694439213050 84.64195582292464 363
1694439213082 84.4742170581791 364
1694439213113 84.30681379224302 365
1694439213142 84.13974534955494 366
1694439213170 83.97301105592486 367
1694439213202 83.8066102385313 368
1694439213230 83.64054222591861 369
1694439213263 83.4748063479941 370
1694439213299 83.30940193602532 371
1694439213327 83.14432832263712 372
1694439213359 82.97958484180897 373
1694439213391 82.81517082887221 374
1694439213427 82.65108562050713 375
1694439213461 82.48732855474036 376
1694439213496 82.32389897094203 377
1694439213528 82.16079620982295 378
1694439213560 81.99801961343199 379
1694439213594 81.83556852515326 380
1694439213628 81.67344228970335 381
1694439213659 81.51164025312859 382
1694439213694 81.35038962241623 383
1694439213725 81.18946077496449 384
1694439213751 81.02885306511037 385
1694439213784 80.86856584849424 386
1694439213825 80.70859848205704 387
1694439213858 80.54895032403782 388
1694439213893 80.38962073397087 389
1694439213926 80.23060907268334 390
1694439213958 80.0719147022924 391
1694439213998 79.91353698620271 392
1694439214028 79.7554752891038 393
1694439214059 79.59772897696749 394
1694439214099 79.44029741704512 395
1694439214129 79.28317997786517 396
1694439214160 79.12637602923047 397
1694439214204 78.96988494221571 398
1694439214234 78.8137060891649 399
1694439214269 78.65783884368857 400
1694439214315 78.50228258066144 401
1694439214345 78.34703667621979 402
1694439214385 78.19210050775874 403
1694439214423 78.03747345392988 404
1694439214454 77.88315489463857 405
1694439214499 77.72914421104153 406
1694439214531 77.57544078554416 407
1694439214562 77.42204400179808 408
1694439214596 77.26895324469855 409
1694439214630 77.11616790038201 410
1694439214661 76.96368735622345 411
1694439214700 76.811511000834 412
1694439214733 76.65963822405833 413
1694439214766 76.50806841697218 414
1694439214804 76.35680097187989 415
1694439214841 76.20583528231181 416
1694439214880 76.05517074302189 417
1694439214915 75.90480674998516 418
1694439214943 75.75474270039523 419
1694439214983 75.60497799266184 420
1694439215022 75.4555120264084 421
1694439215050 75.30634420246946 422
1694439215086 75.15747392288833 423
1694439215124 75.00890059091451 424
1694439215158 74.86062361100139 425
1694439215200 74.71264238880367 426
1694439215236 74.56495633117495 427
1694439215271 74.41756484616533 428
1694439215318 74.27046734301899 429
1694439215347 74.12366323217165 430
1694439215385 73.97715192524832 431
1694439215422 73.83093283506065 432
1694439215452 73.68500537560482 433
1694439215492 73.53936896205883 434
1694439215530 73.39402301078032 435
1694439215562 73.24896693930403 436
1694439215595 73.1042001663395 437
1694439215627 72.95972211176866 438
1694439215660 72.81553219664336 439
1694439215692 72.67162984318311 440
1694439215719 72.52801447477272 441
1694439215747 72.38468551595973 442
1694439215779 72.24164239245233 443
1694439215810 72.09888453111682 444
1694439215837 71.95641135997525 445
1694439215870 71.81422230820313 446
1694439215913 71.67231680612711 447
1694439215942 71.53069428522258 448
1694439215979 71.38935417811135 449
1694439216027 71.2482959185594 450
1694439216058 71.10751894147438 451
1694439216097 70.96702268290349 452
1694439216129 70.82680658003098 453
1694439216165 70.68687007117599 454
1694439216195 70.54721259579019 455
1694439216245 70.40783359445544 456
1694439216280 70.26873250888154 457
1694439216311 70.12990878190391 458
1694439216341 69.99136185748135 459
1694439216394 69.85309118069371 460
1694439216439 69.7150961977396 461
1694439216489 69.57737635593419 462
1694439216535 69.43993110370687 463
1694439216575 69.30275989059902 464
1694439216611 69.16586216726175 465
1694439216647 69.02923738545361 466
1694439216678 68.89288499803844 467
1694439216708 68.75680445898297 468
1694439216735 68.62099522335473 469
1694439216767 68.4854567473197 470
1694439216800 68.35018848814019 471
1694439216832 68.21518990417248 472
1694439216863 68.08046045486472 473
1694439216893 67.94599960075467 474
1694439216925 67.81180680346745 475
1694439216978 67.67788152571335 476
1694439217033 67.54422323128567 477
1694439217075 67.4108313850585 478
1694439217119 67.27770545298445 479
1694439217148 67.14484490209259 480
1694439217182 67.01224920048615 481
1694439217215 66.87991781734041 482
1694439217244 66.74785022290051 483
1694439217279 66.61604588847925 484
1694439217312 66.48450428645494 485
1694439217338 66.35322489026923 486
1694439217370 66.22220717442498 487
1694439217400 66.09145061448407 488
1694439217430 65.96095468706524 489
1694439217459 65.830718869842 490
1694439217496 65.70074264154044 491
1694439217525 65.57102548193713 492
1694439217554 65.44156687185692 493
1694439217585 65.31236629317091 494
1694439217615 65.18342322879424 495
1694439217642 65.054737162684 496
1694439217670 64.92630757983717 497
1694439217698 64.7981339662884 498
1694439217728 64.67021580910799 499
