1694436969834 -0.010908077613601463 0
1694436969865 -0.010899436645835037 1
1694436969925 -0.01088976811637199 2
1694436969982 -0.010879056541992727 3
1694436970078 -0.010867286346766925 4
1694436970146 -0.010854441865417286 5
1694436970210 -0.010840507346816963 6
1694436970258 -0.010825466957609997 7
1694436970302 -0.010809304785966312 8
1694436970348 -0.010792004845468162 9
1694436970398 -0.010773551079126698 10
1694436970443 -0.010753927363533089 11
1694436970490 -0.010733117513146206 12
1694436970542 -0.010711105284709088 13
1694436970599 -0.010687874381805296 14
1694436970678 -0.010663408459549828 15
1694436970742 -0.010637691129413707 16
1694436970844 -0.010610705964187783 17
1694436970902 -0.010582436503076886 18
1694436970992 -0.01055286625694074 19
1694436971056 -0.010521978713656566 20
1694436971111 -0.010489757343628003 21
1694436971167 -0.010456185605423496 22
1694436971210 -0.010421246951551666 23
1694436971267 -0.010384924834368814 24
1694436971340 -0.010347202712119419 25
1694436971383 -0.010308064055107646 26
1694436971433 -0.010267492352001195 27
1694436971468 -0.010225471116262375 28
1694436971509 -0.01018198389270708 29
1694436971553 -0.010137014264190336 30
1694436971590 -0.010090545858415512 31
1694436971647 -0.010042562354864337 32
1694436971688 -0.009993047491850371 33
1694436971733 -0.009941985073683934 34
1694436971771 -0.009889358977959173 35
1694436971810 -0.009835153162947252 36
1694436971858 -0.009779351675101244 37
1694436971901 -0.009721938656668483 38
1694436971951 -0.00966289835340417 39
1694436971996 -0.009602215122385127 40
1694436972048 -0.009539873439919688 41
1694436972093 -0.009475857909548413 42
1694436972145 -0.00941015327013539 43
1694436972193 -0.009342744404041481 44
1694436972263 -0.009273616345377267 45
1694436972318 -0.009202754288331727 46
1694436972368 -0.009130143595572626 47
1694436972409 -0.009055769806708192 48
1694436972447 -0.008979618646813181 49
1694436972481 -0.0089016760350078 50
1694436972523 -0.008821928093087017 51
1694436972575 -0.008740361154195186 52
1694436972635 -0.008656961771531524 53
1694436972670 -0.008571716727103107 54
1694436972711 -0.008484613040486977 55
1694436972757 -0.008395637977620884 56
1694436972801 -0.008304779059607803 57
1694436972841 -0.00821202407152466 58
1694436972876 -0.008117361071231066 59
1694436972923 -0.008020778398173167 60
1694436972972 -0.00792226468217172 61
1694436973026 -0.007821808852190415 62
1694436973074 -0.007719400145075328 63
1694436973115 -0.00761502811425796 64
1694436973156 -0.007508682638417419 65
1694436973193 -0.0074003539300890875 66
1694436973232 -0.007290032544217784 67
1694436973272 -0.00717770938664164 68
1694436973312 -0.007063375722503595 69
1694436973345 -0.0069470231845820685 70
1694436973386 -0.006828643781529031 71
1694436973420 -0.006708229906011942 72
1694436973466 -0.006585774342750206 73
1694436973512 -0.0064612702764355046 74
1694436973564 -0.006334711299527784 75
1694436973616 -0.006206091419933335 76
1694436973664 -0.006075405068525441 77
1694436973712 -0.0059426471065320285 78
1694436973752 -0.005807812832765213 79
1694436973795 -0.005670897990688317 80
1694436973839 -0.005531898775305466 81
1694436973887 -0.0053908118398913185 82
1694436973935 -0.005247634302507187 83
1694436973981 -0.005102363752347738 84
1694436974022 -0.004954998255869647 85
1694436974065 -0.004805536362717966 86
1694436974102 -0.004653977111434671 87
1694436974138 -0.004500320034939165 88
1694436974171 -0.004344565165782965 89
1694436974214 -0.004186713041159251 90
1694436974252 -0.0040267647076739355 91
1694436974290 -0.0038647217258525046 92
1694436974326 -0.0037005861744088264 93
1694436974361 -0.0035343606542255213 94
1694436974397 -0.003366048292076762 95
1694436974431 -0.003195652744071298 96
1694436974465 -0.0030231781988123707 97
1694436974500 -0.0028486293802685303 98
1694436974534 -0.0026720115503506836 99
1694436974568 -0.0024933305111936033 100
1694436974602 -0.0023125926071312364 101
1694436974640 -0.002129804726366924 102
1694436974686 -0.0019449743023305377 103
1694436974732 -0.0017581093147214233 104
1694436974777 -0.0015692182902338203 105
1694436974831 -0.0013783103029578747 106
1694436974876 -0.0011853949744584646 107
1694436974917 -0.0009904824735254003 108
1694436974956 -0.0007935835155958859 109
1694436974994 -0.0005947093618445809 110
1694436975040 -0.00039387181794170445 111
1694436975079 -0.00019108323247807313 112
1694436975117 1.3643504945592966e-05 113
1694436975157 0.00022029496596243092 114
1694436975196 0.00042885718601959333 115
1694436975236 0.0006393156672931388 116
1694436975282 0.0008516553819336581 117
1694436975335 0.0010658607756494076 118
1694436975390 0.0012819157716172924 119
1694436975432 0.001499803774724806 120
1694436975465 0.001719507676140264 121
1694436975502 0.0019410098582054447 122
1694436975537 0.00216429219965375 123
1694436975570 0.002389336081144444 124
1694436975603 0.002616122391113862 125
1694436975638 0.0028446315319380355 126
1694436975669 0.0030748434264002977 127
1694436975703 0.0033067375244650865 128
1694436975738 0.0035402928103458464 129
1694436975776 0.0037754878098654743 130
1694436975826 0.004012300598113305 131
1694436975874 0.004250708807355674 132
1694436975930 0.00449068963525967 133
1694436975968 0.004732219853351927 134
1694436976009 0.004975275815757407 135
1694436976067 0.005219833468180779 136
1694436976116 0.005465868357146131 137
1694436976165 0.0057133556394651785 138
1694436976208 0.005962270091941502 139
1694436976268 0.006212586121299157 140
1694436976316 0.006464277774321903 141
1694436976367 0.006717318748203138 142
1694436976400 0.006971682401087809 143
1694436976430 0.007227341762814143 144
1694436976465 0.007484269545811162 145
1694436976499 0.00774243815619724 146
1694436976547 0.008001819705015678 147
1694436976584 0.008262386019630363 148
1694436976620 0.008524108655262985 149
1694436976656 0.008786958906658371 150
1694436976687 0.009050907819875498 151
1694436976718 0.00931592620418642 152
1694436976753 0.009581984644079222 153
1694436976795 0.009849053511351347 154
1694436976840 0.010117102977284187 155
1694436976886 0.010386103024889737 156
1694436976923 0.010656023461215858 157
1694436976963 0.010926833929705837 158
1694436977004 0.011198503922594916 159
1694436977056 0.011471002793340013 160
1694436977107 0.011744299769066657 161
1694436977150 0.01201836396303102 162
1694436977193 0.01229316438707595 163
1694436977235 0.012568669964083679 164
1694436977276 0.012844849540401992 165
1694436977315 0.013121671898256415 166
1694436977365 0.013399105768093444 167
1694436977406 0.013677119840913021 168
1694436977442 0.013955682780517065 169
1694436977476 0.014234763235700831 170
1694436977508 0.01451432985236878 171
1694436977542 0.014794351285562168 172
1694436977579 0.01507479621139951 173
1694436977609 0.015355633338909436 174
1694436977646 0.01563683142175687 175
1694436977678 0.0159183592698523 176
1694436977709 0.016200185760831043 177
1694436977748 0.016482279851404935 178
1694436977782 0.016764610588566486 179
1694436977815 0.017047147120652695 180
1694436977847 0.017329858708246992 181
1694436977885 0.017612714734924095 182
1694436977915 0.017895684717825322 183
1694436977944 0.018178738318060272 184
1694436977983 0.018461845350927764 185
1694436978011 0.018744975795951135 186
1694436978045 0.019028099806723486 187
1694436978088 0.01931118772055629 188
1694436978118 0.019594210067925943 189
1694436978155 0.01987713758171561 190
1694436978191 0.020159941206247423 191
1694436978220 0.020442592106100665 192
1694436978256 0.020725061674710332 193
1694436978289 0.021007321542746094 194
1694436978322 0.021289343586275655 195
1694436978354 0.02157109993467221 196
1694436978391 0.021852562978331713 197
1694436978423 0.022133705376128243 198
1694436978459 0.02241450006264567 199
1694436978500 0.02269492025517117 200
1694436978538 0.022974939460452815 201
1694436978581 0.023254531481213703 202
1694436978618 0.023533670422431152 203
1694436978660 0.02381233069736799 204
1694436978700 0.024090487033369468 205
1694436978734 0.024368114477409386 206
1694436978775 0.024645188401403173 207
1694436978812 0.02492168450727017 208
1694436978843 0.025197578831760215 209
1694436978875 0.025472847751034644 210
1694436978909 0.02574746798501104 211
1694436978949 0.026021416601462843 212
1694436978983 0.026294671019886362 213
1694436979013 0.026567209015126547 214
1694436979049 0.026839008720769497 215
1694436979095 0.02711004863230071 216
1694436979128 0.02738030761003163 217
1694436979160 0.027649764881796268 218
1694436979195 0.02791840004542223 219
1694436979228 0.02818619307097503 220
1694436979270 0.028453124302777355 221
1694436979304 0.028719174461226182 222
1694436979337 0.028984324644355186 223
1694436979387 0.02924855632923129 224
1694436979419 0.02951185137310508 225
1694436979450 0.029774192014371148 226
1694436979480 0.03003556087331738 227
1694436979513 0.03029594095267829 228
1694436979547 0.03055531563798941 229
1694436979578 0.03081366869774993 230
1694436979611 0.031070984283394498 231
1694436979643 0.03132724692908262 232
1694436979683 0.0315824415513013 233
1694436979723 0.03183655344829772 234
1694436979778 0.03208956829933063 235
1694436979823 0.0323414721637586 236
1694436979881 0.03259225147995892 237
1694436979925 0.032841893064088135 238
1694436979998 0.03309038410868448 239
1694436980067 0.03333771218111781 240
1694436980130 0.03358386522189272 241
1694436980174 0.033828831542804916 242
1694436980217 0.03407259982496125 243
1694436980259 0.03431515911666272 244
1694436980309 0.03455649883115297 245
1694436980353 0.03479660874425805 246
1694436980393 0.03503547899186388 247
1694436980431 0.03527310006732698 248
1694436980472 0.03550946281873324 249
1694436980515 0.0357445584460635 250
1694436980562 0.035978378498250585 251
1694436980599 0.03621091487013517 252
1694436980632 0.03644215979932652 253
1694436980673 0.036672105862969095 254
1694436980710 0.036900745974422056 255
1694436980746 0.03712807337985291 256
1694436980785 0.03735408165475396 257
1694436980841 0.037578764700379796 258
1694436980897 0.03780211674011302 259
1694436980956 0.03802413231576407 260
1694436981018 0.038244806283803334 261
1694436981056 0.03846413381153513 262
1694436981099 0.03868211037321412 263
1694436981142 0.03889873174610903 264
1694436981183 0.03911399400651516 265
1694436981218 0.039327893525723745 266
1694436981256 0.03954042696594706 267
1694436981292 0.03975159127620442 268
1694436981328 0.039961383688175034 269
1694436981363 0.04016980171201445 270
1694436981401 0.04037684313214629 271
1694436981439 0.04058250600302493 272
1694436981483 0.040786788644878724 273
1694436981520 0.04098968963942817 274
1694436981556 0.041191207825594045 275
1694436981592 0.04139134229518682 276
1694436981626 0.04159009238858624 277
1694436981663 0.04178745769041192 278
1694436981698 0.041983438025192 279
1694436981733 0.04217803345302329 280
1694436981774 0.04237124426523309 281
1694436981819 0.04256307098004619 282
1694436981855 0.04275351433824892 283
1694436981898 0.0429425752988668 284
1694436981932 0.043130255034847576 285
1694436981971 0.04331655492875408 286
1694436982011 0.04350147656847303 287
1694436982046 0.043685021742936425 288
1694436982086 0.0438671924378613 289
1694436982122 0.044047990831507455 290
1694436982156 0.044227419290455816 291
1694436982198 0.044405480365409145 292
1694436982231 0.04458217678701637 293
1694436982281 0.044757511461724464 294
1694436982344 0.044931487467654074 295
1694436982401 0.04510410805050613 296
1694436982439 0.0452753766194971 297
1694436982477 0.04544529674332676 298
1694436982512 0.04561387214617685 299
1694436982551 0.045781106703745245 300
1694436982591 0.04594700443931243 301
1694436982642 0.04611156951984774 302
1694436982687 0.04627480625214886 303
1694436982740 0.046436719079020694 304
1694436982803 0.04659731257549482 305
1694436982839 0.04675659144508448 306
1694436982895 0.04691456051608589 307
1694436982954 0.047071224737914474 308
1694436982990 0.0472265891774889 309
1694436983024 0.04738065901565314 310
1694436983057 0.04753343954364608 311
1694436983099 0.04768493615961078 312
1694436983132 0.0478351543651504 313
1694436983161 0.047984099761929966 314
1694436983196 0.04813177804832036 315
1694436983228 0.048278195016089875 316
1694436983260 0.04842335654714258 317
1694436983292 0.048567268610300696 318
1694436983329 0.04870993725813455 319
1694436983362 0.048851368623839875 320
1694436983408 0.04899156891816214 321
1694436983448 0.049130544426365885 322
1694436983482 0.04926830150525363 323
1694436983522 0.04940484658022881 324
1694436983555 0.049540186142421616 325
1694436983594 0.04967432674582151 326
1694436983630 0.04980727500451021 327
1694436983660 0.04993903758991536 328
1694436983698 0.05006962122809 329
1694436983732 0.050199032697086365 330
1694436983759 0.050327278824340405 331
1694436983795 0.05045436648411816 332
1694436983841 0.05058030259500368 333
1694436983886 0.05070509411743862 334
1694436983936 0.05082874805130211 335
1694436983976 0.05095127143354217 336
1694436984032 0.051072671335847586 337
1694436984079 0.051192954862380735 338
1694436984140 0.05131212914751848 339
1694436984203 0.05143020135368903 340
1694436984248 0.051547178669214655 341
1694436984279 0.05166306830621348 342
1694436984310 0.05177787749854623 343
1694436984344 0.05189161349980065 344
1694436984382 0.052004283581325805 345
1694436984431 0.05211589503030434 346
1694436984462 0.052226455147869055 347
1694436984496 0.05233597124726308 348
1694436984527 0.05244445065203818 349
1694436984558 0.05255190069429849 350
1694436984590 0.05265832871298115 351
1694436984638 0.052763742052180485 352
1694436984699 0.05286814805950968 353
1694436984738 0.05297155408450349 354
1694436984811 0.053073967477059836 355
1694436984882 0.053175395585918106 356
1694436984958 0.05327584575717881 357
1694436985003 0.05337532533285638 358
1694436985037 0.05347384164947411 359
1694436985074 0.05357140203669053 360
1694436985105 0.053668013815965976 361
1694436985141 0.053763684299262704 362
1694436985174 0.053858420787779915 363
1694436985208 0.053952230570724846 364
1694436985242 0.054045120924115175 365
1694436985279 0.05413709910961939 366
1694436985317 0.05422817237342514 367
1694436985359 0.054318347945143564 368
1694436985415 0.05440763303674456 369
1694436985469 0.054496034841523655 370
1694436985507 0.05458356053309987 371
1694436985546 0.05467021726444177 372
1694436985588 0.05475601216693815 373
1694436985633 0.05484095234946018 374
1694436985666 0.05492504489750483 375
1694436985696 0.05500829687232689 376
1694436985732 0.05509071531011489 377
1694436985778 0.05517230722119215 378
1694436985825 0.05525307958924397 379
1694436985867 0.05533303937057377 380
1694436985910 0.055412193493382 381
1694436985949 0.05549054885707305 382
1694436985985 0.05556811233158554 383
1694436986024 0.05564489075674606 384
1694436986064 0.05572089094166277 385
1694436986108 0.055796119664100474 386
1694436986157 0.05587058366993669 387
1694436986201 0.055944289672594794 388
1694436986242 0.056017244352520534 389
1694436986279 0.056089454356674784 390
1694436986324 0.05616092629804814 391
1694436986369 0.056231666755198195 392
1694436986408 0.056301682271803766 393
1694436986442 0.056370979356243134 394
1694436986481 0.05643956448118881 395
1694436986519 0.05650744408322328 396
1694436986555 0.056574624562473974 397
1694436986596 0.05664111228226465 398
1694436986645 0.05670691356878277 399
1694436986680 0.056772034710779185 400
1694436986727 0.05683648195925983 401
1694436986775 0.05690026152720684 402
1694436986819 0.05696337958933129 403
1694436986866 0.057025842281816175 404
1694436986901 0.057087655702089624 405
1694436986939 0.05714882590860915 406
1694436986973 0.0572093589206627 407
1694436987006 0.05726926071818417 408
1694436987044 0.057328537241579935 409
1694436987078 0.05738719439157336 410
1694436987115 0.057445238029060874 411
1694436987153 0.05750267397498121 412
1694436987192 0.0575595080101966 413
1694436987238 0.05761574587538876 414
1694436987274 0.05767139327096549 415
1694436987309 0.05772645585697822 416
1694436987344 0.057780939253054386 417
1694436987376 0.0578348490383368 418
1694436987415 0.057888190751437585 419
1694436987461 0.05794096989039954 420
1694436987539 0.05799319191267149 421
1694436987573 0.05804486223509042 422
1694436987609 0.05809598623387513 423
1694436987648 0.05814656924462813 424
1694436987685 0.05819661656234931 425
1694436987737 0.058246133441454795 426
1694436987780 0.05829512509580825 427
1694436987839 0.05834359669875766 428
1694436987888 0.05839155338318247 429
1694436987967 0.05843900024154747 430
1694436988036 0.05848594232596416 431
1694436988094 0.05853238464826105 432
1694436988152 0.05857833218005948 433
1694436988224 0.05862378985285721 434
1694436988281 0.05866876255811948 435
1694436988353 0.058713255147375354 436
1694436988400 0.058757272432321095 437
1694436988472 0.05880081918493074 438
1694436988520 0.05884390013756868 439
1694436988582 0.05888651998311367 440
1694436988664 0.05892868337508439 441
1694436988741 0.05897039492776812 442
1694436988773 0.059011659216372525 443
1694436988822 0.05905248077713965 444
1694436988889 0.05909286410752124 445
1694436988956 0.059132813666315065 446
1694436989000 0.05917233387382481 447
1694436989053 0.05921142911201949 448
1694436989109 0.05925010372469941 449
1694436989157 0.05928836201766163 450
1694436989220 0.05932620825887469 451
1694436989279 0.05936364667865335 452
1694436989345 0.059400681469837124 453
1694436989400 0.059437316787973926 454
1694436989468 0.05947355675150501 455
1694436989563 0.059509405441954155 456
1694436989627 0.059544866904118865 457
1694436989690 0.05957994514626541 458
1694436989763 0.05961464414032602 459
1694436989807 0.05964896782209694 460
1694436989862 0.05968292009144349 461
1694436989908 0.05971650481250046 462
1694436989981 0.05974972581388194 463
1694436990037 0.05978258688888882 464
1694436990085 0.05981509179571831 465
1694436990140 0.05984724425767651 466
1694436990184 0.05987904796339372 467
1694436990231 0.05991050656703811 468
1694436990299 0.059941623688534396 469
1694436990369 0.059972402913781364 470
1694436990411 0.06000284779487153 471
1694436990465 0.06003296185031359 472
1694436990509 0.06006274856525318 473
1694436990555 0.06009221139169629 474
1694436990605 0.060121353748730955 475
1694436990663 0.06015017902276654 476
1694436990718 0.06017869056773084 477
1694436990778 0.060206891705326004 478
1694436990823 0.06023478572523944 479
1694436990871 0.06026237588537631 480
1694436990925 0.06028966541208691 481
1694436990999 0.06031665750039583 482
1694436991043 0.060343355314230296 483
1694436991088 0.060369761986649784 484
1694436991138 0.06039588062007539 485
1694436991185 0.06042171428651966 486
1694436991250 0.060447266027815916 487
1694436991287 0.0604725388558488 488
1694436991325 0.06049753575278349 489
1694436991365 0.06052225967129443 490
1694436991401 0.060546713534797125 491
1694436991462 0.06057090023767486 492
1694436991498 0.06059482264551075 493
1694436991549 0.060618483595312744 494
1694436991599 0.06064188589574693 495
1694436991638 0.060665032327360535 496
1694436991684 0.06068792564281378 497
1694436991748 0.060710568567104994 498
1694436991798 0.0607329637977978 499
