1694436969826 158.69032223240976 0
1694436969856 155.5311959635798 1
1694436969908 152.4419332819627 2
1694436969971 149.42090827541853 3
1694436970058 146.46653431870462 4
1694436970136 143.57726309177352 5
1694436970196 140.75158362351823 6
1694436970250 137.98802136027484 7
1694436970290 135.28513725841415 8
1694436970335 132.6415269003707 9
1694436970385 130.05581963347763 10
1694436970434 127.52667773099311 11
1694436970475 125.05279557472186 12
1694436970526 122.63289885865137 13
1694436970585 120.26574381304017 14
1694436970639 117.95011644841004 15
1694436970731 115.68483181890994 16
1694436970836 113.46873330453502 17
1694436970886 111.30069191169758 18
1694436970977 109.17960559166143 19
1694436971040 107.10439857636483 20
1694436971097 105.07402073117039 21
1694436971157 103.08744692409277 22
1694436971200 101.14367641106836 23
1694436971257 99.24173223684232 24
1694436971316 97.38066065106064 25
1694436971373 95.55953053916635 26
1694436971419 93.77743286770975 27
1694436971459 92.03348014369365 28
1694436971502 90.3268058875847 29
1694436971543 88.65656411963242 30
1694436971582 87.02192885914702 31
1694436971636 85.42209363639698 32
1694436971681 83.8562710167965 33
1694436971723 82.32369213706181 34
1694436971763 80.82360625302445 35
1694436971801 79.3552802987976 36
1694436971848 77.91799845700051 37
1694436971889 76.51106173975356 38
1694436971937 75.1337875801643 39
1694436971985 73.78550943403262 40
1694436972037 72.46557639151061 41
1694436972083 71.1733527984594 42
1694436972134 69.90821788725282 43
1694436972183 68.6695654167837 44
1694436972250 67.45680332143606 45
1694436972306 66.2693533687921 46
1694436972357 65.10665082584943 47
1694436972401 63.96814413352994 48
1694436972439 62.85329458926744 49
1694436972472 61.76157603746725 50
1694436972514 60.69247456763584 51
1694436972565 59.64548821998458 52
1694436972618 58.620126698316405 53
1694436972662 57.61591109000979 54
1694436972703 56.63237359291883 55
1694436972749 55.66905724901314 56
1694436972788 54.725515684586526 57
1694436972833 53.80131285686686 58
1694436972869 52.896022806865034 59
1694436972915 52.009229418304486 60
1694436972963 51.14052618247717 61
1694436973015 50.289515968875975 62
1694436973065 49.45581080145744 63
1694436973106 48.639031640392375 64
1694436973144 47.83880816916589 65
1694436973186 47.05477858689193 66
1694436973221 46.28658940571074 67
1694436973264 45.533895253141374 68
1694436973303 44.79635867926457 69
1694436973338 44.073649968614575 70
1694436973379 43.36544695666158 71
1694436973414 42.671434850769735 72
1694436973454 41.99130605551838 73
1694436973499 41.324760002277365 74
1694436973552 40.67150298292973 75
1694436973603 40.03124798763846 76
1694436973654 39.40371454655578 77
1694436973703 38.788628575377025 78
1694436973741 38.18572222464277 79
1694436973784 37.59473373269622 80
1694436973831 37.01540728220451 81
1694436973874 36.44749286015532 82
1694436973924 35.89074612124258 83
1694436973970 35.344928254556805 84
1694436974014 34.8098058534981 85
1694436974053 34.28515078883212 86
1694436974091 33.77074008481074 87
1694436974132 33.26635579828177 88
1694436974165 32.77178490071368 89
1694436974203 32.28681916306322 90
1694436974241 31.811255043415702 91
1694436974283 31.344893577329486 92
1694436974318 30.88754027081797 93
1694436974352 30.439004995903957 94
1694436974388 29.999101888683143 95
1694436974423 29.567649249834837 96
1694436974456 29.14446944751976 97
1694436974492 28.729388822606246 98
1694436974525 28.322237596167536 99
1694436974558 27.922849779194546 100
1694436974592 27.53106308446962 101
1694436974630 27.146718840548328 102
1694436974676 26.76966190779771 103
1694436974722 26.3997405964405 104
1694436974768 26.036806586556292 105
1694436974821 25.680714849991862 106
1694436974868 25.33132357413383 107
1694436974908 24.9884940874983 108
1694436974946 24.652090787093098 109
1694436974984 24.321981067509384 110
1694436975031 23.99803525170035 111
1694436975068 23.68012652340615 112
1694436975108 23.368130861184756 113
1694436975151 23.061926974009765 114
1694436975187 22.761396238397005 115
1694436975226 22.466422637022884 116
1694436975269 22.176892698798106 117
1694436975324 21.892695440361557 118
1694436975383 21.6137223089598 119
1694436975424 21.339867126678687 120
1694436975457 21.071026035994244 121
1694436975491 20.80709744661091 122
1694436975530 20.54798198355596 123
1694436975562 20.29358243649981 124
1694436975596 20.0438037102724 125
1694436975631 19.798552776546867 126
1694436975663 19.557738626662395 127
1694436975695 19.321272225558566 128
1694436975730 19.089066466794474 129
1694436975768 18.86103612862659 130
1694436975816 18.6370978311196 131
1694436975866 18.41716999426561 132
1694436975919 18.201172797087235 133
1694436975959 17.989028137701084 134
1694436976000 17.780659594318333 135
1694436976053 17.57599238716016 136
1694436976103 17.374953341265737 137
1694436976153 17.17747085017169 138
1694436976199 16.983474840441826 139
1694436976254 16.79289673702688 140
1694436976304 16.605669429434453 141
1694436976356 16.421727238689613 142
1694436976392 16.241005885067203 143
1694436976422 16.06344245657757 144
1694436976455 15.888975378187535 145
1694436976490 15.717544381759042 146
1694436976536 15.549090476688457 147
1694436976575 15.383555921229599 148
1694436976612 15.2208841944844 149
1694436976649 15.061019969045063 150
1694436976680 14.903909084272325 151
1694436976708 14.749498520194598 152
1694436976746 14.59773637201321 153
1694436976782 14.448571825199366 154
1694436976827 14.301955131168608 155
1694436976874 14.15783758351927 156
1694436976915 14.016171494821254 157
1694436976951 13.876910173942273 158
1694436976992 13.740007903898658 159
1694436977041 13.605419920218344 160
1694436977097 13.47310238980387 161
1694436977138 13.343012390283496 162
1694436977184 13.215107889838942 163
1694436977225 13.089347727498414 164
1694436977263 12.965691593883845 165
1694436977304 12.844100012401725 166
1694436977353 12.724534320866944 167
1694436977398 12.606956653549416 168
1694436977436 12.491329923633451 169
1694436977469 12.377617806080302 170
1694436977501 12.265784720884087 171
1694436977535 12.155795816712116 172
1694436977571 12.047616954920255 173
1694436977602 11.941214693934716 174
1694436977637 11.836556273991523 175
1694436977671 11.733609602225275 176
1694436977702 11.632343238098931 177
1694436977738 11.532726379166666 178
1694436977774 11.434728847161931 179
1694436977806 11.33832107440301 180
1694436977839 11.24347409050874 181
1694436977875 11.15015950941704 182
1694436977907 11.058349516699092 183
1694436977937 10.968016857162366 184
1694436977972 10.879134822735555 185
1694436978004 10.791677240629012 186
1694436978033 10.705618461764011 187
1694436978081 10.620933349464753 188
1694436978109 10.537597268406754 189
1694436978142 10.45558607381588 190
1694436978184 10.37487610091187 191
1694436978214 10.295444154590877 192
1694436978249 10.217267499341348 193
1694436978281 10.140323849387734 194
1694436978316 10.064591359056886 195
1694436978348 9.990048613361758 196
1694436978383 9.916674618797458 197
1694436978416 9.844448794344705 198
1694436978451 9.773350962675782 199
1694436978491 9.703361341558391 200
1694436978530 9.63446053545268 201
1694436978570 9.566629527297076 202
1694436978609 9.499849670478401 203
1694436978651 9.434102680982168 204
1694436978689 9.369370629718636 205
1694436978725 9.305635935020836 206
1694436978767 9.242881355310308 207
1694436978803 9.181089981926863 208
1694436978836 9.120245232118426 209
1694436978868 9.060330842187385 210
1694436978902 9.001330860789702 211
1694436978939 8.943229642383375 212
1694436978974 8.8860118408227 213
1694436979004 8.82966240309497 214
1694436979035 8.774166563196435 215
1694436979085 8.719509836144178 216
1694436979120 8.665678012120841 217
1694436979153 8.612657150749113 218
1694436979187 8.56043357549303 219
1694436979220 8.50899386818311 220
1694436979257 8.458324863662531 221
1694436979296 8.408413644551526 222
1694436979330 8.359247536127304 223
1694436979380 8.310814101316842 224
1694436979412 8.263101135799948 225
1694436979442 8.216096663220048 226
1694436979472 8.1697889305003 227
1694436979505 8.12416640326249 228
1694436979538 8.079217761346538 229
1694436979571 8.034931894428128 230
1694436979603 7.991297897732331 231
1694436979636 7.948305067840999 232
1694436979671 7.905942898591828 233
1694436979716 7.864201077066842 234
1694436979770 7.823069479668508 235
1694436979814 7.782538168281248 236
1694436979869 7.742597386516555 237
1694436979916 7.703237556039748 238
1694436979973 7.664449272976494 239
1694436980041 7.626223304397361 240
1694436980118 7.588550584878499 241
1694436980165 7.551422213136866 242
1694436980208 7.514829448738223 243
1694436980251 7.4787637088762065 244
1694436980300 7.443216565221009 245
1694436980337 7.408179740835957 246
1694436980385 7.373645107160474 247
1694436980421 7.339604681058037 248
1694436980463 7.306050621927477 249
1694436980504 7.2729752288763425 250
1694436980548 7.240370937954886 251
1694436980590 7.208230319449217 252
1694436980623 7.176546075232461 253
1694436980664 7.145311036172441 254
1694436980703 7.114518159594718 255
1694436980737 7.084160526799739 256
1694436980775 7.054231340632812 257
1694436980830 7.024723923105771 258
1694436980889 6.995631713069227 259
1694436980948 6.966948263934083 260
1694436981005 6.9386672414414825 261
1694436981048 6.9107824214798175 262
1694436981089 6.883287687948011 263
1694436981132 6.856177030663805 264
1694436981173 6.829444543316245 265
1694436981207 6.8030844214612385 266
1694436981247 6.777090960559259 267
1694436981284 6.75145855405435 268
1694436981320 6.726181691493337 269
1694436981354 6.701254956684534 270
1694436981392 6.676673025894925 271
1694436981430 6.652430666085053 272
1694436981473 6.628522733180711 273
1694436981508 6.604944170380737 274
1694436981548 6.581690006499938 275
1694436981584 6.558755354346526 276
1694436981619 6.536135409133223 277
1694436981654 6.513825446921307 278
1694436981690 6.491820823096867 279
1694436981722 6.470116970878542 280
1694436981759 6.44870939985614 281
1694436981809 6.427593694559303 282
1694436981847 6.406765513055688 283
1694436981887 6.386220585577954 284
1694436981924 6.365954713178947 285
1694436981958 6.34596376641446 286
1694436982001 6.32624368405294 287
1694436982037 6.306790471811565 288
1694436982078 6.287600201118158 289
1694436982114 6.268669007898304 290
1694436982149 6.249993091387148 291
1694436982187 6.231568712965378 292
1694436982222 6.213392195018787 293
1694436982256 6.1954599198209355 294
1694436982337 6.177768328438462 295
1694436982389 6.160313919658474 296
1694436982431 6.143093248937577 297
1694436982466 6.12610292737207 298
1694436982504 6.109339620688841 299
1694436982542 6.09280004825652 300
1694436982582 6.076480982116482 301
1694436982634 6.060379246033187 302
1694436982677 6.044491714563543 303
1694436982723 6.028815312144791 304
1694436982787 6.013347012200604 305
1694436982831 5.9980838362649305 306
1694436982883 5.9830228531232335 307
1694436982942 5.96816117797076 308
1694436982982 5.953495971587439 309
1694436983018 5.939024439529148 310
1694436983050 5.92474383133484 311
1694436983090 5.910651439749349 312
1694436983125 5.89674459996143 313
1694436983154 5.8830206888568 314
1694436983188 5.869477124285762 315
1694436983220 5.856111364345181 316
1694436983253 5.84292090667448 317
1694436983284 5.829903287765332 318
1694436983321 5.817056082284833 319
1694436983354 5.804376902411766 320
1694436983401 5.791863397185767 321
1694436983439 5.779513251869092 322
1694436983470 5.767324187320709 323
1694436983508 5.755293959382436 324
1694436983548 5.743420358276968 325
1694436983586 5.731701208017388 326
1694436983622 5.720134365828083 327
1694436983652 5.708717721576704 328
1694436983690 5.6974491972170105 329
1694436983724 5.686326746242313 330
1694436983752 5.675348353149397 331
1694436983786 5.664512032912541 332
1694436983833 5.653815830467622 333
1694436983873 5.643257820205898 334
1694436983924 5.632836105477453 335
1694436983968 5.622548818103952 336
1694436984022 5.612394117900572 337
1694436984069 5.602370192206997 338
1694436984126 5.592475255427124 339
1694436984189 5.58270754857745 340
1694436984238 5.573065338843891 341
1694436984272 5.563546919146874 342
1694436984303 5.554150607714525 343
1694436984337 5.544874747663785 344
1694436984375 5.5357177065893355 345
1694436984422 5.526677876160097 346
1694436984455 5.51775367172322 347
1694436984489 5.50894353191535 348
1694436984521 5.500245918281097 349
1694436984551 5.491659314898476 350
1694436984581 5.483182228011231 351
1694436984631 5.474813185667902 352
1694436984675 5.4665507373674975 353
1694436984725 5.458393453711601 354
1694436984791 5.4503399260628145 355
1694436984869 5.442388766209437 356
1694436984942 5.434538606036184 357
1694436984993 5.426788097200907 358
1694436985031 5.419135910817119 359
1694436985066 5.411580737142239 360
1694436985098 5.404121285271486 361
1694436985133 5.396756282837213 362
1694436985167 5.389484475713693 363
1694436985200 5.382304627727116 364
1694436985235 5.375215520370814 365
1694436985270 5.368215952525523 366
1694436985307 5.361304740184646 367
1694436985350 5.354480716184368 368
1694436985405 5.347742729938566 369
1694436985457 5.341089647178381 370
1694436985499 5.334520349696407 371
1694436985537 5.328033735095359 372
1694436985575 5.321628716541172 373
1694436985622 5.315304222520414 374
1694436985658 5.309059196601959 375
1694436985689 5.3028925972028 376
1694436985722 5.296803397357947 377
1694436985768 5.290790584494333 378
1694436985816 5.28485316020865 379
1694436985857 5.278990140048988 380
1694436985898 5.273200553300312 381
1694436985938 5.267483442773581 382
1694436985977 5.2618378645985215 383
1694436986015 5.256262888019959 384
1694436986054 5.25075759519765 385
1694436986092 5.2453210810095 386
1694436986148 5.239952452858175 387
1694436986192 5.234650830481008 388
1694436986235 5.229415345763099 389
1694436986270 5.224245142553626 390
1694436986316 5.219139376485259 391
1694436986358 5.214097214796592 392
1694436986397 5.209117836157619 393
1694436986433 5.204200430498089 394
1694436986472 5.1993441988388005 395
1694436986509 5.194548353125689 396
1694436986547 5.189812116066672 397
1694436986587 5.185134720971276 398
1694436986634 5.180515411592871 399
1694436986671 5.175953441973555 400
1694436986717 5.171448076291626 401
1694436986765 5.166998588711551 402
1694436986808 5.1626042632364095 403
1694436986856 5.158264393562809 404
1694436986889 5.153978282938153 405
1694436986931 5.14974524402025 406
1694436986966 5.145564598739245 407
1694436986998 5.141435678161786 408
1694436987037 5.137357822357422 409
1694436987070 5.133330380267192 410
1694436987106 5.129352709574293 411
1694436987147 5.125424176576898 412
1694436987177 5.121544156063026 413
1694436987225 5.117712031187421 414
1694436987264 5.113927193350392 415
1694436987301 5.110189042078663 416
1694436987336 5.106496984908083 417
1694436987370 5.102850437268242 418
1694436987406 5.099248822368902 419
1694436987451 5.0956915710883015 420
1694436987522 5.092178121863156 421
1694436987567 5.0887079205804895 422
1694436987598 5.085280420471118 423
1694436987639 5.08189508200486 424
1694436987676 5.078551372787365 425
1694436987719 5.075248767458623 426
1694436987772 5.071986747593023 427
1694436987829 5.068764801600998 428
1694436987872 5.065582424632216 429
1694436987949 5.06243911848028 430
1694436988010 5.059334391488931 431
1694436988076 5.05626775845968 432
1694436988142 5.0532387405609285 433
1694436988204 5.0502468652384405 434
1694436988269 5.047291666127244 435
1694436988338 5.044372682964887 436
1694436988391 5.041489461506018 437
1694436988458 5.038641553438298 438
1694436988507 5.0358285162996115 439
1694436988570 5.033049913396514 440
1694436988649 5.030305313723972 441
1694436988723 5.027594291886311 442
1694436988766 5.024916428019347 443
1694436988804 5.022271307713761 444
1694436988876 5.019658521939579 445
1694436988938 5.017077666971844 446
1694436988990 5.014528344317381 447
1694436989040 5.012010160642682 448
1694436989091 5.009522727702905 449
1694436989149 5.007065662271885 450
1694436989202 5.004638586073259 451
1694436989263 5.002241125712586 452
1694436989332 4.999872912610494 453
1694436989389 4.997533582936835 454
1694436989451 4.9952227775458145 455
1694436989549 4.992940141912095 456
1694436989616 4.990685326067841 457
1694436989676 4.988457984540709 458
1694436989751 4.986257776292741 459
1694436989798 4.984084364660189 460
1694436989850 4.981937417294214 461
1694436989899 4.979816606102438 462
1694436989969 4.977721607191407 463
1694436990024 4.975652100809854 464
1694436990074 4.973607771292796 465
1694436990130 4.971588307006509 466
1694436990176 4.969593400294219 467
1694436990221 4.967622747422656 468
1694436990289 4.965676048529353 469
1694436990354 4.9637530075707215 470
1694436990403 4.9618533322708895 471
1694436990454 4.959976734071256 472
1694436990501 4.958122928080804 473
1694436990542 4.95629163302713 474
1694436990593 4.954482571208139 475
1694436990654 4.952695468444502 476
1694436990707 4.950930054032747 477
1694436990764 4.949186060699028 478
1694436990814 4.947463224553588 479
1694436990858 4.945761285045847 480
1694436990909 4.944079984920139 481
1694436990989 4.9424190701720745 482
1694436991034 4.940778290005546 483
1694436991078 4.939157396790312 484
1694436991126 4.937556146020232 485
1694436991173 4.935974296272024 486
1694436991236 4.934411609164674 487
1694436991279 4.932867849319393 488
1694436991315 4.931342784320119 489
1694436991355 4.929836184674614 490
1694436991391 4.928347823776076 491
1694436991453 4.926877477865322 492
1694436991490 4.925424925993467 493
1694436991540 4.923989949985164 494
1694436991589 4.922572334402302 495
1694436991632 4.921171866508286 496
1694436991675 4.919788336232763 497
1694436991736 4.918421536136847 498
1694436991788 4.917071261378853 499
