1694439387534 157.37022771405287 0
1694439387567 157.33896406422457 1
1694439387600 157.30770667027457 2
1694439387631 157.27645553094294 3
1694439387661 157.2452106449698 4
1694439387689 157.21397201109565 5
1694439387722 157.1827396280612 6
1694439387768 157.15151349460746 7
1694439387826 157.12029360947565 8
1694439387885 157.0890799714073 9
1694439387922 157.0578725791441 10
1694439387953 157.02667143142804 11
1694439387982 156.99547652700147 12
1694439388015 156.9642878646069 13
1694439388044 156.93310544298697 14
1694439388072 156.90192926088483 15
1694439388105 156.87075931704373 16
1694439388135 156.83959561020723 17
1694439388164 156.8084381391191 18
1694439388198 156.77728690252334 19
1694439388233 156.74614189916434 20
1694439388265 156.71500312778662 21
1694439388318 156.68387058713495 22
1694439388354 156.65274427595446 23
1694439388401 156.6216241929905 24
1694439388445 156.59051033698856 25
1694439388554 156.55940270669456 26
1694439388603 156.52830130085448 27
1694439388655 156.4972061182148 28
1694439388689 156.466117157522 29
1694439388733 156.435034417523 30
1694439388791 156.4039578969649 31
1694439388833 156.37288759459508 32
1694439388890 156.34182350916112 33
1694439388937 156.31076563941085 34
1694439388986 156.27971398409247 35
1694439389025 156.24866854195434 36
1694439389090 156.2176293117451 37
1694439389133 156.1865962922136 38
1694439389170 156.15556948210906 39
1694439389203 156.12454888018078 40
1694439389245 156.0935344851785 41
1694439389277 156.06252629585205 42
1694439389311 156.03152431095165 43
1694439389344 156.0005285292277 44
1694439389380 155.96953894943078 45
1694439389412 155.93855557031196 46
1694439389445 155.90757839062235 47
1694439389478 155.87660740911332 48
1694439389510 155.84564262453662 49
1694439389550 155.81468403564415 50
1694439389586 155.78373164118818 51
1694439389620 155.75278543992107 52
1694439389656 155.7218454305955 53
1694439389690 155.69091161196445 54
1694439389722 155.65998398278117 55
1694439389756 155.62906254179907 56
1694439389787 155.59814728777184 57
1694439389816 155.56726464300706 58
1694439389851 155.53638816844202 59
1694439389883 155.50551786283705 60
1694439389914 155.47465372495287 61
1694439389950 155.44379575355052 62
1694439389988 155.41294394739108 63
1694439390033 155.38209830523616 64
1694439390071 155.3512588258473 65
1694439390104 155.32042550798656 66
1694439390146 155.28959835041613 67
1694439390182 155.25877735189843 68
1694439390213 155.22796251119618 69
1694439390248 155.1971538270724 70
1694439390284 155.16635129829024 71
1694439390321 155.13555492361317 72
1694439390357 155.10476470180487 73
1694439390397 155.07398063162933 74
1694439390433 155.04320271185074 75
1694439390466 155.0124309412336 76
1694439390496 154.98166531854258 77
1694439390531 154.9509058425426 78
1694439390563 154.920152511999 79
1694439390598 154.8894053256771 80
1694439390636 154.85866428234266 81
1694439390671 154.8279293807617 82
1694439390706 154.7972006197003 83
1694439390748 154.76647799792502 84
1694439390789 154.73576151420252 85
1694439390822 154.70505116729973 86
1694439390862 154.6743469559839 87
1694439390900 154.64364887902252 88
1694439390934 154.61295693518323 89
1694439390971 154.58227112323402 90
1694439391013 154.55159144194306 91
1694439391063 154.5209178900788 92
1694439391104 154.49025046640998 93
1694439391153 154.45958916970554 94
1694439391190 154.42893399873466 95
1694439391228 154.3982849522668 96
1694439391269 154.36764202907167 97
1694439391313 154.33700522791918 98
1694439391351 154.30637454757954 99
1694439391394 154.2757499868232 100
1694439391432 154.24513154442084 101
1694439391485 154.21451921914348 102
1694439391529 154.1839130097622 103
1694439391571 154.15331291504845 104
1694439391607 154.122718933774 105
1694439391648 154.09213106471068 106
1694439391682 154.06154930663078 107
1694439391714 154.03097365830664 108
1694439391749 154.000404118511 109
1694439391782 153.9698406860168 110
1694439391814 153.93928335959714 111
1694439391849 153.90873213802553 112
1694439391882 153.87818702007556 113
1694439391915 153.84764800452123 114
1694439391950 153.81711509013667 115
1694439391985 153.78658827569632 116
1694439392028 153.75606755997484 117
1694439392071 153.72555294174708 118
1694439392116 153.69504441978827 119
1694439392157 153.66454199287384 120
1694439392197 153.63404565977942 121
1694439392232 153.60355541928087 122
1694439392268 153.5730712701544 123
1694439392306 153.54259321117638 124
1694439392353 153.51212124112342 125
1694439392387 153.48165535877254 126
1694439392419 153.45119556290075 127
1694439392452 153.42074185228552 128
1694439392487 153.3902942257044 129
1694439392521 153.35985268193537 130
1694439392556 153.32941721975652 131
1694439392586 153.29898783794624 132
1694439392617 153.26856453528313 133
1694439392648 153.2381473105461 134
1694439392687 153.20773616251427 135
1694439392718 153.17733108996694 136
1694439392756 153.1469320916838 137
1694439392796 153.11653916644462 138
1694439392833 153.08615231302963 139
1694439392882 153.05577153021915 140
1694439392919 153.0253968167937 141
1694439392955 152.9950281715342 142
1694439392996 152.9646655932217 143
1694439393027 152.9343090806376 144
1694439393068 152.90395863256344 145
1694439393107 152.87361424778106 146
1694439393139 152.8432759250725 147
1694439393177 152.8129436632202 148
1694439393211 152.78261746100668 149
1694439393250 152.7522973172147 150
1694439393285 152.7219832306274 151
1694439393323 152.69167520002802 152
1694439393361 152.66137322420013 153
1694439393396 152.63107730192766 154
1694439393428 152.60078743199446 155
1694439393464 152.570503613185 156
1694439393502 152.54022584428373 157
1694439393537 152.50995412407545 158
1694439393569 152.4796884513452 159
1694439393602 152.44942882487825 160
1694439393634 152.41917524346013 161
1694439393667 152.38892770587663 162
1694439393700 152.35868621091373 163
1694439393750 152.32845075735773 164
1694439393796 152.2982213439951 165
1694439393838 152.26799796961265 166
1694439393873 152.23778063299733 167
1694439393906 152.20756933293632 168
1694439393949 152.17736406821723 169
1694439393981 152.1471648376277 170
1694439394013 152.11697163995586 171
1694439394054 152.08678447398975 172
1694439394087 152.05660333851793 173
1694439394135 152.0264282323291 174
1694439394200 151.9962591542122 175
1694439394245 151.96609610295647 176
1694439394284 151.93593907735132 177
1694439394320 151.90578807618652 178
1694439394357 151.87564309825189 179
1694439394400 151.84550414233772 180
1694439394436 151.8153712072344 181
1694439394471 151.7852442917326 182
1694439394505 151.75512339462324 183
1694439394537 151.72500851469746 184
1694439394567 151.6948996507467 185
1694439394599 151.66479680156263 186
1694439394627 151.6346999659371 187
1694439394656 151.60460914266224 188
1694439394705 151.57452433053047 189
1694439394748 151.5444455283344 190
1694439394808 151.51437273486692 191
1694439394846 151.4843059489211 192
1694439394880 151.45424516929037 193
1694439394914 151.4241903947683 194
1694439394949 151.39414162414877 195
1694439394981 151.3640988562258 196
1694439395014 151.33406208979378 197
1694439395048 151.30403132364734 198
1694439395086 151.27400655658118 199
1694439395121 151.24398778739047 200
1694439395152 151.21397501487047 201
1694439395186 151.1839682378168 202
1694439395219 151.15396745502514 203
1694439395252 151.12397266529166 204
1694439395288 151.09398386741256 205
1694439395319 151.06400106018444 206
1694439395352 151.034024242404 207
1694439395386 151.0040534128683 208
1694439395418 150.97408857037465 209
1694439395455 150.94412971372043 210
1694439395502 150.91417684170347 211
1694439395544 150.88422995312172 212
1694439395587 150.85428904677346 213
1694439395631 150.82435412145713 214
1694439395678 150.79442517597147 215
1694439395713 150.76450220911542 216
1694439395744 150.7345852196882 217
1694439395779 150.70467420648927 218
1694439395817 150.6747691683183 219
1694439395851 150.64487010397522 220
1694439395886 150.61497701226023 221
1694439395916 150.58508989197372 222
1694439395955 150.55520874191635 223
1694439395991 150.52533356088904 224
1694439396045 150.49546434769294 225
1694439396089 150.46560110112944 226
1694439396137 150.43574382000014 227
1694439396189 150.405892503107 228
1694439396238 150.376047149252 229
1694439396283 150.34620775723758 230
1694439396316 150.31637432586638 231
1694439396354 150.2865468539411 232
1694439396387 150.256725340265 233
1694439396428 150.22690978364133 234
1694439396472 150.1971001828736 235
1694439396504 150.16729653676575 236
1694439396541 150.1374988441217 237
1694439396572 150.1077071037458 238
1694439396605 150.0779213144426 239
1694439396635 150.04814147501693 240
1694439396665 150.01836758427365 241
1694439396699 149.98859964101817 242
1694439396741 149.9588376440559 243
1694439396797 149.9290815921927 244
1694439396855 149.8993314842344 245
1694439396907 149.86958731898733 246
1694439396940 149.83984909525796 247
1694439396978 149.810116811853 248
1694439397016 149.78039046757934 249
1694439397056 149.7506700612442 250
1694439397097 149.7209555916551 251
1694439397134 149.69124705761962 252
1694439397165 149.66154445794564 253
1694439397203 149.63184779144146 254
1694439397235 149.60215705691536 255
1694439397266 149.57247225317602 256
1694439397300 149.54279337903233 257
1694439397331 149.5131204332934 258
1694439397362 149.48345341476858 259
1694439397394 149.45379232226747 260
1694439397427 149.4241371546 261
1694439397458 149.39448791057615 262
1694439397489 149.36484458900628 263
1694439397522 149.33520718870093 264
1694439397555 149.30557570847094 265
1694439397585 149.27595014712736 266
1694439397618 149.24633050348146 267
1694439397650 149.21671677634478 268
1694439397679 149.1871089645291 269
1694439397712 149.15750706684645 270
1694439397749 149.12791108210897 271
1694439397781 149.09832100912928 272
1694439397821 149.06873684672001 273
1694439397864 149.03915859369417 274
1694439397905 149.00958624886496 275
1694439397938 148.98001981104588 276
1694439397978 148.95045927905053 277
1694439398015 148.92090465169292 278
1694439398055 148.89135592778715 279
1694439398094 148.8618131061477 280
1694439398124 148.8322761855892 281
1694439398163 148.8027451649265 282
1694439398200 148.7732200429747 283
1694439398230 148.74370081854926 284
1694439398261 148.71418749046572 285
1694439398298 148.68468005754 286
1694439398328 148.65517851858812 287
1694439398362 148.62568287242638 288
1694439398400 148.5961931178714 289
1694439398434 148.56670925374002 290
1694439398470 148.5372312788492 291
1694439398510 148.50775919201627 292
1694439398540 148.4782929920587 293
1694439398577 148.44883267779434 294
1694439398616 148.41937824804108 295
1694439398662 148.38992970161723 296
1694439398700 148.36048703734133 297
1694439398729 148.33105025403196 298
1694439398758 148.3016193505082 299
1694439398788 148.27219432558914 300
1694439398821 148.24277517809423 301
1694439398856 148.2133619068432 302
1694439398890 148.18395451065595 303
1694439398925 148.1545529883526 304
1694439398962 148.12515733875352 305
1694439398996 148.0957675606794 306
1694439399031 148.0663836529511 307
1694439399062 148.03700561438964 308
1694439399098 148.00763344381642 309
1694439399132 147.97826714005305 310
1694439399165 147.9489067019213 311
1694439399199 147.91955212824325 312
1694439399235 147.89020341784118 313
1694439399272 147.86086056953764 314
1694439399315 147.83152358215534 315
1694439399351 147.80219245451738 316
1694439399384 147.772867185447 317
1694439399416 147.7435477737676 318
1694439399449 147.714234218303 319
1694439399481 147.6849265178771 320
1694439399516 147.65562467131414 321
1694439399550 147.62632867743852 322
1694439399580 147.59703853507492 323
1694439399618 147.56775424304828 324
1694439399648 147.5384758001837 325
1694439399680 147.5092032053066 326
1694439399716 147.47993645724264 327
1694439399748 147.45067555481762 328
1694439399781 147.42142049685765 329
1694439399815 147.3921712821891 330
1694439399844 147.36292790963853 331
1694439399879 147.33369037803277 332
1694439399916 147.3044586861988 333
1694439399951 147.27523283296395 334
1694439399983 147.24601281715576 335
1694439400018 147.216798637602 336
1694439400054 147.18759029313063 337
1694439400088 147.15838778256986 338
1694439400124 147.1291911047482 339
1694439400161 147.10000025849442 340
1694439400195 147.07081524263734 341
1694439400229 147.04163605600627 342
1694439400266 147.0124626974305 343
1694439400302 146.98329516573972 344
1694439400349 146.95413345976388 345
1694439400387 146.9249775783331 346
1694439400421 146.89582752027772 347
1694439400456 146.86668328442832 348
1694439400502 146.83754486961575 349
1694439400548 146.80841227467113 350
1694439400583 146.77928549842574 351
1694439400620 146.7501645397111 352
1694439400651 146.721049397359 353
1694439400685 146.69194007020147 354
1694439400717 146.6628365570708 355
1694439400751 146.63373885679948 356
1694439400790 146.60464696822015 357
1694439400824 146.57556089016586 358
1694439400856 146.54648062146975 359
1694439400889 146.51740616096532 360
1694439400921 146.48833750748622 361
1694439400951 146.4592746598663 362
1694439400980 146.43021761693979 363
1694439401015 146.40116637754105 364
1694439401049 146.37212094050457 365
1694439401079 146.3430813046654 366
1694439401115 146.3140474688585 367
1694439401149 146.2850194319192 368
1694439401181 146.25599719268314 369
1694439401217 146.226980749986 370
1694439401251 146.19797010266387 371
1694439401287 146.16896524955303 372
1694439401319 146.13996618948985 373
1694439401355 146.11097292131126 374
1694439401394 146.08198544385408 375
1694439401424 146.05300375595556 376
1694439401466 146.0240278564532 377
1694439401504 145.99505774418458 378
1694439401546 145.96609341798762 379
1694439401583 145.93713487670053 380
1694439401620 145.9081821191616 381
1694439401654 145.87923514420953 382
1694439401695 145.85029395068312 383
1694439401739 145.82135853742147 384
1694439401782 145.79242890326387 385
1694439401819 145.76350504704993 386
1694439401852 145.73458696761938 387
1694439401888 145.70567466381223 388
1694439401923 145.67676813446883 389
1694439401953 145.6478673784296 390
1694439401991 145.61897239453523 391
1694439402030 145.59008318162677 392
1694439402066 145.56119973854533 393
1694439402098 145.5323220641324 394
1694439402130 145.50345015722962 395
1694439402166 145.47458401667888 396
1694439402199 145.44572364132233 397
1694439402233 145.4168690300023 398
1694439402267 145.38802018156144 399
1694439402303 145.35917709484255 400
1694439402338 145.33033976868867 401
1694439402379 145.30150820194316 402
1694439402418 145.27268239344951 403
1694439402448 145.24386234205153 404
1694439402483 145.21504804659318 405
1694439402513 145.1862395059187 406
1694439402545 145.15743671887262 407
1694439402579 145.12863968429957 408
1694439402633 145.0998484010445 409
1694439402666 145.0710628679526 410
1694439402696 145.04228308386925 411
1694439402732 145.01350904764013 412
1694439402765 144.9847407581111 413
1694439402798 144.9559782141282 414
1694439402831 144.92722141453788 415
1694439402865 144.8984703581866 416
1694439402899 144.86972504392125 417
1694439402931 144.84098547058878 418
1694439402965 144.81225163703652 419
1694439402999 144.783523542112 420
1694439403038 144.75480118466288 421
1694439403078 144.72608456353717 422
1694439403112 144.69737367758304 423
1694439403147 144.668668525649 424
1694439403182 144.63996910658364 425
1694439403214 144.61127541923588 426
1694439403249 144.5825874624549 427
1694439403288 144.55390523509 428
1694439403322 144.52522873599082 429
1694439403367 144.49655796400714 430
1694439403404 144.46789291798913 431
1694439403439 144.43923359678695 432
1694439403475 144.41057999925124 433
1694439403512 144.3819321242327 434
1694439403544 144.35328997058232 435
1694439403582 144.32465353715133 436
1694439403616 144.29602282279123 437
1694439403652 144.2673978263537 438
1694439403688 144.23877854669064 439
1694439403720 144.21016498265413 440
1694439403755 144.1815571330967 441
1694439403797 144.15295499687087 442
1694439403834 144.12435857282955 443
1694439403870 144.0957678598258 444
1694439403906 144.0671828567129 445
1694439403946 144.0386035623444 446
1694439403983 144.01002997557413 447
1694439404017 143.98146209525606 448
1694439404052 143.95289992024445 449
1694439404100 143.92434344939372 450
1694439404152 143.89579268155865 451
1694439404199 143.8672476155941 452
1694439404240 143.8387082503553 453
1694439404305 143.81017458469762 454
1694439404364 143.7816466174767 455
1694439404417 143.7531243475484 456
1694439404456 143.72460777376878 457
1694439404497 143.6960968949942 458
1694439404535 143.66759171008127 459
1694439404570 143.6390922178866 460
1694439404608 143.61059841726737 461
1694439404639 143.58211030708077 462
1694439404672 143.5536278861843 463
1694439404705 143.52515115343564 464
1694439404738 143.49668010769273 465
1694439404779 143.46821474781376 466
1694439404814 143.43975507265716 467
1694439404845 143.41130108108152 468
1694439404880 143.38285277194572 469
1694439404913 143.3544101441088 470
1694439404944 143.3259731964302 471
1694439404981 143.2975419277694 472
1694439405015 143.26911633698617 473
1694439405048 143.2406964229406 474
1694439405083 143.21228218449286 475
1694439405114 143.1838736205035 476
1694439405151 143.15547072983316 477
1694439405184 143.12707351134281 478
1694439405215 143.0986819638936 479
1694439405247 143.07029608634699 480
1694439405282 143.04191587756452 481
1694439405316 143.01354133640814 482
1694439405346 142.98517246173986 483
1694439405382 142.95680925242203 484
1694439405414 142.92845170731724 485
1694439405452 142.90009982528818 486
1694439405495 142.87175360519797 487
1694439405536 142.84341304590973 488
1694439405571 142.81507814628702 489
1694439405613 142.7867489051935 490
1694439405651 142.7584253214931 491
1694439405691 142.73010739405 492
1694439405736 142.70179512172857 493
1694439405772 142.6734885033934 494
1694439405804 142.64518753790938 495
1694439405835 142.61689222414154 496
1694439405866 142.58860256095522 497
1694439405897 142.56031854721599 498
1694439405935 142.53204018178954 499
