1694437224070 183.54535801175578 0
1694437224095 183.5081415381816 1
1694437224120 183.47093337988719 2
1694437224147 183.43373353492498 3
1694437224174 183.39654200134788 4
1694437224201 183.35935877720917 5
1694437224226 183.32218386056277 6
1694437224255 183.2850172494629 7
1694437224282 183.24785894196435 8
1694437224306 183.21070893612236 9
1694437224332 183.17356722999259 10
1694437224358 183.13643382163121 11
1694437224388 183.09930870909497 12
1694437224418 183.06219189044091 13
1694437224442 183.0250833637266 14
1694437224470 182.98798312701015 15
1694437224496 182.95089117835005 16
1694437224521 182.91380751580536 17
1694437224549 182.87673213743545 18
1694437224580 182.83966504130035 19
1694437224609 182.80260622546047 20
1694437224635 182.76555568797662 21
1694437224660 182.72851342691018 22
1694437224685 182.691479440323 23
1694437224712 182.65445372627738 24
1694437224740 182.61743628283602 25
1694437224771 182.58042710806222 26
1694437224798 182.54342620001958 27
1694437224824 182.50643355677232 28
1694437224850 182.46944917638515 29
1694437224876 182.43247305692307 30
1694437224908 182.39550519645167 31
1694437224967 182.35854559303704 32
1694437224994 182.3215942447456 33
1694437225021 182.28465114964445 34
1694437225047 182.24771630580096 35
1694437225087 182.21078971128304 36
1694437225134 182.1738713641591 37
1694437225182 182.136961262498 38
1694437225216 182.10005940436906 39
1694437225261 182.063165787842 40
1694437225306 182.02628041098717 41
1694437225343 181.98940327187523 42
1694437225378 181.95253436857737 43
1694437225410 181.91567369916524 44
1694437225437 181.87882126171104 45
1694437225463 181.84197705428733 46
1694437225496 181.80514107496708 47
1694437225523 181.76831332182388 48
1694437225548 181.73149379293176 49
1694437225581 181.69468248636508 50
1694437225609 181.65787940019885 51
1694437225636 181.62108453250843 52
1694437225662 181.58429788136965 53
1694437225699 181.5475194448589 54
1694437225726 181.51074922105292 55
1694437225752 181.4739872080289 56
1694437225783 181.4372334038647 57
1694437225808 181.40048780663838 58
1694437225837 181.36375041442867 59
1694437225861 181.32702122531467 60
1694437225919 181.2903002373759 61
1694437225949 181.2535874486925 62
1694437225975 181.21688285734496 63
1694437226015 181.1801864614142 64
1694437226048 181.14349825898168 65
1694437226119 181.10681824812937 66
1694437226157 181.07014642693957 67
1694437226181 181.0334827934951 68
1694437226207 180.99682734587932 69
1694437226232 180.96018008217598 70
1694437226257 180.9235410004693 71
1694437226281 180.88691009884394 72
1694437226306 180.85028737538514 73
1694437226334 180.81367282817837 74
1694437226362 180.77706645530986 75
1694437226397 180.74046825486604 76
1694437226424 180.70387822493404 77
1694437226450 180.66729636360122 78
1694437226477 180.63072266895563 79
1694437226503 180.5941571390856 80
1694437226529 180.55759977207993 81
1694437226555 180.5210505660281 82
1694437226580 180.4845095190197 83
1694437226606 180.44797662914516 84
1694437226631 180.4114518944951 85
1694437226656 180.37493531316073 86
1694437226681 180.3384268832337 87
1694437226705 180.301926602806 88
1694437226730 180.2654344699703 89
1694437226755 180.2289504828196 90
1694437226782 180.1924746394474 91
1694437226813 180.1560069379476 92
1694437226840 180.11954737641463 93
1694437226865 180.08309595294338 94
1694437226895 180.04665266562918 95
1694437226922 180.0102175125678 96
1694437226949 179.97379049185542 97
1694437226974 179.9373716015889 98
1694437227000 179.90096083986538 99
1694437227035 179.86455820478238 100
1694437227062 179.8281636944381 101
1694437227087 179.79177730693112 102
1694437227119 179.75539904036037 103
1694437227146 179.7190288928254 104
1694437227172 179.6826668624261 105
1694437227199 179.64631294726286 106
1694437227232 179.6099671454365 107
1694437227260 179.5736294550485 108
1694437227286 179.5372998742005 109
1694437227311 179.5009784009948 110
1694437227343 179.464665033534 111
1694437227371 179.42835976992137 112
1694437227401 179.39206260826046 113
1694437227431 179.35577354665534 114
1694437227458 179.3194925832106 115
1694437227485 179.28321971603117 116
1694437227513 179.24695494322253 117
1694437227538 179.2106982628906 118
1694437227565 179.17444967314165 119
1694437227592 179.1382091720827 120
1694437227621 179.10197675782084 121
1694437227649 179.06575242846392 122
1694437227677 179.02953618212015 123
1694437227704 178.9933280168981 124
1694437227730 178.95712793090692 125
1694437227759 178.92093592225626 126
1694437227785 178.88475198905604 127
1694437227810 178.84857612941687 128
1694437227840 178.81240834144958 129
1694437227865 178.77624862326567 130
1694437227895 178.74009697297691 131
1694437227922 178.70395338869568 132
1694437227952 178.66781786853477 133
1694437227977 178.63169041060735 134
1694437228002 178.59557101302713 135
1694437228032 178.5594596739083 136
1694437228057 178.52335639136538 137
1694437228082 178.48726116351352 138
1694437228106 178.45117398846818 139
1694437228132 178.41509486434535 140
1694437228157 178.37902378926142 141
1694437228182 178.34296076133336 142
1694437228206 178.3069057786784 143
1694437228235 178.2708588394144 144
1694437228266 178.2348199416596 145
1694437228291 178.19878908353272 146
1694437228321 178.16276626315286 147
1694437228353 178.12675147863968 148
1694437228382 178.09074472811326 149
1694437228411 178.05474600969413 150
1694437228439 178.01875532150325 151
1694437228467 177.98277266166207 152
1694437228495 177.94679802829248 153
1694437228522 177.9108314195168 154
1694437228553 177.87487283345783 155
1694437228583 177.83892226823886 156
1694437228610 177.8029797219836 157
1694437228637 177.76704519281614 158
1694437228663 177.7311186788612 159
1694437228691 177.6952001782438 160
1694437228716 177.65928968908943 161
1694437228742 177.62338720952414 162
1694437228776 177.58749273767427 163
1694437228801 177.5516062716668 164
1694437228826 177.51572780962903 165
1694437228861 177.4798573496887 166
1694437228889 177.4439948899741 167
1694437228920 177.40814042861396 168
1694437228947 177.3722939637374 169
1694437228981 177.336455493474 170
1694437229008 177.30062501595387 171
1694437229037 177.26480252930747 172
1694437229070 177.22898803166575 173
1694437229098 177.19318152116017 174
1694437229128 177.15738299592252 175
1694437229157 177.12159245408523 176
1694437229181 177.08580989378098 177
1694437229207 177.05003531314307 178
1694437229233 177.01426871030506 179
1694437229261 176.97851008340115 180
1694437229286 176.94275943056596 181
1694437229311 176.90701674993434 182
1694437229338 176.871282039642 183
1694437229365 176.8355552978247 184
1694437229397 176.7998365226189 185
1694437229423 176.76412571216144 186
1694437229449 176.72842286458953 187
1694437229475 176.69272797804095 188
1694437229501 176.65704105065387 189
1694437229526 176.621362080567 190
1694437229551 176.5856910659193 191
1694437229577 176.55002800485036 192
1694437229603 176.5143728955002 193
1694437229628 176.4787257360092 194
1694437229656 176.4430865245183 195
1694437229685 176.4074552591688 196
1694437229779 176.37183193810245 197
1694437229834 176.33621655946158 198
1694437229867 176.3006091213888 199
1694437229897 176.26500962202726 200
1694437229922 176.22941805952055 201
1694437229947 176.19383443201266 202
1694437229976 176.15825873764817 203
1694437230003 176.12269097457195 204
1694437230039 176.08713114092933 205
1694437230073 176.0515792348662 206
1694437230108 176.01603525452882 207
1694437230146 175.98049919806394 208
1694437230196 175.94497106361868 209
1694437230255 175.9094508493407 210
1694437230293 175.87393855337803 211
1694437230324 175.83843417387925 212
1694437230352 175.80293770899326 213
1694437230381 175.76744915686953 214
1694437230411 175.73196851565788 215
1694437230436 175.69649578350862 216
1694437230461 175.66103095857258 217
1694437230501 175.6255740390008 218
1694437230530 175.59012502294513 219
1694437230556 175.5546839085575 220
1694437230582 175.51925069399056 221
1694437230617 175.4838253773973 222
1694437230693 175.44840795693108 223
1694437230725 175.41299843074583 224
1694437230754 175.37759679699585 225
1694437230780 175.342203053836 226
1694437230814 175.30681719942146 227
1694437230854 175.2714392319078 228
1694437230882 175.23606914945137 229
1694437230924 175.20070695020848 230
1694437230950 175.16535263233632 231
1694437230974 175.13000619399227 232
1694437231029 175.09466763333418 233
1694437231059 175.05933694852055 234
1694437231094 175.02401413771003 235
1694437231126 174.98869919906187 236
1694437231159 174.95339213073584 237
1694437231188 174.918092930892 238
1694437231216 174.88280159769096 239
1694437231242 174.84751812929366 240
1694437231271 174.81224252386164 241
1694437231304 174.77697477955675 242
1694437231329 174.74171489454142 243
1694437231355 174.70646286697837 244
1694437231380 174.6712186950309 245
1694437231407 174.6359823768626 246
1694437231432 174.6007539106377 247
1694437231458 174.56553329452075 248
1694437231485 174.53032052667675 249
1694437231515 174.49511560527117 250
1694437231539 174.45991852846987 251
1694437231565 174.42472929443926 252
1694437231597 174.3895479013461 253
1694437231623 174.35437434735763 254
1694437231648 174.31920863064153 255
1694437231674 174.28405074936592 256
1694437231704 174.24890070169937 257
1694437231729 174.21375848581087 258
1694437231782 174.1786240998699 259
1694437231829 174.14349754204628 260
1694437231890 174.10837881051046 261
1694437231933 174.07326790343313 262
1694437231989 174.03816481898554 263
1694437232041 174.00306955533932 264
1694437232094 173.96798211066664 265
1694437232177 173.93290248313997 266
1694437232231 173.89783067093236 267
1694437232265 173.86276667221725 268
1694437232294 173.8277104851684 269
1694437232346 173.7926621079603 270
1694437232379 173.75762153876755 271
1694437232410 173.72258877576542 272
1694437232437 173.68756381712956 273
1694437232462 173.65254666103598 274
1694437232487 173.61753730566127 275
1694437232511 173.5825357491824 276
1694437232537 173.54754198977668 277
1694437232561 173.51255602562196 278
1694437232589 173.47757785489665 279
1694437232613 173.4426074757794 280
1694437232640 173.40764488644933 281
1694437232674 173.3726900850861 282
1694437232723 173.3377430698698 283
1694437232753 173.30280383898076 284
1694437232782 173.26787239060002 285
1694437232807 173.23294872290896 286
1694437232838 173.1980328340893 287
1694437232863 173.16312472232335 288
1694437232888 173.12822438579383 289
1694437232920 173.09333182268372 290
1694437232947 173.05844703117674 291
1694437232972 173.02357000945682 292
1694437232999 172.98870075570838 293
1694437233035 172.9538392681163 294
1694437233069 172.91898554486593 295
1694437233112 172.884139584143 296
1694437233146 172.84930138413378 297
1694437233175 172.81447094302482 298
1694437233202 172.7796482590032 299
1694437233228 172.74483333025648 300
1694437233259 172.71002615497258 301
1694437233287 172.67522673133988 302
1694437233318 172.64043505754722 303
1694437233356 172.60565113178384 304
1694437233388 172.57087495223945 305
1694437233422 172.5361065171042 306
1694437233458 172.5013458245687 307
1694437233487 172.46659287282392 308
1694437233515 172.4318476600613 309
1694437233540 172.39711018447272 310
1694437233565 172.36238044425056 311
1694437233589 172.32765843758756 312
1694437233614 172.29294416267695 313
1694437233643 172.25823761771227 314
1694437233668 172.22353880088764 315
1694437233693 172.1888477103976 316
1694437233718 172.1541643444371 317
1694437233750 172.1194887012015 318
1694437233774 172.0848207788866 319
1694437233799 172.0501605756887 320
1694437233823 172.01550808980443 321
1694437233855 171.980863319431 322
1694437233880 171.9462262627659 323
1694437233906 171.91159691800712 324
1694437233937 171.87697528335315 325
1694437233963 171.84236135700286 326
1694437233988 171.80775513715548 327
1694437234021 171.77315662201084 328
1694437234058 171.73856580976909 329
1694437234087 171.70398269863077 330
1694437234119 171.669407286797 331
1694437234155 171.63483957246928 332
1694437234189 171.60027955384948 333
1694437234217 171.5657272291399 334
1694437234246 171.53118259654343 335
1694437234276 171.4966456542632 336
1694437234300 171.46211640050294 337
1694437234327 171.42759483346663 338
1694437234358 171.3930809513589 339
1694437234388 171.35857475238467 340
1694437234420 171.32407623474936 341
1694437234448 171.2895853966587 342
1694437234474 171.25510223631898 343
1694437234499 171.22062675193692 344
1694437234524 171.1861589417197 345
1694437234549 171.15169880387472 346
1694437234576 171.11724633661015 347
1694437234601 171.08280153813428 348
1694437234626 171.04836440665596 349
1694437234655 171.01393494038456 350
1694437234680 170.97951313752978 351
1694437234705 170.94509899630177 352
1694437234730 170.9106925149111 353
1694437234755 170.87629369156875 354
1694437234782 170.8419025244863 355
1694437234806 170.8075190118755 356
1694437234833 170.77314315194877 357
1694437234858 170.73877494291875 358
1694437234884 170.7044143829987 359
1694437234910 170.67006147040226 360
1694437234941 170.63571620334338 361
1694437234968 170.60137858003657 362
1694437234992 170.56704859869677 363
1694437235022 170.53272625753928 364
1694437235052 170.49841155477984 365
1694437235079 170.4641044886348 366
1694437235107 170.42980505732058 367
1694437235132 170.39551325905438 368
1694437235160 170.3612290920537 369
1694437235187 170.32695255453638 370
1694437235213 170.29268364472082 371
1694437235242 170.25842236082588 372
1694437235270 170.2241687010706 373
1694437235296 170.1899226636748 374
1694437235322 170.15568424685844 375
1694437235351 170.12145344884212 376
1694437235381 170.08723026784668 377
1694437235412 170.05301470209352 378
1694437235444 170.0188067498045 379
1694437235469 169.98460640920177 380
1694437235494 169.95041367850803 381
1694437235518 169.91622855594633 382
1694437235550 169.8820510397402 383
1694437235575 169.8478811281136 384
1694437235600 169.81371881929087 385
1694437235624 169.77956411149682 386
1694437235655 169.74541700295669 387
1694437235679 169.71127749189614 388
1694437235704 169.67714557654125 389
1694437235728 169.64302125511855 390
1694437235754 169.608904525855 391
1694437235780 169.57479538697794 392
1694437235808 169.54069383671515 393
1694437235836 169.50659987329493 394
1694437235866 169.4725134949459 395
1694437235892 169.43843469989713 396
1694437235922 169.40436348637814 397
1694437235955 169.37029985261893 398
1694437235981 169.3362437968498 399
1694437236009 169.30219531730157 400
1694437236048 169.26815441220543 401
1694437236075 169.2341210797931 402
1694437236102 169.20009531829663 403
1694437236127 169.1660771259485 404
1694437236157 169.1320665009817 405
1694437236182 169.09806344162953 406
1694437236206 169.06406794612582 407
1694437236236 169.03008001270473 408
1694437236272 168.99609963960097 409
1694437236299 168.96212682504952 410
1694437236325 168.928161567286 411
1694437236354 168.8942038645462 412
1694437236383 168.8602537150665 413
1694437236410 168.82631111708375 414
1694437236436 168.79237606883507 415
1694437236465 168.75844856855812 416
1694437236489 168.72452861449088 417
1694437236514 168.69061620487193 418
1694437236538 168.65671133794004 419
1694437236564 168.6228140119347 420
1694437236588 168.58892422509552 421
1694437236613 168.5550419756627 422
1694437236640 168.5211672618769 423
1694437236666 168.48730008197913 424
1694437236691 168.45344043421082 425
1694437236715 168.41958831681384 426
1694437236740 168.38574372803055 427
1694437236769 168.3519066661036 428
1694437236796 168.3180771292761 429
1694437236821 168.28425511579178 430
1694437236850 168.25044062389452 431
1694437236876 168.21663365182877 432
1694437236902 168.1828341978394 433
1694437236930 168.1490422601716 434
1694437236956 168.1152578370712 435
1694437236982 168.0814809267842 436
1694437237006 168.04771152755717 437
1694437237031 168.01394963763713 438
1694437237057 167.9801952552714 439
1694437237082 167.94644837870783 440
1694437237106 167.9127090061946 441
1694437237131 167.8789771359805 442
1694437237156 167.84525276631447 443
1694437237180 167.81153589544607 444
1694437237205 167.7778265216252 445
1694437237231 167.7441246431023 446
1694437237259 167.71043025812804 447
1694437237285 167.6767433649536 448
1694437237310 167.64306396183073 449
1694437237336 167.6093920470113 450
1694437237363 167.57572761874795 451
1694437237389 167.54207067529344 452
1694437237423 167.50842121490106 453
1694437237451 167.47477923582466 454
1694437237476 167.44114473631825 455
1694437237502 167.40751771463647 456
1694437237527 167.37389816903436 457
1694437237552 167.3402860977672 458
1694437237577 167.30668149909096 459
1694437237601 167.27308437126183 460
1694437237628 167.2394947125365 461
1694437237654 167.20591252117202 462
1694437237680 167.17233779542602 463
1694437237705 167.1387705335563 464
1694437237730 167.10521073382137 465
1694437237755 167.07165839447993 466
1694437237781 167.03811351379113 467
1694437237805 167.0045760900147 468
1694437237832 166.9710461214106 469
1694437237860 166.93752360623932 470
1694437237888 166.9040085427618 471
1694437237915 166.87050092923923 472
1694437237943 166.83700076393342 473
1694437237969 166.80350804510644 474
1694437237994 166.77002277102093 475
1694437238019 166.73654493993982 476
1694437238044 166.70307455012653 477
1694437238072 166.66961159984484 478
1694437238097 166.63615608735913 479
1694437238123 166.60270801093387 480
1694437238149 166.56926736883423 481
1694437238175 166.5358341593257 482
1694437238201 166.50240838067418 483
1694437238227 166.46899003114603 484
1694437238258 166.435579109008 485
1694437238288 166.4021756125272 486
1694437238314 166.3687795399713 487
1694437238341 166.33539088960825 488
1694437238372 166.30200965970656 489
1694437238405 166.26863584853498 490
1694437238435 166.23526945436282 491
1694437238463 166.20191047545967 492
1694437238491 166.1685589100958 493
1694437238517 166.1352147565416 494
1694437238544 166.10187801306802 495
1694437238569 166.06854867794638 496
1694437238594 166.03522674944855 497
1694437238618 166.0019122258466 498
1694437238643 165.96860510541322 499
