1694444624619 175.17754235372627 0
1694444624660 175.14251846238128 1
1694444624708 175.10750157908413 2
1694444624748 175.07249170243202 3
1694444624782 175.03748883102259 4
1694444624817 175.00249296345362 5
1694444624883 174.9675040983233 6
1694444624923 174.93252223422996 7
1694444624966 174.8975473697723 8
1694444625005 174.86257950354926 9
1694444625036 174.8276186341601 10
1694444625067 174.7926647602044 11
1694444625101 174.7577178802818 12
1694444625136 174.7227779929925 13
1694444625171 174.68784509693685 14
1694444625205 174.65291919071547 15
1694444625238 174.61800027292932 16
1694444625272 174.58308834217954 17
1694444625303 174.54818339706765 18
1694444625337 174.5132854361954 19
1694444625372 174.47839445816481 20
1694444625406 174.44351046157826 21
1694444625442 174.40863344503833 22
1694444625485 174.37376340714786 23
1694444625523 174.33890034651003 24
1694444625566 174.30404426172836 25
1694444625603 174.26919515140648 26
1694444625640 174.23435301414835 27
1694444625675 174.19951784855837 28
1694444625708 174.16468965324106 29
1694444625743 174.1298684268012 30
1694444625782 174.095054167844 31
1694444625838 174.06024687497478 32
1694444625877 174.0254465467993 33
1694444625911 173.9906531819234 34
1694444625945 173.9558667789534 35
1694444625977 173.92108733649576 36
1694444626011 173.8863148531574 37
1694444626055 173.8515493275452 38
1694444626087 173.81679075826668 39
1694444626137 173.78203914392935 40
1694444626193 173.74729448314125 41
1694444626239 173.71255677451043 42
1694444626290 173.67782601664544 43
1694444626340 173.643102208155 44
1694444626375 173.60838534764812 45
1694444626412 173.57367543373414 46
1694444626444 173.53897246502262 47
1694444626478 173.50427644012345 48
1694444626509 173.46958735764667 49
1694444626551 173.43490521620285 50
1694444626590 173.40023001440258 51
1694444626627 173.36556175085687 52
1694444626674 173.3309004241769 53
1694444626708 173.2962460329743 54
1694444626745 173.26159857586083 55
1694444626790 173.22695805144858 56
1694444626827 173.1923244583499 57
1694444626877 173.15769779517746 58
1694444626912 173.12307806054415 59
1694444626949 173.0884652530632 60
1694444626982 173.05385937134807 61
1694444627023 173.0192604140125 62
1694444627057 172.98466837967052 63
1694444627094 172.95008326693647 64
1694444627129 172.9155050744249 65
1694444627175 172.8809338007507 66
1694444627211 172.84636944452905 67
1694444627243 172.81181200437518 68
1694444627283 172.777261478905 69
1694444627320 172.74271786673438 70
1694444627357 172.7081811664796 71
1694444627393 172.67365137675716 72
1694444627422 172.6391284961839 73
1694444627453 172.60461252337686 74
1694444627489 172.57010345695346 75
1694444627535 172.53560129553122 76
1694444627573 172.50110603772822 77
1694444627606 172.46661768216245 78
1694444627657 172.43213622745256 79
1694444627699 172.39766167221717 80
1694444627739 172.36319401507527 81
1694444627772 172.3287332546463 82
1694444627804 172.29427938954973 83
1694444627839 172.25983241840538 84
1694444627875 172.2253923398335 85
1694444627908 172.19095915245435 86
1694444627951 172.15653285488872 87
1694444627994 172.12211344575744 88
1694444628029 172.0877009236819 89
1694444628075 172.05329528728345 90
1694444628108 172.01889653518393 91
1694444628155 171.98450466600542 92
1694444628199 171.95011967837024 93
1694444628240 171.915741570901 94
1694444628288 171.88137034222055 95
1694444628323 171.84700599095208 96
1694444628357 171.81264851571908 97
1694444628394 171.77829791514515 98
1694444628427 171.7439541878544 99
1694444628460 171.70961733247097 100
1694444628493 171.67528734761947 101
1694444628526 171.64096423192473 102
1694444628571 171.60664798401177 103
1694444628605 171.57233860250602 104
1694444628655 171.53803608603312 105
1694444628701 171.50374043321892 106
1694444628741 171.46945164268965 107
1694444628794 171.43516971307184 108
1694444628843 171.4008946429921 109
1694444628879 171.36662643107758 110
1694444628927 171.3323650759555 111
1694444628969 171.2981105762534 112
1694444629005 171.26386293059915 113
1694444629041 171.22962213762088 114
1694444629077 171.19538819594698 115
1694444629118 171.16116110420612 116
1694444629177 171.12694086102718 117
1694444629222 171.09272746503947 118
1694444629266 171.0585209148724 119
1694444629311 171.02432120915577 120
1694444629355 170.99012834651955 121
1694444629404 170.95594232559415 122
1694444629450 170.92176314501017 123
1694444629491 170.88759080339835 124
1694444629538 170.8534252993899 125
1694444629579 170.81926663161622 126
1694444629620 170.785114798709 127
1694444629660 170.75096979930024 128
1694444629704 170.71683163202206 129
1694444629751 170.68270029550706 130
1694444629792 170.64857578838794 131
1694444629839 170.6144581092978 132
1694444629900 170.58034725687003 133
1694444629944 170.5462432297381 134
1694444629995 170.512146026536 135
1694444630048 170.47805564589774 136
1694444630095 170.44397208645788 137
1694444630139 170.40989534685102 138
1694444630175 170.37582542571224 139
1694444630222 170.34176232167667 140
1694444630277 170.30770603337984 141
1694444630343 170.2736565594576 142
1694444630398 170.23961389854594 143
1694444630443 170.20557804928123 144
1694444630491 170.17154901030005 145
1694444630540 170.13752678023934 146
1694444630577 170.10351135773618 147
1694444630616 170.0695027414281 148
1694444630654 170.03550092995263 149
1694444630691 170.0015059219479 150
1694444630726 169.96751771605207 151
1694444630764 169.93353631090372 152
1694444630807 169.89956170514156 153
1694444630837 169.86559389740472 154
1694444630874 169.83163288633253 155
1694444630909 169.79767867056452 156
1694444630945 169.7637312487407 157
1694444630979 169.7297906195011 158
1694444631016 169.69585678148619 159
1694444631060 169.6619297333367 160
1694444631108 169.62800947369354 161
1694444631172 169.594096001198 162
1694444631206 169.5601893144916 163
1694444631237 169.52628941221607 164
1694444631272 169.4923962930135 165
1694444631305 169.45850995552618 166
1694444631335 169.42463039839683 167
1694444631368 169.3907576202682 168
1694444631400 169.35689161978348 169
1694444631432 169.32303239558607 170
1694444631467 169.2891799463197 171
1694444631499 169.25533427062828 172
1694444631532 169.2214953671561 173
1694444631566 169.18766323454759 174
1694444631599 169.15383787144762 175
1694444631629 169.12001927650115 176
1694444631666 169.08620744835346 177
1694444631700 169.05240238565028 178
1694444631728 169.0186040870374 179
1694444631758 168.9848125511609 180
1694444631790 168.95102777666722 181
1694444631820 168.9172497622031 182
1694444631851 168.88347850641537 183
1694444631899 168.84971400795132 184
1694444631939 168.81595626545842 185
1694444632000 168.78220527758444 186
1694444632057 168.74846104297737 187
1694444632106 168.7147235602855 188
1694444632159 168.6809928281575 189
1694444632209 168.64726884524208 190
1694444632261 168.61355161018847 191
1694444632308 168.57984112164593 192
1694444632345 168.54613737826418 193
1694444632404 168.51244037869319 194
1694444632442 168.47875012158306 195
1694444632492 168.44506660558426 196
1694444632540 168.4113898293476 197
1694444632588 168.37771979152404 198
1694444632629 168.3440564907648 199
1694444632674 168.31039992572153 200
1694444632716 168.27675009504597 201
1694444632752 168.24310699739019 202
1694444632792 168.2094706314066 203
1694444632833 168.1758409957478 204
1694444632872 168.14221808906666 205
1694444632909 168.10860191001635 206
1694444632944 168.07499245725037 207
1694444632981 168.0413897294223 208
1694444633011 168.00779372518625 209
1694444633045 167.97420444319636 210
1694444633075 167.94062188210717 211
1694444633108 167.90704604057345 212
1694444633166 167.8734769172503 213
1694444633210 167.83991451079297 214
1694444633277 167.80635881985708 215
1694444633317 167.7728098430985 216
1694444633377 167.73926757917334 217
1694444633415 167.705732026738 218
1694444633471 167.67220318444916 219
1694444633507 167.6386810509637 220
1694444633546 167.60516562493893 221
1694444633580 167.57165690503217 222
1694444633618 167.53815488990134 223
1694444633661 167.5046595782043 224
1694444633708 167.47117096859944 225
1694444633744 167.43768905974517 226
1694444633784 167.40421385030044 227
1694444633822 167.37074533892428 228
1694444633879 167.33728352427602 229
1694444633911 167.3038284050153 230
1694444633941 167.27037997980204 231
1694444633978 167.23693824729637 232
1694444634017 167.20350320615873 233
1694444634055 167.1700748550498 234
1694444634101 167.13665319263058 235
1694444634144 167.1032382175622 236
1694444634182 167.06982992850627 237
1694444634217 167.03642832412453 238
1694444634261 167.00303340307897 239
1694444634309 166.969645164032 240
1694444634358 166.93626360564602 241
1694444634403 166.902888726584 242
1694444634438 166.86952052550902 243
1694444634476 166.83615900108447 244
1694444634510 166.8028041519739 245
1694444634543 166.76945597684139 246
1694444634574 166.73611447435093 247
1694444634605 166.70277964316708 248
1694444634640 166.66945148195452 249
1694444634688 166.63612998937828 250
1694444634738 166.60281516410353 251
1694444634774 166.5695070047958 252
1694444634805 166.53620551012088 253
1694444634838 166.50291067874485 254
1694444634874 166.469622509334 255
1694444634911 166.43634100055493 256
1694444634945 166.4030661510744 257
1694444634979 166.36979795955972 258
1694444635012 166.33653642467806 259
1694444635045 166.30328154509718 260
1694444635083 166.27003331948504 261
1694444635117 166.23679174650977 262
1694444635158 166.20355682483975 263
1694444635196 166.1703285531438 264
1694444635235 166.1371069300909 265
1694444635277 166.10389195435027 266
1694444635309 166.07068362459142 267
1694444635341 166.03748193948414 268
1694444635382 166.0042868976985 269
1694444635414 165.97109849790482 270
1694444635445 165.93791673877362 271
1694444635478 165.90474161897586 272
1694444635516 165.87157313718254 273
1694444635545 165.8384112920651 274
1694444635577 165.80525608229522 275
1694444635610 165.77210750654473 276
1694444635642 165.73896556348586 277
1694444635684 165.70583025179107 278
1694444635719 165.67270157013303 279
1694444635754 165.63957951718476 280
1694444635787 165.60646409161947 281
1694444635817 165.57335529211065 282
1694444635856 165.54025311733218 283
1694444635891 165.50715756595795 284
1694444635923 165.47406863666237 285
1694444635956 165.44098632812 286
1694444635989 165.40791063900562 287
1694444636022 165.37484156799437 288
1694444636055 165.34177911376165 289
1694444636088 165.30872327498304 290
1694444636120 165.27567405033443 291
1694444636161 165.24263143849205 292
1694444636201 165.2095954381323 293
1694444636238 165.17656604793183 294
1694444636278 165.1435432665676 295
1694444636318 165.1105270927169 296
1694444636357 165.07751752505717 297
1694444636396 165.04451456226616 298
1694444636435 165.01151820302192 299
1694444636472 164.97852844600268 300
1694444636511 164.94554528988704 301
1694444636557 164.9125687333538 302
1694444636593 164.87959877508197 303
1694444636626 164.846635413751 304
1694444636666 164.81367864804042 305
1694444636703 164.78072847663012 306
1694444636737 164.74778489820022 307
1694444636773 164.71484791143118 308
1694444636807 164.68191751500356 309
1694444636845 164.64899370759838 310
1694444636888 164.61607648789675 311
1694444636923 164.58316585458022 312
1694444636957 164.55026180633044 313
1694444636991 164.5173643418294 314
1694444637023 164.48447345975933 315
1694444637058 164.4515891588028 316
1694444637095 164.41871143764254 317
1694444637137 164.3858402949616 318
1694444637175 164.3529757294433 319
1694444637211 164.32011773977115 320
1694444637243 164.2872663246291 321
1694444637289 164.25442148270105 322
1694444637317 164.22158321267153 323
1694444637357 164.18875151322507 324
1694444637396 164.1559263830466 325
1694444637427 164.12310782082125 326
1694444637459 164.09029582523445 327
1694444637493 164.0574903949718 328
1694444637532 164.0246915287193 329
1694444637569 163.99189922516314 330
1694444637603 163.9591134829898 331
1694444637640 163.92633430088597 332
1694444637690 163.89356167753866 333
1694444637721 163.86079561163515 334
1694444637761 163.8280361018629 335
1694444637801 163.7952831469097 336
1694444637832 163.7625367454636 337
1694444637872 163.72979689621292 338
1694444637908 163.69706359784618 339
1694444637945 163.66433684905223 340
1694444637988 163.6316166485202 341
1694444638021 163.59890299493944 342
1694444638052 163.56619588699954 343
1694444638088 163.53349532339033 344
1694444638122 163.500801302802 345
1694444638167 163.46811382392497 346
1694444638203 163.4354328854499 347
1694444638239 163.40275848606765 348
1694444638288 163.37009062446947 349
1694444638324 163.33742929934687 350
1694444638363 163.30477450939148 351
1694444638405 163.27212625329526 352
1694444638440 163.2394845297505 353
1694444638483 163.20684933744968 354
1694444638523 163.1742206750856 355
1694444638559 163.1415985413512 356
1694444638606 163.10898293493986 357
1694444638639 163.076373854545 358
1694444638671 163.04377129886058 359
1694444638706 163.01117526658058 360
1694444638744 162.97858575639935 361
1694444638783 162.9460027670115 362
1694444638819 162.91342629711184 363
1694444638857 162.88085634539553 364
1694444638896 162.8482929105579 365
1694444638935 162.81573599129462 366
1694444638971 162.78318558630164 367
1694444639010 162.75064169427503 368
1694444639041 162.71810431391123 369
1694444639072 162.685573443907 370
1694444639107 162.6530490829592 371
1694444639141 162.62053122976505 372
1694444639178 162.588019883022 373
1694444639211 162.55551504142792 374
1694444639243 162.5230167036806 375
1694444639279 162.4905248684784 376
1694444639311 162.45803953451974 377
1694444639344 162.42556070050347 378
1694444639379 162.3930883651286 379
1694444639412 162.36062252709445 380
1694444639444 162.32816318510055 381
1694444639478 162.29571033784666 382
1694444639516 162.2632639840329 383
1694444639550 162.23082412235956 384
1694444639590 162.19839075152734 385
1694444639623 162.165963870237 386
1694444639658 162.13354347718965 387
1694444639692 162.1011295710867 388
1694444639723 162.06872215062978 389
1694444639756 162.03632121452074 390
1694444639791 162.0039267614618 391
1694444639832 161.9715387901553 392
1694444639871 161.939157299304 393
1694444639916 161.90678228761072 394
1694444639950 161.87441375377875 395
1694444639987 161.84205169651148 396
1694444640028 161.80969611451272 397
1694444640072 161.77734700648634 398
1694444640116 161.74500437113656 399
1694444640156 161.71266820716792 400
1694444640203 161.6803385132852 401
1694444640242 161.64801528819336 402
1694444640284 161.61569853059763 403
1694444640325 161.5833882392036 404
1694444640371 161.5510844127171 405
1694444640409 161.51878704984406 406
1694444640441 161.4864961492909 407
1694444640472 161.45421170976405 408
1694444640506 161.42193372997045 409
1694444640536 161.38966220861718 410
1694444640573 161.3573971444115 411
1694444640618 161.32513853606105 412
1694444640678 161.2928863822737 413
1694444640728 161.26064068175754 414
1694444640769 161.228401433221 415
1694444640808 161.1961686353727 416
1694444640838 161.1639422869215 417
1694444640869 161.13172238657654 418
1694444640907 161.09950893304728 419
1694444640937 161.06730192504332 420
1694444640968 161.0351013612747 421
1694444641019 161.00290724045152 422
1694444641057 160.97071956128426 423
1694444641105 160.93853832248357 424
1694444641145 160.90636352276044 425
1694444641185 160.87419516082616 426
1694444641217 160.8420332353921 427
1694444641252 160.80987774517004 428
1694444641288 160.77772868887197 429
1694444641323 160.74558606521015 430
1694444641358 160.71344987289706 431
1694444641392 160.6813201106455 432
1694444641427 160.6491967771685 433
1694444641461 160.61707987117933 434
1694444641501 160.58496939139147 435
1694444641541 160.55286533651875 436
1694444641575 160.5207677052753 437
1694444641611 160.48867649637538 438
1694444641645 160.4565917085335 439
1694444641691 160.4245133404646 440
1694444641793 160.39244139088368 441
1694444641839 160.36037585850613 442
1694444641871 160.32831674204752 443
1694444641921 160.2962640402237 444
1694444641955 160.26421775175083 445
1694444642006 160.2321778753452 446
1694444642049 160.20014440972352 447
1694444642093 160.16811735360264 448
1694444642141 160.13609670569969 449
1694444642191 160.10408246473213 450
1694444642233 160.0720746294175 451
1694444642271 160.0400731984738 452
1694444642305 160.00807817061917 453
1694444642342 159.97608954457206 454
1694444642378 159.9441073190511 455
1694444642424 159.91213149277533 456
1694444642463 159.88016206446383 457
1694444642507 159.8481990328361 458
1694444642542 159.81624239661193 459
1694444642574 159.7842921545111 460
1694444642608 159.75234830525397 461
1694444642658 159.720410847561 462
1694444642701 159.6884797801529 463
1694444642742 159.65655510175068 464
1694444642774 159.62463681107553 465
1694444642810 159.592724906849 466
1694444642850 159.56081938779286 467
1694444642888 159.5289202526291 468
1694444642925 159.49702750008 469
1694444642957 159.46514112886808 470
1694444642992 159.4332611377161 471
1694444643027 159.40138752534716 472
1694444643061 159.36952029048453 473
1694444643094 159.3376594318517 474
1694444643129 159.30580494817252 475
1694444643167 159.27395683817105 476
1694444643207 159.24211510057162 477
1694444643242 159.21027973409872 478
1694444643276 159.17845073747733 479
1694444643307 159.14662810943236 480
1694444643339 159.11481184868927 481
1694444643374 159.0830019539736 482
1694444643408 159.05119842401118 483
1694444643443 159.0194012575282 484
1694444643477 158.9876104532509 485
1694444643510 158.955826009906 486
1694444643542 158.92404792622025 487
1694444643573 158.8922762009209 488
1694444643629 158.8605108327352 489
1694444643673 158.82875182039092 490
1694444643705 158.79699916261583 491
1694444643737 158.76525285813813 492
1694444643767 158.73351290568624 493
1694444643798 158.70177930398873 494
1694444643830 158.6700520517746 495
1694444643871 158.63833114777293 496
1694444643921 158.6066165907132 497
1694444643968 158.57490837932502 498
1694444644001 158.5432065123383 499
