1694444624627 0.00016325466603328564 0
1694444624671 0.00016370219085082294 1
1694444624719 0.000164149821997972 2
1694444624756 0.00016459755949693733 3
1694444624791 0.00016504540336981233 4
1694444624827 0.00016549335363913453 5
1694444624891 0.00016594141032577614 6
1694444624934 0.00016638957345260774 7
1694444624975 0.0001668378430418338 8
1694444625012 0.0001672862191153257 9
1694444625043 0.00016773470169451077 10
1694444625075 0.0001681832908023706 11
1694444625108 0.00016863198646099864 12
1694444625143 0.00016908078869148913 13
1694444625178 0.00016952969751715674 14
1694444625212 0.0001699787129594288 15
1694444625245 0.0001704278350402877 16
1694444625279 0.000170877063782493 17
1694444625311 0.0001713263992076941 18
1694444625344 0.00017177584133809543 19
1694444625382 0.00017222539019556837 20
1694444625412 0.00017267504580265047 21
1694444625455 0.00017312480818088005 22
1694444625492 0.00017357467735334975 23
1694444625534 0.0001740246533417089 24
1694444625574 0.00017447473616727383 25
1694444625611 0.0001749249258534702 26
1694444625650 0.00017537522242172532 27
1694444625684 0.0001758256258943547 28
1694444625717 0.0001762761362942289 29
1694444625756 0.00017672675364233115 30
1694444625790 0.00017717747796142103 31
1694444625852 0.00017762830927359197 32
1694444625886 0.00017807924760071536 33
1694444625921 0.00017853029296588385 34
1694444625954 0.00017898144539041372 35
1694444625986 0.0001794327048969535 36
1694444626022 0.00017988407150704155 37
1694444626064 0.00018033554524399253 38
1694444626103 0.0001807871261290117 39
1694444626157 0.00018123881418441457 40
1694444626205 0.00018169060943318271 41
1694444626246 0.0001821425118968545 42
1694444626302 0.00018259452159774536 43
1694444626348 0.00018304663855817083 44
1694444626386 0.00018349886280055738 45
1694444626420 0.00018395119434699847 46
1694444626453 0.00018440363321914344 47
1694444626486 0.00018485617944019594 48
1694444626523 0.00018530883303191636 49
1694444626558 0.00018576159401662018 50
1694444626600 0.00018621446241606776 51
1694444626636 0.0001866674382535738 52
1694444626682 0.00018712052155089864 53
1694444626717 0.00018757371233002473 54
1694444626758 0.0001880270106134896 55
1694444626800 0.00018848041642327562 56
1694444626841 0.00018893392978269752 57
1694444626886 0.00018938755071296054 58
1694444626922 0.0001898412792364912 59
1694444626957 0.0001902951153753829 60
1694444626989 0.00019074905915328344 61
1694444627032 0.00019120311059106498 62
1694444627066 0.00019165726971159813 63
1694444627103 0.0001921115365368653 64
1694444627139 0.00019256591108962606 65
1694444627187 0.00019302039339208488 66
1694444627219 0.00019347498346622416 67
1694444627252 0.00019392968133524757 68
1694444627289 0.0001943844870204714 69
1694444627329 0.00019483940054454418 70
1694444627367 0.0001952944219302255 71
1694444627400 0.00019574955119949777 72
1694444627430 0.00019620478837489852 73
1694444627460 0.00019666013347874323 74
1694444627498 0.0001971155865324592 75
1694444627541 0.00019757114756069338 76
1694444627583 0.00019802681658365184 77
1694444627623 0.00019848259362464926 78
1694444627673 0.00019893847870555703 79
1694444627707 0.00019939447184968984 80
1694444627745 0.000199850573078586 81
1694444627778 0.00020030678241478306 82
1694444627810 0.00020076309988104057 83
1694444627845 0.000201219525499563 84
1694444627884 0.0002016760592924438 85
1694444627918 0.00020213270128233152 86
1694444627960 0.0002025894514919857 87
1694444628002 0.0002030463099433888 88
1694444628045 0.0002035032766586342 89
1694444628083 0.0002039603516618138 90
1694444628116 0.00020441753497335569 91
1694444628163 0.00020487482661657452 92
1694444628208 0.00020533222661400785 93
1694444628251 0.00020578973498752706 94
1694444628295 0.0002062473517607799 95
1694444628331 0.0002067050769551937 96
1694444628366 0.00020716291059330594 97
1694444628402 0.00020762085269787622 98
1694444628435 0.000208078903291109 99
1694444628469 0.00020853706239576386 100
1694444628502 0.00020899533003415627 101
1694444628538 0.00020945370622893478 102
1694444628580 0.00020991219100241487 103
1694444628615 0.00021037078437713408 104
1694444628669 0.00021082948637540788 105
1694444628709 0.00021128829702043994 106
1694444628753 0.00021174721633399063 107
1694444628811 0.00021220624433837543 108
1694444628854 0.0002126653810572421 109
1694444628893 0.0002131246265120179 110
1694444628940 0.0002135839807255735 111
1694444628976 0.00021404344372066841 112
1694444629012 0.00021450301551961815 113
1694444629051 0.0002149626961448492 114
1694444629088 0.00021542248561934318 115
1694444629125 0.00021588238396486048 116
1694444629187 0.00021634239120504883 117
1694444629229 0.00021680250736144657 118
1694444629278 0.00021726273245725736 119
1694444629323 0.00021772306651424156 120
1694444629365 0.00021818350955626897 121
1694444629411 0.000218644061605211 122
1694444629460 0.00021910472268260595 123
1694444629503 0.0002195654928132118 124
1694444629546 0.00022002637201801178 125
1694444629591 0.0002204873603204316 126
1694444629626 0.00022094845774212057 127
1694444629672 0.0002214096643062824 128
1694444629712 0.00022187098003567662 129
1694444629759 0.00022233240495217466 130
1694444629802 0.00022279393907997935 131
1694444629855 0.00022325558244007393 132
1694444629909 0.00022371733505555103 133
1694444629955 0.00022417919694894817 134
1694444630007 0.00022464116814380208 135
1694444630059 0.00022510324866187315 136
1694444630105 0.00022556543852592092 137
1694444630146 0.00022602773775859397 138
1694444630192 0.0002264901463824298 139
1694444630236 0.00022695266442018802 140
1694444630297 0.0002274152918947392 141
1694444630354 0.00022787802882873187 142
1694444630406 0.00022834087524459257 143
1694444630454 0.00022880383116508085 144
1694444630505 0.00022926689661306732 145
1694444630549 0.00022973007161031234 146
1694444630584 0.00023019335618146286 147
1694444630623 0.00023065675034728006 148
1694444630667 0.00023112025413130066 149
1694444630700 0.00023158386755595117 150
1694444630735 0.0002320475906442132 151
1694444630773 0.00023251142341829123 152
1694444630814 0.00023297536590216605 153
1694444630844 0.0002334394181168209 154
1694444630883 0.00023390358008612555 155
1694444630919 0.00023436785183272857 156
1694444630954 0.00023483223337894543 157
1694444630987 0.00023529672474775776 158
1694444631024 0.00023576132596159205 159
1694444631071 0.00023622603704354095 160
1694444631122 0.00023669085801647505 161
1694444631180 0.00023715578890270983 162
1694444631213 0.0002376208297252269 163
1694444631244 0.0002380859805070079 164
1694444631280 0.00023855124127025729 165
1694444631311 0.00023901661203840074 166
1694444631343 0.0002394820928339758 167
1694444631374 0.00023994768367907593 168
1694444631407 0.00024041338459801498 169
1694444631440 0.00024087919561222026 170
1694444631475 0.00024134511674478443 171
1694444631508 0.00024181114801902215 172
1694444631540 0.0002422772894566938 173
1694444631574 0.00024274354108189122 174
1694444631607 0.0002432099029164858 175
1694444631638 0.00024367637498379224 176
1694444631673 0.0002441429573065701 177
1694444631706 0.0002446096499074679 178
1694444631735 0.0002450764528093563 179
1694444631765 0.00024554336603521687 180
1694444631797 0.00024601038960769817 181
1694444631827 0.00024647752354944874 182
1694444631860 0.0002469447678838943 183
1694444631908 0.00024741212263346135 184
1694444631958 0.0002478795878214646 185
1694444632009 0.00024834716347010843 186
1694444632068 0.0002488148496027076 187
1694444632118 0.0002492826462415776 188
1694444632171 0.00024975055341047714 189
1694444632220 0.00025021857113183277 190
1694444632272 0.00025068669942840405 191
1694444632317 0.0002511549383231726 192
1694444632368 0.00025162328783934207 193
1694444632412 0.00025209174799911693 194
1694444632455 0.0002525603188259229 195
1694444632511 0.0002530290003428526 196
1694444632549 0.00025349779257244354 197
1694444632595 0.00025396669553756634 198
1694444632646 0.0002544357092616467 199
1694444632683 0.00025490483376666706 200
1694444632724 0.0002553740690764972 201
1694444632759 0.00025584341521345255 202
1694444632803 0.00025631287220073684 203
1694444632841 0.0002567824400614427 204
1694444632879 0.0002572521188185517 205
1694444632919 0.0002577219084946014 206
1694444632956 0.00025819180911268447 207
1694444632988 0.0002586618206957825 208
1694444633019 0.0002591319432670991 209
1694444633052 0.0002596021768493939 210
1694444633083 0.0002600725214656485 211
1694444633116 0.0002605429771391776 212
1694444633173 0.00026101354389196363 213
1694444633218 0.00026148422174843144 214
1694444633287 0.0002619550107306745 215
1694444633341 0.0002624259108615634 216
1694444633387 0.00026289692216452387 217
1694444633423 0.0002633680446626485 218
1694444633478 0.0002638392783784749 219
1694444633518 0.00026431062333542865 220
1694444633555 0.0002647820795562694 221
1694444633590 0.0002652536470639788 222
1694444633625 0.00026572532588220454 223
1694444633677 0.00026619711603337315 224
1694444633717 0.00026666901754046624 225
1694444633754 0.0002671410304269095 226
1694444633791 0.00026761315471557356 227
1694444633828 0.000268085390429218 228
1694444633888 0.0002685577375919346 229
1694444633918 0.00026903019622503965 230
1694444633952 0.0002695027663534022 231
1694444633987 0.00026997544799911566 232
1694444634025 0.00027044824118571675 233
1694444634073 0.00027092114593552097 234
1694444634109 0.00027139416227206503 235
1694444634152 0.00027186729021888567 236
1694444634190 0.00027234052979863144 237
1694444634225 0.0002728138810341729 238
1694444634275 0.00027328734394904686 239
1694444634321 0.0002737609185659018 240
1694444634371 0.00027423460490871854 241
1694444634411 0.0002747084029994795 242
1694444634445 0.0002751823128619435 243
1694444634486 0.00027565633451942517 244
1694444634519 0.0002761304679947951 245
1694444634551 0.00027660471331092396 246
1694444634581 0.00027707907049157043 247
1694444634612 0.0002775535395593831 248
1694444634647 0.00027802812053756565 249
1694444634696 0.00027850281344954375 250
1694444634746 0.00027897761831796597 251
1694444634781 0.000279452535166258 252
1694444634812 0.0002799275640179566 253
1694444634844 0.0002804027048961544 254
1694444634887 0.00028087795782338887 255
1694444634920 0.00028135332282330783 256
1694444634953 0.00028182879991933696 257
1694444634988 0.0002823043891340138 258
1694444635020 0.0002827800904912081 259
1694444635054 0.0002832559040137905 260
1694444635091 0.0002837318297245206 261
1694444635125 0.00028420786764726813 262
1694444635167 0.0002846840178054588 263
1694444635206 0.0002851602802215192 264
1694444635245 0.00028563665491909696 265
1694444635287 0.00028611314192106274 266
1694444635317 0.0002865897412516194 267
1694444635349 0.0002870664529330824 268
1694444635390 0.0002875432769888775 269
1694444635422 0.0002880202134422083 270
1694444635453 0.0002884972623169446 271
1694444635487 0.0002889744236352909 272
1694444635523 0.000289451697421339 273
1694444635554 0.00028992908369795956 274
1694444635585 0.00029040658248880025 275
1694444635619 0.00029088419381650965 276
1694444635652 0.0002913619177047355 277
1694444635693 0.00029183975417690355 278
1694444635726 0.0002923177032559954 279
1694444635761 0.00029279576496576976 280
1694444635793 0.0002932739393292083 281
1694444635825 0.00029375222636929266 282
1694444635863 0.0002942306261094485 283
1694444635900 0.0002947091385739897 284
1694444635930 0.00029518776378500977 285
1694444635966 0.0002956665017658233 286
1694444635998 0.00029614535254129937 287
1694444636028 0.00029662431613308726 288
1694444636063 0.00029710339256472373 289
1694444636095 0.0002975825818601896 290
1694444636128 0.0002980618840424665 291
1694444636173 0.00029854129913498006 292
1694444636210 0.00029902082716093403 293
1694444636245 0.0002995004681443092 294
1694444636291 0.0002999802221077541 295
1694444636325 0.0003004600890749165 296
1694444636370 0.000300940069068778 297
1694444636405 0.0003014201621134305 298
1694444636442 0.0003019003682314114 299
1694444636481 0.0003023806874473678 300
1694444636521 0.00030286111978339303 301
1694444636566 0.00030334166526346795 302
1694444636603 0.00030382232391090724 303
1694444636634 0.00030430309574924763 304
1694444636674 0.0003047839808016928 305
1694444636710 0.0003052649790916684 306
1694444636745 0.0003057460906428222 307
1694444636781 0.0003062273154779138 308
1694444636817 0.00030670865362147914 309
1694444636859 0.0003071901050959447 310
1694444636898 0.00030767166992529127 311
1694444636933 0.00030815334813272255 312
1694444636966 0.0003086351397415532 313
1694444636999 0.0003091170447758751 314
1694444637030 0.00030959906325844777 315
1694444637067 0.00031008119521280797 316
1694444637104 0.0003105634406633806 317
1694444637146 0.00031104579963203705 318
1694444637183 0.00031152827214342427 319
1694444637219 0.00031201085822085695 320
1694444637253 0.00031249355788698363 321
1694444637295 0.0003129763711666733 322
1694444637325 0.00031345929808213047 323
1694444637367 0.00031394233865766896 324
1694444637405 0.00031442549291649247 325
1694444637436 0.0003149087608820267 326
1694444637467 0.0003153921425775863 327
1694444637502 0.00031587563802781826 328
1694444637541 0.000316359247254816 329
1694444637577 0.00031684297028300445 330
1694444637610 0.00031732680713503214 331
1694444637656 0.00031781075783576807 332
1694444637696 0.00031829482240774976 333
1694444637730 0.0003187790008744029 334
1694444637770 0.0003192632932599304 335
1694444637808 0.0003197476995875359 336
1694444637839 0.0003202322198806451 337
1694444637882 0.0003207168541631278 338
1694444637917 0.0003212016024586317 339
1694444637955 0.0003216864647904716 340
1694444637996 0.00032217144118185104 341
1694444638027 0.000322656531657195 342
1694444638059 0.00032314173623948506 343
1694444638096 0.00032362705495248 344
1694444638128 0.0003241124878197166 345
1694444638176 0.00032459803486495353 346
1694444638210 0.0003250836961118386 347
1694444638245 0.0003255694715840196 348
1694444638295 0.0003260553613045891 349
1694444638333 0.0003265413652970839 350
1694444638372 0.0003270274835862619 351
1694444638412 0.0003275137161945496 352
1694444638452 0.000328000063146372 353
1694444638491 0.0003284865244651547 354
1694444638532 0.0003289731001739904 355
1694444638571 0.000329459790297304 356
1694444638616 0.00032994659485829914 357
1694444638646 0.0003304335138810677 358
1694444638678 0.0003309205473884802 359
1694444638716 0.00033140769540507264 360
1694444638753 0.0003318949579538266 361
1694444638791 0.00033238233505872294 362
1694444638828 0.0003328698267436314 363
1694444638872 0.0003333574330313116 364
1694444638910 0.00033384515394729863 365
1694444638942 0.00033433298951357493 366
1694444638978 0.00033482093975389926 367
1694444639019 0.0003353090046934737 368
1694444639048 0.0003357971843545027 369
1694444639079 0.0003362854787611891 370
1694444639117 0.0003367738879374027 371
1694444639150 0.00033726241190668027 372
1694444639187 0.00033775105069266953 373
1694444639219 0.0003382398043192403 374
1694444639252 0.0003387286728102623 375
1694444639287 0.0003392176561893834 376
1694444639319 0.00033970675448025123 377
1694444639352 0.0003401959677064026 378
1694444639387 0.00034068529589204033 379
1694444639421 0.0003411747390609232 380
1694444639453 0.0003416642972362549 381
1694444639488 0.00034215397044257134 382
1694444639525 0.00034264375870285413 383
1694444639558 0.0003431336620415282 384
1694444639597 0.00034362368048190817 385
1694444639631 0.0003441138140479749 386
1694444639668 0.0003446040627634872 387
1694444639700 0.0003450944266527589 388
1694444639731 0.0003455849057385496 389
1694444639764 0.00034607550004550625 390
1694444639800 0.0003465662095968325 391
1694444639841 0.00034705703441695324 392
1694444639879 0.00034754797452951625 393
1694444639923 0.00034803902995850233 394
1694444639956 0.0003485302007267821 395
1694444639994 0.00034902148685933554 396
1694444640038 0.0003495128883791443 397
1694444640083 0.0003500044053107443 398
1694444640125 0.00035049603767767223 399
1694444640167 0.00035098778550390897 400
1694444640211 0.0003514796488128802 401
1694444640253 0.0003519716276288998 402
1694444640292 0.0003524637219761706 403
1694444640334 0.0003529559318777853 404
1694444640382 0.0003534482573578357 405
1694444640418 0.0003539406984403026 406
1694444640449 0.00035443325514883384 407
1694444640479 0.00035492592750796526 408
1694444640514 0.00035541871554101157 409
1694444640542 0.0003559116192719536 410
1694444640580 0.00035640463872488315 411
1694444640627 0.000356897773923337 412
1694444640689 0.00035739102489229513 413
1694444640739 0.0003578843916544061 414
1694444640776 0.0003583778742338728 415
1694444640816 0.00035887147265500907 416
1694444640844 0.00035936518694135167 417
1694444640877 0.0003598590171174365 418
1694444640914 0.0003603529632068003 419
1694444640944 0.0003608470252333129 420
1694444640976 0.0003613412032209551 421
1694444641027 0.00036183549719370767 422
1694444641067 0.00036232990717499636 423
1694444641113 0.00036282443319057833 424
1694444641155 0.00036331907526265805 425
1694444641192 0.0003638138334155494 426
1694444641224 0.0003643087076736773 427
1694444641260 0.00036480369806057844 428
1694444641295 0.00036529880460067776 429
1694444641329 0.00036579402731773403 430
1694444641366 0.0003662893662358391 431
1694444641399 0.00036678482137864066 432
1694444641436 0.0003672803927705637 433
1694444641473 0.00036777608043503385 434
1694444641511 0.00036827188439747527 435
1694444641550 0.0003687678046806475 436
1694444641584 0.0003692638413086424 437
1694444641620 0.00036975999430566286 438
1694444641659 0.00037025626369624476 439
1694444641771 0.0003707526495037028 440
1694444641802 0.0003712491517522398 441
1694444641846 0.0003717457704665028 442
1694444641890 0.0003722425056695844 443
1694444641928 0.0003727393573865756 444
1694444641967 0.00037323632564034703 445
1694444642012 0.0003737334104564338 446
1694444642056 0.0003742306118578176 447
1694444642104 0.0003747279298688122 448
1694444642155 0.00037522536451362054 449
1694444642200 0.0003757229158161124 450
1694444642242 0.0003762205838010457 451
1694444642278 0.0003767183684915132 452
1694444642313 0.00037721626991216173 453
1694444642351 0.0003777142880877493 454
1694444642389 0.00037821242304114655 455
1694444642437 0.0003787106747972224 456
1694444642475 0.0003792090433797357 457
1694444642515 0.0003797075288131113 458
1694444642551 0.00038020613112121904 459
1694444642582 0.0003807048503290389 460
1694444642622 0.00038120368645933045 461
1694444642667 0.00038170263953707373 462
1694444642708 0.00038220170958613853 463
1694444642748 0.0003827008966306167 464
1694444642786 0.00038320020069559924 465
1694444642823 0.00038369962180440087 466
1694444642858 0.0003841991599810024 467
1694444642895 0.0003846988152501618 468
1694444642933 0.00038519858763563786 469
1694444642966 0.00038569847716174444 470
1694444643001 0.0003861984838526844 471
1694444643038 0.0003866986077326606 472
1694444643070 0.0003871988488256539 473
1694444643102 0.0003876992071566443 474
1694444643139 0.0003881996827491685 475
1694444643175 0.00038870027562731835 476
1694444643213 0.0003892009858156298 477
1694444643251 0.00038970181333863874 478
1694444643284 0.0003902027582192158 479
1694444643314 0.00039070382048378427 480
1694444643348 0.0003912050001544376 481
1694444643384 0.0003917062972567109 482
1694444643416 0.000392207711814585 483
1694444643452 0.00039270924385192973 484
1694444643486 0.00039321089339361404 485
1694444643518 0.0003937126604632857 486
1694444643550 0.00039421454508581366 487
1694444643582 0.00039471654728495675 488
1694444643638 0.0003952186670853619 489
1694444643680 0.0003957209045106769 490
1694444643712 0.00039622325958621474 491
1694444643743 0.0003967257323355122 492
1694444643775 0.0003972283227827722 493
1694444643806 0.00039773103095286366 494
1694444643839 0.0003982338568692123 495
1694444643879 0.0003987368005573533 496
1694444643939 0.00039923986204104533 497
1694444643976 0.00039974304134393623 498
1694444644010 0.00040024633849189417 499
