1694437123704 164.33415760829817 0
1694437123735 164.30138799636728 1
1694437123768 164.2686255891686 2
1694437123795 164.23587038505113 3
1694437123845 164.20312238236437 4
1694437123890 164.17038157945817 5
1694437123940 164.13764797468275 6
1694437123980 164.1049215663887 7
1694437124012 164.07220235292706 8
1694437124060 164.03949033264928 9
1694437124104 164.00678550390705 10
1694437124141 163.97408786505264 11
1694437124184 163.94139741443848 12
1694437124217 163.90871415041767 13
1694437124251 163.87603807134337 14
1694437124291 163.8433691755694 15
1694437124328 163.81070746144985 16
1694437124370 163.7780529273392 17
1694437124400 163.7454055715923 18
1694437124439 163.7127653925644 19
1694437124477 163.6801323886112 20
1694437124512 163.64750655808874 21
1694437124553 163.61488789935333 22
1694437124590 163.58227641076184 23
1694437124638 163.54967209067152 24
1694437124671 163.51707493743982 25
1694437124702 163.48448494942477 26
1694437124736 163.45190212498468 27
1694437124773 163.4193264624783 28
1694437124804 163.38675796026476 29
1694437124836 163.35419661670352 30
1694437124870 163.32164243015444 31
1694437124902 163.2890953989779 32
1694437124957 163.2565555215344 33
1694437124996 163.2240227961851 34
1694437125053 163.1914972212913 35
1694437125094 163.15897879521492 36
1694437125132 163.1264675163181 37
1694437125179 163.0939633829634 38
1694437125228 163.0614663935138 39
1694437125276 163.02897654633261 40
1694437125333 162.9964938397836 41
1694437125378 162.96401827223085 42
1694437125423 162.93154984203883 43
1694437125461 162.8990885475725 44
1694437125491 162.866634387197 45
1694437125522 162.83418735927805 46
1694437125555 162.80174746218162 47
1694437125584 162.7693146942742 48
1694437125616 162.73688905392254 49
1694437125654 162.7044705394938 50
1694437125684 162.67205914935553 51
1694437125720 162.63965488187569 52
1694437125755 162.60725773542262 53
1694437125787 162.57486770836502 54
1694437125817 162.54248479907193 55
1694437125854 162.5101090059129 56
1694437125885 162.47774032725772 57
1694437125917 162.44537876147663 58
1694437125946 162.41302430694032 59
1694437125976 162.3806769620197 60
1694437126005 162.3483367250862 61
1694437126035 162.31600359451153 62
1694437126062 162.2836775686679 63
1694437126093 162.2513586459278 64
1694437126125 162.21904682466416 65
1694437126161 162.1867421032503 66
1694437126202 162.15444448005985 67
1694437126234 162.12215395346684 68
1694437126271 162.08987052184577 69
1694437126304 162.05759418357138 70
1694437126338 162.02532493701892 71
1694437126375 161.99306278056395 72
1694437126405 161.9608077125824 73
1694437126437 161.92855973145075 74
1694437126473 161.89631883554551 75
1694437126506 161.86408502324392 76
1694437126539 161.83185829292344 77
1694437126573 161.79963864296192 78
1694437126609 161.7674260717376 79
1694437126643 161.73522057762912 80
1694437126681 161.70302215901543 81
1694437126715 161.67083081427597 82
1694437126757 161.6386465417905 83
1694437126789 161.6064693399391 84
1694437126825 161.57429920710243 85
1694437126858 161.54213614166125 86
1694437126892 161.5099801419969 87
1694437126924 161.4778312064911 88
1694437126957 161.44568933352576 89
1694437126990 161.41355452148338 90
1694437127026 161.38142676874676 91
1694437127059 161.34930607369907 92
1694437127087 161.31719243472392 93
1694437127115 161.28508585020518 94
1694437127154 161.25298631852715 95
1694437127183 161.22089383807455 96
1694437127210 161.1888084072325 97
1694437127242 161.15673002438643 98
1694437127275 161.12465868792214 99
1694437127316 161.09259439622588 100
1694437127361 161.0605371476842 101
1694437127400 161.02848694068405 102
1694437127432 160.99644377361287 103
1694437127462 160.96440764485828 104
1694437127495 160.93237855280847 105
1694437127526 160.90035649585184 106
1694437127568 160.8683414723773 107
1694437127603 160.83633348077404 108
1694437127632 160.8043325194317 109
1694437127659 160.77233858674026 110
1694437127690 160.74035168109012 111
1694437127720 160.708371800872 112
1694437127750 160.676398944477 113
1694437127790 160.6444331102967 114
1694437127837 160.61247429672287 115
1694437127888 160.58052250214774 116
1694437127922 160.54857772496413 117
1694437127956 160.51663996356487 118
1694437127992 160.48470921634345 119
1694437128035 160.45278548169355 120
1694437128066 160.42086875800936 121
1694437128102 160.38895904368536 122
1694437128134 160.35705633711646 123
1694437128171 160.32516063669792 124
1694437128205 160.2932719408254 125
1694437128235 160.26139024789492 126
1694437128278 160.22951555630283 127
1694437128316 160.19764786444597 128
1694437128348 160.16578717072142 129
1694437128403 160.13393347352675 130
1694437128436 160.10208677125982 131
1694437128471 160.07024706231894 132
1694437128505 160.03841434510275 133
1694437128539 160.00658861801026 134
1694437128576 159.9747698794409 135
1694437128623 159.94295812779447 136
1694437128658 159.911153361471 137
1694437128702 159.87935557887113 138
1694437128733 159.84756477839574 139
1694437128775 159.81578095844608 140
1694437128818 159.78400411742382 141
1694437128856 159.75223425373096 142
1694437128891 159.72047136576998 143
1694437128924 159.68871545194355 144
1694437128959 159.65696651065488 145
1694437128990 159.62522454030747 146
1694437129026 159.5934895393052 147
1694437129078 159.5617615060524 148
1694437129133 159.5300404389537 149
1694437129175 159.49832633641407 150
1694437129216 159.46661919683902 151
1694437129252 159.43491901863416 152
1694437129286 159.40322580020575 153
1694437129320 159.37153953996025 154
1694437129359 159.3398602363046 155
1694437129394 159.30818788764594 156
1694437129428 159.2765224923921 157
1694437129460 159.2448640489509 158
1694437129506 159.21321255573085 159
1694437129541 159.18156801114068 160
1694437129581 159.1499304135895 161
1694437129615 159.11829976148675 162
1694437129649 159.08667605324246 163
1694437129679 159.05505928726674 164
1694437129708 159.02344946197024 165
1694437129740 158.991846575764 166
1694437129773 158.96025062705934 167
1694437129806 158.92866161426798 168
1694437129839 158.8970795358021 169
1694437129873 158.8655043900741 170
1694437129909 158.83393617549694 171
1694437129948 158.80237489048375 172
1694437129987 158.7708205334482 173
1694437130024 158.7392731028042 174
1694437130061 158.70773259696608 175
1694437130117 158.6761990143486 176
1694437130177 158.64467235336687 177
1694437130224 158.6131526124363 178
1694437130258 158.58163978997274 179
1694437130305 158.55013388439235 180
1694437130341 158.51863489411178 181
1694437130378 158.4871428175479 182
1694437130416 158.45565765311804 183
1694437130450 158.42417939923988 184
1694437130488 158.39270805433154 185
1694437130516 158.36124361681132 186
1694437130542 158.32978608509814 187
1694437130572 158.2983354576111 188
1694437130620 158.26689173276978 189
1694437130657 158.23545490899406 190
1694437130705 158.20402498470423 191
1694437130733 158.1726019583209 192
1694437130767 158.14118582826512 193
1694437130817 158.10977659295833 194
1694437130849 158.0783742508222 195
1694437130879 158.04697880027896 196
1694437130913 158.01559023975102 197
1694437130945 157.98420856766128 198
1694437130987 157.95283378243298 199
1694437131022 157.92146588248974 200
1694437131052 157.8901048662555 201
1694437131089 157.85875073215468 202
1694437131119 157.82740347861196 203
1694437131151 157.79606310405237 204
1694437131187 157.76472960690145 205
1694437131219 157.73340298558497 206
1694437131254 157.70208323852918 207
1694437131288 157.67077036416055 208
1694437131327 157.6394643609061 209
1694437131360 157.60816522719313 210
1694437131392 157.5768729614492 211
1694437131425 157.5455875621025 212
1694437131457 157.51430902758128 213
1694437131490 157.48303735631444 214
1694437131523 157.4517725467311 215
1694437131560 157.4205145972607 216
1694437131604 157.38926350633315 217
1694437131634 157.35801927237875 218
1694437131666 157.3267818938281 219
1694437131711 157.29555136911213 220
1694437131743 157.26432769666218 221
1694437131776 157.23311087491004 222
1694437131827 157.20190090228778 223
1694437131857 157.17069777722784 224
1694437131895 157.13950149816299 225
1694437131928 157.1083120635265 226
1694437131961 157.07712947175185 227
1694437131992 157.04595372127304 228
1694437132023 157.01478481052433 229
1694437132057 156.98362273794035 230
1694437132096 156.95246750195608 231
1694437132132 156.92131910100704 232
1694437132160 156.89017753352888 233
1694437132203 156.8590427979578 234
1694437132237 156.8279148927302 235
1694437132274 156.796793816283 236
1694437132324 156.76567956705344 237
1694437132356 156.73457214347903 238
1694437132407 156.70347154399778 239
1694437132436 156.67237776704806 240
1694437132466 156.64129081106847 241
1694437132511 156.61021067449806 242
1694437132544 156.5791373557763 243
1694437132575 156.54807085334295 244
1694437132611 156.51701116563822 245
1694437132643 156.48595829110252 246
1694437132675 156.45491222817682 247
1694437132705 156.42387297530232 248
1694437132734 156.3928405309206 249
1694437132767 156.36181489347373 250
1694437132805 156.33079606140396 251
1694437132841 156.2997840331541 252
1694437132871 156.26877880716717 253
1694437132907 156.23778038188658 254
1694437132940 156.20678875575615 255
1694437132971 156.17580392722007 256
1694437133007 156.14482589472286 257
1694437133042 156.1138546567094 258
1694437133075 156.08289021162494 259
1694437133124 156.0519325579152 260
1694437133155 156.020981694026 261
1694437133193 155.99003761840387 262
1694437133223 155.9591003294954 263
1694437133255 155.92816982574777 264
1694437133290 155.89724610560836 265
1694437133329 155.86632916752498 266
1694437133367 155.8354190099458 267
1694437133407 155.80451563131942 268
1694437133444 155.7736190300947 269
1694437133488 155.7427292047209 270
1694437133534 155.7118461536476 271
1694437133562 155.6809698753249 272
1694437133603 155.65010036820308 273
1694437133655 155.61923763073284 274
1694437133707 155.58838166136533 275
1694437133743 155.55753245855198 276
1694437133778 155.52669002074452 277
1694437133823 155.4958543463952 278
1694437133861 155.46502543395653 279
1694437133895 155.43420328188137 280
1694437133933 155.40338788862303 281
1694437133967 155.37257925263512 282
1694437134008 155.34177737237158 283
1694437134049 155.31098224628678 284
1694437134083 155.28019387283547 285
1694437134122 155.24941225047266 286
1694437134152 155.2186373776538 287
1694437134183 155.18786925283467 288
1694437134212 155.15710787447145 289
1694437134245 155.12635324102064 290
1694437134276 155.09560535093914 291
1694437134306 155.06486420268413 292
1694437134340 155.03412979471327 293
1694437134374 155.0034021254845 294
1694437134408 154.9726811934562 295
1694437134441 154.94196699708695 296
1694437134471 154.9112595348359 297
1694437134506 154.8805588051623 298
1694437134538 154.84986480652614 299
1694437134569 154.8191775373874 300
1694437134605 154.78849699620656 301
1694437134640 154.7578231814446 302
1694437134673 154.72715609156262 303
1694437134712 154.6964957250222 304
1694437134750 154.66584208028533 305
1694437134778 154.63519515581424 306
1694437134818 154.60455495007162 307
1694437134856 154.57392146152048 308
1694437134886 154.5432946886242 309
1694437134925 154.5126746298465 310
1694437134977 154.4820612836515 311
1694437135037 154.45145464850359 312
1694437135091 154.42085472286766 313
1694437135139 154.39026150520883 314
1694437135169 154.35967499399266 315
1694437135205 154.32909518768506 316
1694437135238 154.29852208475225 317
1694437135269 154.26795568366083 318
1694437135300 154.2373959828778 319
1694437135338 154.2068429808705 320
1694437135368 154.1762966761066 321
1694437135405 154.1457570670541 322
1694437135454 154.11522415218153 323
1694437135491 154.08469792995754 324
1694437135539 154.05417839885132 325
1694437135572 154.02366555733232 326
1694437135611 153.9931594038704 327
1694437135650 153.96265993693578 328
1694437135683 153.93216715499898 329
1694437135720 153.90168105653092 330
1694437135757 153.8712016400029 331
1694437135790 153.84072890388654 332
1694437135839 153.8102628466538 333
1694437135870 153.77980346677714 334
1694437135909 153.7493507627292 335
1694437135939 153.71890473298296 336
1694437135970 153.68846537601195 337
1694437136005 153.65803269028996 338
1694437136038 153.6276066742911 339
1694437136070 153.5971873264898 340
1694437136108 153.56677464536105 341
1694437136142 153.53636862937992 342
1694437136175 153.5059692770221 343
1694437136207 153.47557658676345 344
1694437136240 153.44519055708028 345
1694437136274 153.41481118644919 346
1694437136346 153.38443847334725 347
1694437136400 153.3540724162517 348
1694437136445 153.32371301364034 349
1694437136486 153.29336026399125 350
1694437136517 153.2630141657828 351
1694437136550 153.23267471749378 352
1694437136588 153.20234191760335 353
1694437136623 153.17201576459095 354
1694437136658 153.14169625693654 355
1694437136691 153.1113833931202 356
1694437136725 153.08107717162255 357
1694437136758 153.05077759092455 358
1694437136790 153.02048464950738 359
1694437136828 152.99019834585272 360
1694437136861 152.95991867844256 361
1694437136902 152.92964564575925 362
1694437136959 152.89937924628543 363
1694437137021 152.86911947850425 364
1694437137061 152.83886634089902 365
1694437137101 152.80861983195354 366
1694437137137 152.77837995015193 367
1694437137173 152.74814669397867 368
1694437137212 152.71792006191862 369
1694437137257 152.68770005245685 370
1694437137293 152.657486664079 371
1694437137324 152.6272798952709 372
1694437137361 152.59707974451888 373
1694437137441 152.56688621030946 374
1694437137507 152.53669929112965 375
1694437137539 152.50651898546673 376
1694437137575 152.47634529180837 377
1694437137611 152.4461782086426 378
1694437137642 152.4160177344578 379
1694437137674 152.38586386774264 380
1694437137708 152.3557166069863 381
1694437137740 152.3255759506782 382
1694437137769 152.29544189730802 383
1694437137821 152.265314445366 384
1694437137873 152.23519359334261 385
1694437137926 152.2050793397287 386
1694437137988 152.17497168301554 387
1694437138021 152.1448706216946 388
1694437138057 152.11477615425784 389
1694437138088 152.08468827919748 390
1694437138118 152.05460699500617 391
1694437138161 152.02453230017687 392
1694437138191 151.9944641932029 393
1694437138223 151.96440267257802 394
1694437138295 151.93434773679613 395
1694437138367 151.90429938435165 396
1694437138406 151.8742576137394 397
1694437138438 151.84422242345434 398
1694437138466 151.814193811992 399
1694437138495 151.7841717778482 400
1694437138527 151.75415631951896 401
1694437138561 151.7241474355009 402
1694437138592 151.69414512429083 403
1694437138623 151.66414938438592 404
1694437138655 151.63416021428375 405
1694437138683 151.60417761248223 406
1694437138716 151.5742015774796 407
1694437138744 151.54423210777452 408
1694437138774 151.5142692018659 409
1694437138811 151.4843128582531 410
1694437138852 151.4543630754357 411
1694437138888 151.42441985191383 412
1694437138923 151.39448318618773 413
1694437138970 151.36455307675823 414
1694437139023 151.33462952212633 415
1694437139077 151.3047125207935 416
1694437139141 151.2748020712615 417
1694437139271 151.24489817203244 418
1694437139330 151.21500082160873 419
1694437139385 151.18511001849333 420
1694437139428 151.15522576118934 421
1694437139477 151.12534804820035 422
1694437139519 151.09547687803013 423
1694437139553 151.0656122491829 424
1694437139585 151.03575416016338 425
1694437139632 151.0059026094764 426
1694437139662 150.97605759562722 427
1694437139695 150.94621911712153 428
1694437139728 150.9163871724653 429
1694437139758 150.88656176016477 430
1694437139792 150.85674287872675 431
1694437139828 150.82693052665815 432
1694437139873 150.79712470246645 433
1694437139905 150.76732540465935 434
1694437139933 150.7375326317448 435
1694437139970 150.70774638223142 436
1694437140004 150.67796665462788 437
1694437140051 150.6481934474433 438
1694437140090 150.61842675918723 439
1694437140126 150.5886665883694 440
1694437140155 150.5589129335 441
1694437140187 150.52916579308962 442
1694437140218 150.49942516564906 443
1694437140246 150.46969104968957 444
1694437140285 150.43996344372272 445
1694437140322 150.41024234626045 446
1694437140351 150.3805277558149 447
1694437140386 150.35081967089886 448
1694437140419 150.32111809002515 449
1694437140455 150.29142301170714 450
1694437140491 150.26173443445853 451
1694437140527 150.23205235679325 452
1694437140559 150.20237677722568 453
1694437140588 150.17270769427054 454
1694437140620 150.14304510644288 455
1694437140645 150.11338901225807 456
1694437140687 150.08373941023189 457
1694437140720 150.05409629888038 458
1694437140757 150.02445967672006 459
1694437140805 149.99482954226764 460
1694437140838 149.96520589404034 461
1694437140874 149.93558873055557 462
1694437140910 149.90597805033116 463
1694437140944 149.87637385188532 464
1694437140990 149.84677613373663 465
1694437141022 149.81718489440382 466
1694437141052 149.78760013240623 467
1694437141087 149.75802184626338 468
1694437141127 149.72845003449518 469
1694437141159 149.69888469562187 470
1694437141197 149.6693258281641 471
1694437141231 149.6397734306428 472
1694437141273 149.61022750157926 473
1694437141328 149.58068803949516 474
1694437141377 149.55115504291248 475
1694437141408 149.52162851035348 476
1694437141438 149.4921084403409 477
1694437141488 149.46259483139784 478
1694437141557 149.43308768204759 479
1694437141603 149.40358699081386 480
1694437141636 149.37409275622073 481
1694437141673 149.34460497679268 482
1694437141707 149.31512365105436 483
1694437141742 149.28564877753098 484
1694437141774 149.2561803547479 485
1694437141809 149.22671838123097 486
1694437141841 149.1972628555063 487
1694437141884 149.1678137761004 488
1694437141924 149.13837114154006 489
1694437141956 149.10893495035248 490
1694437141995 149.07950520106522 491
1694437142027 149.05008189220604 492
1694437142057 149.0206650223033 493
1694437142107 148.9912545898854 494
1694437142141 148.96185059348127 495
1694437142175 148.93245303162024 496
1694437142220 148.90306190283184 497
1694437142255 148.87367720564598 498
1694437142301 148.84429893859294 499
