1694444131223 -0.0021210071290709287 0
1694444131256 -0.0026384261139071885 1
1694444131290 -0.0015887728911330168 2
1694444131322 -0.001312526164037875 3
1694444131353 -0.0012267052629579833 4
1694444131384 -0.0012744018656540845 5
1694444131418 -0.0008075953096722266 6
1694444131455 0.0002153578691429514 7
1694444131497 0.0003106108067648661 8
1694444131526 0.0009578566749884887 9
1694444131558 0.0007949987521810309 10
1694444131588 0.0015375831383676042 11
1694444131618 0.0033941724777514226 12
1694444131649 0.0031056761900744023 13
1694444131684 0.003826444681704788 14
1694444131715 0.0029521107406109692 15
1694444131747 0.0045206484181199436 16
1694444131778 0.005510218754619989 17
1694444131809 0.0071990376353370245 18
1694444131840 0.007275387529650845 19
1694444131868 0.008718950850327145 20
1694444131898 0.009948563843139024 21
1694444131930 0.01268154231343821 22
1694444131963 0.013966717338400159 23
1694444131995 0.017046165882654507 24
1694444132027 0.014940604965818394 25
1694444132059 0.018225525189511593 26
1694444132090 0.02156228739708055 27
1694444132119 0.023112222653756342 28
1694444132149 0.024924138586035482 29
1694444132187 0.028571370607350044 30
1694444132218 0.029845802492107 31
1694444132251 0.03333819835099383 32
1694444132283 0.03735130169501211 33
1694444132315 0.03857763183854157 34
1694444132345 0.03964387018641613 35
1694444132377 0.0523641571347877 36
1694444132410 0.051062076987839156 37
1694444132445 0.05117582936254994 38
1694444132481 0.06376541107388756 39
1694444132531 0.06385089993096149 40
1694444132570 0.07152857329740625 41
1694444132615 0.07115692913790073 42
1694444132652 0.07485102512711206 43
1694444132687 0.09125599076233193 44
1694444132719 0.09892263903173193 45
1694444132752 0.0943152451063003 46
1694444132786 0.11891038626373063 47
1694444132818 0.11240357551955538 48
1694444132850 0.12625469096618325 49
1694444132881 0.13179945971380602 50
1694444132912 0.15599873541790998 51
1694444132941 0.1564704527166011 52
1694444132975 0.16945391550516276 53
1694444133007 0.1804739573658638 54
1694444133038 0.1825635704452221 55
1694444133067 0.21119920898787337 56
1694444133099 0.2068979062989632 57
1694444133129 0.24445461606261265 58
1694444133161 0.2586956223860737 59
1694444133193 0.2793864977612641 60
1694444133224 0.27025285904715646 61
1694444133257 0.29852208853252293 62
1694444133287 0.2935728347507177 63
1694444133317 0.32036153823434377 64
1694444133347 0.3156701146841224 65
1694444133383 0.3724122714208894 66
1694444133413 0.37277706325736615 67
1694444133444 0.400013905442394 68
1694444133474 0.39944628560567297 69
1694444133508 0.4094081527638396 70
1694444133536 0.43163790338422203 71
1694444133567 0.4325764828558438 72
1694444133600 0.43797093908634444 73
1694444133634 0.45099958299165943 74
1694444133667 0.5269497373210075 75
1694444133701 0.5426288141480928 76
1694444133733 0.509111740426616 77
1694444133764 0.530116514318812 78
1694444133801 0.5618134710700898 79
1694444133834 0.5654420342485166 80
1694444133868 0.5733787177918315 81
1694444133901 0.6066022078267848 82
1694444133935 0.5995953133818979 83
1694444133978 0.6346978862555264 84
1694444134014 0.6373240277770705 85
1694444134050 0.6348456855041902 86
1694444134092 0.643796081499 87
1694444134126 0.6794370535798033 88
1694444134158 0.6738518590346463 89
1694444134198 0.665711338374966 90
1694444134232 0.6982277696551508 91
1694444134264 0.7208042146869097 92
1694444134299 0.7424697998949004 93
1694444134340 0.697151009052797 94
1694444134376 0.7208114827928414 95
1694444134413 0.7306376248570973 96
1694444134450 0.7183103517128067 97
1694444134494 0.7238125367697055 98
1694444134530 0.7579875335191957 99
1694444134563 0.7663667129093685 100
1694444134596 0.7714759433909475 101
1694444134626 0.7491259314041594 102
1694444134663 0.7602031889023502 103
1694444134701 0.7728671434351799 104
1694444134741 0.7681674638591427 105
1694444134782 0.7959665967546153 106
1694444134820 0.8080770802886217 107
1694444134851 0.7960815952336109 108
1694444134885 0.8155407984682358 109
1694444134918 0.7969510788110222 110
1694444134950 0.798969262139723 111
1694444134986 0.8182607026993441 112
1694444135021 0.7888731384782268 113
1694444135063 0.797639260897654 114
1694444135103 0.8243588425320696 115
1694444135174 0.8112403461430734 116
1694444135239 0.8008133136186735 117
1694444135316 0.8078174373849244 118
1694444135371 0.7919047248246336 119
1694444135407 0.813882113373223 120
1694444135440 0.8175330718449402 121
1694444135473 0.8060007596286521 122
1694444135507 0.8255402166980592 123
1694444135539 0.8326039757821296 124
1694444135571 0.8221099843466656 125
1694444135602 0.8293960987356831 126
1694444135634 0.8350456447104946 127
1694444135667 0.8292556723992723 128
1694444135702 0.8119745512676286 129
1694444135733 0.8200425712123915 130
1694444135763 0.8221516108380809 131
1694444135795 0.8250310939097039 132
1694444135829 0.8139862859239695 133
1694444135863 0.8201910150766263 134
1694444135901 0.8186029653998377 135
1694444135936 0.8336740641557765 136
1694444135970 0.8176803317439123 137
1694444136001 0.8283745689242037 138
1694444136032 0.8156182882101909 139
1694444136065 0.8290765842444174 140
1694444136095 0.8141258125183974 141
1694444136126 0.7986179601088692 142
1694444136156 0.8321376289382835 143
1694444136192 0.8402530004224104 144
1694444136224 0.8247716330210465 145
1694444136254 0.8169725036601646 146
1694444136285 0.8214953511293834 147
1694444136318 0.8280177772616281 148
1694444136348 0.8251443591367026 149
1694444136381 0.8338287177228292 150
1694444136414 0.8021486533233844 151
1694444136444 0.840409631047308 152
1694444136475 0.84657833671443 153
1694444136509 0.8427128641212459 154
1694444136543 0.8111984461221473 155
1694444136575 0.8097552560319977 156
1694444136607 0.8584960496828284 157
1694444136641 0.8078303902196842 158
1694444136678 0.8577871117072798 159
1694444136714 0.8379532476505754 160
1694444136759 0.8272096644522975 161
1694444136801 0.8357048322908309 162
1694444136834 0.8310289356370111 163
1694444136866 0.8338609672504491 164
1694444136896 0.7948683615307288 165
1694444136929 0.8339586407094426 166
1694444136959 0.8005430985456006 167
1694444136990 0.8453721029694089 168
1694444137021 0.8255390767040104 169
1694444137053 0.8209363960903968 170
1694444137084 0.8254318303248452 171
1694444137118 0.8163226890646336 172
1694444137150 0.8323149709651461 173
1694444137183 0.8368070403423357 174
1694444137214 0.8357765930872103 175
1694444137248 0.8296624174261047 176
1694444137279 0.8350157388687462 177
1694444137313 0.8291258415018764 178
1694444137344 0.7979840977278984 179
1694444137376 0.8279948893608723 180
1694444137407 0.8297462493431826 181
1694444137439 0.8288112811211488 182
1694444137469 0.836846413556536 183
1694444137500 0.8500139039450604 184
1694444137531 0.8379724347987971 185
1694444137564 0.8239845125328705 186
1694444137596 0.8127118858693732 187
