1694441677604 -0.007835774768399917 0
1694441677639 -0.006774384041856374 1
1694441677678 -0.007539389353339088 2
1694441677711 -0.007564595434343291 3
1694441677755 -0.007803476672127996 4
1694441677800 -0.0076538003846500224 5
1694441677846 -0.008312138825495863 6
1694441677906 -0.007468409110764407 7
1694441677967 -0.008315924547941833 8
1694441678021 -0.007241228706560854 9
1694441678064 -0.007729718348017611 10
1694441678099 -0.00735003397274947 11
1694441678137 -0.007740538415365483 12
1694441678178 -0.0074763229500285355 13
1694441678214 -0.0072930676171467645 14
1694441678251 -0.0065380183159935434 15
1694441678291 -0.007110697835796875 16
1694441678327 -0.0069827653359177955 17
1694441678376 -0.0077365916671388035 18
1694441678426 -0.006688959860066346 19
1694441678481 -0.007044551893970796 20
1694441678537 -0.006833690532864756 21
1694441678587 -0.008095294595005464 22
1694441678636 -0.007732139832063334 23
1694441678684 -0.007877769523440437 24
1694441678728 -0.007020973054188806 25
1694441678776 -0.007807144277528932 26
1694441678834 -0.007357335904535578 27
1694441678880 -0.007255535801543589 28
1694441678930 -0.006594517673742084 29
1694441678983 -0.00760250047367883 30
1694441679045 -0.007310222969690194 31
1694441679095 -0.008527998281613325 32
1694441679143 -0.007373717712225503 33
1694441679183 -0.008029590416105847 34
1694441679219 -0.007274591436991162 35
1694441679258 -0.007424743302513859 36
1694441679301 -0.00810023619087441 37
1694441679343 -0.007137227776284005 38
1694441679389 -0.007541716743516114 39
1694441679430 -0.007887950554823053 40
1694441679469 -0.008023597686173556 41
1694441679510 -0.007167384586834524 42
1694441679549 -0.007331144096739628 43
1694441679592 -0.00810404424998934 44
1694441679632 -0.007064507249074259 45
1694441679674 -0.006659613235360684 46
1694441679708 -0.007178653085624376 47
1694441679752 -0.006946651229359668 48
1694441679794 -0.00838510346588972 49
1694441679831 -0.0077002651193311955 50
1694441679869 -0.00719670613379475 51
1694441679904 -0.007812868539897044 52
1694441679947 -0.008146183023169051 53
1694441679986 -0.007976175433143995 54
1694441680030 -0.007805554110501101 55
1694441680070 -0.007574428371125874 56
1694441680107 -0.007750229918096041 57
1694441680145 -0.007165001811361371 58
1694441680181 -0.007171541282793736 59
1694441680223 -0.007351006999448462 60
1694441680265 -0.007255976015832388 61
1694441680307 -0.008189318008317015 62
1694441680352 -0.007935756699134044 63
1694441680393 -0.007620396765597448 64
1694441680431 -0.0069607880039472825 65
1694441680475 -0.007555615617113931 66
1694441680514 -0.00795587379489282 67
1694441680556 -0.00707647133378142 68
1694441680591 -0.007141340594635448 69
1694441680631 -0.007548521420304821 70
1694441680668 -0.007306725002578673 71
1694441680711 -0.006480888567202081 72
1694441680750 -0.0074706843174381365 73
1694441680791 -0.0068822551511091845 74
1694441680833 -0.007213257584397059 75
1694441680868 -0.007518255335065227 76
1694441680905 -0.007516614624453188 77
1694441680942 -0.0072440542807916675 78
1694441680980 -0.008002049484646667 79
1694441681034 -0.007155594656043762 80
1694441681076 -0.007457472591947845 81
1694441681115 -0.007583211315177474 82
1694441681152 -0.007701854765745031 83
1694441681188 -0.007493816929167174 84
1694441681227 -0.007426347226730412 85
1694441681267 -0.0073013607713852124 86
1694441681306 -0.008484916097523776 87
1694441681344 -0.007343446796464592 88
1694441681387 -0.006975744156371144 89
1694441681424 -0.007576127714910452 90
1694441681463 -0.007588263895950131 91
1694441681503 -0.00742643175675628 92
1694441681543 -0.007698923804637436 93
1694441681579 -0.006948013737685832 94
1694441681622 -0.008272584244291004 95
1694441681669 -0.007017856180154158 96
1694441681716 -0.007270186924941635 97
1694441681760 -0.007716107783270143 98
1694441681798 -0.007597701929542566 99
1694441681835 -0.007648576044957167 100
1694441681883 -0.007107130393905203 101
1694441681924 -0.007078838120079034 102
1694441681969 -0.00790428805223975 103
1694441682012 -0.006687574488677628 104
1694441682054 -0.006319240138030313 105
1694441682094 -0.007917186864150327 106
1694441682130 -0.0067139035814587356 107
1694441682166 -0.007415203107275614 108
1694441682210 -0.0073413954484990995 109
1694441682248 -0.007828311224903572 110
1694441682290 -0.007462588292905581 111
1694441682329 -0.007724603231142879 112
1694441682369 -0.007415583164513295 113
1694441682410 -0.007053553935460366 114
1694441682453 -0.007763881316924071 115
1694441682489 -0.007465998693631626 116
1694441682529 -0.008780705699435565 117
1694441682569 -0.006850879516002717 118
1694441682607 -0.007092909846495576 119
1694441682646 -0.007791443367770379 120
1694441682683 -0.007677539031091696 121
1694441682720 -0.007461184942771482 122
1694441682762 -0.007185628367467611 123
1694441682801 -0.007645740282287594 124
1694441682838 -0.007315828481171183 125
1694441682880 -0.007741295431373363 126
1694441682916 -0.007584394833547448 127
1694441682958 -0.007041598933213322 128
1694441682993 -0.0076161897477278195 129
1694441683030 -0.007335951167239729 130
1694441683070 -0.007897156022512064 131
1694441683106 -0.006810707866769183 132
1694441683144 -0.00788220122975547 133
1694441683180 -0.00821573416554644 134
1694441683219 -0.0077252405685452885 135
1694441683259 -0.007486000947600546 136
1694441683296 -0.007449609061664253 137
1694441683331 -0.007460690958024818 138
1694441683372 -0.007599370148336337 139
1694441683411 -0.006525346015147093 140
1694441683452 -0.007615935828090059 141
1694441683488 -0.007112512034592289 142
1694441683528 -0.006749435702166018 143
1694441683569 -0.007702044828455934 144
1694441683606 -0.0073329152927383845 145
1694441683648 -0.007717758630059635 146
1694441683688 -0.007570910265886521 147
1694441683726 -0.007836130517381523 148
1694441683768 -0.006520035806593771 149
1694441683803 -0.007117140405135336 150
1694441683844 -0.0077657005134386115 151
1694441683882 -0.007135205268111955 152
1694441683920 -0.007862413335639973 153
1694441683960 -0.007428111426485362 154
1694441683998 -0.007947039850557003 155
1694441684039 -0.007233070231867256 156
1694441684079 -0.006926094054988896 157
1694441684117 -0.006964893591261623 158
1694441684157 -0.007100897754100943 159
1694441684196 -0.007310860817904441 160
1694441684234 -0.00811789610213487 161
1694441684273 -0.007395138114620892 162
1694441684310 -0.006967472740196934 163
1694441684354 -0.007214506023343725 164
1694441684395 -0.007322940805131184 165
1694441684432 -0.007941880708137727 166
1694441684469 -0.007230417425661884 167
1694441684509 -0.007228866300587944 168
1694441684548 -0.006998232919821934 169
1694441684582 -0.007560868606114601 170
1694441684620 -0.006821755291740672 171
1694441684657 -0.007297899540181119 172
1694441684696 -0.007915885867084471 173
1694441684732 -0.006860580272590289 174
1694441684773 -0.007424055402510454 175
1694441684812 -0.007681460162413778 176
1694441684849 -0.007684172109453824 177
1694441684886 -0.007257241346290577 178
1694441684923 -0.007664094330349647 179
1694441684958 -0.007215071143198859 180
1694441684993 -0.008361402803219953 181
1694441685031 -0.006680431029869371 182
1694441685070 -0.007323795256838794 183
1694441685108 -0.008067075286105396 184
1694441685146 -0.007604447712487694 185
1694441685188 -0.007068021668536595 186
1694441685225 -0.006931561632337102 187
1694441685266 -0.007362379551218989 188
1694441685306 -0.00762848839479191 189
1694441685345 -0.007565912895382665 190
1694441685386 -0.007596622680909659 191
1694441685429 -0.0077140245184490475 192
1694441685466 -0.007530234402998159 193
1694441685505 -0.007427026013047122 194
1694441685542 -0.006865770540917415 195
1694441685583 -0.008000290419518885 196
1694441685625 -0.008089074220780423 197
1694441685662 -0.0078037763960692175 198
1694441685701 -0.00744223543566247 199
1694441685740 -0.008261518106116972 200
1694441685779 -0.00808753243541327 201
1694441685820 -0.006652544569587748 202
1694441685855 -0.007421909313645836 203
1694441685894 -0.006975307030143929 204
1694441685932 -0.008072313774146522 205
1694441685972 -0.007683903142545523 206
1694441686010 -0.007703111705123611 207
1694441686049 -0.0073459754876274985 208
1694441686087 -0.0072131872563991895 209
1694441686129 -0.0075435893030864065 210
1694441686171 -0.007866666121599142 211
1694441686207 -0.006507039918931534 212
1694441686245 -0.007672237521496816 213
1694441686285 -0.007296003412808227 214
1694441686325 -0.006977369012817869 215
1694441686368 -0.007410766691665627 216
1694441686407 -0.007314323384385979 217
1694441686447 -0.00706272851982348 218
1694441686489 -0.00646611246597506 219
1694441686537 -0.0074699934994697514 220
1694441686586 -0.007615722273955239 221
1694441686628 -0.007009651219280766 222
1694441686670 -0.006365529758555866 223
1694441686709 -0.007394308355084478 224
1694441686755 -0.007330393673771196 225
1694441686797 -0.006443920593201202 226
1694441686843 -0.007162822524447776 227
1694441686901 -0.007766860369643691 228
1694441686953 -0.007193087971486323 229
1694441686997 -0.007548667371361617 230
1694441687043 -0.006918395008977507 231
1694441687087 -0.007903252005524442 232
1694441687129 -0.007701644677335917 233
1694441687168 -0.006711615086221867 234
1694441687213 -0.008085818688796209 235
1694441687253 -0.007928051091895538 236
1694441687292 -0.007954297940114818 237
1694441687330 -0.007582736559584191 238
1694441687371 -0.007360360493781304 239
1694441687411 -0.007018082720012364 240
1694441687451 -0.0074243259542787765 241
1694441687488 -0.007818098612758062 242
1694441687531 -0.007919489679425906 243
1694441687567 -0.008003118284125144 244
1694441687605 -0.007308031260172321 245
1694441687643 -0.006860418910808352 246
1694441687682 -0.006978366576650297 247
1694441687721 -0.007062517887625797 248
1694441687761 -0.006520256329105134 249
1694441687806 -0.007564626337328573 250
1694441687849 -0.007278556333010222 251
1694441687890 -0.008179857510910882 252
1694441687929 -0.007322873479600478 253
1694441687970 -0.007356446085731827 254
1694441688009 -0.007641958661392945 255
1694441688048 -0.007370680230319948 256
1694441688086 -0.007661839410098237 257
1694441688127 -0.007064535600573185 258
1694441688167 -0.007055703811591929 259
1694441688208 -0.006360349296206325 260
1694441688243 -0.006835423318054534 261
1694441688284 -0.00733370895052432 262
1694441688323 -0.007084120929645943 263
1694441688366 -0.0070183500063640825 264
1694441688407 -0.008080284780909164 265
1694441688446 -0.007380688098344912 266
1694441688488 -0.0074748316470560905 267
1694441688527 -0.007027935102689398 268
1694441688566 -0.0064970438356635185 269
1694441688605 -0.006996630623145039 270
1694441688645 -0.007727711860712638 271
1694441688684 -0.0073268433742808 272
1694441688724 -0.007020142137850627 273
1694441688767 -0.00691669572490361 274
1694441688802 -0.0077480385853256895 275
1694441688846 -0.0077309781854766335 276
1694441688882 -0.006858961622870696 277
1694441688921 -0.007004817849459055 278
1694441688962 -0.006917761205674333 279
1694441689002 -0.007006413776727394 280
1694441689043 -0.007486521030089177 281
1694441689088 -0.007143642316427723 282
1694441689129 -0.007069336515305391 283
1694441689168 -0.007897837566931631 284
1694441689206 -0.007942009554531948 285
1694441689246 -0.00703701745065155 286
1694441689284 -0.0069245349268927114 287
1694441689323 -0.006853602727734609 288
1694441689366 -0.006872879695158707 289
1694441689404 -0.0077145453178937284 290
1694441689440 -0.007304806685793919 291
1694441689477 -0.008095458785758902 292
1694441689517 -0.00760916957678881 293
1694441689553 -0.007361704130456781 294
1694441689592 -0.0067292480429452795 295
1694441689634 -0.006313269999135729 296
1694441689671 -0.007674175987322007 297
1694441689712 -0.00736953392039319 298
1694441689752 -0.007503708937812492 299
1694441689792 -0.007617962381563759 300
1694441689839 -0.006811308445102249 301
1694441689882 -0.007546914409938488 302
1694441689923 -0.007137116046773695 303
1694441689964 -0.007125677918103479 304
1694441690001 -0.0073671064496423355 305
1694441690040 -0.006855374694719751 306
1694441690078 -0.007372520420487749 307
1694441690118 -0.007708911563867549 308
1694441690158 -0.008195423827455528 309
1694441690195 -0.007682049962025594 310
1694441690238 -0.007329198812691562 311
1694441690276 -0.007375131996006923 312
1694441690311 -0.007041374288927704 313
1694441690352 -0.007714475902436568 314
1694441690396 -0.006640619779880508 315
1694441690439 -0.007250475879662321 316
1694441690481 -0.006906827866742127 317
1694441690523 -0.007048842944934464 318
1694441690565 -0.0060909539533566814 319
1694441690605 -0.008219051894013285 320
1694441690644 -0.007281562034427758 321
1694441690685 -0.007070854070648114 322
1694441690724 -0.0070152581361355715 323
1694441690759 -0.006961606386127306 324
1694441690796 -0.006432931918376683 325
1694441690833 -0.0074652150251734994 326
1694441690870 -0.007929525592238473 327
1694441690912 -0.007634159361261883 328
1694441690948 -0.007537142188738022 329
1694441690989 -0.00728824647060855 330
1694441691030 -0.007626764584626189 331
1694441691070 -0.0066425987610905235 332
1694441691111 -0.007232984851622604 333
1694441691145 -0.007770137033528135 334
1694441691186 -0.007967053761622545 335
1694441691231 -0.00722407163708727 336
1694441691279 -0.007156237841807966 337
1694441691328 -0.00729468256795851 338
1694441691376 -0.007198191649161467 339
1694441691422 -0.007438045534932547 340
1694441691462 -0.007184964337088928 341
1694441691510 -0.006958748850464547 342
1694441691548 -0.007731495339649674 343
1694441691589 -0.0072005040646321294 344
1694441691630 -0.007695893325982306 345
1694441691670 -0.006688351950274063 346
1694441691706 -0.006991864711289653 347
1694441691754 -0.007530497821907067 348
1694441691798 -0.006623766259207686 349
1694441691839 -0.006385003835194247 350
1694441691880 -0.008367296641159427 351
1694441691928 -0.007723252673270453 352
1694441691966 -0.007188547034060466 353
1694441692003 -0.006801785272080085 354
1694441692043 -0.007410351155900274 355
1694441692085 -0.007272406079278149 356
1694441692128 -0.0073765896382329554 357
1694441692166 -0.006863377282866345 358
1694441692205 -0.007570597833602921 359
1694441692243 -0.007332284320475502 360
1694441692282 -0.007054850077042207 361
1694441692320 -0.007540149067562396 362
1694441692361 -0.0070164841334610095 363
1694441692401 -0.007226165316518207 364
1694441692438 -0.006558833481177251 365
1694441692476 -0.007274559934464353 366
1694441692515 -0.0074272055366895184 367
1694441692552 -0.007762250696014217 368
1694441692594 -0.00765422898836432 369
1694441692631 -0.00716602630965224 370
1694441692670 -0.007553533926726086 371
1694441692709 -0.007032059776043154 372
1694441692753 -0.007707743642389797 373
1694441692806 -0.007541256510782635 374
1694441692857 -0.007583665832754383 375
1694441692916 -0.00710221338325856 376
1694441692954 -0.0077100382734747175 377
1694441692993 -0.007321909737610932 378
1694441693034 -0.006760677974185558 379
1694441693070 -0.007763822499984752 380
1694441693111 -0.007008850299051961 381
1694441693147 -0.006938580927121629 382
1694441693184 -0.007384814064309797 383
1694441693221 -0.006961059171690209 384
1694441693258 -0.006001651990633627 385
1694441693297 -0.006779562229862979 386
1694441693333 -0.007449774511632423 387
1694441693373 -0.006335578897842531 388
1694441693412 -0.007029809866561543 389
1694441693452 -0.00779460346149996 390
1694441693491 -0.007593732466292247 391
1694441693528 -0.007498600367666475 392
1694441693568 -0.007515141742219678 393
1694441693604 -0.007906558956734866 394
1694441693639 -0.007169568772974921 395
1694441693677 -0.006773195413442901 396
1694441693715 -0.006778852036208871 397
1694441693753 -0.007121949747417533 398
1694441693789 -0.0073393578321307995 399
1694441693827 -0.007840823324340995 400
1694441693870 -0.007081738837509732 401
1694441693910 -0.0076175512268177314 402
1694441693946 -0.006468669121214576 403
1694441693984 -0.007146449129610044 404
1694441694021 -0.008228488802972 405
1694441694059 -0.006634152501308277 406
1694441694098 -0.007239016031618473 407
1694441694134 -0.006496109943356698 408
1694441694172 -0.006775669650630256 409
1694441694212 -0.00733228927971763 410
1694441694252 -0.006681232739780052 411
1694441694294 -0.007233063059086664 412
1694441694340 -0.0075954510404203646 413
1694441694383 -0.007199018638033294 414
1694441694434 -0.0073460721996359 415
1694441694475 -0.007566563253180059 416
1694441694516 -0.007629712301314262 417
1694441694558 -0.006304394761187382 418
1694441694591 -0.007759127648292674 419
1694441694630 -0.006809247509915739 420
1694441694666 -0.007341975813054846 421
1694441694702 -0.007242097079068532 422
1694441694743 -0.007998921646933832 423
1694441694780 -0.007427525962066417 424
1694441694823 -0.007301384011044965 425
1694441694862 -0.007322796754265948 426
1694441694899 -0.006418247987542314 427
1694441694942 -0.007384338818453795 428
1694441694981 -0.007780029838733826 429
1694441695025 -0.007192264205958976 430
1694441695062 -0.005928854284142693 431
1694441695099 -0.006533560245881365 432
1694441695133 -0.00700583524943732 433
1694441695166 -0.006466641566939879 434
1694441695203 -0.00657618115437808 435
1694441695241 -0.007581940980378121 436
1694441695281 -0.0075924480896103486 437
1694441695319 -0.00746005212934997 438
1694441695362 -0.007613218846676206 439
1694441695399 -0.008391039640727849 440
1694441695439 -0.007170166067372863 441
1694441695474 -0.0073456068484150094 442
1694441695513 -0.006979950321857498 443
1694441695549 -0.006941772405200997 444
1694441695587 -0.007325697390907049 445
1694441695627 -0.008061303583426715 446
1694441695666 -0.007942214515321178 447
1694441695709 -0.007334126315459599 448
1694441695746 -0.007593764447705764 449
1694441695787 -0.006445613241099268 450
1694441695826 -0.007632997079542347 451
1694441695863 -0.006934659431893753 452
1694441695902 -0.006944585451620577 453
1694441695938 -0.007808103765291952 454
1694441695975 -0.006460301544218394 455
1694441696015 -0.007510589232659903 456
1694441696052 -0.007386461139282652 457
1694441696093 -0.00758116250094143 458
1694441696131 -0.007182359455355947 459
1694441696167 -0.007531953675740555 460
1694441696208 -0.006588729265893933 461
1694441696244 -0.007019672573305158 462
1694441696285 -0.0071910384017994655 463
1694441696323 -0.006870376439167103 464
1694441696375 -0.007108923735595463 465
1694441696415 -0.007636133700193337 466
1694441696451 -0.00718058819104872 467
1694441696490 -0.006396898495926839 468
1694441696530 -0.007632098774393414 469
1694441696570 -0.007457422583218909 470
1694441696609 -0.006859881889469177 471
1694441696651 -0.007089377624954762 472
1694441696691 -0.007217191962456848 473
1694441696731 -0.007733510131508359 474
1694441696777 -0.0074402232593397954 475
1694441696814 -0.007136566865779237 476
1694441696853 -0.007464731628533228 477
1694441696894 -0.008024285945273935 478
1694441696931 -0.006505211725629012 479
1694441696967 -0.007607081541780136 480
1694441697007 -0.006945756544365134 481
1694441697042 -0.0070446115498137285 482
1694441697079 -0.006626668879726516 483
1694441697118 -0.007232075468219135 484
1694441697155 -0.007138141952882426 485
1694441697191 -0.006865655008508664 486
1694441697230 -0.0072950171704364575 487
1694441697268 -0.007053091789861465 488
1694441697304 -0.00781542824937187 489
1694441697343 -0.007432510787421132 490
1694441697392 -0.007546719694505155 491
1694441697435 -0.007734612921516781 492
1694441697481 -0.007316330634588031 493
1694441697522 -0.007504804847798141 494
1694441697562 -0.007044502762053595 495
1694441697597 -0.006983645642325342 496
1694441697637 -0.006369428136890898 497
1694441697672 -0.007361131566874679 498
1694441697711 -0.006827735823568215 499
