1694439929229 0.3416514848077473 0
1694439929520 0.09536633146305662 1
1694439929764 0.0044025468428749055 2
1694439930023 0.00734017974407472 3
1694439930352 0.000784159469664507 4
1694439930669 0.8129101363608713 5
1694439930935 0.006870970127882714 6
1694439931199 0.21191355289629948 7
1694439931478 5.545005812467566e-07 8
1694439931729 0.20417685976530534 9
1694439932002 0.04284135734071034 10
1694439932276 0.008155464333618596 11
1694439932538 8.429878633340897e-05 12
1694439932789 0.07046549050536612 13
1694439933056 0.07750457938479835 14
1694439933301 0.5172652450478792 15
1694439933547 0.027479321500078473 16
1694439933790 0.1124392704398266 17
1694439934056 0.014120030940144836 18
1694439934323 0.04614836541478835 19
1694439934579 1.9019086747910585 20
1694439934836 0.6399065224975159 21
1694439935091 0.4273685809515231 22
1694439935368 0.1855722556418567 23
1694439935617 0.04645289133825299 24
1694439935879 0.37846588819745636 25
1694439936156 0.06857204944631626 26
1694439936424 0.6156069712864402 27
1694439936683 0.5613655877320906 28
1694439936954 0.22972379635760595 29
1694439937217 0.050666379456078464 30
1694439937473 0.6420334963671821 31
1694439937723 0.026710087907317628 32
1694439937984 0.07535273391664421 33
1694439938238 0.009324385794851361 34
1694439938491 0.0678803871275995 35
1694439938749 0.09992387764197719 36
1694439939009 0.009704727822682052 37
1694439939267 0.12294811170124666 38
1694439939528 0.0002155925112277354 39
1694439939799 0.30762663013103747 40
1694439940072 0.2624418103930213 41
1694439940348 0.12469241461529525 42
1694439940603 0.1946296306977698 43
1694439940842 0.09565651655695609 44
1694439941101 0.09129090654996881 45
1694439941368 1.3378325832829858 46
1694439941582 0.005943598081520245 47
1694439941872 0.008632167790226611 48
1694439942129 0.1177710985051603 49
1694439942381 0.01065907448518481 50
1694439942644 0.3541094524873684 51
1694439942899 0.2017925063951009 52
1694439943148 0.012292648664488641 53
1694439943385 0.17763994165241284 54
1694439943608 0.14486788427046343 55
1694439943850 0.003079483765590293 56
1694439944089 0.01055310986383829 57
1694439944316 0.004174831531196698 58
1694439944546 0.04476051051472471 59
1694439944774 0.5592312677884691 60
1694439944979 0.16987325539195164 61
1694439945247 0.032832342783417096 62
1694439945474 1.3967425600824116e-06 63
1694439945712 0.01905752251250632 64
1694439945938 0.7517864035756013 65
1694439946176 0.015143455012785224 66
1694439946418 0.11986446755890255 67
1694439946654 0.06114383487699266 68
1694439946890 0.008650424529328253 69
1694439947112 0.13526363111362527 70
1694439947363 0.1379941539160986 71
1694439947612 0.02366556310762814 72
1694439947845 0.013567426672193487 73
1694439948093 0.11390218172814091 74
1694439948365 0.14609105353391344 75
1694439948621 0.021823709831065085 76
1694439948863 0.0008196681519595184 77
1694439949103 0.0037152341812812214 78
1694439949375 0.018099667806113603 79
1694439949652 0.5010629953813813 80
1694439949914 0.16577379692634686 81
1694439950170 0.0334715859942905 82
1694439950490 0.05677605261404385 83
1694439950730 0.0025499426746468574 84
1694439950988 0.09465532188727054 85
1694439951265 0.039544146057657534 86
1694439951556 0.007254443981679936 87
1694439951816 2.1923525384394334e-06 88
1694439952079 0.07863791659605308 89
1694439952337 0.12304712616128916 90
1694439952585 0.26533672108169715 91
1694439952855 0.056599313105352246 92
1694439953099 0.04014328914952045 93
1694439953339 0.07379427413051225 94
1694439953594 0.012602597494589241 95
1694439953853 0.0026547764883928875 96
1694439954098 1.0818748508477132 97
1694439954382 0.01551528743656145 98
1694439954652 0.07403844545268494 99
1694439954930 0.0029276696399498908 100
1694439955182 0.26359242086868884 101
1694439955439 0.001556237304831672 102
1694439955695 0.007141482529332471 103
1694439955946 0.10041442470094757 104
1694439956198 0.29557074061465366 105
1694439956466 0.03171090707204967 106
1694439956752 0.12644762155072836 107
1694439957024 0.040491533506138426 108
1694439957268 0.08505833351802668 109
1694439957537 6.229340200846819e-05 110
1694439957800 0.03888760239216802 111
1694439958060 0.007378806433561318 112
1694439958321 0.0015185316535542375 113
1694439958576 0.07379226161615404 114
1694439958830 0.5238868722030983 115
1694439959091 0.16377864163411632 116
1694439959364 0.02153511424830906 117
1694439959623 0.006544922766052098 118
1694439959919 0.24699132443747493 119
1694439960191 0.0028018388107955614 120
1694439960434 0.0022061470632281253 121
1694439960696 0.05298763410161118 122
1694439960953 0.0287599237471218 123
1694439961206 0.002276285082015969 124
1694439961454 0.05108891705716106 125
1694439961719 0.011769022588428954 126
1694439961985 0.012722716539596701 127
1694439962243 0.17495131101688832 128
1694439962494 0.03089177088770761 129
1694439962745 0.05664388824754497 130
1694439963009 0.14080169823774594 131
1694439963253 0.1447762289221085 132
1694439963493 0.1271033083324407 133
1694439963743 0.009361586930885724 134
1694439963984 1.506860541094217 135
1694439964285 0.0016491950520073654 136
1694439964564 0.026192810624944336 137
1694439964828 0.5228698875853801 138
1694439965087 0.12856200289764502 139
1694439965341 0.2063560284214436 140
1694439965602 0.1580800865068346 141
1694439965860 0.16779151478427728 142
1694439966108 0.039419061816402645 143
1694439966376 0.8865382517246069 144
1694439966635 0.08910003898410872 145
1694439966897 0.041887175301272755 146
1694439967181 0.5397883758695311 147
1694439967452 8.174055130255245e-05 148
1694439967706 0.11371666265368136 149
1694439967970 0.04587539216311073 150
1694439968231 0.002848439436899062 151
1694439968487 0.123976347584976 152
1694439968758 0.018212032124739194 153
1694439969037 0.14402706558451486 154
1694439969301 0.04077986619192958 155
1694439969586 0.6639149873646103 156
1694439969842 0.00453534413573184 157
1694439970149 0.0011006773303560012 158
1694439970401 0.0025390538752349742 159
1694439970683 0.015440347737419508 160
1694439970929 0.05159009607846562 161
1694439971181 0.16285670725995613 162
1694439971433 0.008702787175400436 163
1694439971677 0.28433895564273126 164
1694439971941 0.054066211391757706 165
1694439972195 0.00657101153794721 166
1694439972460 0.009022074034143178 167
1694439972720 0.23479529415418546 168
1694439972984 0.03412386185529716 169
1694439973233 0.3393978483624543 170
1694439973494 0.016149508142383542 171
1694439973729 0.004317531113999482 172
1694439973947 0.1835256593767993 173
1694439974196 4.280183715557401e-07 174
1694439974438 0.029988869560988694 175
1694439974674 0.13221559275208333 176
1694439974911 0.002619921354585995 177
1694439975206 0.011262464549925615 178
1694439975441 0.09186094369325852 179
1694439975694 0.009865778798401597 180
1694439975963 0.004823788483170847 181
1694439976219 0.044522811061973006 182
1694439976475 0.15844489349860197 183
1694439976719 0.0894104439365501 184
1694439976947 0.25755350044275993 185
1694439977221 0.002570657808171998 186
1694439977496 0.05414494144948158 187
1694439977754 0.017336061194570436 188
1694439978010 0.18692497703302452 189
1694439978262 0.27268226298237885 190
1694439978517 0.010295920602558802 191
1694439978792 0.0433509169421146 192
1694439979072 0.0006459095402692989 193
1694439979327 0.12996487248203972 194
1694439979570 0.2976003507436442 195
1694439979802 0.024943953080373074 196
1694439980019 0.021173072733514802 197
1694439980315 0.15705515195633232 198
1694439980571 0.14044422025757924 199
1694439980821 0.141856403060366 200
1694439981088 0.0700271819668926 201
1694439981334 0.32554671612598995 202
1694439981591 0.06119696483081886 203
1694439981848 0.3739762785025653 204
1694439982097 0.16740547527400418 205
1694439982350 0.10993407338539724 206
1694439982613 0.04166211225854134 207
1694439982864 0.1758876447441257 208
1694439983105 0.23870241923440674 209
1694439983354 0.012330705556220563 210
1694439983595 0.06974617857980445 211
1694439983850 0.3707721223825432 212
1694439984120 0.015592687563224855 213
1694439984403 0.013412137722720265 214
1694439984699 0.03216668073526043 215
1694439984954 0.3137794383765334 216
1694439985231 0.018646245414520538 217
1694439985486 5.0813404983924466e-06 218
1694439985762 0.24270964990859248 219
1694439986006 0.4503102742055277 220
1694439986282 0.024844707165829233 221
1694439986575 0.041792023665327825 222
1694439986815 0.6579774595979756 223
1694439987057 0.21206966630617335 224
1694439987347 0.1022585665450851 225
1694439987652 0.03666264756917946 226
1694439987899 0.011321644886741615 227
1694439988117 0.012137229358829512 228
1694439988382 0.20573476255058715 229
1694439988638 0.004870524797579725 230
1694439988934 0.0011263078472606393 231
1694439989225 0.0434911172680347 232
1694439989499 0.15945430111541833 233
1694439989761 0.0386988233531254 234
1694439990011 0.23445705330755715 235
1694439990272 0.002646235604603487 236
1694439990514 0.0550186572745983 237
1694439990775 0.038285885554421174 238
1694439991040 0.7876471380951954 239
1694439991300 0.05283480458834268 240
1694439991531 0.011156524633287885 241
1694439991807 0.0027432357339542955 242
1694439992046 0.20788062091896034 243
1694439992291 0.015583032583152192 244
1694439992550 0.01473492176613994 245
1694439992795 0.016290911444488364 246
1694439993036 0.1256775737784089 247
1694439993269 0.4420354320388846 248
1694439993536 0.12925055193000337 249
1694439993786 0.34759021609201385 250
1694439994038 0.03558244165069129 251
1694439994282 0.42212876895659623 252
1694439994558 0.0005123892477314782 253
1694439994799 0.11780951405352269 254
1694439995063 0.6333865134607957 255
1694439995323 0.15746971013224498 256
1694439995588 0.11812333159378138 257
1694439995839 0.048590570763788775 258
1694439996129 0.2622923336427939 259
1694439996385 0.01172122840338952 260
1694439996651 0.17505713748562374 261
1694439996933 0.10071404166265382 262
1694439997201 0.0043963507799456404 263
1694439997466 0.016236902902816843 264
1694439997729 0.22519308420141687 265
1694439997977 0.019078239969741975 266
1694439998256 0.042238421730033664 267
1694439998544 0.017556202304458604 268
1694439998814 0.3910456173225817 269
1694439999090 5.269982442073672e-06 270
1694439999363 0.003754630564915385 271
1694439999617 0.14068848964916345 272
1694439999885 0.010389560274148127 273
1694440000135 0.007551096366888406 274
1694440000421 0.31459306387361785 275
1694440000662 0.057360175182990164 276
1694440000921 0.0005408896038225673 277
1694440001166 0.009453033407072967 278
1694440001434 0.004950215773733053 279
1694440001698 0.2396908108326636 280
1694440001955 0.18687088734695156 281
1694440002205 0.0005593136961772106 282
1694440002457 0.024910243749179318 283
1694440002702 0.0297701795321887 284
1694440002960 0.5447695379154053 285
1694440003120 0.02289770525599549 286
1694440003415 0.006385656799220831 287
1694440003647 0.03053849851538795 288
1694440003884 0.3489664861781036 289
1694440004124 0.33667813748872966 290
1694440004370 0.2621455051131103 291
1694440004608 0.11937801385553724 292
1694440004869 0.002059218125219265 293
1694440005086 0.12945160220519628 294
1694440005364 0.15929762616596108 295
1694440005627 0.3244080096450959 296
1694440005875 0.26969937769754515 297
1694440006126 0.10688810912929994 298
1694440006395 0.00018302455210987122 299
1694440006647 0.2900536002042801 300
1694440006897 0.13292919489479668 301
1694440007147 0.01848352344734904 302
1694440007394 0.14226957583391303 303
1694440007628 0.12963057343510906 304
1694440007863 0.048783933185298264 305
1694440008101 0.43553194250105165 306
1694440008346 0.01953767946797211 307
1694440008586 0.23669197258899802 308
1694440008819 0.0026183744362220677 309
1694440009068 0.09630082563298742 310
1694440009309 1.4224284503906237 311
1694440009561 0.008939830064618513 312
1694440009813 0.24618942022549367 313
1694440010060 0.3731604984092228 314
1694440010305 0.18524841388636534 315
1694440010577 0.07770868463750306 316
1694440010856 2.929340644968468e-06 317
1694440011126 0.015132849492670764 318
1694440011414 0.0034516926750197937 319
1694440011664 0.03475567589820832 320
1694440011925 0.015639700643935602 321
1694440012162 0.0020605978745396893 322
1694440012411 0.004530586639057367 323
1694440012663 0.01720544955355845 324
1694440012909 0.0187221637365426 325
1694440013175 0.3716200127553535 326
1694440013423 0.0132751389435529 327
1694440013669 0.10244233781835457 328
1694440013915 0.0017313550184556664 329
1694440014187 0.2489458849745603 330
1694440014453 0.014775718962334261 331
1694440014718 0.0037327576298659855 332
1694440014978 0.017490459940007835 333
1694440015246 0.00021746458779424563 334
1694440015521 0.25543642557328783 335
1694440015767 0.11509331820622556 336
1694440016028 0.0008489226104031048 337
1694440016303 0.32253035833841437 338
1694440016565 0.0030791281970778514 339
1694440016806 0.1560027719028671 340
1694440017048 0.20346316017032007 341
1694440017305 0.21972384091836927 342
1694440017562 0.008236054123576439 343
1694440017816 0.22847473137827715 344
1694440018084 0.09429974690833771 345
1694440018342 0.08628495177759544 346
1694440018605 0.013212416508705901 347
1694440018855 0.3193230953935774 348
1694440019108 0.16262085080980967 349
1694440019384 0.129316594353906 350
1694440019653 0.03560389581119545 351
1694440019920 0.23627683209603811 352
1694440020184 0.005907607666358493 353
1694440020450 0.14311395078407554 354
1694440020705 0.9020016518050431 355
1694440020958 0.022753105005524563 356
1694440021218 0.09058518109688202 357
1694440021495 0.036026286401606 358
1694440021759 0.24516774084701506 359
1694440021918 0.06304429721326382 360
1694440022253 0.00044210622435863215 361
1694440022523 0.8080617948705435 362
1694440022787 0.00044642124648926814 363
1694440023048 0.007170347854807404 364
1694440023310 0.016983179320144114 365
1694440023565 0.14604005871189524 366
1694440023817 0.251034122872084 367
1694440024070 0.03897971524331977 368
1694440024319 1.161265871965246 369
1694440024564 0.07289889747076402 370
1694440024818 0.011583324267305217 371
1694440025064 0.012386409111985915 372
1694440025306 0.11594214830233861 373
1694440025557 0.015986190636681982 374
1694440025809 0.007047078812515665 375
1694440026096 0.0002595912043486711 376
1694440026351 0.15904153124371903 377
1694440026611 0.17197282344104156 378
1694440026846 0.057789683086774686 379
1694440027087 0.05293212600940015 380
1694440027322 0.0014199421285603772 381
1694440027549 0.12020174983557246 382
1694440027784 0.19226278628770244 383
1694440028037 0.3570032251850578 384
1694440028290 0.2482394796456861 385
1694440028537 0.015575629331667331 386
1694440028795 0.07484888664262561 387
1694440029056 0.02581298792822939 388
1694440029303 0.016369193015809927 389
1694440029581 0.010572445546999942 390
1694440029831 0.1578119022469597 391
1694440030066 0.11722559921328979 392
1694440030319 0.009432187954747222 393
1694440030585 0.24060251179794706 394
1694440030859 0.01276239892328572 395
1694440031130 0.3899515495771819 396
1694440031394 0.10498238069801644 397
1694440031656 0.02193503092379599 398
1694440031926 0.009136033742145345 399
1694440032195 0.07871633806096434 400
1694440032450 0.0363775206561566 401
1694440032687 0.12051940418725997 402
1694440032887 0.09703282356004919 403
1694440033181 0.14694112518720165 404
1694440033434 0.11671417873737419 405
1694440033664 0.29163687697519874 406
1694440033890 0.04061562614852956 407
1694440034115 0.15023497516404863 408
1694440034356 0.13366216692291363 409
1694440034618 0.12111438182171913 410
1694440034854 0.05909332345534115 411
1694440035105 0.004984102720219036 412
1694440035369 0.024593822188718542 413
1694440035623 0.005379872899868906 414
1694440035860 0.7386950184917656 415
1694440036113 0.18062572602427615 416
1694440036341 0.04332313769479725 417
1694440036598 0.06704954548199905 418
1694440036849 0.1377386011554377 419
1694440037069 0.03941392369561196 420
1694440037305 0.4785860677009391 421
1694440037556 0.35546359300168445 422
1694440037780 0.009866965618860756 423
1694440038019 0.014894227082538342 424
1694440038247 0.025892481222804162 425
1694440038489 0.004251840967020195 426
1694440038745 0.03600209987053961 427
1694440038991 0.1260891617812426 428
1694440039236 0.02943227474977642 429
1694440039479 0.0702972398140257 430
1694440039735 0.09471900148177446 431
1694440039984 0.03606587611829549 432
1694440040279 0.06758549629257768 433
1694440040535 0.47786997362957745 434
1694440040850 0.0021437996602152397 435
1694440041120 0.04206790500862554 436
1694440041369 0.2000749496066626 437
1694440041649 0.008980665444897569 438
1694440041894 0.32859990402457395 439
1694440042146 0.2205958401768024 440
1694440042399 0.19888330469424745 441
1694440042668 0.011345698024925136 442
1694440042913 0.017290399112833806 443
1694440043176 1.1631123032194748 444
1694440043418 0.10463796053941142 445
1694440043687 0.014953392186944059 446
1694440043956 0.18339438607158257 447
1694440044209 0.04231932641092207 448
1694440044475 0.030039536233460083 449
1694440044738 0.25756238736002446 450
1694440045003 0.2963410639367253 451
1694440045253 0.2045185184302999 452
1694440045525 0.006658971750244386 453
1694440045850 0.09432884091045907 454
1694440046101 0.09816437139921626 455
1694440046346 0.07185563563060926 456
1694440046577 0.02398809610162864 457
1694440046820 0.013204246028347976 458
1694440047054 0.7664197616398991 459
1694440047300 0.0060872106093059365 460
1694440047543 0.09669606706277376 461
1694440047809 0.29041048832330413 462
1694440048069 0.35625876553636454 463
1694440048299 0.04497390674153753 464
1694440048527 0.04614496895639744 465
1694440048768 0.021664934961512235 466
1694440049011 0.1705997323824001 467
1694440049248 0.12587252889880698 468
1694440049488 0.08658004188385178 469
1694440049758 1.651811805672821 470
1694440050038 0.021275063357238187 471
1694440050316 0.07936806089994344 472
1694440050583 0.01688313784250153 473
1694440050909 0.06687247395481732 474
1694440051171 0.015965396632943114 475
1694440051452 0.3624642767683121 476
1694440051706 0.22619203140422003 477
1694440051954 0.10187724198971258 478
1694440052214 0.03190136627905117 479
1694440052472 0.02534062434383008 480
1694440052768 0.002300175310376349 481
1694440053026 0.048232573640629425 482
1694440053275 0.10869973883848777 483
1694440053534 0.012161154340215983 484
1694440053796 0.14704126186521044 485
1694440054053 0.05316905432478047 486
1694440054326 0.006881217534310801 487
1694440054594 0.0036063020965595096 488
1694440054891 0.24045033758947462 489
1694440055202 0.0652341228686388 490
1694440055467 0.0012145104932353196 491
1694440055720 0.028535659301065806 492
1694440055990 0.0023636891164435393 493
1694440056268 0.2614616787744768 494
1694440056541 0.4741791716332509 495
1694440056811 0.4842332721171951 496
1694440057064 0.05105582906591206 497
1694440057317 0.11616676846920322 498
1694440057585 1.318156069352912 499
