1694442218741 0.0 0
1694442219034 0.0 1
1694442219335 0.0 2
1694442219614 0.0 3
1694442219913 0.0 4
1694442220207 0.0 5
1694442220471 0.0 6
1694442220753 0.0 7
1694442221003 0.0 8
1694442221279 0.0 9
1694442221556 0.0 10
1694442221845 0.0 11
1694442222143 0.0 12
1694442222412 0.0 13
1694442222695 0.0 14
1694442222962 0.0 15
1694442223220 0.0 16
1694442223476 0.0 17
1694442223776 0.0 18
1694442224075 0.0 19
1694442224395 0.0 20
1694442224709 0.0 21
1694442225001 0.0 22
1694442225339 0.0 23
1694442225627 0.0 24
1694442225927 0.0 25
1694442226212 0.0 26
1694442226481 0.0 27
1694442226772 0.0 28
1694442227088 0.0 29
1694442227351 0.0 30
1694442227679 0.0 31
1694442227969 0.0 32
1694442228278 0.0 33
1694442228585 0.0 34
1694442228881 0.0 35
1694442229179 0.0 36
1694442229479 0.0 37
1694442229761 0.0 38
1694442230054 0.0 39
1694442230342 0.0 40
1694442230642 0.0 41
1694442230950 0.0 42
1694442231229 0.0 43
1694442231534 0.0 44
1694442231812 0.0 45
1694442232143 0.0 46
1694442232440 0.0 47
1694442232696 0.0 48
1694442233005 0.0 49
1694442233327 0.0 50
1694442233641 0.0 51
1694442233962 0.0 52
1694442234290 0.0 53
1694442234603 0.0 54
1694442234878 0.0 55
1694442235154 0.0 56
1694442235456 0.0 57
1694442235779 0.0 58
1694442236089 0.0 59
1694442236371 0.0 60
1694442236674 0.0 61
1694442236991 0.0 62
1694442237246 0.0 63
1694442237508 0.0 64
1694442237781 0.0 65
1694442238033 0.0 66
1694442238286 0.0 67
1694442238570 0.0 68
1694442238887 0.0 69
1694442239192 0.0 70
1694442239480 0.0 71
1694442239780 0.0 72
1694442240132 0.0 73
1694442240491 0.0 74
1694442240806 0.0 75
1694442241111 0.0 76
1694442241406 0.0 77
1694442241690 0.0 78
1694442241968 0.0 79
1694442242252 0.0 80
1694442242549 0.0 81
1694442242808 0.0 82
1694442243123 0.0 83
1694442243444 0.0 84
1694442243757 0.0 85
1694442244043 0.0 86
1694442244337 0.0 87
1694442244644 0.0 88
1694442244932 0.0 89
1694442245180 0.0 90
1694442245438 0.0 91
1694442245697 0.0 92
1694442246005 0.0 93
1694442246290 0.0 94
1694442246559 0.0 95
1694442246863 0.0 96
1694442247180 0.0 97
1694442247483 0.0 98
1694442247790 0.0 99
1694442248094 0.0 100
1694442248399 0.0 101
1694442248705 0.0 102
1694442248992 0.0 103
1694442249309 0.0 104
1694442249594 0.0 105
1694442249886 0.0 106
1694442250145 0.0 107
1694442250444 0.0 108
1694442250761 0.0 109
1694442251060 0.0 110
1694442251355 0.0 111
1694442251657 0.0 112
1694442251959 0.0 113
1694442252279 0.0 114
1694442252601 0.0 115
1694442252872 0.0 116
1694442253149 0.0 117
1694442253447 0.0 118
1694442253757 0.0 119
1694442254063 0.0 120
1694442254369 0.0 121
1694442254644 0.0 122
1694442254934 0.0 123
1694442255221 0.0 124
1694442255494 0.0 125
1694442255782 0.0 126
1694442256094 0.0 127
1694442256355 0.0 128
1694442256642 0.0 129
1694442256936 0.0 130
1694442257241 0.0 131
1694442257536 0.0 132
1694442257898 0.0 133
1694442258208 0.0 134
1694442258511 0.0 135
1694442258815 0.0 136
1694442259079 0.0 137
1694442259387 0.0 138
1694442259692 0.0 139
1694442259982 0.0 140
1694442260255 0.0 141
1694442260549 0.0 142
1694442260849 0.0 143
1694442261142 0.0 144
1694442261451 0.0 145
1694442261762 0.0 146
1694442262062 0.0 147
1694442262357 0.0 148
1694442262647 0.0 149
1694442262953 0.0 150
1694442263261 0.0 151
1694442263542 0.0 152
1694442263858 0.0 153
1694442264158 0.0 154
1694442264460 0.0 155
1694442264770 0.0 156
1694442265049 0.0 157
1694442265337 0.0 158
1694442265638 0.0 159
1694442265953 0.0 160
1694442266290 0.0 161
1694442266599 0.0 162
1694442266921 0.0 163
1694442267246 0.0 164
1694442267555 0.0 165
1694442267882 0.0 166
1694442268195 0.0 167
1694442268497 0.0 168
1694442268803 0.0 169
1694442269146 0.0 170
1694442269463 0.0 171
1694442269782 0.0 172
1694442270092 0.0 173
1694442270400 0.0 174
1694442270713 0.0 175
1694442270986 0.0 176
1694442271293 0.0 177
1694442271603 0.0 178
1694442271893 0.0 179
1694442272208 0.0 180
1694442272499 0.0 181
1694442272780 0.0 182
1694442273090 0.0 183
1694442273429 0.0 184
1694442273746 0.0 185
1694442274062 0.0 186
1694442274317 0.0 187
1694442274629 0.0 188
1694442274916 0.0 189
1694442275226 0.0 190
1694442275536 0.0 191
1694442275804 0.0 192
1694442276102 0.0 193
1694442276395 0.0 194
1694442276678 0.0 195
1694442276979 0.0 196
1694442277306 0.0 197
1694442277569 0.0 198
1694442277860 0.0 199
1694442278144 0.0 200
1694442278393 0.0 201
1694442278682 0.0 202
1694442278964 0.0 203
1694442279245 0.0 204
1694442279560 0.0 205
1694442279881 0.0 206
1694442280188 0.0 207
1694442280503 0.0 208
1694442280803 0.0 209
1694442281112 0.0 210
1694442281414 0.0 211
1694442281724 0.0 212
1694442282022 0.0 213
1694442282281 0.0 214
1694442282553 0.0 215
1694442282845 0.0 216
1694442283117 0.0 217
1694442283415 0.0 218
1694442283684 0.0 219
1694442283931 0.0 220
1694442284238 0.0 221
1694442284540 0.0 222
1694442284848 0.0 223
1694442285172 0.0 224
1694442285478 0.0 225
1694442285782 0.0 226
1694442286069 0.0 227
1694442286380 0.0 228
1694442286694 0.0 229
1694442287016 0.0 230
1694442287328 0.0 231
1694442287626 0.0 232
1694442287975 0.0 233
1694442288280 0.0 234
1694442288592 0.0 235
1694442288878 0.0 236
1694442289182 0.0 237
1694442289451 0.0 238
1694442289790 0.0 239
1694442290099 0.0 240
1694442290414 0.0 241
1694442290700 0.0 242
1694442291022 0.0 243
1694442291288 0.0 244
1694442291581 0.0 245
1694442291888 0.0 246
1694442292226 0.0 247
1694442292526 0.0 248
1694442292796 0.0 249
1694442293067 0.0 250
1694442293328 0.0 251
1694442293620 0.0 252
1694442293906 0.0 253
1694442294196 0.0 254
1694442294498 0.0 255
1694442294788 0.0 256
1694442295095 0.0 257
1694442295363 0.0 258
1694442295650 0.0 259
1694442295953 0.0 260
1694442296230 0.0 261
1694442296554 0.0 262
1694442296832 0.0 263
1694442297130 0.0 264
1694442297442 0.0 265
1694442297727 0.0 266
1694442298018 0.0 267
1694442298350 0.0 268
1694442298629 0.0 269
1694442298925 0.0 270
1694442299200 0.0 271
1694442299463 0.0 272
1694442299766 0.0 273
1694442300073 0.0 274
1694442300384 0.0 275
1694442300692 0.0 276
1694442300965 0.0 277
1694442301270 0.0 278
1694442301579 0.0 279
1694442301888 0.0 280
1694442302199 0.0 281
1694442302513 0.0 282
1694442302789 0.0 283
1694442303101 0.0 284
1694442303417 0.0 285
1694442303732 0.0 286
1694442304039 0.0 287
1694442304353 0.0 288
1694442304676 0.0 289
1694442305010 0.0 290
1694442305359 0.0 291
1694442305673 0.0 292
1694442305995 0.0 293
1694442306299 0.0 294
1694442306671 0.0 295
1694442306937 0.0 296
1694442307242 0.0 297
1694442307532 0.0 298
1694442307842 0.0 299
1694442308196 0.0 300
1694442308508 0.0 301
1694442308820 0.0 302
1694442309132 0.0 303
1694442309423 0.0 304
1694442309727 0.0 305
1694442310048 0.0 306
1694442310349 0.0 307
1694442310650 0.0 308
1694442310949 0.0 309
1694442311246 0.0 310
1694442311561 0.0 311
1694442311844 0.0 312
1694442312176 0.0 313
1694442312481 0.0 314
1694442312791 0.0 315
1694442313109 0.0 316
1694442313435 0.0 317
1694442313738 0.0 318
1694442314040 0.0 319
1694442314363 0.0 320
1694442314649 0.0 321
1694442314955 0.0 322
1694442315255 0.0 323
1694442315567 0.0 324
1694442315894 0.0 325
1694442316219 0.0 326
1694442316525 0.0 327
1694442316834 0.0 328
1694442317161 0.0 329
1694442317480 0.0 330
1694442317772 0.0 331
1694442318075 0.0 332
1694442318390 0.0 333
1694442318703 0.0 334
1694442319025 0.0 335
1694442319357 0.0 336
1694442319637 0.0 337
1694442319908 0.0 338
1694442320196 0.0 339
1694442320475 0.0 340
1694442320769 0.0 341
1694442321072 0.0 342
1694442321403 0.0 343
1694442321712 0.0 344
1694442321989 0.0 345
1694442322266 0.0 346
1694442322564 0.0 347
1694442322901 0.0 348
1694442323213 0.0 349
1694442323527 0.0 350
1694442323837 0.0 351
1694442324149 0.0 352
1694442324465 0.0 353
1694442324758 0.0 354
1694442325046 0.0 355
1694442325366 0.0 356
1694442325691 0.0 357
1694442326018 0.0 358
1694442326342 0.0 359
1694442326694 0.0 360
1694442327019 0.0 361
1694442327342 0.0 362
1694442327619 0.0 363
1694442327916 0.0 364
1694442328249 0.0 365
1694442328550 0.0 366
1694442328851 0.0 367
1694442329110 0.0 368
1694442329388 0.0 369
1694442329704 0.0 370
1694442330024 0.0 371
1694442330345 0.0 372
1694442330649 0.0 373
1694442330963 0.0 374
1694442331265 0.0 375
1694442331558 0.0 376
1694442331874 0.0 377
1694442332177 0.0 378
1694442332490 0.0 379
1694442332796 0.0 380
1694442333118 0.0 381
1694442333445 0.0 382
1694442333770 0.0 383
1694442334081 0.0 384
1694442334391 0.0 385
1694442334690 0.0 386
1694442334992 0.0 387
1694442335275 0.0 388
1694442335599 0.0 389
1694442335935 0.0 390
1694442336262 0.0 391
1694442336570 0.0 392
1694442336926 0.0 393
1694442337202 0.0 394
1694442337492 0.0 395
1694442337831 0.0 396
1694442338164 0.0 397
1694442338497 0.0 398
1694442338825 0.0 399
1694442339150 0.0 400
1694442339470 0.0 401
1694442339777 0.0 402
1694442340108 0.0 403
1694442340436 0.0 404
1694442340741 0.0 405
1694442341047 0.0 406
1694442341336 0.0 407
1694442341653 0.0 408
1694442341982 0.0 409
1694442342293 0.0 410
1694442342608 0.0 411
1694442342912 0.0 412
1694442343231 0.0 413
1694442343518 0.0 414
1694442343840 0.0 415
1694442344165 0.0 416
1694442344422 0.0 417
1694442344732 0.0 418
1694442344997 0.0 419
1694442345313 0.0 420
1694442345641 0.0 421
1694442345976 0.0 422
1694442346295 0.0 423
1694442346623 0.0 424
1694442346967 0.0 425
1694442347318 0.0 426
1694442347660 0.0 427
1694442347972 0.0 428
1694442348309 0.0 429
1694442348578 0.0 430
1694442348879 0.0 431
1694442349195 0.0 432
1694442349514 0.0 433
1694442349826 0.0 434
1694442350150 0.0 435
1694442350457 0.0 436
1694442350778 0.0 437
1694442351116 0.0 438
1694442351412 0.0 439
1694442351738 0.0 440
1694442352074 0.0 441
1694442352408 0.0 442
1694442352730 0.0 443
1694442353058 0.0 444
1694442353388 0.0 445
1694442353699 0.0 446
1694442354050 0.0 447
1694442354375 0.0 448
1694442354668 0.0 449
1694442354983 0.0 450
1694442355282 0.0 451
1694442355645 0.0 452
1694442355950 0.0 453
1694442356274 0.0 454
1694442356542 0.0 455
1694442356834 0.0 456
1694442357133 0.0 457
1694442357442 0.0 458
1694442357755 0.0 459
1694442358078 0.0 460
1694442358375 0.0 461
1694442358651 0.0 462
1694442358970 0.0 463
1694442359280 0.0 464
1694442359610 0.0 465
1694442359932 0.0 466
1694442360232 0.0 467
1694442360588 0.0 468
1694442360875 0.0 469
1694442361150 0.0 470
1694442361436 0.0 471
1694442361732 0.0 472
1694442362031 0.0 473
1694442362306 0.0 474
1694442362588 0.0 475
1694442362880 0.0 476
1694442363150 0.0 477
1694442363444 0.0 478
1694442363741 0.0 479
1694442364033 0.0 480
1694442364327 0.0 481
1694442364621 0.0 482
1694442364940 0.0 483
1694442365256 0.0 484
1694442365559 0.0 485
1694442365854 0.0 486
1694442366130 0.0 487
1694442366439 0.0 488
1694442366750 0.0 489
1694442367045 0.0 490
1694442367340 0.0 491
1694442367642 0.0 492
1694442367932 0.0 493
1694442368242 0.0 494
1694442368545 0.0 495
1694442368841 0.0 496
1694442369154 0.0 497
1694442369418 0.0 498
1694442369718 0.0 499
