1694439801588 0.27951887858375124 0
1694439801905 0.003810133194236647 1
1694439802191 0.1574709564860817 2
1694439802509 0.04142623965803924 3
1694439802817 0.012755969007383912 4
1694439803098 0.15276550039454537 5
1694439803347 0.02356806116612308 6
1694439803596 0.0110866094936884 7
1694439803853 0.0244975710176969 8
1694439804110 0.011970712434056802 9
1694439804366 0.06157180379266111 10
1694439804625 0.008960633708084895 11
1694439804885 0.002535352629537426 12
1694439805144 0.09046299920454026 13
1694439805409 0.10165009279860987 14
1694439805680 0.027635576604620578 15
1694439806007 0.24875480531902458 16
1694439806267 0.2987563313403094 17
1694439806536 0.5319421574101161 18
1694439806781 0.08119323025171764 19
1694439807042 0.01934044702327026 20
1694439807332 0.7629648270510541 21
1694439807604 0.2578173941936825 22
1694439807871 0.16205094545888454 23
1694439808143 0.11223040645805775 24
1694439808413 0.008192165323182734 25
1694439808688 0.0026012933190981673 26
1694439808951 0.23602211411793736 27
1694439809212 0.13376818274841093 28
1694439809539 0.5480318462762636 29
1694439809798 0.24855351210702203 30
1694439810071 0.15214397214872458 31
1694439810346 0.023522380795040085 32
1694439810608 0.04512397107213745 33
1694439810871 0.0009962289455868424 34
1694439811049 0.08985474354052476 35
1694439811392 0.14497731174354078 36
1694439811599 0.00014701543858827948 37
1694439811880 0.0280351776749954 38
1694439812128 0.10525536568139039 39
1694439812386 0.019189430083201037 40
1694439812638 0.07584762398745562 41
1694439812891 0.019271212973265426 42
1694439813105 0.008052939528537799 43
1694439813418 0.23961258186295994 44
1694439813690 5.007773795901436e-05 45
1694439813963 0.04336388513962182 46
1694439814214 0.0652305465572396 47
1694439814471 0.017024028765427843 48
1694439814720 0.010350119125203658 49
1694439814965 0.000256727521749751 50
1694439815222 0.027173963826361724 51
1694439815476 0.1317784000439425 52
1694439815707 0.004527667057381055 53
1694439815955 0.14206939308715605 54
1694439816226 0.060971280791537644 55
1694439816487 0.005445878326413371 56
1694439816758 0.2453906483757089 57
1694439817010 0.0004651316959857077 58
1694439817287 0.18780428729348037 59
1694439817571 0.010412275629708718 60
1694439817809 0.00865039684017137 61
1694439818059 0.0006202874598145073 62
1694439818319 0.030590601960801777 63
1694439818586 1.415590984567266 64
1694439818817 0.01610285165427538 65
1694439819104 0.02987691579762552 66
1694439819360 0.002470530608635175 67
1694439819658 0.011104692356575081 68
1694439819907 0.1926288917878287 69
1694439820172 0.14084900495601138 70
1694439820431 0.3907244186307991 71
1694439820691 0.34463593840381107 72
1694439820945 0.0212307686376026 73
1694439821208 3.2888209071553813e-06 74
1694439821480 0.32056703271871706 75
1694439821732 0.28729817302507743 76
1694439821989 0.22585567552225974 77
1694439822235 0.03439136343243637 78
1694439822498 0.005510699298127589 79
1694439822768 0.06857495228855955 80
1694439823002 0.10413615150411142 81
1694439823254 0.27529270692814634 82
1694439823522 0.21239673365309436 83
1694439823785 0.09980653605840421 84
1694439824046 0.37777202561422035 85
1694439824302 0.1348937903905589 86
1694439824577 0.5120565676053533 87
1694439824816 0.0007175654438810119 88
1694439825073 0.15256321460986477 89
1694439825335 0.04605099632465613 90
1694439825603 0.19876130596098512 91
1694439825855 0.014448265139975432 92
1694439826095 1.709939524469685e-06 93
1694439826368 0.0032143329073848464 94
1694439826631 0.0010713518999029702 95
1694439826875 0.06530071810454735 96
1694439827142 0.12208328491270704 97
1694439827400 0.06249014950991986 98
1694439827630 0.03313379012833226 99
1694439827867 0.34828693875296907 100
1694439828112 0.3949015910117882 101
1694439828365 0.028904057416943935 102
1694439828655 0.32482511803741587 103
1694439828912 0.05003957529821234 104
1694439829165 0.23711143834025727 105
1694439829406 0.0017998122473016657 106
1694439829639 0.019312163700075505 107
1694439829865 0.13396478773451692 108
1694439830101 0.5368475233134109 109
1694439830340 0.008575701900681621 110
1694439830589 0.0012417712326587486 111
1694439830854 0.22995065360403144 112
1694439831154 0.0007090937637427319 113
1694439831457 0.00021564344154991508 114
1694439831719 0.12784518422958932 115
1694439831968 0.00277046264865949 116
1694439832222 0.11031155476552996 117
1694439832497 0.12649934993768136 118
1694439832758 0.05742691739115628 119
1694439833019 0.21237537730168704 120
1694439833281 0.012799939957131514 121
1694439833526 0.04075994954850537 122
1694439833752 0.19029781310910504 123
1694439833966 0.0004936983948035274 124
1694439834233 0.02443142518371983 125
1694439834491 0.11796828191501219 126
1694439834719 0.19226452553658246 127
1694439834959 0.1223608981639926 128
1694439835195 0.007624063063854622 129
1694439835426 0.282317975691926 130
1694439835650 0.0548078080135229 131
1694439835896 0.023345537796899647 132
1694439836135 0.017966851932003026 133
1694439836358 0.0601365952308851 134
1694439836591 0.005608284177982461 135
1694439836820 0.10378925461465185 136
1694439837042 0.10361334124960984 137
1694439837267 0.0066554583806869875 138
1694439837496 8.250062773594947e-06 139
1694439837731 0.34332467981943615 140
1694439837950 0.06761969710619085 141
1694439838177 0.0278642045945244 142
1694439838457 0.20727552848964476 143
1694439838746 0.043457458186607 144
1694439838992 0.035171330356999146 145
1694439839250 0.026733830882961766 146
1694439839521 0.031364279935409266 147
1694439839831 0.07397813775700954 148
1694439840104 0.047112474282549305 149
1694439840345 0.1555601293975508 150
1694439840600 0.42374860170800716 151
1694439840839 0.03262662335876498 152
1694439841073 0.19892379068638918 153
1694439841346 0.1331787423635252 154
1694439841618 0.0005884520086556179 155
1694439841889 0.041257321842415595 156
1694439842158 0.008917467871513037 157
1694439842420 0.07978675301443308 158
1694439842686 0.13795717722454096 159
1694439842922 0.10821826359188116 160
1694439843172 0.014932083853674321 161
1694439843434 0.017321216833080917 162
1694439843706 0.025704848502939373 163
1694439843951 0.03446764829249055 164
1694439844175 0.1361422456663628 165
1694439844410 0.00157738061831272 166
1694439844645 0.0015193232586617276 167
1694439844885 0.030523719992375357 168
1694439845151 0.03592145918748738 169
1694439845395 0.02179567298795749 170
1694439845651 0.0892636496462118 171
1694439845911 0.0012226181447210396 172
1694439846156 0.00011937674174148508 173
1694439846416 0.0499754104828029 174
1694439846660 0.024040685869926096 175
1694439846902 0.40192255578072145 176
1694439847136 0.0014839070500090308 177
1694439847395 0.21368391748923382 178
1694439847628 0.16892054022730638 179
1694439847870 0.05080850368040666 180
1694439848102 0.18958361579729502 181
1694439848373 0.10333646697358019 182
1694439848630 2.2324530318986464 183
1694439848893 0.04806559089658674 184
1694439849147 0.018725377703931772 185
1694439849400 0.2623089325189671 186
1694439849657 0.18081804121196224 187
1694439849923 0.6280469590396439 188
1694439850177 0.06849917640818677 189
1694439850416 0.014807589120812278 190
1694439850689 0.23115817833256255 191
1694439850947 0.003474265448809037 192
1694439851210 0.11034397957028112 193
1694439851465 0.09671086088449218 194
1694439851728 0.0401579475865828 195
1694439851993 0.10741484965395078 196
1694439852225 0.21279094664288567 197
1694439852492 0.38728510769911895 198
1694439852767 0.049615513685111856 199
1694439853033 0.239133912194522 200
1694439853305 0.21016380188775968 201
1694439853583 0.09239637368927785 202
1694439853872 0.14766206191108772 203
1694439854162 0.07490543303535838 204
1694439854421 0.00018354612962068274 205
1694439854717 0.5293468741633118 206
1694439854976 1.743637447653775e-05 207
1694439855247 0.10493596312170758 208
1694439855515 0.1841301922358424 209
1694439855770 0.032237989417259715 210
1694439856009 0.0029896014222889696 211
1694439856294 0.09234460035629151 212
1694439856551 4.0355676571189206e-05 213
1694439856782 0.025899183676015607 214
1694439857021 0.056637380479786566 215
1694439857253 0.03060351867738468 216
1694439857541 0.18496047389278378 217
1694439857780 0.044957234529622636 218
1694439858011 0.0928613902261481 219
1694439858243 0.005942950397976155 220
1694439858491 0.047997184822027195 221
1694439858758 0.0002060593776671091 222
1694439859038 0.0375379718776954 223
1694439859318 0.046171857964670965 224
1694439859591 0.10648421880354489 225
1694439859872 0.14936107032972423 226
1694439860128 0.10239492846810055 227
1694439860363 0.04524001724379768 228
1694439860623 0.20037497109127098 229
1694439860872 0.03092746381481235 230
1694439861143 0.11422209594372372 231
1694439861421 0.004118815263049306 232
1694439861687 0.008669401224190939 233
1694439861930 0.04188023528828126 234
1694439862189 0.006070681717861206 235
1694439862448 8.313591320893155e-05 236
1694439862693 0.3629958347632685 237
1694439862947 0.2372390820353331 238
1694439863199 0.019011856165985157 239
1694439863458 0.053924372998383804 240
1694439863713 0.007454320464525482 241
1694439863952 0.007671766258431961 242
1694439864194 0.3008431469872008 243
1694439864464 0.013807309834949901 244
1694439864711 0.14030700329600354 245
1694439864962 0.032415327091030066 246
1694439865210 0.11525285154817061 247
1694439865496 0.003907220751580817 248
1694439865768 0.3025076868576113 249
1694439866005 0.04854096652402456 250
1694439866253 0.08219731948159353 251
1694439866546 0.019633150019608428 252
1694439866774 0.5159240459333344 253
1694439867037 0.11660392060368795 254
1694439867267 0.267120907205902 255
1694439867505 0.4727408415085586 256
1694439867738 0.0035142546900661224 257
1694439867984 0.4197843045012756 258
1694439868226 0.22273583055253876 259
1694439868483 0.5804066446648448 260
1694439868725 0.12351855645663862 261
1694439869002 0.027446309197489704 262
1694439869273 0.0011278092728745337 263
1694439869515 0.6073959056910148 264
1694439869756 0.8301058514519575 265
1694439870012 0.11028253929481568 266
1694439870274 0.19327630806489335 267
1694439870523 0.005544107066433138 268
1694439870778 0.2793077507447598 269
1694439871017 4.0783965001968497e-07 270
1694439871270 0.05815806330593567 271
1694439871533 0.006994497374902914 272
1694439871793 0.1585118618419936 273
1694439872067 0.15241809117035104 274
1694439872338 0.11396687617443955 275
1694439872580 0.06474958255430535 276
1694439872836 0.08085164036534782 277
1694439873072 0.18626814446256515 278
1694439873331 0.08004696881449665 279
1694439873585 0.4109721758682932 280
1694439873834 0.011241734295929142 281
1694439874071 0.08469630424358099 282
1694439874320 0.03968755591649255 283
1694439874575 0.4336464968057561 284
1694439874823 0.0011196820632802015 285
1694439875086 0.0004361024911120288 286
1694439875349 0.2612033400209571 287
1694439875602 0.01781566639680636 288
1694439875839 0.1391807868091362 289
1694439876082 0.009375052330993274 290
1694439876350 0.10964905720539211 291
1694439876636 0.027576026732329416 292
1694439876904 0.00350544706048824 293
1694439877164 0.14393349910458741 294
1694439877402 0.011492299293322145 295
1694439877633 0.06915542770361888 296
1694439877889 0.09674065425528597 297
1694439878144 0.002925634209658625 298
1694439878401 1.362141647835448 299
1694439878652 0.0033989098937702565 300
1694439878903 0.11342224064275898 301
1694439879200 0.017085232470453966 302
1694439879479 0.03669633673824624 303
1694439879717 0.009028947716602446 304
1694439879917 0.007323023689555042 305
1694439880222 0.042318013879601775 306
1694439880504 0.0016548517229206137 307
1694439880785 0.06034055621164343 308
1694439881063 0.006981557973444759 309
1694439881317 0.05784849436446431 310
1694439881570 0.0058115272244644795 311
1694439881814 0.21786454205405767 312
1694439882050 0.026521347790190636 313
1694439882316 0.01546603197806796 314
1694439882555 0.0005248478599983073 315
1694439882810 0.024890623355298055 316
1694439883066 0.026566515365971793 317
1694439883318 0.03149206068793746 318
1694439883579 0.4189935001795246 319
1694439883839 0.03387828542580635 320
1694439884086 0.017504623196135657 321
1694439884325 0.20041233427206467 322
1694439884563 0.04124333711215106 323
1694439884823 0.1465449687183859 324
1694439885066 0.07134200989990368 325
1694439885310 0.001502780932876257 326
1694439885570 0.2312438201537815 327
1694439885817 0.009013549924950414 328
1694439886080 0.0010069709079813553 329
1694439886352 0.22443167381896714 330
1694439886604 0.002709021793111764 331
1694439886867 0.11965276073866496 332
1694439887134 0.031153584837099256 333
1694439887401 0.14824504992066095 334
1694439887665 0.586730291356848 335
1694439887936 0.3230645774843025 336
1694439888195 0.028900505998873977 337
1694439888470 0.1743280858154248 338
1694439888718 0.00015351496839932532 339
1694439888977 0.0005925946776113871 340
1694439889255 0.00019104655020158237 341
1694439889484 0.20096165403404473 342
1694439889724 0.019407773217886237 343
1694439890007 0.3667105496084933 344
1694439890254 0.014114027472858339 345
1694439890487 0.5369946293642741 346
1694439890712 0.1944629259092779 347
1694439890951 0.10056712969509345 348
1694439891194 0.0049317677007474445 349
1694439891462 0.017148493333832567 350
1694439891698 0.17891376220442842 351
1694439891959 0.3632252827730391 352
1694439892204 0.00230371424630179 353
1694439892471 0.02028544040758278 354
1694439892701 0.03171816735863734 355
1694439892938 0.17246097128066354 356
1694439893177 0.017156708673633312 357
1694439893408 0.019784873480195093 358
1694439893630 8.67703056345099e-06 359
1694439893872 0.35355459197678774 360
1694439894110 0.005857323979220055 361
1694439894362 0.00014588174687051752 362
1694439894613 0.043929505503227245 363
1694439894862 0.088844932288404 364
1694439895117 0.000456925687032606 365
1694439895384 0.022305234218183524 366
1694439895643 0.002174422997124592 367
1694439895897 0.018343450158601365 368
1694439896157 0.10972939553970741 369
1694439896412 0.14687665694322297 370
1694439896657 0.000966971290359281 371
1694439896917 0.0017907497459987677 372
1694439897186 0.08783075914671884 373
1694439897438 0.2820635821780645 374
1694439897688 0.34483797880832917 375
1694439897937 0.029140518445519546 376
1694439898187 0.08129788891798807 377
1694439898455 0.033043527555424716 378
1694439898704 0.10573761046755115 379
1694439898944 0.09652603774576553 380
1694439899184 0.05655211009686999 381
1694439899461 0.10586890037552323 382
1694439899706 0.18652153118467646 383
1694439899939 1.0196945474626802 384
1694439900234 0.020843034899955103 385
1694439900525 0.08660990624614814 386
1694439900795 0.004764318084033225 387
1694439901038 0.008986505152753706 388
1694439901280 0.09297056679899096 389
1694439901517 0.14439072212361637 390
1694439901773 0.2497539893130727 391
1694439902057 0.19957341780357513 392
1694439902300 0.040916961669053946 393
1694439902536 0.13348852688173554 394
1694439902732 0.11886963721455414 395
1694439903006 0.2954318018593323 396
1694439903238 0.0831667366877169 397
1694439903482 1.9091354326319518 398
1694439903740 0.040848190785446166 399
1694439904010 0.0007993948284306849 400
1694439904259 0.04005206570693184 401
1694439904500 0.4096970843568681 402
1694439904751 0.06387823079991453 403
1694439904996 0.023037742330982748 404
1694439905231 0.15325743095660083 405
1694439905508 0.046453588368293004 406
1694439905779 0.1551419734225482 407
1694439906045 0.12385964984199091 408
1694439906308 0.08533122862111317 409
1694439906574 0.05313655865355816 410
1694439906827 0.07918905255582469 411
1694439907082 0.05921224751600688 412
1694439907346 0.3173023792726731 413
1694439907613 0.2967054277559906 414
1694439907860 0.02571206003042467 415
1694439908099 0.24707498498177013 416
1694439908349 0.24790625999925736 417
1694439908595 0.14139266623647642 418
1694439908829 0.05528300233113184 419
1694439909078 0.12627040716033186 420
1694439909343 0.053176746287013854 421
1694439909623 0.04503117391705416 422
1694439909844 0.008685460938952339 423
1694439910098 0.0014475701031517762 424
1694439910353 0.0013561209741868184 425
1694439910622 0.041250563827197335 426
1694439910885 0.2329252812909751 427
1694439911034 0.10261573589664308 428
1694439911368 0.02862098262561058 429
1694439911604 0.20319922599095425 430
1694439911829 0.1757055628501162 431
1694439912058 0.0001460478417138886 432
1694439912295 0.02867291403275018 433
1694439912533 0.17561576880247476 434
1694439912758 0.02538763301731714 435
1694439912988 0.034983698419959415 436
1694439913231 0.624051220574507 437
1694439913451 0.0025435741437053916 438
1694439913690 0.019900132520856154 439
1694439913911 0.9374239191477461 440
1694439914135 0.0015778184273554498 441
1694439914373 0.6647068688010765 442
1694439914598 0.14141960962819441 443
1694439914848 0.3718367034322725 444
1694439915091 0.009508590365773444 445
1694439915321 0.15878213891896797 446
1694439915577 0.05671826563568644 447
1694439915808 0.19520206804137336 448
1694439916043 0.1168500339058195 449
1694439916279 0.009226782832148398 450
1694439916540 0.5883784066788954 451
1694439916786 0.004222545199636959 452
1694439917062 0.30870915803266485 453
1694439917335 0.04100533973244418 454
1694439917591 0.08985415797383692 455
1694439917849 0.08740046139987022 456
1694439918118 0.01792125031347323 457
1694439918389 0.07410186144907889 458
1694439918637 0.22644102901180482 459
1694439918861 0.25318486243483324 460
1694439919139 0.023000204874525358 461
1694439919387 0.043472118304689174 462
1694439919675 0.4183750522841679 463
1694439919920 0.05747946011366407 464
1694439920260 0.03944502160681523 465
1694439920484 0.009169845284987705 466
1694439920733 0.0011813484686495103 467
1694439921017 0.0020817109650026625 468
1694439921279 0.07441141820438375 469
1694439921541 0.0039337306335968 470
1694439921843 0.0547359171825744 471
1694439922110 0.023236256052546894 472
1694439922373 0.07892098861839554 473
1694439922624 0.3260672196086727 474
1694439922868 0.06211397091304813 475
1694439923168 0.4936410365074068 476
1694439923435 0.17053641648699203 477
1694439923665 0.07660655371933804 478
1694439923912 0.07897708314625067 479
1694439924157 0.06176583968482395 480
1694439924412 0.1940723171062595 481
1694439924658 0.07398540626743506 482
1694439924899 0.3675754494052618 483
1694439925144 0.010328793012117605 484
1694439925367 0.09480607657660368 485
1694439925604 0.019998198757513692 486
1694439925823 0.00766242280169491 487
1694439926047 0.17639559875284727 488
1694439926293 0.004580741853915681 489
1694439926548 0.0047131607079343475 490
1694439926827 0.011076563188568067 491
1694439927126 0.01583170186957369 492
1694439927384 0.001734311282113641 493
1694439927663 0.019658251404861212 494
1694439927933 0.02992236911322205 495
1694439928177 0.10515919770537449 496
1694439928417 0.15021244992773133 497
1694439928675 0.08345911694123513 498
1694439928930 0.0009341214788898737 499
