1694444524487 171.03491649932224 0
1694444524526 170.69305330957883 1
1694444524566 170.3518744967862 2
1694444524616 170.01137868946523 3
1694444524674 169.67156451888948 4
1694444524730 169.33243061907947 5
1694444524776 168.99397562679735 6
1694444524816 168.65619818154127 7
1694444524873 168.31909692553992 8
1694444524907 167.98267050374704 9
1694444524950 167.64691756383584 10
1694444524987 167.31183675619374 11
1694444525022 166.97742673391667 12
1694444525062 166.64368615280378 13
1694444525100 166.31061367135197 14
1694444525153 165.97820795075043 15
1694444525208 165.64646765487515 16
1694444525257 165.31539145028378 17
1694444525298 164.98497800620993 18
1694444525337 164.6552259945579 19
1694444525381 164.32613408989747 20
1694444525417 163.99770096945824 21
1694444525454 163.66992531312448 22
1694444525489 163.34280580342977 23
1694444525524 163.0163411255516 24
1694444525559 162.6905299673061 25
1694444525597 162.3653710191428 26
1694444525638 162.04086297413917 27
1694444525689 161.7170045279954 28
1694444525720 161.39379437902926 29
1694444525751 161.07123122817063 30
1694444525782 160.7493137789563 31
1694444525815 160.42804073752487 32
1694444525849 160.10741081261145 33
1694444525882 159.7874227155421 34
1694444525916 159.46807516022935 35
1694444525950 159.14936686316616 36
1694444525988 158.83129654342136 37
1694444526020 158.51386292263425 38
1694444526083 158.19706472500928 39
1694444526120 157.8809006773111 40
1694444526183 157.56536950885945 41
1694444526221 157.25046995152368 42
1694444526273 156.9362007397181 43
1694444526305 156.62256061039645 44
1694444526339 156.30954830304697 45
1694444526385 155.99716255968738 46
1694444526415 155.68540212485968 47
1694444526454 155.37426574562502 48
1694444526491 155.06375217155875 49
1694444526524 154.75386015474538 50
1694444526574 154.44458844977336 51
1694444526606 154.13593581373036 52
1694444526653 153.82790100619778 53
1694444526697 153.5204827892462 54
1694444526731 153.21367992743006 55
1694444526777 152.90749118778282 56
1694444526808 152.601915339812 57
1694444526839 152.296951155494 58
1694444526875 151.99259740926945 59
1694444526906 151.68885287803784 60
1694444526937 151.38571634115297 61
1694444526970 151.08318658041787 62
1694444527001 150.7812623800798 63
1694444527035 150.47994252682537 64
1694444527125 150.17922580977577 65
1694444527191 149.8791110204816 66
1694444527254 149.57959695291828 67
1694444527292 149.28068240348097 68
1694444527327 148.98236617097984 69
1694444527370 148.68464705663513 70
1694444527405 148.38752386407222 71
1694444527436 148.09099539931705 72
1694444527475 147.79506047079107 73
1694444527514 147.49971788930642 74
1694444527548 147.20496646806131 75
1694444527586 146.91080502263512 76
1694444527619 146.61723237098346 77
1694444527656 146.3242473334336 78
1694444527699 146.0318487326797 79
1694444527733 145.74003539377787 80
1694444527766 145.4488061441416 81
1694444527798 145.158159813537 82
1694444527826 144.86809523407786 83
1694444527857 144.57861124022125 84
1694444527888 144.28970666876256 85
1694444527919 144.00138035883097 86
1694444527949 143.71363115188458 87
1694444527980 143.42645789170592 88
1694444528015 143.1398594243971 89
1694444528044 142.85383459837522 90
1694444528084 142.5683822643678 91
1694444528118 142.28350127540804 92
1694444528158 141.99919048683012 93
1694444528203 141.71544875626475 94
1694444528238 141.43227494363435 95
1694444528275 141.14966791114867 96
1694444528321 140.86762652330003 97
1694444528353 140.5861496468587 98
1694444528398 140.3052361508685 99
1694444528433 140.02488490664203 100
1694444528466 139.74509478775622 101
1694444528512 139.46586467004786 102
1694444528550 139.1871934316088 103
1694444528591 138.90907995278167 104
1694444528638 138.63152311615517 105
1694444528688 138.35452180655975 106
1694444528722 138.07807491106288 107
1694444528767 137.80218131896484 108
1694444528819 137.5268399217938 109
1694444528870 137.2520496133018 110
1694444528908 136.97780928946005 111
1694444528938 136.7041178484544 112
1694444528969 136.43097419068107 113
1694444529013 136.15837721874206 114
1694444529051 135.8863258374409 115
1694444529091 135.6148189537779 116
1694444529127 135.34385547694615 117
1694444529187 135.07343431832672 118
1694444529226 134.8035543914846 119
1694444529270 134.5342146121639 120
1694444529305 134.26541389828407 121
1694444529348 133.99715116993485 122
1694444529409 133.7294253493724 123
1694444529443 133.46223536101482 124
1694444529476 133.19558013143757 125
1694444529517 132.92945858936952 126
1694444529554 132.6638696656883 127
1694444529590 132.3988122934162 128
1694444529635 132.13428540771565 129
1694444529676 131.87028794588522 130
1694444529739 131.60681884735493 131
1694444529807 131.34387705368235 132
1694444529854 131.08146150854802 133
1694444529904 130.81957115775137 134
1694444529941 130.55820494920644 135
1694444529974 130.29736183293753 136
1694444530020 130.03704076107505 137
1694444530052 129.7772406878513 138
1694444530090 129.5179605695961 139
1694444530152 129.25919936473278 140
1694444530208 129.00095603377383 141
1694444530265 128.74322953931673 142
1694444530299 128.48601884603983 143
1694444530333 128.229322920698 144
1694444530366 127.97314073211867 145
1694444530399 127.7174712511975 146
1694444530431 127.46231345089433 147
1694444530468 127.20766630622894 148
1694444530503 126.953528794277 149
1694444530536 126.69989989416585 150
1694444530570 126.44677858707043 151
1694444530606 126.19416385620913 152
1694444530639 125.9420546868398 153
1694444530674 125.69045006625544 154
1694444530748 125.43934898378035 155
1694444530798 125.1887504307658 156
1694444530841 124.93865340058613 157
1694444530890 124.6890568886347 158
1694444530936 124.4399598923197 159
1694444530976 124.19136141106017 160
1694444531009 123.94326044628198 161
1694444531040 123.69565600141381 162
1694444531070 123.448547081883 163
1694444531099 123.20193269511174 164
1694444531136 122.9558118505128 165
1694444531169 122.71018355948584 166
1694444531206 122.46504683541313 167
1694444531243 122.22040069365576 168
1694444531281 121.97624415154951 169
1694444531322 121.73257622840107 170
1694444531355 121.48939594548389 171
1694444531392 121.24670232603435 172
1694444531438 121.00449439524776 173
1694444531482 120.76277118027446 174
1694444531526 120.52153171021584 175
1694444531567 120.2807750161205 176
1694444531601 120.04050013098022 177
1694444531653 119.80070608972619 178
1694444531688 119.56139192922502 179
1694444531731 119.32255668827486 180
1694444531761 119.08419940760155 181
1694444531792 118.84631912985473 182
1694444531835 118.608914899604 183
1694444531872 118.37198576333502 184
1694444531919 118.13553076944568 185
1694444531954 117.89954896824224 186
1694444531990 117.66403941193555 187
1694444532035 117.42900115463715 188
1694444532075 117.1944332523555 189
1694444532110 116.96033476299216 190
1694444532157 116.726704746338 191
1694444532209 116.49354226406935 192
1694444532252 116.26084637974425 193
1694444532287 116.02861615879868 194
1694444532332 115.79685066854282 195
1694444532372 115.5655489781571 196
1694444532422 115.33471015868871 197
1694444532460 115.10433328304771 198
1694444532505 114.87441742600319 199
1694444532552 114.64496166417979 200
1694444532588 114.4159650760537 201
1694444532622 114.18742674194912 202
1694444532664 113.95934574403451 203
1694444532703 113.73172116631878 204
1694444532746 113.50455209464776 205
1694444532781 113.27783761670042 206
1694444532823 113.05157682198517 207
1694444532864 112.82576880183618 208
1694444532903 112.6004126494098 209
1694444532943 112.37550745968082 210
1694444532976 112.15105232943881 211
1694444533024 111.92704635728454 212
1694444533059 111.70348864362626 213
1694444533093 111.48037829067614 214
1694444533141 111.25771440244665 215
1694444533172 111.03549608474682 216
1694444533215 110.8137224451788 217
1694444533260 110.59239259313412 218
1694444533293 110.37150563979023 219
1694444533339 110.15106069810673 220
1694444533381 109.93105688282202 221
1694444533434 109.7114933104495 222
1694444533472 109.49236909927416 223
1694444533508 109.27368336934893 224
1694444533548 109.05543524249121 225
1694444533587 108.8376238422793 226
1694444533655 108.62024829404875 227
1694444533703 108.403307724889 228
1694444533744 108.18680126363975 229
1694444533775 107.97072804088754 230
1694444533815 107.75508718896207 231
1694444533853 107.53987784193289 232
1694444533885 107.3250991356058 233
1694444533919 107.11075020751933 234
1694444533952 106.89683019694141 235
1694444533984 106.68333824486571 236
1694444534021 106.47027349400831 237
1694444534055 106.2576350888042 238
1694444534093 106.04542217540374 239
1694444534139 105.83363390166934 240
1694444534181 105.62226941717208 241
1694444534222 105.41132787318803 242
1694444534269 105.20080842269499 243
1694444534350 104.9907102203691 244
1694444534442 104.78103242258133 245
1694444534516 104.57177418739417 246
1694444534584 104.36293467455818 247
1694444534639 104.15451304550855 248
1694444534687 103.94650846336185 249
1694444534742 103.73892009291251 250
1694444534789 103.53174710062954 251
1694444534851 103.32498865465318 252
1694444534890 103.11864392479146 253
1694444534937 102.91271208251685 254
1694444534968 102.70719230096309 255
1694444535001 102.50208375492163 256
1694444535048 102.29738562083843 257
1694444535082 102.09309707681054 258
1694444535122 101.88921730258295 259
1694444535162 101.68574547954512 260
1694444535192 101.48268079072773 261
1694444535235 101.28002242079944 262
1694444535276 101.07776955606344 263
1694444535325 100.8759213844544 264
1694444535368 100.674477095535 265
1694444535405 100.47343588049273 266
1694444535455 100.27279693213667 267
1694444535483 100.07255944489414 268
1694444535521 99.87272261480751 269
1694444535566 99.67328563953099 270
1694444535603 99.47424771832729 271
1694444535654 99.27560805206446 272
1694444535687 99.07736584321269 273
1694444535723 98.87952029584108 274
1694444535755 98.68207061561428 275
1694444535781 98.48501600978956 276
1694444535822 98.28835568721335 277
1694444535863 98.09208885831825 278
1694444535891 97.89621473511971 279
1694444535925 97.70073253121289 280
1694444535964 97.50564146176954 281
1694444535993 97.31094074353476 282
1694444536032 97.11662959482385 283
1694444536068 96.92270723551921 284
1694444536099 96.72917288706716 285
1694444536143 96.53602577247477 286
1694444536182 96.34326511630681 287
1694444536222 96.1508901446825 288
1694444536267 95.9589000852725 289
1694444536298 95.76729416729576 290
1694444536340 95.57607162151638 291
1694444536381 95.38523168024048 292
1694444536417 95.19477357731324 293
1694444536454 95.00469654811569 294
1694444536484 94.81499982956164 295
1694444536521 94.62568266009464 296
1694444536563 94.43674427968487 297
1694444536593 94.24818392982607 298
1694444536624 94.0600008535326 299
1694444536671 93.87219429533617 300
1694444536724 93.68476350128299 301
1694444536771 93.49770771893063 302
1694444536804 93.31102619734502 303
1694444536854 93.12471818709739 304
1694444536886 92.93878294026122 305
1694444536919 92.7532197104094 306
1694444536964 92.56802775261097 307
1694444536999 92.38320632342828 308
1694444537041 92.19875468091394 309
1694444537071 92.01467208460784 310
1694444537103 91.83095779553418 311
1694444537140 91.64761107619836 312
1694444537173 91.4646311905843 313
1694444537206 91.28201740415113 314
1694444537240 91.09976898383043 315
1694444537277 90.91788519802326 316
1694444537308 90.73636531659709 317
1694444537350 90.55520861088306 318
1694444537385 90.37441435367283 319
1694444537420 90.1939818192158 320
1694444537457 90.01391028321606 321
1694444537489 89.8341990228296 322
1694444537526 89.65484731666129 323
1694444537577 89.47585444476202 324
1694444537610 89.29721968862582 325
1694444537650 89.11894233118683 326
1694444537681 88.94102165681663 327
1694444537715 88.76345695132113 328
1694444537754 88.58624750193789 329
1694444537785 88.40939259733307 330
1694444537818 88.23289152759865 331
1694444537856 88.05674358424956 332
1694444537884 87.88094806022087 333
1694444537916 87.70550424986486 334
1694444537951 87.53041144894816 335
1694444537984 87.355668954649 336
1694444538018 87.18127606555434 337
1694444538050 87.007232081657 338
1694444538083 86.83353630435288 339
1694444538114 86.66018803643814 340
1694444538150 86.48718658210639 341
1694444538182 86.31453124694586 342
1694444538211 86.14222133793666 343
1694444538243 85.97025616344786 344
1694444538274 85.79863503323486 345
1694444538304 85.62735725843648 346
1694444538338 85.4564221515723 347
1694444538372 85.28582902653974 348
1694444538405 85.11557719861146 349
1694444538439 84.94566598443245 350
1694444538474 84.77609470201736 351
1694444538505 84.60686267074777 352
1694444538537 84.43796921136934 353
1694444538598 84.26941364598918 354
1694444538670 84.10119529807308 355
1694444538702 83.93331349244279 356
1694444538749 83.76576755527323 357
1694444538792 83.59855681408989 358
1694444538842 83.43168059776603 359
1694444538888 83.26513823652002 360
1694444538923 83.09892906191263 361
1694444538959 82.93305240684428 362
1694444539002 82.76750760555245 363
1694444539055 82.60229399360897 364
1694444539093 82.43741090791721 365
1694444539149 82.27285768670964 366
1694444539184 82.10863366954497 367
1694444539225 81.94473819730557 368
1694444539272 81.78117061219477 369
1694444539305 81.61793025773433 370
1694444539346 81.45501647876156 371
1694444539393 81.29242862142692 372
1694444539460 81.13016603319126 373
1694444539505 80.96822806282321 374
1694444539542 80.8066140603966 375
1694444539584 80.64532337728771 376
1694444539626 80.4843553661728 377
1694444539675 80.32370938102547 378
1694444539718 80.16338477711398 379
1694444539758 80.00338091099869 380
1694444539799 79.84369714052957 381
1694444539835 79.68433282484342 382
1694444539873 79.52528732436149 383
1694444539912 79.3665600007867 384
1694444539952 79.20815021710123 385
1694444539991 79.05005733756387 386
1694444540032 78.89228072770746 387
1694444540074 78.73481975433639 388
1694444540127 78.57767378552398 389
1694444540184 78.42084219060996 390
1694444540232 78.26432434019799 391
1694444540272 78.10811960615295 392
1694444540309 77.95222736159862 393
1694444540358 77.79664698091503 394
1694444540401 77.64137783973597 395
1694444540437 77.48641931494639 396
1694444540475 77.33177078468009 397
1694444540516 77.17743162831701 398
1694444540551 77.02340122648083 399
1694444540586 76.86967896103648 400
1694444540619 76.71626421508759 401
1694444540672 76.563156372974 402
1694444540711 76.41035482026939 403
1694444540750 76.25785894377871 404
1694444540788 76.1056681315357 405
1694444540824 75.95378177280047 406
1694444540858 75.80219925805702 407
1694444540890 75.65091997901075 408
1694444540922 75.49994332858614 409
1694444540965 75.34926870092411 410
1694444541007 75.19889549137969 411
1694444541051 75.04882309651963 412
1694444541093 74.89905091411981 413
1694444541124 74.74957834316301 414
1694444541157 74.60040478383632 415
1694444541188 74.45152963752885 416
1694444541221 74.3029523068292 417
1694444541267 74.15467219552313 418
1694444541304 74.00668870859116 419
1694444541341 73.85900125220617 420
1694444541377 73.7116092337309 421
1694444541409 73.56451206171575 422
1694444541444 73.41770914589627 423
1694444541484 73.27119989719078 424
1694444541516 73.1249837276981 425
1694444541552 72.97906005069495 426
1694444541584 72.833428280634 427
1694444541616 72.68808783314098 428
1694444541655 72.54303812501279 429
1694444541686 72.39827857421487 430
1694444541717 72.253808599879 431
1694444541751 72.10962762230086 432
1694444541785 71.9657350629378 433
1694444541817 71.82213034440633 434
1694444541854 71.67881289048003 435
1694444541885 71.5357821260871 436
1694444541915 71.39303747730797 437
1694444541955 71.25057837137317 438
1694444541986 71.10840423666085 439
1694444542019 70.9665145026946 440
1694444542055 70.82490860014106 441
1694444542086 70.68358596080772 442
1694444542116 70.5425460176405 443
1694444542152 70.40178820472168 444
1694444542187 70.26131195726737 445
1694444542217 70.12111671162535 446
1694444542249 69.98120190527287 447
1694444542284 69.84156697681428 448
1694444542315 69.70221136597878 449
1694444542345 69.56313451361822 450
1694444542375 69.42433586170479 451
1694444542404 69.28581485332882 452
1694444542433 69.14757093269645 453
1694444542464 69.00960354512755 454
1694444542492 68.8719121370533 455
1694444542524 68.73449615601407 456
1694444542560 68.59735505065721 457
1694444542599 68.46048827073473 458
1694444542633 68.32389526710121 459
1694444542678 68.18757549171146 460
1694444542716 68.05152839761844 461
1694444542748 67.91575343897092 462
1694444542783 67.7802500710114 463
1694444542815 67.64501775007388 464
1694444542848 67.51005593358161 465
1694444542887 67.375364080045 466
1694444542921 67.24094164905937 467
1694444542954 67.10678810130277 468
1694444543001 66.9729028985339 469
1694444543036 66.8392855035898 470
1694444543072 66.70593538038383 471
1694444543110 66.5728519939034 472
1694444543156 66.44003481020786 473
1694444543208 66.30748329642634 474
1694444543249 66.17519692075562 475
1694444543293 66.04317515245802 476
1694444543326 65.91141746185914 477
1694444543360 65.77992332034587 478
1694444543409 65.64869220036417 479
1694444543449 65.51772357541698 480
1694444543488 65.3870169200621 481
1694444543524 65.25657170991005 482
1694444543557 65.126387421622 483
1694444543605 64.99646353290761 484
1694444543651 64.86679952252294 485
1694444543705 64.73739487026843 486
1694444543739 64.60824905698666 487
1694444543782 64.47936156456043 488
1694444543823 64.35073187591047 489
1694444543856 64.22235947499355 490
1694444543902 64.0942438468003 491
1694444543936 63.96638447735312 492
1694444543982 63.83878085370422 493
1694444544023 63.71143246393342 494
1694444544060 63.58433879714616 495
1694444544106 63.45749934347147 496
1694444544149 63.330913594059844 497
1694444544187 63.204581041081205 498
1694444544222 63.07850117772291 499
