1694436747232 158.71101633128603 0
1694436747265 155.92041548681732 1
1694436747292 155.84022507074295 2
1694436747321 153.31061031507207 3
1694436747349 152.80448984372455 4
1694436747377 151.5394811627055 5
1694436747406 150.44673061146744 6
1694436747447 150.81380794467316 7
1694436747483 148.04682643692846 8
1694436747541 147.25673906683465 9
1694436747592 146.69009974477171 10
1694436747636 145.93581778425133 11
1694436747668 144.0917929218953 12
1694436747700 142.23705944834379 13
1694436747733 141.67445112662332 14
1694436747764 140.7195484431551 15
1694436747796 139.48228272231668 16
1694436747827 138.32069352289352 17
1694436747859 137.51675890038518 18
1694436747893 136.13831754112636 19
1694436747925 134.5513454480445 20
1694436747956 134.2001852421145 21
1694436747996 132.71962732283112 22
1694436748033 132.54902354077612 23
1694436748069 131.53167155394655 24
1694436748103 131.110265541813 25
1694436748138 129.18134147320325 26
1694436748171 127.68233552962054 27
1694436748206 126.85884980122576 28
1694436748240 125.29964259757253 29
1694436748274 123.89119711468908 30
1694436748309 124.22640034816226 31
1694436748347 122.88433837543961 32
1694436748383 121.59369196859521 33
1694436748419 120.15871825939914 34
1694436748464 119.63169074415846 35
1694436748513 118.45533342712132 36
1694436748575 117.82192892021484 37
1694436748611 117.53570049825305 38
1694436748647 116.28826253998588 39
1694436748681 115.55862940746506 40
1694436748723 114.40324699986859 41
1694436748762 113.73649156832555 42
1694436748801 112.68705146831502 43
1694436748834 112.61890742154668 44
1694436748875 110.9913914729974 45
1694436748914 111.03650155633058 46
1694436748953 109.74346975582351 47
1694436748996 108.34094604785645 48
1694436749038 108.19835246777865 49
1694436749079 106.32383817855764 50
1694436749125 105.7397319100522 51
1694436749165 106.41752348345833 52
1694436749210 105.2378694863218 53
1694436749251 103.69730943457549 54
1694436749285 103.89360389555168 55
1694436749322 101.52343363330803 56
1694436749353 101.8196877675352 57
1694436749388 101.25365068591614 58
1694436749439 100.39135375029655 59
1694436749484 98.58734204549646 60
1694436749523 98.95668916119763 61
1694436749565 98.35166899160193 62
1694436749611 96.93732994414155 63
1694436749649 95.94807263646938 64
1694436749687 96.2447038380418 65
1694436749731 94.67256267660456 66
1694436749767 94.58445048987657 67
1694436749809 93.79631493586712 68
1694436749848 91.95307195671492 69
1694436749893 92.0205460801487 70
1694436749928 91.41058390601282 71
1694436749963 91.76292961621995 72
1694436749997 89.93086063588929 73
1694436750031 89.37690748959 74
1694436750064 88.21872494274997 75
1694436750097 88.48227282119409 76
1694436750127 87.03879886440345 77
1694436750155 86.79670603724897 78
1694436750187 86.89946786579345 79
1694436750219 85.4361616610498 80
1694436750253 85.00875370378775 81
1694436750286 84.31089534974345 82
1694436750318 83.68010121488547 83
1694436750353 83.1178964252452 84
1694436750387 82.92055135159649 85
1694436750420 82.02502672249933 86
1694436750453 81.46751088482705 87
1694436750484 80.51500175801861 88
1694436750516 80.68748514066182 89
1694436750549 79.60336262345214 90
1694436750581 79.074961781363 91
1694436750612 78.45629486332568 92
1694436750644 78.05173316406008 93
1694436750676 77.06586564660255 94
1694436750707 76.00756152401536 95
1694436750736 76.63322458549774 96
1694436750772 76.13661899162193 97
1694436750803 75.0530489879159 98
1694436750835 74.70589147433374 99
1694436750871 74.02881479618789 100
1694436750904 73.72231482955465 101
1694436750935 73.31747127906955 102
1694436750966 72.53898061346275 103
1694436750993 71.49323505037788 104
1694436751025 71.47185838043352 105
1694436751051 70.911991006366 106
1694436751081 70.62936842225962 107
1694436751112 69.82990575693498 108
1694436751142 69.37810053176061 109
1694436751172 69.02181147358763 110
1694436751201 68.83061847120308 111
1694436751232 68.19695109338268 112
1694436751264 67.29599622921755 113
1694436751294 67.27074139822759 114
1694436751323 66.62579503040948 115
1694436751354 65.99181514576972 116
1694436751385 65.34237144225726 117
1694436751416 65.58947270524587 118
1694436751445 65.07327205750133 119
1694436751474 64.46738214745123 120
1694436751505 63.79727806529104 121
1694436751534 63.532089593125974 122
1694436751565 62.567609975092864 123
1694436751593 62.65467157549717 124
1694436751623 61.923900141474014 125
1694436751652 61.6810860159682 126
1694436751681 61.057779279021645 127
1694436751712 60.59613738404334 128
1694436751743 60.619925201830995 129
1694436751776 59.90763664663575 130
1694436751811 59.74867889636076 131
1694436751842 59.06534858465573 132
1694436751871 58.82120015170203 133
1694436751902 58.18535512938765 134
1694436751930 57.76623381388303 135
1694436751959 57.13632994530451 136
1694436751988 56.801991505072145 137
1694436752020 56.80633937002239 138
1694436752051 56.403855325855126 139
1694436752085 56.0609019875489 140
1694436752119 55.45464898016059 141
1694436752154 55.21981260505553 142
1694436752192 54.77983678993295 143
1694436752231 54.36546634539068 144
1694436752280 54.26287654334593 145
1694436752324 53.80334292968979 146
1694436752370 53.15280894783116 147
1694436752413 53.15833378506036 148
1694436752449 52.64171553384196 149
1694436752485 52.493047794562166 150
1694436752522 51.72742898042676 151
1694436752555 51.59376376133972 152
1694436752590 51.42148643513231 153
1694436752622 50.973732033994736 154
1694436752652 50.41153512178025 155
1694436752683 50.59103937874343 156
1694436752714 50.24989565202181 157
1694436752743 49.68940091943909 158
1694436752776 49.376179008724826 159
1694436752808 48.92488139213628 160
1694436752837 48.95437842222226 161
1694436752865 47.91262576407706 162
1694436752896 47.5728449119649 163
1694436752928 47.416980310595804 164
1694436752959 47.659100489779675 165
1694436753006 46.69005416177645 166
1694436753048 46.44732641597062 167
1694436753084 46.54057518994186 168
1694436753118 46.22803416068352 169
1694436753150 45.653696101859275 170
1694436753183 45.25935643161995 171
1694436753220 45.33428520087165 172
1694436753265 45.27119191353556 173
1694436753328 45.03557470532106 174
1694436753383 44.397044783351326 175
1694436753428 43.98535235328882 176
1694436753480 44.12904931265544 177
1694436753530 43.525116777006495 178
1694436753578 43.26035433716775 179
1694436753627 42.72216614688765 180
1694436753666 42.909666957538064 181
1694436753699 42.36437107246991 182
1694436753734 42.24488266060742 183
1694436753766 41.97192321529425 184
1694436753800 41.43640894880954 185
1694436753832 41.48642765307209 186
1694436753869 41.16167959200732 187
1694436753905 40.38405938109622 188
1694436753937 40.449047476790746 189
1694436753965 40.71403529722956 190
1694436753996 39.95025168286763 191
1694436754029 39.53900521380597 192
1694436754062 39.469696649764366 193
1694436754098 39.64219349904681 194
1694436754128 38.727292882061015 195
1694436754175 38.64585077943645 196
1694436754206 38.52160089379939 197
1694436754242 38.16296735782471 198
1694436754274 37.874392765472905 199
1694436754303 37.61006191177327 200
1694436754333 37.67162172838204 201
1694436754365 37.623730189378776 202
1694436754395 37.066432489284686 203
1694436754426 36.83725463977739 204
1694436754459 36.54998801929817 205
1694436754488 36.61720262444003 206
1694436754517 36.30227314953453 207
1694436754551 35.90957183890906 208
1694436754580 35.98107914135746 209
1694436754608 35.382907504355195 210
1694436754640 35.46217607544935 211
1694436754670 34.96780158006164 212
1694436754702 35.09540131644185 213
1694436754743 34.93843263766584 214
1694436754781 34.41613088693302 215
1694436754813 34.19002913583959 216
1694436754846 34.030079179211235 217
1694436754874 34.017355384357174 218
1694436754904 33.85138130227535 219
1694436754937 33.45814446721187 220
1694436754968 33.317576823626446 221
1694436754999 33.08607620896663 222
1694436755031 32.90974303811647 223
1694436755061 33.082575546670704 224
1694436755091 32.35640183115228 225
1694436755119 31.960541664194416 226
1694436755151 32.14373606347877 227
1694436755180 32.12856313987561 228
1694436755209 31.70834343041985 229
1694436755247 31.4892704671549 230
1694436755290 31.35517640826965 231
1694436755334 31.354314045799427 232
1694436755381 31.10108173073769 233
1694436755421 30.794137074374703 234
1694436755455 30.64970641682267 235
1694436755490 30.560358823942625 236
1694436755522 30.284103925219455 237
1694436755554 30.3603969983496 238
1694436755585 29.95975409842939 239
1694436755614 29.91998150593403 240
1694436755643 29.93580019988056 241
1694436755671 29.229626913034984 242
1694436755701 29.452604128381196 243
1694436755733 29.318713175987963 244
1694436755765 28.825358263698618 245
1694436755795 28.940725667319764 246
1694436755825 28.666165815217035 247
1694436755855 28.598213520420725 248
1694436755883 28.384651089313554 249
1694436755913 28.256587902279897 250
1694436755944 27.98858298449221 251
1694436755977 27.88953758807589 252
1694436756007 27.6031731243237 253
1694436756036 27.338069158374594 254
1694436756065 27.288438970859065 255
1694436756095 27.093938585442032 256
1694436756127 27.12169092597124 257
1694436756158 26.983350834786727 258
1694436756190 26.828942451589967 259
1694436756219 26.727455404408598 260
1694436756249 26.35999780365677 261
1694436756280 26.391197867146918 262
1694436756309 26.048586462718205 263
1694436756339 26.107989221204225 264
1694436756372 25.744243928101987 265
1694436756400 25.599566651222922 266
1694436756431 25.475125133608227 267
1694436756461 25.486464160755244 268
1694436756492 25.56147114399833 269
1694436756521 24.91272312972912 270
1694436756551 25.07105644217758 271
1694436756587 25.015728116485818 272
1694436756615 24.60063585969393 273
1694436756647 24.48928419003106 274
1694436756679 24.48925412263146 275
1694436756706 24.465715589852483 276
1694436756737 24.289835310367547 277
1694436756770 24.056625652279358 278
1694436756800 23.837054483236976 279
1694436756831 23.849760795947212 280
1694436756862 23.88797544023227 281
1694436756892 23.520959117631172 282
1694436756923 23.59066847621658 283
1694436756956 23.188498041899468 284
1694436756986 23.423912433095825 285
1694436757019 23.199150160855186 286
1694436757051 23.083208484248257 287
1694436757083 22.90422019068282 288
1694436757117 22.744886273754602 289
1694436757146 22.89521594399587 290
1694436757178 22.61703786359603 291
1694436757212 22.239733697822533 292
1694436757254 22.309816649691793 293
1694436757304 21.95293823404208 294
1694436757360 22.012635285419258 295
1694436757415 22.050399055521954 296
1694436757453 21.856394514760257 297
1694436757501 21.72818987021822 298
1694436757551 21.64116301376904 299
1694436757625 21.668054533112496 300
1694436757703 21.54957362366859 301
1694436757755 21.451058450747414 302
1694436757792 20.935518992178324 303
1694436757823 21.016222088038397 304
1694436757853 20.75244056349284 305
1694436757882 20.78104499438506 306
1694436757914 20.632197830238102 307
1694436757944 20.55131647073718 308
1694436757975 20.596604353448626 309
1694436758007 20.29936879822163 310
1694436758038 20.35825194468877 311
1694436758076 20.138130497203687 312
1694436758111 19.986451588790892 313
1694436758148 20.144950862156293 314
1694436758183 19.768671588390326 315
1694436758219 19.902758518140725 316
1694436758255 19.718931270995967 317
1694436758286 19.70011586237041 318
1694436758316 19.446049272134882 319
1694436758347 19.277892626789896 320
1694436758380 19.119481647227136 321
1694436758411 19.213266032106787 322
1694436758443 19.186934443207214 323
1694436758476 19.190594776091466 324
1694436758510 18.937398187735774 325
1694436758542 19.031594300266725 326
1694436758576 18.889892732859863 327
1694436758611 19.012559517903885 328
1694436758641 18.75866899154111 329
1694436758672 18.642695830501516 330
1694436758702 18.54129244833991 331
1694436758734 18.289829272133144 332
1694436758763 18.06877833023514 333
1694436758795 18.141601780544 334
1694436758825 18.02844105044485 335
1694436758858 17.936319056095495 336
1694436758888 18.054945564789527 337
1694436758918 17.95419259979784 338
1694436758953 17.70634800160483 339
1694436758987 17.878026855409097 340
1694436759021 17.466438867737164 341
1694436759056 17.572055689495347 342
1694436759092 17.245396541692536 343
1694436759121 17.46356993144254 344
1694436759150 17.558418246477757 345
1694436759180 17.46522325296461 346
1694436759211 17.177265628031858 347
1694436759242 16.968149092716278 348
1694436759271 16.84172426731088 349
1694436759299 17.025221974719518 350
1694436759331 16.71701506529568 351
1694436759362 16.758212924118965 352
1694436759392 16.481952779676526 353
1694436759421 16.750947909651092 354
1694436759450 16.61751304898364 355
1694436759479 16.392641512948934 356
1694436759506 16.43280610201869 357
1694436759537 16.381697173746254 358
1694436759567 16.33252628218901 359
1694436759599 16.146896205370123 360
1694436759630 15.991519520906323 361
1694436759660 15.94772040208463 362
1694436759694 16.066761889511266 363
1694436759729 15.966439960005005 364
1694436759765 15.693555070144345 365
1694436759799 15.780010101936604 366
1694436759834 15.70872829759728 367
1694436759868 15.644109452439832 368
1694436759900 15.566758483474532 369
1694436759931 15.542453685764611 370
1694436759964 15.549841435964986 371
1694436759992 15.371008527475938 372
1694436760021 15.140952966790337 373
1694436760053 15.366152765951808 374
1694436760085 15.128051752037408 375
1694436760116 15.19294294955271 376
1694436760147 15.076017703759629 377
1694436760178 14.924742390090746 378
1694436760206 14.985612987030203 379
1694436760235 14.87829307208831 380
1694436760267 14.59994342208745 381
1694436760299 14.790408698300023 382
1694436760335 14.569016209836866 383
1694436760379 14.665440619643872 384
1694436760424 14.324508704935026 385
1694436760471 14.461784884265553 386
1694436760517 14.336672536434623 387
1694436760564 14.356630759036243 388
1694436760610 14.384702106198128 389
1694436760651 14.199151635448082 390
1694436760699 14.240234341817628 391
1694436760739 14.239387847338284 392
1694436760780 14.074805774047327 393
1694436760822 13.943382574691181 394
1694436760855 14.058930820022269 395
1694436760890 13.922665017522622 396
1694436760923 13.97489168593214 397
1694436760960 13.857264037112566 398
1694436761006 13.798938719719255 399
1694436761056 13.543931958056916 400
1694436761098 13.74556165485396 401
1694436761138 13.54540280520997 402
1694436761179 13.423306356025831 403
1694436761216 13.611791716665996 404
1694436761252 13.55518896534766 405
1694436761283 13.140787723103287 406
1694436761315 13.215056746968148 407
1694436761350 13.3442377075314 408
1694436761388 13.27191353649136 409
1694436761422 13.149558746678505 410
1694436761451 13.064465949071996 411
1694436761480 12.936584300491942 412
1694436761511 13.185727571099752 413
1694436761541 12.980457494290537 414
1694436761571 12.969410980109425 415
1694436761607 12.726390173417022 416
1694436761642 13.023067381428127 417
1694436761689 12.792120336198622 418
1694436761738 12.6465271783356 419
1694436761787 12.703256702057073 420
1694436761831 12.771866115241277 421
1694436761867 12.495265435095183 422
1694436761902 12.603869251203815 423
1694436761938 12.356525764716263 424
1694436761968 12.449387074159263 425
1694436762001 12.455630054826353 426
1694436762031 12.183890643334202 427
1694436762063 12.36613633006714 428
1694436762092 12.254713025456555 429
1694436762120 12.157997357490077 430
1694436762152 12.139083787885994 431
1694436762183 12.256564000366193 432
1694436762218 12.077887920572534 433
1694436762251 11.907452996627693 434
1694436762279 12.087592723391372 435
1694436762307 12.033238384225085 436
1694436762338 11.881572925274478 437
1694436762369 11.958913691837262 438
1694436762400 11.906813146600687 439
1694436762428 11.858266411781836 440
1694436762459 11.755775336565742 441
1694436762490 11.611822604437899 442
1694436762521 11.422705844286712 443
1694436762553 11.651361024067551 444
1694436762582 11.652635108054087 445
1694436762610 11.49219045598769 446
1694436762646 11.532747654613049 447
1694436762699 11.429328098374082 448
1694436762753 11.542065860636557 449
1694436762796 11.393019636844329 450
1694436762834 11.33720727405408 451
1694436762878 11.50518626481475 452
1694436762917 11.463158732546548 453
1694436762959 11.290295036957046 454
1694436762995 11.26213997124838 455
1694436763031 10.977080738207501 456
1694436763068 11.239211240873912 457
1694436763122 11.013112051440284 458
1694436763168 11.07241593551792 459
1694436763205 11.044780649135175 460
1694436763245 11.048990571019383 461
1694436763284 11.039178591476235 462
1694436763336 11.027163069358947 463
1694436763399 10.844144551710237 464
1694436763464 10.856234689166126 465
1694436763515 10.92273640442467 466
1694436763587 10.892279552528295 467
1694436763625 10.628391359550108 468
1694436763662 10.819314601930033 469
1694436763711 10.764806488933852 470
1694436763750 10.689547457535525 471
1694436763801 10.619059460529016 472
1694436763837 10.808091203304707 473
1694436763885 10.599274756428708 474
1694436763938 10.469559371214423 475
1694436763977 10.485937773643046 476
1694436764008 10.503039569171921 477
1694436764040 10.534220843565883 478
1694436764069 10.266494022404471 479
1694436764103 10.313419953992565 480
1694436764141 10.27350551344147 481
1694436764174 10.376166650636232 482
1694436764205 10.280942383343797 483
1694436764238 10.242964010053335 484
1694436764287 10.30389470831415 485
1694436764326 10.208002612785652 486
1694436764380 10.145318946033836 487
1694436764423 10.100825350793503 488
1694436764454 10.003766237075755 489
1694436764482 9.959782063911462 490
1694436764511 10.244202123950599 491
1694436764540 9.989412193144249 492
1694436764570 9.88707228711422 493
1694436764600 10.063378390096858 494
1694436764631 10.04117654912602 495
1694436764664 9.771903032780322 496
1694436764702 9.7150139566373 497
1694436764760 9.889103628557837 498
1694436764806 9.937550691716673 499
