1694443782825 0.0 0
1694443783128 0.0 1
1694443783438 0.0 2
1694443783721 0.0 3
1694443784017 0.0 4
1694443784302 0.0 5
1694443784588 0.0 6
1694443784867 0.0 7
1694443785143 0.0 8
1694443785426 0.0 9
1694443785716 0.0 10
1694443785997 0.0 11
1694443786285 0.0 12
1694443786561 0.0 13
1694443786848 0.0 14
1694443787132 0.0 15
1694443787422 0.0 16
1694443787707 0.0 17
1694443787987 0.0 18
1694443788293 0.0 19
1694443788641 0.0 20
1694443788938 0.0 21
1694443789235 0.0 22
1694443789536 0.0 23
1694443789846 0.0 24
1694443790200 0.0 25
1694443790488 0.0 26
1694443790770 0.0 27
1694443791062 0.0 28
1694443791339 0.0 29
1694443791611 0.0 30
1694443791885 0.0 31
1694443792160 0.0 32
1694443792438 0.0 33
1694443792711 0.0 34
1694443793009 0.0 35
1694443793295 0.0 36
1694443793580 0.0 37
1694443793856 0.0 38
1694443794121 0.0 39
1694443794419 0.0 40
1694443794707 0.0 41
1694443794972 0.0 42
1694443795250 0.0 43
1694443795511 0.0 44
1694443795790 0.0 45
1694443796072 0.0 46
1694443796374 0.0 47
1694443796657 0.0 48
1694443796942 0.0 49
1694443797218 0.0 50
1694443797512 0.0 51
1694443797786 0.0 52
1694443798101 0.0 53
1694443798382 0.0 54
1694443798683 0.0 55
1694443798971 0.0 56
1694443799256 0.0 57
1694443799549 0.0 58
1694443799835 0.0 59
1694443800120 0.0 60
1694443800415 0.0 61
1694443800693 0.0 62
1694443800962 0.0 63
1694443801224 0.0 64
1694443801504 0.0 65
1694443801777 0.0 66
1694443802049 0.0 67
1694443802322 0.0 68
1694443802601 0.0 69
1694443802888 0.0 70
1694443803178 0.0 71
1694443803479 0.0 72
1694443803744 0.0 73
1694443804052 0.0 74
1694443804367 0.0 75
1694443804629 0.0 76
1694443804917 0.0 77
1694443805175 0.0 78
1694443805486 0.0 79
1694443805758 0.0 80
1694443806047 0.0 81
1694443806330 0.0 82
1694443806621 0.0 83
1694443806930 0.0 84
1694443807209 0.0 85
1694443807495 0.0 86
1694443807808 0.0 87
1694443808081 0.0 88
1694443808356 0.0 89
1694443808640 0.0 90
1694443808960 0.0 91
1694443809244 0.0 92
1694443809525 0.0 93
1694443809797 0.0 94
1694443810076 0.0 95
1694443810344 0.0 96
1694443810614 0.0 97
1694443810885 0.0 98
1694443811153 0.0 99
1694443811433 0.0 100
1694443811711 0.0 101
1694443811990 0.0 102
1694443812255 0.0 103
1694443812511 0.0 104
1694443812796 0.0 105
1694443813070 0.0 106
1694443813351 0.0 107
1694443813643 0.0 108
1694443813902 0.0 109
1694443814178 0.0 110
1694443814464 0.0 111
1694443814743 0.0 112
1694443815024 0.0 113
1694443815298 0.0 114
1694443815568 0.0 115
1694443815843 0.0 116
1694443816108 0.0 117
1694443816385 0.0 118
1694443816666 0.0 119
1694443816939 0.0 120
1694443817208 0.0 121
1694443817468 0.0 122
1694443817756 0.0 123
1694443818017 0.0 124
1694443818305 0.0 125
1694443818588 0.0 126
1694443818897 0.0 127
1694443819193 0.0 128
1694443819469 0.0 129
1694443819764 0.0 130
1694443820036 0.0 131
1694443820340 0.0 132
1694443820635 0.0 133
1694443820897 0.0 134
1694443821184 0.0 135
1694443821438 0.0 136
1694443821730 0.0 137
1694443822021 0.0 138
1694443822306 0.0 139
1694443822595 0.0 140
1694443822868 0.0 141
1694443823130 0.0 142
1694443823397 0.0 143
1694443823665 0.0 144
1694443823935 0.0 145
1694443824211 0.0 146
1694443824489 0.0 147
1694443824765 0.0 148
1694443825042 0.0 149
1694443825326 0.0 150
1694443825609 0.0 151
1694443825873 0.0 152
1694443826167 0.0 153
1694443826427 0.0 154
1694443826696 0.0 155
1694443826964 0.0 156
1694443827228 0.0 157
1694443827510 0.0 158
1694443827796 0.0 159
1694443828075 0.0 160
1694443828385 0.0 161
1694443828672 0.0 162
1694443828959 0.0 163
1694443829242 0.0 164
1694443829530 0.0 165
1694443829805 0.0 166
1694443830078 0.0 167
1694443830347 0.0 168
1694443830613 0.0 169
1694443830878 0.0 170
1694443831138 0.0 171
1694443831419 0.0 172
1694443831693 0.0 173
1694443831979 0.0 174
1694443832275 0.0 175
1694443832569 0.0 176
1694443832832 0.0 177
1694443833100 0.0 178
1694443833381 0.0 179
1694443833710 0.0 180
1694443834008 0.0 181
1694443834295 0.0 182
1694443834622 0.0 183
1694443834896 0.0 184
1694443835169 0.0 185
1694443835441 0.0 186
1694443835730 0.0 187
1694443836014 0.0 188
1694443836318 0.0 189
1694443836596 0.0 190
1694443836883 0.0 191
1694443837147 0.0 192
1694443837417 0.0 193
1694443837702 0.0 194
1694443838006 0.0 195
1694443838280 0.0 196
1694443838562 0.0 197
1694443838832 0.0 198
1694443839118 0.0 199
1694443839406 0.0 200
1694443839703 0.0 201
1694443839991 0.0 202
1694443840271 0.0 203
1694443840567 0.0 204
1694443840844 0.0 205
1694443841125 0.0 206
1694443841394 0.0 207
1694443841681 0.0 208
1694443841958 0.0 209
1694443842242 0.0 210
1694443842522 0.0 211
1694443842797 0.0 212
1694443843080 0.0 213
1694443843359 0.0 214
1694443843634 0.0 215
1694443843947 0.0 216
1694443844226 0.0 217
1694443844501 0.0 218
1694443844772 0.0 219
1694443845051 0.0 220
1694443845317 0.0 221
1694443845593 0.0 222
1694443845877 0.0 223
1694443846204 0.0 224
1694443846498 0.0 225
1694443846784 0.0 226
1694443847076 0.0 227
1694443847372 0.0 228
1694443847649 0.0 229
1694443847921 0.0 230
1694443848222 0.0 231
1694443848493 0.0 232
1694443848788 0.0 233
1694443849119 0.0 234
1694443849430 0.0 235
1694443849758 0.0 236
1694443850041 0.0 237
1694443850326 0.0 238
1694443850615 0.0 239
1694443850908 0.0 240
1694443851204 0.0 241
1694443851492 0.0 242
1694443851790 0.0 243
1694443852074 0.0 244
1694443852374 0.0 245
1694443852659 0.0 246
1694443852941 0.0 247
1694443853239 0.0 248
1694443853506 0.0 249
1694443853776 0.0 250
1694443854091 0.0 251
1694443854370 0.0 252
1694443854646 0.0 253
1694443854905 0.0 254
1694443855204 0.0 255
1694443855501 0.0 256
1694443855758 0.0 257
1694443856018 0.0 258
1694443856312 0.0 259
1694443856591 0.0 260
1694443856890 0.0 261
1694443857180 0.0 262
1694443857476 0.0 263
1694443857769 0.0 264
1694443858056 0.0 265
1694443858354 0.0 266
1694443858616 0.0 267
1694443858903 0.0 268
1694443859196 0.0 269
1694443859485 0.0 270
1694443859782 0.0 271
1694443860075 0.0 272
1694443860362 0.0 273
1694443860649 0.0 274
1694443860928 0.0 275
1694443861195 0.0 276
1694443861462 0.0 277
1694443861742 0.0 278
1694443862011 0.0 279
1694443862310 0.0 280
1694443862606 0.0 281
1694443862869 0.0 282
1694443863153 0.0 283
1694443863443 0.0 284
1694443863707 0.0 285
1694443864012 0.0 286
1694443864304 0.0 287
1694443864571 0.0 288
1694443864844 0.0 289
1694443865125 0.0 290
1694443865402 0.0 291
1694443865675 0.0 292
1694443865955 0.0 293
1694443866247 0.0 294
1694443866540 0.0 295
1694443866830 0.0 296
1694443867109 0.0 297
1694443867392 0.0 298
1694443867674 0.0 299
1694443867908 0.0 300
1694443868186 0.0 301
1694443868499 0.0 302
1694443868758 0.0 303
1694443869077 0.0 304
1694443869370 0.0 305
1694443869659 0.0 306
1694443869932 0.0 307
1694443870226 0.0 308
1694443870569 0.0 309
1694443870885 0.0 310
1694443871182 0.0 311
1694443871522 0.0 312
1694443871803 0.0 313
1694443872087 0.0 314
1694443872396 0.0 315
1694443872688 0.0 316
1694443872993 0.0 317
1694443873270 0.0 318
1694443873547 0.0 319
1694443873831 0.0 320
1694443874139 0.0 321
1694443874431 0.0 322
1694443874715 0.0 323
1694443874999 0.0 324
1694443875327 0.0 325
1694443875610 0.0 326
1694443875884 0.0 327
1694443876171 0.0 328
1694443876458 0.0 329
1694443876719 0.0 330
1694443876995 0.0 331
1694443877269 0.0 332
1694443877545 0.0 333
1694443877815 0.0 334
1694443878096 0.0 335
1694443878366 0.0 336
1694443878662 0.0 337
1694443878931 0.0 338
1694443879259 0.0 339
1694443879563 0.0 340
1694443879858 0.0 341
1694443880131 0.0 342
1694443880419 0.0 343
1694443880696 0.0 344
1694443880986 0.0 345
1694443881279 0.0 346
1694443881548 0.0 347
1694443881822 0.0 348
1694443882089 0.0 349
1694443882361 0.0 350
1694443882630 0.0 351
1694443882896 0.0 352
1694443883192 0.0 353
1694443883474 0.0 354
1694443883765 0.0 355
1694443884043 0.0 356
1694443884354 0.0 357
1694443884637 0.0 358
1694443884927 0.0 359
1694443885198 0.0 360
1694443885459 0.0 361
1694443885726 0.0 362
1694443886000 0.0 363
1694443886291 0.0 364
1694443886567 0.0 365
1694443886850 0.0 366
1694443887134 0.0 367
1694443887412 0.0 368
1694443887692 0.0 369
1694443887976 0.0 370
1694443888236 0.0 371
1694443888538 0.0 372
1694443888804 0.0 373
1694443889111 0.0 374
1694443889405 0.0 375
1694443889675 0.0 376
1694443889961 0.0 377
1694443890252 0.0 378
1694443890527 0.0 379
1694443890814 0.0 380
1694443891080 0.0 381
1694443891370 0.0 382
1694443891641 0.0 383
1694443891911 0.0 384
1694443892190 0.0 385
1694443892478 0.0 386
1694443892740 0.0 387
1694443893000 0.0 388
1694443893288 0.0 389
1694443893595 0.0 390
1694443893923 0.0 391
1694443894208 0.0 392
1694443894515 0.0 393
1694443894848 0.0 394
1694443895113 0.0 395
1694443895396 0.0 396
1694443895671 0.0 397
1694443895952 0.0 398
1694443896234 0.0 399
1694443896510 0.0 400
1694443896786 0.0 401
1694443897060 0.0 402
1694443897334 0.0 403
1694443897601 0.0 404
1694443897902 0.0 405
1694443898196 0.0 406
1694443898489 0.0 407
1694443898770 0.0 408
1694443899029 0.0 409
1694443899393 0.0 410
1694443899675 0.0 411
1694443899956 0.0 412
1694443900225 0.0 413
1694443900503 0.0 414
1694443900778 0.0 415
1694443901055 0.0 416
1694443901336 0.0 417
1694443901618 0.0 418
1694443901885 0.0 419
1694443902171 0.0 420
1694443902457 0.0 421
1694443902744 0.0 422
1694443903018 0.0 423
1694443903287 0.0 424
1694443903572 0.0 425
1694443903837 0.0 426
1694443904106 0.0 427
1694443904374 0.0 428
1694443904658 0.0 429
1694443904922 0.0 430
1694443905195 0.0 431
1694443905457 0.0 432
1694443905727 0.0 433
1694443905987 0.0 434
1694443906269 0.0 435
1694443906552 0.0 436
1694443906827 0.0 437
1694443907096 0.0 438
1694443907406 0.0 439
1694443907690 0.0 440
1694443907970 0.0 441
1694443908240 0.0 442
1694443908505 0.0 443
1694443908796 0.0 444
1694443909078 0.0 445
1694443909390 0.0 446
1694443909697 0.0 447
1694443909977 0.0 448
1694443910247 0.0 449
1694443910530 0.0 450
1694443910793 0.0 451
1694443911096 0.0 452
1694443911371 0.0 453
1694443911658 0.0 454
1694443911979 0.0 455
1694443912258 0.0 456
1694443912527 0.0 457
1694443912798 0.0 458
1694443913076 0.0 459
1694443913348 0.0 460
1694443913625 0.0 461
1694443913914 0.0 462
1694443914192 0.0 463
1694443914464 0.0 464
1694443914769 0.0 465
1694443915053 0.0 466
1694443915336 0.0 467
1694443915612 0.0 468
1694443915912 0.0 469
1694443916192 0.0 470
1694443916475 0.0 471
1694443916754 0.0 472
1694443917018 0.0 473
1694443917308 0.0 474
1694443917589 0.0 475
1694443917846 0.0 476
1694443918129 0.0 477
1694443918416 0.0 478
1694443918678 0.0 479
1694443918946 0.0 480
1694443919264 0.0 481
1694443919564 0.0 482
1694443919843 0.0 483
1694443920140 0.0 484
1694443920427 0.0 485
1694443920692 0.0 486
1694443920961 0.0 487
1694443921251 0.0 488
1694443921537 0.0 489
1694443921801 0.0 490
1694443922081 0.0 491
1694443922370 0.0 492
1694443922659 0.0 493
1694443922962 0.0 494
1694443923233 0.0 495
1694443923494 0.0 496
1694443923793 0.0 497
1694443924079 0.0 498
1694443924386 0.0 499
