1694443782816 1.5101019424819586 0
1694443783120 0.9018642200455534 1
1694443783429 0.04056751077189241 2
1694443783714 0.5900434242814101 3
1694443784009 0.7477657950360731 4
1694443784294 0.5092630190062909 5
1694443784579 0.14340352060072373 6
1694443784860 0.23980249554998392 7
1694443785136 0.5926906040401024 8
1694443785419 0.011384605305825734 9
1694443785708 0.021151042252392088 10
1694443785990 0.8809527572222082 11
1694443786277 0.7982277954038112 12
1694443786553 0.6643197993604748 13
1694443786840 0.3953863625815138 14
1694443787124 0.9964103045021457 15
1694443787413 1.0391811004631473 16
1694443787701 0.2419422993717782 17
1694443787978 0.6059722707695641 18
1694443788272 0.5270237812148892 19
1694443788633 0.36357638125239705 20
1694443788929 1.1191654111373124 21
1694443789227 0.24907047615055378 22
1694443789528 0.5592770901555755 23
1694443789837 0.492444291106869 24
1694443790193 0.24742793738766827 25
1694443790480 0.7008968260092191 26
1694443790761 0.5574575087727213 27
1694443791054 0.6557893929663928 28
1694443791331 0.6551474436830343 29
1694443791605 0.2799308000540367 30
1694443791878 0.4426167626550791 31
1694443792151 0.6155790308681184 32
1694443792430 2.664462594195888 33
1694443792703 0.0019965086583707756 34
1694443793000 0.6240914502153929 35
1694443793285 0.41107774932929836 36
1694443793574 0.17754789475921193 37
1694443793849 0.3213964133818766 38
1694443794043 1.0214718210598317 39
1694443794410 0.22159982383956756 40
1694443794700 0.8929140396388816 41
1694443794964 0.06548250254341949 42
1694443795238 0.21589456272764054 43
1694443795504 0.4844165239067387 44
1694443795783 0.20877503362304384 45
1694443796062 0.819397576596426 46
1694443796364 0.32655429847232736 47
1694443796649 0.5587707857047001 48
1694443796935 0.4043899366186553 49
1694443797209 0.4803523710586832 50
1694443797505 0.43858685961722854 51
1694443797777 0.002979190031977986 52
1694443798092 0.09797216513017258 53
1694443798373 0.6588323742380996 54
1694443798674 0.6714037586051634 55
1694443798964 0.04097477994641079 56
1694443799248 0.13472744670490744 57
1694443799541 0.8948637916049454 58
1694443799827 1.22371427627459 59
1694443800112 0.31193982473059073 60
1694443800406 0.4547442374035383 61
1694443800684 0.7679896690192822 62
1694443800955 0.1554185992446395 63
1694443801163 0.3162847295290432 64
1694443801497 0.47916846237389127 65
1694443801770 0.9569336197526159 66
1694443802040 0.4029974903777403 67
1694443802312 1.0139196780015278 68
1694443802595 0.29808078191077253 69
1694443802881 0.47656238998486483 70
1694443803170 0.018409236091527056 71
1694443803473 0.0025735604355216686 72
1694443803737 0.8387318480643617 73
1694443804046 0.5674270568455039 74
1694443804359 0.842349177039477 75
1694443804621 1.0433144369091258 76
1694443804907 0.33194311955202244 77
1694443805167 2.397661408490611 78
1694443805478 0.22264591713319687 79
1694443805745 0.00039991781130733475 80
1694443806040 0.6694924156079156 81
1694443806323 1.0526161420918474 82
1694443806611 8.118779754612035e-05 83
1694443806924 1.0909561159823398 84
1694443807202 1.2374526794804388 85
1694443807488 2.2536304959285625 86
1694443807799 0.5466773306195808 87
1694443808072 0.8026648953709387 88
1694443808348 1.040138047201909 89
1694443808632 0.8129580920837123 90
1694443808952 0.1227419576465117 91
1694443809237 0.8141831589230033 92
1694443809517 1.499212540556379 93
1694443809788 1.1401672739067343 94
1694443810070 0.4373802028635801 95
1694443810336 0.051077733370441046 96
1694443810606 0.08982854793579247 97
1694443810877 0.015260529804372045 98
1694443811145 0.9998570346966533 99
1694443811426 0.0726760625586795 100
1694443811703 0.29180312077528026 101
1694443811983 1.1047564418168894 102
1694443812246 1.7192359407176288 103
1694443812504 1.2946925430479137 104
1694443812788 0.4058347597835358 105
1694443813062 0.37437408035216085 106
1694443813342 0.36012140842296764 107
1694443813635 0.4909936619954562 108
1694443813892 0.06002455068564733 109
1694443814170 0.6602247536187211 110
1694443814457 0.4184959578546889 111
1694443814735 1.127441909647672 112
1694443815014 0.1686791866265664 113
1694443815291 1.5321496236398169 114
1694443815558 0.11109243252134311 115
1694443815837 1.13560812119533 116
1694443816100 0.10664692344591314 117
1694443816376 0.5178135457291454 118
1694443816660 1.1952769673015182 119
1694443816932 0.30754090310988497 120
1694443817201 0.1316013508226138 121
1694443817460 0.004114143694733612 122
1694443817749 0.2998515666868259 123
1694443818009 2.1796696295959177 124
1694443818297 0.4609182122361595 125
1694443818582 0.3651374031000616 126
1694443818890 0.07272324496810144 127
1694443819185 0.7237161938249954 128
1694443819460 0.44377598610374075 129
1694443819757 0.5062402640166994 130
1694443820028 0.4692487888935023 131
1694443820331 0.863162477783603 132
1694443820628 0.04770338083129584 133
1694443820891 0.488280997372948 134
1694443821176 0.2521672070369268 135
1694443821430 0.7041585341095609 136
1694443821722 0.47115629951132076 137
1694443822012 0.18453861655140538 138
1694443822300 0.901025091845709 139
1694443822588 0.27594168322374124 140
1694443822860 1.2473016336733909 141
1694443823123 0.8390226602459625 142
1694443823389 0.15489619674425348 143
1694443823657 0.5503862245070553 144
1694443823927 0.28769904672384966 145
1694443824203 0.21082263829353667 146
1694443824479 0.8204945421801805 147
1694443824758 0.47389533555824587 148
1694443825035 0.744798369559115 149
1694443825319 0.26699413085241636 150
1694443825603 0.08913815695613181 151
1694443825866 1.3321538419375487 152
1694443826157 0.7110246404073642 153
1694443826420 0.3237715753805881 154
1694443826689 0.6539215608570946 155
1694443826956 0.09178269819020324 156
1694443827221 1.0536108212245299 157
1694443827503 0.10668171534691756 158
1694443827788 0.03864922209019643 159
1694443828066 0.05114185954072271 160
1694443828378 0.6643529330992644 161
1694443828665 0.03019833468740416 162
1694443828953 0.5474847660532265 163
1694443829235 0.8613891440018705 164
1694443829522 0.15797836860113443 165
1694443829797 0.057363420637783796 166
1694443830071 0.663752191654659 167
1694443830338 0.561941156411522 168
1694443830606 0.2077862096028038 169
1694443830871 0.5582094891211052 170
1694443831096 0.1501614342899135 171
1694443831412 0.353021036931147 172
1694443831686 0.3060924857906974 173
1694443831971 0.14962689329394363 174
1694443832266 0.36596683264444735 175
1694443832562 0.26947368520685555 176
1694443832825 0.929369338731494 177
1694443833091 0.1419579705391813 178
1694443833373 0.3461744739130391 179
1694443833700 0.3222104916705678 180
1694443833998 0.9948902532739962 181
1694443834288 0.40588966902308893 182
1694443834614 0.2763005500026847 183
1694443834888 0.8003569793968843 184
1694443835157 0.9215646216818969 185
1694443835430 0.6964322124746096 186
1694443835723 1.0084457169551626 187
1694443836007 0.4141551655824581 188
1694443836310 0.40585540486550303 189
1694443836589 0.9178028859718406 190
1694443836876 1.426091605844082 191
1694443837140 0.0963749932284988 192
1694443837409 0.008719072294197109 193
1694443837694 0.06379837643152668 194
1694443837997 0.014567012827381301 195
1694443838271 0.6800889574321892 196
1694443838555 0.3072853759249164 197
1694443838825 1.037722434148111 198
1694443839111 0.00034553534681041204 199
1694443839398 0.060696543142284294 200
1694443839694 1.04984879196078 201
1694443839983 0.6514824904183806 202
1694443840263 0.004939401991694066 203
1694443840559 0.2301008745439255 204
1694443840836 0.09816388472390686 205
1694443841117 0.2985242913572446 206
1694443841387 0.7549854291651524 207
1694443841673 0.07918196550730916 208
1694443841950 0.8794726531864989 209
1694443842234 0.2621397073881126 210
1694443842513 0.5832206797813281 211
1694443842791 0.6979316158359101 212
1694443843073 0.2929470445377754 213
1694443843353 3.918959232072339e-05 214
1694443843626 0.4310012074531061 215
1694443843940 0.10290424974139656 216
1694443844219 0.4388136200282972 217
1694443844492 0.9382942751658478 218
1694443844764 0.8782132642763856 219
1694443845042 0.01409499210731889 220
1694443845307 0.21934750091087682 221
1694443845586 1.1223210688351895 222
1694443845869 3.415108671636656e-05 223
1694443846197 0.40604706123140577 224
1694443846492 0.08959331850389161 225
1694443846776 0.019741746366523216 226
1694443847069 0.15999384378257958 227
1694443847363 1.2012403415102717 228
1694443847641 0.3201747377362137 229
1694443847877 0.6433840512522657 230
1694443848213 0.346732933752255 231
1694443848486 0.2270640516850433 232
1694443848779 1.1707489630784769 233
1694443849110 0.33519275342286964 234
1694443849422 0.44136511157266656 235
1694443849749 0.5449762838186539 236
1694443850034 0.02574798293494771 237
1694443850318 0.20486530176242854 238
1694443850607 0.03511806228772645 239
1694443850899 0.7658270113659208 240
1694443851197 1.0555333783146832 241
1694443851484 0.012251132976242573 242
1694443851783 0.36730558009131326 243
1694443852067 0.0017730068313285294 244
1694443852367 0.1777132591832742 245
1694443852650 0.32532598891962855 246
1694443852933 1.1257842149308004 247
1694443853230 0.00511977776488534 248
1694443853499 0.15362266590902746 249
1694443853768 0.2994045764464564 250
1694443854085 1.3953768487626244 251
1694443854362 0.2604607977603739 252
1694443854638 0.026557330145351356 253
1694443854896 0.7168601248745758 254
1694443855196 0.08204989453208805 255
1694443855493 1.134452160316453 256
1694443855751 0.3892186568823463 257
1694443856011 0.6195192155672593 258
1694443856305 1.1622687444293398 259
1694443856583 0.45622734234472034 260
1694443856882 0.003275097728858726 261
1694443857173 0.22421565446196257 262
1694443857469 0.24366330475553818 263
1694443857761 0.001967114604522279 264
1694443858048 0.32464436735150115 265
1694443858342 0.32596833363209354 266
1694443858609 0.7917948402597672 267
1694443858895 0.2760414591533268 268
1694443859190 0.48677899441515887 269
1694443859477 0.2867940310439041 270
1694443859775 0.1202900959142894 271
1694443860067 1.0639184711290715 272
1694443860353 0.948379321804907 273
1694443860642 0.7813724810203753 274
1694443860920 0.017802513655151012 275
1694443861189 1.3423892225816751 276
1694443861454 0.7307153335175341 277
1694443861735 0.15649146435501754 278
1694443862004 0.9027944518657818 279
1694443862302 0.022223240827027736 280
1694443862598 0.6668991469867149 281
1694443862861 0.4147397864476755 282
1694443863146 0.14572966342563598 283
1694443863430 0.38376173873974195 284
1694443863699 0.22296855242847166 285
1694443864004 0.5244815582213371 286
1694443864296 0.34186360916129294 287
1694443864563 0.00012840077173166547 288
1694443864836 0.862806295049511 289
1694443865117 0.7154616155072019 290
1694443865395 0.06344837095647331 291
1694443865668 0.9518607561240335 292
1694443865948 0.5392863288060152 293
1694443866241 0.6185038280568111 294
1694443866532 0.142377372009822 295
1694443866822 0.031250692934378155 296
1694443867100 0.6733856838788068 297
1694443867384 0.9856692886672059 298
1694443867666 0.5136390039235104 299
1694443867901 0.1714661775581563 300
1694443868177 0.6701325001973961 301
1694443868491 0.214824463841258 302
1694443868751 0.3008570166896259 303
1694443869070 0.6067940411983996 304
1694443869358 0.692678225657812 305
1694443869652 0.5476728501500532 306
1694443869925 0.78721565065915 307
1694443870218 0.05812276307377387 308
1694443870562 0.6352029350346446 309
1694443870878 0.8084644569440905 310
1694443871175 1.0597108575190626 311
1694443871513 0.0006942028799939913 312
1694443871796 0.8235060542437548 313
1694443872079 0.1065689471030107 314
1694443872389 0.4465389845637708 315
1694443872681 0.07464230847734321 316
1694443872985 1.108442871079667 317
1694443873261 0.4111834568934588 318
1694443873538 1.5327377710824261 319
1694443873824 0.20692181154708064 320
1694443874129 0.7021756859474997 321
1694443874424 0.7709742702128702 322
1694443874708 0.8964954598586626 323
1694443874993 0.7182228517714904 324
1694443875318 0.688034627909494 325
1694443875604 0.04669467363169517 326
1694443875876 0.04232035395130093 327
1694443876164 0.18137610253600173 328
1694443876450 0.461668620522179 329
1694443876711 0.21138503186537955 330
1694443876988 0.4700333627219265 331
1694443877261 0.4599184469922838 332
1694443877538 0.9417038788493313 333
1694443877807 0.8557090845666109 334
1694443878089 0.7876543682369099 335
1694443878356 0.9213434437800185 336
1694443878654 0.8853313978995916 337
1694443878923 0.6798330314608519 338
1694443879252 0.3423881991885071 339
1694443879555 0.48778167705430714 340
1694443879850 0.08151455261259183 341
1694443880123 0.23850298194368916 342
1694443880412 0.263244746601399 343
1694443880690 0.34746604441830836 344
1694443880978 0.47863858656223457 345
1694443881271 2.516905317876861 346
1694443881540 0.38721428004111946 347
1694443881814 0.0001016515803347935 348
1694443882081 0.5071174100941177 349
1694443882351 0.6920664608255472 350
1694443882622 1.0471697044483315 351
1694443882886 0.12005250138381783 352
1694443883183 0.6248508483191388 353
1694443883464 0.2706698478907884 354
1694443883757 0.6264292314222102 355
1694443884035 0.7188054855640357 356
1694443884347 0.06877116662523947 357
1694443884630 0.34656925915136283 358
1694443884920 1.3974336052651957 359
1694443885191 0.0011544860158206388 360
1694443885452 1.1804704487355246 361
1694443885718 0.5694820990219595 362
1694443885994 0.2401735626673485 363
1694443886283 0.45224859879011464 364
1694443886559 0.4719652737123021 365
1694443886843 0.39743714761693105 366
1694443887126 1.3583754232105179 367
1694443887405 0.3462549686835608 368
1694443887683 0.15207198767781144 369
1694443887969 0.4552028956589135 370
1694443888228 0.2052248282678753 371
1694443888531 0.12934303638423847 372
1694443888796 0.5600295632111534 373
1694443889104 0.4772864884795184 374
1694443889396 2.110651814979449 375
1694443889666 0.9328216466035822 376
1694443889953 0.6442080176574463 377
1694443890244 1.737039382131431 378
1694443890520 0.3840103276043657 379
1694443890807 0.028465038564611172 380
1694443891072 0.363023365033821 381
1694443891361 0.6118189865412433 382
1694443891635 0.8687130215988756 383
1694443891904 0.3541859503713583 384
1694443892182 1.8004328162302832 385
1694443892471 0.02291957626846458 386
1694443892733 0.04713478153706153 387
1694443892993 0.8226195089312313 388
1694443893279 0.07883365237947544 389
1694443893587 0.8153921837532709 390
1694443893914 0.7664520590654433 391
1694443894199 0.01135208305334984 392
1694443894505 0.8395420910991805 393
1694443894842 0.9141328322614576 394
1694443895106 1.639247812261809 395
1694443895389 0.4137149816575321 396
1694443895662 0.48277836958412224 397
1694443895943 0.7938772276164531 398
1694443896225 0.8242902659158113 399
1694443896503 0.47431576706941203 400
1694443896778 0.8395728796205769 401
1694443897053 0.5749274047638439 402
1694443897326 1.1279559601123894 403
1694443897548 0.6855796136272251 404
1694443897894 1.2117258008891547 405
1694443898189 0.7316103961261942 406
1694443898480 0.44669163186265987 407
1694443898763 0.6425088362611278 408
1694443899020 1.1608126352022208 409
1694443899384 0.13182230361191072 410
1694443899665 0.03356164492855312 411
1694443899948 0.33003701080072395 412
1694443900219 1.0783152739058075 413
1694443900494 0.7467182072877555 414
1694443900771 1.1798801850486673 415
1694443901048 0.14066314882590053 416
1694443901327 0.8638533473557127 417
1694443901611 0.188962013357683 418
1694443901875 0.3577186122779929 419
1694443902160 0.28328670330128963 420
1694443902450 0.5500758474236341 421
1694443902737 0.41182409792828456 422
1694443903010 0.6674145282788687 423
1694443903279 0.19602434605634547 424
1694443903565 0.4896147394663074 425
1694443903829 0.06682723559461232 426
1694443904098 0.2305825918126834 427
1694443904366 0.02558483533334117 428
1694443904650 0.3077799882504314 429
1694443904914 0.4563820533973423 430
1694443905187 0.16273447030527788 431
1694443905447 0.11691274905628395 432
1694443905720 1.0632457462426284 433
1694443905979 0.19176708778215815 434
1694443906260 1.5712610593193677 435
1694443906543 0.6854181622280658 436
1694443906819 0.3732848787722659 437
1694443907088 0.10065312266470436 438
1694443907398 0.5784334338151522 439
1694443907683 0.2753160095492004 440
1694443907962 0.31671941597268605 441
1694443908232 0.6492241342344892 442
1694443908498 0.715560142309623 443
1694443908789 0.1735378640521883 444
1694443909071 0.18780053630744142 445
1694443909383 1.2034430030641223 446
1694443909690 0.4125644025375163 447
1694443909970 0.18941907377963782 448
1694443910239 0.9137855002170234 449
1694443910522 0.0015768855828044886 450
1694443910785 1.9388809655296406 451
1694443911089 0.5810676833956465 452
1694443911363 0.0046878217975080665 453
1694443911649 0.08602731284551515 454
1694443911971 0.8066883449148476 455
1694443912250 0.19661134182925355 456
1694443912519 0.0010701114103881398 457
1694443912790 0.2690523807555101 458
1694443913068 0.8148026835151034 459
1694443913342 0.6953657496451641 460
1694443913614 1.0678045848831164 461
1694443913907 0.8257034542329179 462
1694443914184 0.2420166193503059 463
1694443914458 0.6404910895169464 464
1694443914762 1.0981965092285841 465
1694443915044 0.6919455383694236 466
1694443915327 1.015982872698145 467
1694443915606 0.4105325757659008 468
1694443915905 0.06412166679419762 469
1694443916184 0.5212353235820963 470
1694443916468 0.7382199232173597 471
1694443916746 0.28191959630796015 472
1694443917010 2.3551205304616403 473
1694443917300 0.22885028485012132 474
1694443917582 0.08973275843018204 475
1694443917839 0.2457053256959953 476
1694443918121 0.6513051656413059 477
1694443918409 0.462406295666864 478
1694443918670 1.0390319572391489 479
1694443918940 0.503451581213238 480
1694443919256 0.02539445534094387 481
1694443919556 0.40532474434171817 482
1694443919836 0.24287503854015136 483
1694443920131 1.0005968498484727 484
1694443920420 0.15719422266734978 485
1694443920684 0.3909976862486627 486
1694443920953 0.08079911128316637 487
1694443921242 0.13136227304403292 488
1694443921530 0.2816380291636789 489
1694443921794 0.22395974354847406 490
1694443922073 0.04452316228472532 491
1694443922360 1.02155850373154 492
1694443922651 0.521886353111377 493
1694443922955 1.1826888539292113 494
1694443923225 0.35460666638487154 495
1694443923485 0.1020133205780362 496
1694443923784 0.32208611625991634 497
1694443924071 0.7572212344096287 498
1694443924377 0.6346037796685043 499
