1694441774841 159.4749572113758 0
1694441774898 156.30649339183412 1
1694441774950 153.20306965485037 2
1694441775055 150.1633229468596 3
1694441775123 147.18591933511559 4
1694441775200 144.26955337085445 5
1694441775259 141.41294746684164 6
1694441775299 138.61485128896197 7
1694441775351 135.8740411615213 8
1694441775403 133.19051191295964 9
1694441775454 130.56181998620914 10
1694441775499 127.98682182745644 11
1694441775549 125.46439815124232 12
1694441775602 122.99345341495983 13
1694441775666 120.57291530504872 14
1694441775726 118.20173423461608 15
1694441775780 115.87888285221828 16
1694441775884 113.60335556154753 17
1694441776017 111.37546169184903 18
1694441776087 109.19287362651527 19
1694441776189 107.05465126446303 20
1694441776300 104.95987432562796 21
1694441776437 102.90764192588196 22
1694441776482 100.89707216127576 23
1694441776530 98.92730170139471 24
1694441776572 96.99748539162223 25
1694441776612 95.10679586410897 26
1694441776670 93.25442315725142 27
1694441776712 91.43957434348768 28
1694441776765 89.66147316522296 29
1694441776818 87.91935967870226 30
1694441776867 86.21248990565043 31
1694441776913 84.54013549250627 32
1694441776968 82.90158337707912 33
1694441777021 81.2961354624625 34
1694441777094 79.72310829804096 35
1694441777138 78.18183276743282 36
1694441777188 76.6716537832125 37
1694441777242 75.19192998826145 38
1694441777321 73.74203346359995 39
1694441777381 72.32134944255485 40
1694441777434 70.92927603112221 41
1694441777487 69.56522393438715 42
1694441777557 68.22861618886591 43
1694441777605 66.91888790063878 44
1694441777654 65.63548598914512 45
1694441777704 64.37786893651497 46
1694441777762 63.145506542314706 47
1694441777817 61.93787968358652 48
1694441777865 60.754480080064965 49
1694441777900 59.59481006445568 50
1694441777948 58.458382357664966 51
1694441777985 57.34471984887065 52
1694441778029 56.25335538032737 53
1694441778071 55.183831536802295 54
1694441778110 54.135700439538994 55
1694441778168 53.10852354465005 56
1694441778212 52.101871445840864 57
1694441778269 51.11532368136965 58
1694441778316 50.148468545150614 59
1694441778371 49.20090290190921 60
1694441778420 48.27313476193738 61
1694441778465 47.363848830280375 62
1694441778516 46.47266728765472 63
1694441778562 45.59922016587009 64
1694441778599 44.743145182567034 65
1694441778647 43.904087579481825 66
1694441778683 43.081699964161665 67
1694441778717 42.27564215505523 68
1694441778757 41.48558102990542 69
1694441778814 40.711190377372375 70
1694441778867 39.952150751817065 71
1694441778918 39.20814933117656 72
1694441778966 38.47887977786432 73
1694441779019 37.76404210262972 74
1694441779070 37.06334253131309 75
1694441779122 36.376493374433295 76
1694441779198 35.70321289954694 77
1694441779284 35.04322520631909 78
1694441779386 34.396260104247126 79
1694441779508 33.76205299298034 80
1694441779569 33.14034474517936 81
1694441779609 32.53088159186066 82
1694441779647 31.933415010172492 83
1694441779681 31.347701613550065 84
1694441779718 30.773503044198545 85
1694441779788 30.210585867853933 86
1694441779863 29.658721470772804 87
1694441779955 29.11768595890294 88
1694441780018 28.587260059188075 89
1694441780115 28.067229022960905 90
1694441780183 27.55738253137945 91
1694441780266 27.057514602863087 92
1694441780343 26.56742350248523 93
1694441780432 26.08691165328078 94
1694441780483 25.615785549427297 95
1694441780532 25.15385567125977 96
1694441780568 24.70093640207975 97
1694441780618 24.256845946720425 98
1694441780654 23.821406251830048 99
1694441780704 23.394442927837034 100
1694441780749 22.97578517256079 101
1694441780800 22.565265696433038 102
1694441780851 22.16272064929534 103
1694441780903 21.767989548739074 104
1694441780946 21.380915209955035 105
1694441780993 21.001343677060465 106
1694441781045 20.62912415587186 107
1694441781098 20.264108948092954 108
1694441781178 19.90615338688759 109
1694441781233 19.555115773807994 110
1694441781282 19.21085731704966 111
1694441781336 18.87324207100452 112
1694441781386 18.54213687708481 113
1694441781452 18.217411305790733 114
1694441781544 17.898937599995214 115
1694441781629 17.586590619420143 116
1694441781738 17.280247786278615 117
1694441781857 16.979789032058456 118
1694441781896 16.685096745422875 119
1694441781945 16.3960557212044 120
1694441782006 16.11255311046902 121
1694441782052 15.834478371627679 122
1694441782088 15.561723222573182 123
1694441782132 15.294181593820444 124
1694441782171 15.031749582629029 125
1694441782231 14.774325408087211 126
1694441782299 14.521809367136942 127
1694441782346 14.274103791520119 128
1694441782414 14.0311130056264 129
1694441782482 13.792743285223635 130
1694441782539 13.558902817052164 131
1694441782605 13.32950165926477 132
1694441782696 13.104451702694394 133
1694441782796 12.883666632932043 134
1694441782838 12.667061893197891 135
1694441782876 12.454554647988752 136
1694441782918 12.24606374748551 137
1694441783004 12.04150969270449 138
1694441783070 11.840814601377094 139
1694441783119 11.643902174542246 140
1694441783178 11.450697663836742 141
1694441783265 11.261127839468635 142
1694441783339 11.075120958859383 143
1694441783439 10.892606735940532 144
1694441783514 10.713516311091318 145
1694441783569 10.53778222170347 146
1694441783604 10.36533837336019 147
1694441783652 10.196120011616248 148
1694441783709 10.030063694366605 149
1694441783751 9.867107264791128 150
1694441783803 9.707189824863336 151
1694441783861 9.550251709411254 152
1694441783913 9.396234460718752 153
1694441783955 9.245080803656075 154
1694441783994 9.096734621328356 155
1694441784051 8.951140931231276 156
1694441784113 8.808245861903192 157
1694441784180 8.667996630063305 158
1694441784264 8.530341518225642 159
1694441784334 8.395229852778902 160
1694441784395 8.26261198252233 161
1694441784471 8.132439257648088 162
1694441784543 8.004664009160704 163
1694441784602 7.8792395287245 164
1694441784648 7.756120048929938 165
1694441784687 7.6352607239701555 166
1694441784735 7.5166176107190505 167
1694441784775 7.400147650202535 168
1694441784826 7.285808649454652 169
1694441784881 7.1735592637505965 170
1694441784920 7.063358979208598 171
1694441784965 6.955168095753056 172
1694441785003 6.8489477104313385 173
1694441785045 6.744659701076751 174
1694441785093 6.642266710310567 175
1694441785130 6.541732129875886 176
1694441785167 6.443020085296475 177
1694441785211 6.346095420853732 178
1694441785250 6.250923684875165 179
1694441785285 6.157471115327765 180
1694441785331 6.065704625710082 181
1694441785387 5.975591791236548 182
1694441785435 5.887100835308089 183
1694441785494 5.800200616262967 184
1694441785551 5.7148606144020215 185
1694441785625 5.631050919282562 186
1694441785668 5.54874221727532 187
1694441785714 5.467905779378951 188
1694441785753 5.388513449286667 189
1694441785818 5.310537631699849 190
1694441785882 5.233951280883344 191
1694441785931 5.1587278894574835 192
1694441785980 5.084841477421891 193
1694441786022 5.01226658140618 194
1694441786118 4.940978244142879 195
1694441786178 4.870952004157853 196
1694441786219 4.802163885673839 197
1694441786273 4.734590388722463 198
1694441786350 4.668208479460545 199
1694441786405 4.602995580686347 200
1694441786441 4.538929562551624 201
1694441786500 4.475988733465419 202
1694441786552 4.414151831185557 203
1694441786594 4.353398014093966 204
1694441786630 4.2937068526519795 205
1694441786681 4.235058321031892 206
1694441786716 4.1774327889210605 207
1694441786788 4.120811013495004 208
1694441786841 4.065174131555942 209
1694441786886 4.010503651833362 210
1694441786946 3.956781447443208 211
1694441786995 3.903989748502434 212
1694441787054 3.852111134895664 213
1694441787098 3.8011285291907893 214
1694441787148 3.7510251897004108 215
1694441787234 3.701784703686116 216
1694441787302 3.653390980702585 217
1694441787350 3.605828246078649 218
1694441787404 3.559081034532435 219
1694441787454 3.513134183917828 220
1694441787497 3.467972829099488 221
1694441787554 3.4235823959538143 222
1694441787632 3.3799485954931643 223
1694441787700 3.337057418110839 224
1694441787760 3.2948951279442653 225
1694441787796 3.253448257353965 226
1694441787837 3.212703601515907 227
1694441787885 3.1726482131248392 228
1694441787944 3.133269397206355 229
1694441787990 3.0945547060354333 230
1694441788031 3.056491934159186 231
1694441788071 3.0190691135217262 232
1694441788110 2.9822745086889926 233
1694441788156 2.946096612171468 234
1694441788233 2.910524139842777 235
1694441788277 2.8755460264521506 236
1694441788312 2.841151421228837 237
1694441788353 2.8073296835765285 238
1694441788401 2.7740703788559595 239
1694441788454 2.741363274253862 240
1694441788506 2.709198334736431 241
1694441788559 2.6775657190856337 242
1694441788637 2.6464557760165706 243
1694441788722 2.615859040374262 244
1694441788786 2.5857662294081867 245
1694441788883 2.5561682391229854 246
1694441788959 2.527056140703737 247
1694441788998 2.4984211770142672 248
1694441789042 2.4702547591669903 249
1694441789082 2.4425484631627943 250
1694441789120 2.4152940265995197 251
1694441789167 2.3884833454476255 252
1694441789211 2.3621084708916444 253
1694441789261 2.3361616062360544 254
1694441789295 2.3106351038742763 255
1694441789334 2.285521462319452 256
1694441789385 2.2608133232957397 257
1694441789447 2.236503468888906 258
1694441789489 2.2125848187549138 259
1694441789560 2.189050427385419 260
1694441789599 2.165893481428888 261
1694441789651 2.1431072970662894 262
1694441789686 2.1206853174401403 263
1694441789737 2.0986211101358827 264
1694441789786 2.0769083647144755 265
1694441789833 2.055540890295142 266
1694441789903 2.034512613187245 267
1694441789960 2.0138175745702984 268
1694441789998 1.99344992822108 269
1694441790050 1.9734039382869102 270
1694441790096 1.9536739771041334 271
1694441790148 1.9342545230608756 272
1694441790185 1.9151401585031445 273
1694441790254 1.8963255676834152 274
1694441790328 1.8778055347508005 275
1694441790379 1.8595749417819558 276
1694441790418 1.8416287668518918 277
1694441790468 1.8239620821438471 278
1694441790520 1.8065700520974572 279
1694441790567 1.7894479315943794 280
1694441790626 1.7725910641806566 281
1694441790681 1.7559948803250423 282
1694441790719 1.7396548957125268 283
1694441790761 1.72356670957237 284
1694441790801 1.7077260030399348 285
1694441790851 1.6921285375515875 286
1694441790888 1.6767701532720365 287
1694441790938 1.6616467675534095 288
1694441790997 1.6467543734254244 289
1694441791061 1.632089038116025 290
1694441791113 1.6176469016018458 291
1694441791155 1.6034241751878957 292
1694441791203 1.5894171401158605 293
1694441791255 1.5756221462004476 294
1694441791315 1.5620356104931983 295
1694441791370 1.548654015973164 296
1694441791423 1.5354739102639618 297
1694441791472 1.5224919043766127 298
1694441791528 1.5097046714776756 299
1694441791574 1.4971089456821145 300
1694441791632 1.4847015208704408 301
1694441791699 1.4724792495296009 302
1694441791758 1.4604390416171322 303
1694441791841 1.4485778634481046 304
1694441791916 1.4368927366044084 305
1694441791990 1.4253807368658882 306
1694441792030 1.4140389931629085 307
1694441792084 1.4028646865499117 308
1694441792126 1.3918550491995187 309
1694441792180 1.3810073634167719 310
1694441792225 1.3703189606730937 311
1694441792267 1.3597872206595698 312
1694441792311 1.3494095703591704 313
1694441792350 1.3391834831374863 314
1694441792395 1.32910647785165 315
1694441792435 1.31917611797703 316
1694441792475 1.3093900107513634 317
1694441792516 1.299745806335959 318
1694441792570 1.290241196993618 319
1694441792619 1.2808739162829432 320
1694441792688 1.2716417382686955 321
1694441792762 1.2625424767478746 322
1694441792818 1.2535739844911962 323
1694441792862 1.2447341524996645 324
1694441792906 1.2360209092759216 325
1694441792956 1.2274322201100707 326
1694441793012 1.2189660863796998 327
1694441793062 1.2106205448637914 328
1694441793121 1.2023936670702422 329
1694441793186 1.194283558576734 330
1694441793250 1.186288358384662 331
1694441793322 1.178406238285855 332
1694441793377 1.1706354022418628 333
1694441793430 1.1629740857755009 334
1694441793482 1.1554205553744492 335
1694441793535 1.147973107906634 336
1694441793576 1.140630070047174 337
1694441793622 1.133389797716626 338
1694441793679 1.1262506755303427 339
1694441793737 1.1192111162586762 340
1694441793802 1.1122695602978334 341
1694441793865 1.1054244751511666 342
1694441793929 1.0986743549206635 343
1694441794019 1.0920177198084655 344
1694441794081 1.0854531156281788 345
1694441794121 1.0789791133258126 346
1694441794161 1.0725943085101164 347
1694441794229 1.0662973209921405 348
1694441794285 1.0600867943338546 349
1694441794323 1.0539613954055993 350
1694441794371 1.0479198139522226 351
1694441794417 1.0419607621677243 352
1694441794454 1.0360829742782238 353
1694441794492 1.0302852061330872 354
1694441794531 1.0245662348040487 355
1694441794571 1.0189248581921866 356
1694441794628 1.0133598946425517 357
1694441794678 1.0078701825663334 358
1694441794718 1.0024545800703952 359
1694441794783 0.9971119645940382 360
1694441794826 0.9918412325528186 361
1694441794865 0.9866412989893397 362
1694441794918 0.9815110972307998 363
1694441794962 0.9764495785532319 364
1694441795001 0.971455711852239 365
1694441795047 0.9665284833201474 366
1694441795096 0.9616668961294198 367
1694441795142 0.9568699701221922 368
1694441795194 0.9521367415058529 369
1694441795250 0.9474662625544947 370
1694441795306 0.9428576013161606 371
1694441795369 0.9383098413257419 372
1694441795416 0.933822081323431 373
1694441795455 0.9293934349786057 374
1694441795498 0.9250230306190429 375
1694441795533 0.920710010965366 376
1694441795581 0.9164535328705892 377
1694441795645 0.9122527670646903 378
1694441795681 0.9081068979040948 379
1694441795718 0.9040151231259766 380
1694441795770 0.8999766536072833 381
1694441795822 0.895990713128377 382
1694441795876 0.8920565381412223 383
1694441795929 0.8881733775420038 384
1694441795969 0.8843404924481155 385
1694441796020 0.880557155979397 386
1694441796099 0.8768226530435744 387
1694441796194 0.8731362801257833 388
1694441796281 0.8694973450821241 389
1694441796364 0.8659051669371469 390
1694441796426 0.862359075685193 391
1694441796477 0.8588584120955335 392
1694441796520 0.8554025275212054 393
1694441796568 0.851990783711483 394
1694441796616 0.8486225526279163 395
1694441796662 0.8452972162638556 396
1694441796711 0.842014166467401 397
1694441796761 0.8387728047677161 398
1694441796820 0.835572542204611 399
1694441796864 0.8324127991613618 400
1694441796915 0.8292930052006878 401
1694441796967 0.8262125989038298 402
1694441797019 0.823171027712646 403
1694441797070 0.8201677477747135 404
1694441797121 0.8172022237913215 405
1694441797212 0.8142739288683276 406
1694441797253 0.8113823443698385 407
1694441797296 0.8085269597746066 408
1694441797418 0.805707272535152 409
1694441797462 0.8029227879394963 410
1694441797518 0.8001730189755116 411
1694441797564 0.7974574861977892 412
1694441797640 0.7947757175969989 413
1694441797690 0.7921272484717016 414
1694441797743 0.789511621302529 415
1694441797795 0.7869283856287402 416
1694441797850 0.7843770979270385 417
1694441797900 0.7818573214926743 418
1694441797957 0.7793686263227364 419
1694441798016 0.7769105890016289 420
1694441798119 0.7744827925886465 421
1694441798168 0.7720848265076554 422
1694441798221 0.7697162864388005 423
1694441798316 0.7673767742122256 424
1694441798365 0.7650658977037463 425
1694441798404 0.7627832707324539 426
1694441798452 0.7605285129601994 427
1694441798492 0.7583012497929406 428
1694441798538 0.756101112283888 429
1694441798596 0.7539277370384386 430
1694441798632 0.751780766120851 431
1694441798676 0.7496598469626342 432
1694441798726 0.7475646322726097 433
1694441798782 0.7454947799486192 434
1694441798830 0.7434499529908486 435
1694441798871 0.7414298194167241 436
1694441798922 0.7394340521773735 437
1694441798966 0.737462329075594 438
1694441799008 0.7355143326853281 439
1694441799053 0.7335897502725826 440
1694441799102 0.7316882737177987 441
1694441799142 0.729809599439618 442
1694441799177 0.727953428320036 443
1694441799214 0.7261194656309033 444
1694441799248 0.7243074209617584 445
1694441799302 0.722517008148956 446
1694441799347 0.7207479452060854 447
1694441799396 0.7189999542556179 448
1694441799439 0.7172727614618092 449
1694441799484 0.7155660969647812 450
1694441799550 0.7138796948158055 451
1694441799620 0.712213292913736 452
1694441799689 0.7105666329425788 453
1694441799742 0.7089394603101732 454
1694441799817 0.7073315240879815 455
1694441799880 0.7057425769519349 456
1694441799965 0.7041723751243345 457
1694441800042 0.7026206783167945 458
1694441800098 0.7010872496741978 459
1694441800142 0.6995718557196201 460
1694441800194 0.6980742663002676 461
1694441800241 0.6965942545343369 462
1694441800303 0.6951315967588398 463
1694441800382 0.6936860724783224 464
1694441800422 0.6922574643145042 465
1694441800465 0.6908455579568055 466
1694441800512 0.6894501421137261 467
1694441800556 0.6880710084650935 468
1694441800603 0.6867079516151386 469
1694441800647 0.6853607690463959 470
1694441800689 0.6840292610744053 471
1694441800732 0.682713230803211 472
1694441800783 0.6814124840816268 473
1694441800821 0.6801268294602636 474
1694441800872 0.6788560781493118 475
1694441800932 0.6776000439770472 476
1694441800969 0.6763585433490589 477
1694441801018 0.6751313952081794 478
1694441801066 0.6739184209951136 479
1694441801117 0.6727194446097352 480
1694441801160 0.6715342923730668 481
1694441801202 0.6703627929898948 482
1694441801252 0.6692047775120431 483
1694441801302 0.668060079302261 484
1694441801347 0.6669285339987443 485
1694441801390 0.6658099794802537 486
1694441801457 0.6647042558318301 487
1694441801500 0.6636112053110932 488
1694441801569 0.6625306723151194 489
1694441801637 0.6614625033478796 490
1694441801681 0.660406546988225 491
1694441801737 0.6593626538584217 492
1694441801822 0.6583306765932165 493
1694441801889 0.6573104698094232 494
1694441801987 0.6563018900760239 495
1694441802035 0.6553047958847692 496
1694441802095 0.6543190476212793 497
1694441802136 0.6533445075366273 498
1694441802188 0.6523810397193995 499
