1694441325427 78.05507342811963 0
1694441325748 48.00060304840922 1
1694441326070 23.325067133520058 2
1694441326522 7.518012232050524 3
1694441326860 4.581228513431709 4
1694441327120 2.4681083836646014 5
1694441327382 1.5797844519437882 6
1694441327670 0.28096330287185467 7
1694441327961 0.1177706981271478 8
1694441328281 0.30990121892348016 9
1694441328572 0.16936413732584463 10
1694441328867 0.014050613035948857 11
1694441329199 0.009722677881342979 12
1694441329515 0.8285335535717803 13
1694441329789 0.17799346749972997 14
1694441330105 0.023528780003381544 15
1694441330422 0.5986083801395354 16
1694441330734 0.6687405529086722 17
1694441331040 0.5764554714038942 18
1694441331395 0.3587518824276821 19
1694441331708 0.04481185049913696 20
1694441331996 0.006282648066814907 21
1694441332260 0.07199826686030633 22
1694441332558 0.029653375941440914 23
1694441332840 0.18819091797781298 24
1694441333175 0.06094581622171174 25
1694441333447 0.12503530836514318 26
1694441333723 0.012339192495274324 27
1694441334040 0.159497010480817 28
1694441334343 0.5843729917394253 29
1694441334672 0.19913855510418513 30
1694441335003 0.07189659147451403 31
1694441335260 0.3426189670120551 32
1694441335558 0.030384964550987666 33
1694441335882 0.3482302281557316 34
1694441336204 0.17439124504447553 35
1694441336501 0.2796371980544981 36
1694441336774 0.1702517726770333 37
1694441337031 0.00018906838620789878 38
1694441337352 0.19620202546852067 39
1694441337670 0.03918915864332777 40
1694441337959 0.26935190415925164 41
1694441338299 0.03563739801475459 42
1694441338624 0.031697280247758995 43
1694441338951 0.2675696671464536 44
1694441339232 0.00630680824491776 45
1694441339572 0.010461448030934017 46
1694441339860 0.008673793291798576 47
1694441340142 0.10359594499435659 48
1694441340422 0.011604680139602443 49
1694441340742 0.07660284329264952 50
1694441341068 0.019910624268168933 51
1694441341385 0.04308413982094455 52
1694441341683 0.035049698447940904 53
1694441342002 0.0138582252152973 54
1694441342280 0.027497403764471327 55
1694441342618 0.16933368863892237 56
1694441342951 0.0009309200468564254 57
1694441343266 0.015469316949829962 58
1694441343586 0.06853999314132438 59
1694441343927 0.09404971381318515 60
1694441344193 0.0005292030516366161 61
1694441344462 0.1929908276963311 62
1694441344766 0.002325291714514068 63
1694441345078 0.08433468924907708 64
1694441345361 0.8015355894464488 65
1694441345630 0.6858149453633926 66
1694441345908 0.11344368666477796 67
1694441346210 0.009369508688691072 68
1694441346516 0.018610030074837046 69
1694441346834 0.0819908840785144 70
1694441347201 0.12520916996367953 71
1694441347512 0.007146372256670977 72
1694441347823 7.543614625126379e-06 73
1694441348144 0.5491073768490298 74
1694441348440 0.6554234295656586 75
1694441348700 0.39626265019001855 76
1694441348994 0.009253349563894732 77
1694441349303 0.1602205599070547 78
1694441349582 0.015840551703455094 79
1694441349857 0.000995143297779915 80
1694441350121 0.007605263462522103 81
1694441350411 0.006643155631276072 82
1694441350724 0.0057809399275673455 83
1694441350999 0.18714103317884398 84
1694441351307 0.02358513448531433 85
1694441351643 0.01705654104040383 86
1694441351942 0.1021810794086803 87
1694441352244 0.01615328755080414 88
1694441352579 0.2260397061035761 89
1694441352865 0.2643556849709011 90
1694441353178 0.09215748551046633 91
1694441353498 0.03419711716241481 92
1694441353817 0.005375331332865233 93
1694441354140 0.407330781719444 94
1694441354448 1.7166466670600236e-05 95
1694441354750 0.0067995068615736955 96
1694441355046 0.02209363285046035 97
1694441355339 0.08083392401122706 98
1694441355639 0.0032757539160834922 99
1694441355929 0.06551615679295479 100
1694441356243 0.007261436792265555 101
1694441356567 0.03545998017805402 102
1694441356905 0.03139726212214414 103
1694441357198 0.02482757946051855 104
1694441357503 0.16368661262990042 105
1694441357807 0.0011031784965316452 106
1694441358124 0.0008808109311769222 107
1694441358453 0.4894272534908004 108
1694441358757 0.00570060604121398 109
1694441359064 0.1803775438620656 110
1694441359375 0.00346157273376979 111
1694441359693 0.09360269734168453 112
1694441360008 0.17384944383703485 113
1694441360307 0.1985746290954846 114
1694441360619 0.036962730216285794 115
1694441360929 0.00039341678160697695 116
1694441361230 0.11571948283866837 117
1694441361540 0.0008798933493081743 118
1694441361838 0.10897172172419387 119
1694441362144 0.1280655379010051 120
1694441362405 0.0027860598362458725 121
1694441362715 0.017013189583690826 122
1694441363017 0.013799774859284639 123
1694441363280 0.12147251709661606 124
1694441363547 0.04036596349511913 125
1694441363850 0.016787339835616064 126
1694441364163 0.046207266731494195 127
1694441364491 0.4895917370975135 128
1694441364804 0.04773952158722054 129
1694441365063 0.10501842588240841 130
1694441365321 0.06653634392036117 131
1694441365594 0.20064615759314028 132
1694441365890 0.5268133623975014 133
1694441366149 0.023884501671277113 134
1694441366462 0.03237610904779158 135
1694441366724 0.1867816547586524 136
1694441367025 0.3592704196576034 137
1694441367350 0.07807321667206088 138
1694441367643 0.19519595900218814 139
1694441367942 0.0019356856090039598 140
1694441368258 0.20877416341083535 141
1694441368554 0.10848724013209236 142
1694441368892 0.02312245237914261 143
1694441369220 0.02914670475016242 144
1694441369539 0.06274269672889517 145
1694441369856 0.09373882393064568 146
1694441370181 0.4257232313177307 147
1694441370504 0.3841423296739734 148
1694441370819 0.032711131955930346 149
1694441371111 0.38508210499383927 150
1694441371418 0.023854004909660956 151
1694441371748 0.10178374877276926 152
1694441372045 0.6687194055381239 153
1694441372376 0.004553219765209503 154
1694441372646 0.39991120144819053 155
1694441372930 0.05850643782151945 156
1694441373211 0.03131509148738117 157
1694441373505 0.2604673484146977 158
1694441373813 0.10734996034516778 159
1694441374102 0.04269995503057324 160
1694441374394 0.08994476420979376 161
1694441374720 0.024254698783051174 162
1694441374986 0.018681557439497974 163
1694441375303 0.0093691172310619 164
1694441375604 0.12404688076941266 165
1694441375917 0.09410730856319413 166
1694441376225 0.11918659037068033 167
1694441376506 0.13789870503447227 168
1694441376814 0.6656352402488391 169
1694441377161 0.6729800840996266 170
1694441377423 0.16317820488467744 171
1694441377720 0.27469979011893064 172
1694441378034 0.009395114823929773 173
1694441378290 0.46249634323781874 174
1694441378595 0.06724747194651755 175
1694441378866 0.15865140424709545 176
1694441379135 0.193446364991029 177
1694441379433 0.0018491537884014596 178
1694441379690 0.18482771268690487 179
1694441379997 0.12639875010732426 180
1694441380340 0.29314709238212255 181
1694441380645 0.11835399140132137 182
1694441380903 0.07056277827643326 183
1694441381159 0.010919364212420643 184
1694441381422 0.12742419064130428 185
1694441381714 0.0004744118933903647 186
1694441382012 0.12027429853954957 187
1694441382332 0.13690206751099931 188
1694441382626 0.05383881895443108 189
1694441382966 0.3741438134643292 190
1694441383247 0.6581295199920384 191
1694441383571 0.03489806994192432 192
1694441383906 0.08638183080285235 193
1694441384207 0.2018572891242557 194
1694441384533 0.11744463565095395 195
1694441384844 1.0338132269933502 196
1694441385164 0.14818704235894037 197
1694441385428 0.3950902442306379 198
1694441385767 0.38850582882236395 199
1694441386103 0.2683118534722219 200
1694441386398 0.0196300458422626 201
1694441386728 0.00455537134810855 202
1694441387058 0.550648766386121 203
1694441387398 0.001980565256386855 204
1694441387675 0.11974392733495086 205
1694441387974 0.17862502396401556 206
1694441388315 0.004052801109035548 207
1694441388608 0.20529932877894178 208
1694441388908 0.2278177252000654 209
1694441389268 0.031219713154527273 210
1694441389562 0.016840120836305043 211
1694441389853 0.042879054720496926 212
1694441390132 0.30148868387801875 213
