1694441325441 0.0 0
1694441325759 0.0 1
1694441326084 0.0 2
1694441326535 0.0 3
1694441326871 0.0 4
1694441327127 0.0 5
1694441327391 0.0 6
1694441327680 0.0 7
1694441327971 0.0 8
1694441328289 0.0 9
1694441328579 0.0 10
1694441328878 0.0 11
1694441329208 0.0 12
1694441329526 0.0 13
1694441329797 0.0 14
1694441330114 0.0 15
1694441330430 0.0 16
1694441330743 0.0 17
1694441331051 0.0 18
1694441331406 0.0 19
1694441331717 0.0 20
1694441332007 0.0 21
1694441332269 0.0 22
1694441332568 0.0 23
1694441332851 0.0 24
1694441333185 0.0 25
1694441333456 0.0 26
1694441333734 0.0 27
1694441334050 0.0 28
1694441334355 0.0 29
1694441334684 0.0 30
1694441335012 0.0 31
1694441335270 0.0 32
1694441335567 0.0 33
1694441335894 0.0 34
1694441336213 0.0 35
1694441336509 0.0 36
1694441336786 0.0 37
1694441337042 0.0 38
1694441337361 0.0 39
1694441337680 0.0 40
1694441337971 0.0 41
1694441338311 0.0 42
1694441338634 0.0 43
1694441338962 0.0 44
1694441339244 0.0 45
1694441339580 0.0 46
1694441339871 0.0 47
1694441340151 0.0 48
1694441340429 0.0 49
1694441340758 0.0 50
1694441341078 0.0 51
1694441341394 0.0 52
1694441341692 0.0 53
1694441342012 0.0 54
1694441342290 0.0 55
1694441342628 0.0 56
1694441342962 0.0 57
1694441343278 0.0 58
1694441343595 0.0 59
1694441343938 0.0 60
1694441344202 0.0 61
1694441344471 0.0 62
1694441344774 0.0 63
1694441345085 0.0 64
1694441345370 0.0 65
1694441345640 0.0 66
1694441345917 0.0 67
1694441346222 0.0 68
1694441346527 0.0 69
1694441346854 0.0 70
1694441347211 0.0 71
1694441347522 0.0 72
1694441347834 0.0 73
1694441348153 0.0 74
1694441348448 0.0 75
1694441348709 0.0 76
1694441349003 0.0 77
1694441349311 0.0 78
1694441349591 0.0 79
1694441349868 0.0 80
1694441350130 0.0 81
1694441350421 0.0 82
1694441350732 0.0 83
1694441351011 0.0 84
1694441351320 0.0 85
1694441351654 0.0 86
1694441351949 0.0 87
1694441352260 0.0 88
1694441352589 0.0 89
1694441352876 0.0 90
1694441353187 0.0 91
1694441353509 0.0 92
1694441353827 0.0 93
1694441354149 0.0 94
1694441354457 0.0 95
1694441354760 0.0 96
1694441355053 0.0 97
1694441355350 0.0 98
1694441355650 0.0 99
1694441355939 0.0 100
1694441356256 0.0 101
1694441356576 0.0 102
1694441356913 0.0 103
1694441357207 0.0 104
1694441357511 0.0 105
1694441357817 0.0 106
1694441358132 0.0 107
1694441358462 0.0 108
1694441358768 0.0 109
1694441359076 0.0 110
1694441359384 0.0 111
1694441359705 0.0 112
1694441360019 0.0 113
1694441360317 0.0 114
1694441360628 0.0 115
1694441360939 0.0 116
1694441361239 0.0 117
1694441361548 0.0 118
1694441361848 0.0 119
1694441362154 0.0 120
1694441362412 0.0 121
1694441362727 0.0 122
1694441363026 0.0 123
1694441363290 0.0 124
1694441363571 0.0 125
1694441363859 0.0 126
1694441364172 0.0 127
1694441364500 0.0 128
1694441364815 0.0 129
1694441365073 0.0 130
1694441365330 0.0 131
1694441365602 0.0 132
1694441365901 0.0 133
1694441366159 0.0 134
1694441366471 0.0 135
1694441366735 0.0 136
1694441367035 0.0 137
1694441367359 0.0 138
1694441367651 0.0 139
1694441367952 0.0 140
1694441368270 0.0 141
1694441368568 0.0 142
1694441368902 0.0 143
1694441369228 0.0 144
1694441369549 0.0 145
1694441369865 0.0 146
1694441370191 0.0 147
1694441370512 0.0 148
1694441370832 0.0 149
1694441371120 0.0 150
1694441371429 0.0 151
1694441371760 0.0 152
1694441372055 0.0 153
1694441372385 0.0 154
1694441372655 0.0 155
1694441372942 0.0 156
1694441373220 0.0 157
1694441373514 0.0 158
1694441373824 0.0 159
1694441374111 0.0 160
1694441374403 0.0 161
1694441374729 0.0 162
1694441374994 0.0 163
1694441375311 0.0 164
1694441375615 0.0 165
1694441375926 0.0 166
1694441376235 0.0 167
1694441376512 0.0 168
1694441376824 0.0 169
1694441377171 0.0 170
1694441377434 0.0 171
1694441377728 0.0 172
1694441378043 0.0 173
1694441378300 0.0 174
1694441378607 0.0 175
1694441378875 0.0 176
1694441379143 0.0 177
1694441379442 0.0 178
1694441379699 0.0 179
1694441380010 0.0 180
1694441380346 0.0 181
1694441380655 0.0 182
1694441380910 0.0 183
1694441381168 0.0 184
1694441381430 0.0 185
1694441381725 0.0 186
1694441382021 0.0 187
1694441382342 0.0 188
1694441382638 0.0 189
1694441382975 0.0 190
1694441383259 0.0 191
1694441383582 0.0 192
1694441383914 0.0 193
1694441384216 0.0 194
1694441384543 0.0 195
1694441384855 0.0 196
1694441385172 0.0 197
1694441385443 0.0 198
1694441385777 0.0 199
1694441386111 0.0 200
1694441386407 0.0 201
1694441386738 0.0 202
1694441387067 0.0 203
1694441387409 0.0 204
1694441387688 0.0 205
1694441387982 0.0 206
1694441388325 0.0 207
1694441388620 0.0 208
1694441388918 0.0 209
1694441389277 0.0 210
1694441389572 0.0 211
1694441389861 0.0 212
1694441390142 0.0 213
