1694436846858 164.84664961342315 0
1694436846887 164.18903463308203 1
1694436846916 164.51487308892598 2
1694436846944 164.0558620970946 3
1694436846974 164.6622942048215 4
1694436847003 163.94837815884216 5
1694436847032 163.65128029568277 6
1694436847057 163.71192038943997 7
1694436847083 162.62555265863068 8
1694436847112 162.58685219409946 9
1694436847139 162.846391910851 10
1694436847169 163.01044289145412 11
1694436847199 162.54794075543114 12
1694436847226 162.69488491957082 13
1694436847255 163.31515995531066 14
1694436847288 162.37518325497135 15
1694436847320 162.36226279337163 16
1694436847352 162.6032357557662 17
1694436847389 162.55960464393752 18
1694436847428 160.9758419534607 19
1694436847463 161.84602659672143 20
1694436847500 161.5578373288719 21
1694436847549 161.0069673888204 22
1694436847597 161.55554185850352 23
1694436847647 161.5172444833226 24
1694436847684 161.70497810721622 25
1694436847722 161.12468705196105 26
1694436847755 161.6246497710962 27
1694436847780 161.92652346088906 28
1694436847806 162.56612913851947 29
1694436847839 160.46953782956527 30
1694436847869 160.83090478072359 31
1694436847899 160.32983516866352 32
1694436847929 160.03788120815364 33
1694436847960 160.18229540383948 34
1694436847988 160.14014607597343 35
1694436848022 160.2043681865159 36
1694436848051 161.0000494449864 37
1694436848083 160.51094924066817 38
1694436848112 159.26858587939435 39
1694436848139 159.99205230069913 40
1694436848165 159.2704179932796 41
1694436848190 159.52135587254716 42
1694436848221 159.05710705992223 43
1694436848251 159.27004560092882 44
1694436848279 159.7740391858366 45
1694436848309 159.4809456732911 46
1694436848338 158.95875212285955 47
1694436848368 158.7917877705591 48
1694436848398 158.0396155873317 49
1694436848426 158.36619597856642 50
1694436848455 157.6992434193958 51
1694436848485 158.5677610109296 52
1694436848513 159.11552478745804 53
1694436848542 157.82414933969164 54
1694436848571 157.8634415636559 55
1694436848599 157.16862163719284 56
1694436848627 157.7456271516955 57
1694436848656 157.82432644183345 58
1694436848682 157.03341048118233 59
1694436848708 158.20928276952202 60
1694436848734 157.68319054357104 61
1694436848763 157.58408736348434 62
1694436848790 157.11956785951241 63
1694436848817 156.18137758292508 64
1694436848846 156.13672588873527 65
1694436848873 155.62034301059012 66
1694436848902 156.41220885222646 67
1694436848928 156.62390465434217 68
1694436848954 155.21777658123264 69
1694436848982 155.07107684326462 70
1694436849011 156.41624697032682 71
1694436849037 155.15218470198369 72
1694436849063 154.82348849521733 73
1694436849087 156.23478389728953 74
1694436849112 156.08881557400335 75
1694436849138 155.87891899558096 76
1694436849163 154.8539038047912 77
1694436849187 153.96257806215002 78
1694436849212 154.21674590640885 79
1694436849239 154.54405748542467 80
1694436849266 154.85138824997878 81
1694436849292 153.88394784053054 82
1694436849324 154.77852568502558 83
1694436849371 153.68586064100663 84
1694436849404 153.47910093497924 85
1694436849432 152.94151363813782 86
1694436849459 153.25355782085103 87
1694436849487 152.92311888007006 88
1694436849513 153.04195537759122 89
1694436849536 153.13852147062147 90
1694436849562 152.60819070095428 91
1694436849587 153.2227322962578 92
1694436849613 153.02109700871787 93
1694436849638 151.88419823985873 94
1694436849666 153.3094184090991 95
1694436849692 152.93176189623398 96
1694436849718 151.7624368000612 97
1694436849749 152.38386936130854 98
1694436849781 152.33349626981627 99
1694436849811 151.52778171646477 100
1694436849845 152.03074751986884 101
1694436849878 152.09733387139084 102
1694436849905 151.69110910925 103
1694436849932 152.3806036969816 104
1694436849958 151.13916351366123 105
1694436849984 151.059372019635 106
1694436850013 150.81545663038582 107
1694436850038 151.76030662059875 108
1694436850065 150.96319807608083 109
1694436850091 150.4740535594522 110
1694436850117 150.1141437378944 111
1694436850142 151.23518675175794 112
1694436850168 149.94133565763866 113
1694436850197 150.95561296493528 114
1694436850227 150.03252288348128 115
1694436850256 149.6932576909377 116
1694436850283 149.15459151976896 117
1694436850308 149.36293763166847 118
1694436850331 150.71251837793974 119
1694436850357 150.63940736633373 120
1694436850383 149.546079098456 121
1694436850408 148.57258696320133 122
1694436850434 149.27460674562343 123
1694436850461 149.81520070846256 124
1694436850490 149.24976487519683 125
1694436850516 150.2939882415582 126
1694436850542 148.0744246739736 127
1694436850569 149.44206350525448 128
1694436850595 148.82033854410113 129
1694436850623 148.283169229725 130
1694436850651 147.8297473287638 131
1694436850677 149.20873752395178 132
1694436850703 146.88481008478888 133
1694436850727 148.2257263457741 134
1694436850752 148.96421482541243 135
1694436850778 149.23692191891266 136
1694436850802 148.79655090923814 137
1694436850826 148.88182638779452 138
1694436850851 147.5917383652174 139
1694436850878 148.07986138623014 140
1694436850905 147.33196896039254 141
1694436850930 146.97517466452044 142
1694436850955 147.30420539248524 143
1694436850983 147.11146982219267 144
1694436851009 146.5252399818733 145
1694436851035 146.2300483131383 146
1694436851061 146.9364667173446 147
1694436851088 146.5092530530291 148
1694436851115 146.0468916087572 149
1694436851139 145.32416915847733 150
1694436851168 144.81070600276004 151
1694436851199 145.46645413439452 152
1694436851231 146.1090971457281 153
1694436851259 144.85925476548746 154
1694436851287 146.72090267130125 155
1694436851316 145.09343451827047 156
1694436851342 145.21823329626935 157
1694436851371 144.57501258129102 158
1694436851399 145.32160184384043 159
1694436851424 144.7654427441707 160
1694436851448 145.79397471001056 161
1694436851473 145.92227599660356 162
1694436851499 144.2542370949398 163
1694436851523 144.8311098008291 164
1694436851545 143.80396859620205 165
1694436851572 143.72560063358915 166
1694436851597 143.8963100672298 167
1694436851623 143.87988658033487 168
1694436851647 144.19477624078965 169
1694436851673 143.32277710854405 170
1694436851699 143.51191876288638 171
1694436851725 144.34294074166607 172
1694436851750 143.98123916207757 173
1694436851778 143.25186763551605 174
1694436851803 143.2755349984198 175
1694436851832 142.9163661969166 176
1694436851862 143.43903961728762 177
1694436851889 143.38169597338333 178
1694436851916 142.91510542504057 179
1694436851941 143.11083057180238 180
1694436851969 141.7012757221216 181
1694436851996 142.62009495232056 182
1694436852024 142.72417562160578 183
1694436852050 142.6976359803355 184
1694436852075 141.9788720664907 185
1694436852102 142.60900932704433 186
1694436852129 142.58181116713706 187
1694436852154 140.97722749679423 188
1694436852181 141.62655397476593 189
1694436852206 142.60921253941686 190
1694436852233 141.82671889964058 191
1694436852260 141.210093053347 192
1694436852286 141.15209804913988 193
1694436852315 140.9282890611766 194
1694436852341 141.65844752065894 195
1694436852371 140.50210530523472 196
1694436852399 141.45669970565672 197
1694436852425 140.59449333494322 198
1694436852449 141.320124589892 199
1694436852480 139.6098590655029 200
1694436852505 140.2783484151067 201
1694436852531 140.6503245697886 202
1694436852557 139.70858357084828 203
1694436852587 140.7019184015755 204
1694436852615 140.1351823587954 205
1694436852640 139.9752599408109 206
1694436852669 139.90441018786854 207
1694436852695 140.1613646820142 208
1694436852720 139.93517496956258 209
1694436852744 139.57284076709595 210
1694436852769 139.66786547632358 211
1694436852795 139.4922678035795 212
1694436852819 139.26635119532307 213
1694436852845 139.26572936925882 214
1694436852873 138.58761991740633 215
1694436852903 139.58310752286073 216
1694436852930 137.79152895311935 217
1694436852961 139.05899305637752 218
1694436852989 138.3674723175578 219
1694436853017 138.8537619364128 220
1694436853040 138.27123428259577 221
1694436853064 138.63808430404157 222
1694436853090 137.2721180703599 223
1694436853117 137.55913009010223 224
1694436853142 137.7448499794496 225
1694436853169 137.88865576231194 226
1694436853195 137.9835296116693 227
1694436853222 138.3907850025163 228
1694436853247 137.3580464563692 229
1694436853275 137.57280654623466 230
1694436853301 137.2461603028028 231
1694436853328 136.631357779631 232
1694436853355 137.96850681552482 233
1694436853384 137.18660682479015 234
1694436853411 136.80116911835944 235
1694436853435 136.55279891239496 236
1694436853463 136.77423972864366 237
1694436853493 135.86883833234677 238
1694436853520 136.2712384889156 239
1694436853546 135.77737213174143 240
1694436853574 136.6374836278738 241
1694436853602 136.70977583514522 242
1694436853627 136.5288766643567 243
1694436853651 135.46989475409373 244
1694436853677 135.62236728887157 245
1694436853702 136.12565361150723 246
1694436853726 135.62531997153388 247
1694436853753 135.52999839360461 248
1694436853780 135.3780902278739 249
1694436853805 135.4021263426833 250
1694436853830 134.62414044713452 251
1694436853855 135.09014274868386 252
1694436853882 135.08160902696648 253
1694436853911 133.54842766638808 254
1694436853936 135.06257924317416 255
1694436853960 134.30728367896796 256
1694436853988 134.59562923574285 257
1694436854017 134.28359669463782 258
1694436854043 133.89589573912593 259
1694436854070 134.4536951345905 260
1694436854097 134.55953593083512 261
1694436854123 133.0725475945573 262
1694436854147 133.57870683205428 263
1694436854174 134.55767390251756 264
1694436854199 133.12997337227367 265
1694436854228 134.11802317333718 266
1694436854256 133.85477719123998 267
1694436854284 133.06649348828904 268
1694436854314 132.7558850111926 269
1694436854339 133.28079735148344 270
1694436854368 133.90984911634658 271
1694436854395 133.03715586834954 272
1694436854423 132.29048673800492 273
1694436854449 132.28257058159537 274
1694436854478 133.35702023351115 275
1694436854503 131.94824842826955 276
1694436854530 131.83955900396654 277
1694436854557 132.01778928760172 278
1694436854585 132.60144920838263 279
1694436854612 132.38933451540427 280
1694436854637 132.34471958530094 281
1694436854662 131.9386912066862 282
1694436854690 131.4613359584536 283
1694436854716 132.02296243307407 284
1694436854742 131.45181086045238 285
1694436854770 130.6559263076751 286
1694436854796 131.08995325035895 287
1694436854821 130.8295485301007 288
1694436854846 131.90088834677533 289
1694436854875 131.9317400108085 290
1694436854903 131.0831030651279 291
1694436854931 130.46266288289263 292
1694436854962 131.3787795164003 293
1694436854996 130.79593445702025 294
1694436855024 129.77239129746366 295
1694436855050 130.80782458534043 296
1694436855076 130.24736890580206 297
1694436855102 131.0629950679293 298
1694436855130 129.36552090162934 299
1694436855156 129.9107283099953 300
1694436855185 130.63251510723208 301
1694436855213 129.94102785142925 302
1694436855238 130.52393011009875 303
1694436855266 130.0579205931831 304
1694436855297 129.82000735053654 305
1694436855324 129.2176791064916 306
1694436855362 129.53242227919483 307
1694436855390 128.66983787019848 308
1694436855419 129.48985748211004 309
1694436855442 129.18623677549883 310
1694436855468 129.43214932896018 311
1694436855496 128.71869441243433 312
1694436855523 128.31443082700756 313
1694436855547 128.5739436400306 314
1694436855575 128.3498706027036 315
1694436855603 128.4464562702442 316
1694436855629 128.1526415746043 317
1694436855653 128.556160556817 318
1694436855681 128.10827758567555 319
1694436855706 128.47010705689647 320
1694436855733 127.41850214278459 321
1694436855771 127.0257257436809 322
1694436855806 127.45333806997266 323
1694436855835 127.32201120788724 324
1694436855860 127.23453434405533 325
1694436855887 127.66835114008349 326
1694436855911 127.05868799651236 327
1694436855935 127.36171979005364 328
1694436855961 126.55870908977253 329
1694436855994 126.36994187878261 330
1694436856026 126.32507193725586 331
1694436856060 127.52311443861814 332
1694436856104 127.07808023127453 333
1694436856137 126.9555894183439 334
1694436856180 126.82093119352808 335
1694436856227 127.21849078106106 336
1694436856266 126.37271153483267 337
1694436856299 126.33317748216483 338
1694436856329 126.28043836807505 339
1694436856362 126.31179182185731 340
1694436856396 126.28842900009298 341
1694436856426 126.11839477959619 342
1694436856457 125.83615973100856 343
1694436856490 124.98859728768605 344
1694436856521 125.86873318339224 345
1694436856552 125.92988875256795 346
1694436856583 124.85508297196633 347
1694436856612 125.33093162416311 348
1694436856640 125.8812141832308 349
1694436856668 125.5619546439054 350
1694436856697 125.2260618438821 351
1694436856722 124.91388774520924 352
1694436856748 124.27230990127107 353
1694436856777 124.73139708349464 354
1694436856809 125.5651951282841 355
1694436856837 124.90505118998789 356
1694436856867 124.29499024664035 357
1694436856897 124.04259475893502 358
1694436856923 125.2357376655874 359
1694436856951 123.71858363007182 360
1694436856978 123.48932760733862 361
1694436857006 123.71325378431646 362
1694436857034 124.00139484964494 363
1694436857062 124.73403141073221 364
1694436857091 123.30790043566242 365
1694436857119 123.86225582912239 366
1694436857146 124.42396375841683 367
1694436857175 122.8858564469124 368
1694436857204 123.66587451454909 369
1694436857230 124.20643099166652 370
1694436857258 122.19796302639325 371
1694436857286 122.77125791139916 372
1694436857314 123.73966982097964 373
1694436857341 121.67019268421394 374
1694436857370 122.51546176106433 375
1694436857404 122.20734233528317 376
1694436857433 121.77939776358927 377
1694436857466 123.08101857151593 378
1694436857511 121.8382894138849 379
1694436857539 121.9829170463647 380
1694436857567 122.42261789870787 381
1694436857598 122.83453917603494 382
1694436857630 122.21800972203785 383
1694436857663 122.26199514051788 384
1694436857694 121.69175252741873 385
1694436857722 121.73235754389036 386
1694436857751 121.07683902089632 387
1694436857779 121.06218986946658 388
1694436857805 121.60559344600549 389
1694436857834 120.80656559406557 390
1694436857864 121.59380246088712 391
1694436857896 121.38961038699215 392
1694436857927 120.88178334202237 393
1694436857960 121.26264290372762 394
1694436857989 120.51050328789681 395
1694436858018 120.8323930417701 396
1694436858043 120.71632149619407 397
1694436858071 120.51395099177014 398
1694436858099 120.33757438964457 399
1694436858127 120.97335467396496 400
1694436858159 119.95720467486828 401
1694436858190 120.68919248732112 402
1694436858219 120.35414915991531 403
1694436858248 120.27883676757573 404
1694436858279 119.83273979016208 405
1694436858308 119.6650637657985 406
1694436858335 120.23246230719214 407
1694436858367 118.9383535287974 408
1694436858397 119.14618790377777 409
1694436858430 119.33038093841222 410
1694436858458 120.19531773000706 411
1694436858489 119.65625860574325 412
1694436858521 119.8237808104215 413
1694436858549 118.79704541749271 414
1694436858578 118.39035163205264 415
1694436858608 118.68985171073294 416
1694436858637 118.93034633342893 417
1694436858668 119.3249470591629 418
1694436858697 117.96064345520979 419
1694436858729 118.3338748876265 420
1694436858759 119.09553779452146 421
1694436858790 118.36127145101925 422
1694436858818 118.16464079723464 423
1694436858849 117.80694886337258 424
1694436858878 117.54402635820497 425
1694436858911 117.85971567238 426
1694436858939 117.93178265514186 427
1694436858969 116.93229814672097 428
1694436858999 117.78195081769097 429
1694436859030 117.6943906578576 430
1694436859066 117.74766377321248 431
1694436859102 116.96545879953273 432
1694436859135 117.46571041724486 433
1694436859168 117.42563436051348 434
1694436859198 117.53368412762902 435
1694436859226 116.71222626261759 436
1694436859257 117.16503355246715 437
1694436859286 117.58117409385515 438
1694436859318 116.16116483753719 439
1694436859346 116.78763448134747 440
1694436859377 116.14292116678581 441
1694436859410 116.9778372063546 442
1694436859437 115.889091260686 443
1694436859471 117.10265184775143 444
1694436859504 116.76254517605692 445
1694436859534 116.18813664820819 446
1694436859564 116.55303213381467 447
1694436859596 115.4856798601697 448
1694436859626 115.73932595173756 449
1694436859656 116.2962379753331 450
1694436859686 116.28968235201168 451
1694436859716 115.78743140129701 452
1694436859745 115.22332909022646 453
1694436859786 115.69261856519184 454
1694436859823 115.61764531436808 455
1694436859851 115.63626660686792 456
1694436859888 115.19203421610857 457
1694436859921 115.2162264124914 458
1694436859952 114.3901979802965 459
1694436859986 114.68380425995629 460
1694436860022 114.45665641734136 461
1694436860055 114.8722074889567 462
1694436860085 114.82774984950814 463
1694436860117 114.24366478276671 464
1694436860146 114.44599331754904 465
1694436860174 114.47770037153823 466
1694436860205 114.26742970284829 467
1694436860233 114.24859615034822 468
1694436860264 114.23990217213532 469
1694436860296 114.53517652920468 470
1694436860327 113.55037170553857 471
1694436860357 113.0739333884288 472
1694436860387 113.14288607085537 473
1694436860415 113.25756025487642 474
1694436860440 113.9455019506207 475
1694436860469 113.06315290005315 476
1694436860496 112.83227498841423 477
1694436860522 113.37895841823271 478
1694436860550 112.54972580619209 479
1694436860577 113.34759094936469 480
1694436860606 112.9409080299253 481
1694436860635 113.66024566049951 482
1694436860664 112.74075641617424 483
1694436860695 112.68820722975812 484
1694436860725 112.96357179928681 485
1694436860755 112.94933876033764 486
1694436860786 112.26507524971346 487
1694436860815 112.84074254771053 488
1694436860842 112.927789628519 489
1694436860871 112.22672613712108 490
1694436860903 112.94468649423654 491
1694436860935 111.69035364171789 492
1694436860971 112.81972707249575 493
1694436861006 112.3417178782689 494
1694436861035 111.94819027581687 495
1694436861066 111.51828425225257 496
1694436861094 111.55447592012702 497
1694436861123 111.36904419388698 498
1694436861150 111.40795008506828 499
