1694441721266 169.9263829013967 0
1694441721344 166.5334408152357 1
1694441721455 163.2104748537998 2
1694441721582 159.95601064364985 3
1694441721673 156.76860552464183 4
1694441721730 153.6468478501227 5
1694441721798 150.58935630312092 6
1694441721860 147.59477922814654 7
1694441721905 144.66179397822887 8
1694441721966 141.78910627682689 9
1694441722025 138.97544959425676 10
1694441722077 136.2195845382921 11
1694441722150 133.52029825859822 12
1694441722255 130.87640386467254 13
1694441722342 128.28673985697068 14
1694441722466 125.75016957090544 15
1694441722612 123.26558063341484 16
1694441722737 120.83188443180163 17
1694441722801 118.44801559455532 18
1694441722864 116.11293148387423 19
1694441722915 113.8256116996126 20
1694441722962 111.58505759438407 21
1694441723002 109.39029179956006 22
1694441723050 107.24035776190802 23
1694441723103 105.13431929062006 24
1694441723179 103.07126011449014 25
1694441723271 101.05028344900211 26
1694441723344 99.07051157309827 27
1694441723387 97.13108541540318 28
1694441723420 95.2311641496826 29
1694441723467 93.36992479932378 30
1694441723504 91.54656185062757 31
1694441723544 89.76028687470837 32
1694441723579 88.01154784171526 33
1694441723614 86.29830376242812 34
1694441723650 84.61981806041129 35
1694441723700 82.97536970676147 36
1694441723740 81.36425288610961 37
1694441723797 79.78577666996345 38
1694441723842 78.23926469722473 39
1694441723877 76.72405486171759 40
1694441723916 75.23949900657034 41
1694441723953 73.78496262529438 42
1694441724002 72.35982456940985 43
1694441724048 70.96347676246958 44
1694441724085 69.5953239203372 45
1694441724124 68.25478327757845 46
1694441724169 66.9412843198282 47
1694441724226 65.65426852199832 48
1694441724271 64.39318909219573 49
1694441724337 63.15751072122205 50
1694441724399 61.94670933752985 51
1694441724459 60.76027186751309 52
1694441724494 59.59769600101258 53
1694441724536 58.458489961919526 54
1694441724617 57.342172283763574 55
1694441724660 56.24827159017379 56
1694441724703 55.17632638010414 57
1694441724753 54.125884817717036 58
1694441724801 53.096504526821505 59
1694441724857 52.087752389764546 60
1694441724900 51.09989322483464 61
1694441724945 50.13178646003533 62
1694441724996 49.18302708186273 63
1694441725051 48.25321851704193 64
1694441725096 47.34197245431237 65
1694441725137 46.44890867003099 66
1694441725175 45.57365485750998 67
1694441725214 44.715846460007405 68
1694441725278 43.875126507291064 69
1694441725317 43.05114545569765 70
1694441725370 42.24356103161113 71
1694441725420 41.45203807828558 72
1694441725482 40.67624840594013 73
1694441725521 39.91587064505441 74
1694441725563 39.1705901027952 75
1694441725610 38.440098622506106 76
1694441725647 37.72409444619378 77
1694441725682 37.022282079945754 78
1694441725732 36.3343721622161 79
1694441725778 35.660081334916924 80
1694441725822 34.99913211725486 81
1694441725868 34.35125278225306 82
1694441725908 33.71617723590062 83
1694441725951 33.09364489887262 84
1694441725997 32.48340059076513 85
1694441726046 31.885194416790977 86
1694441726086 31.298781656882934 87
1694441726134 30.723922657152592 88
1694441726202 30.160382723653868 89
1694441726244 29.607932018401645 90
1694441726318 29.066345457596793 91
1694441726362 28.535402612010152 92
1694441726416 28.014887609478926 93
1694441726462 27.504589039470005 94
1694441726508 27.00429985966585 95
1694441726554 26.51381730452935 96
1694441726602 26.032942795805155 97
1694441726669 25.561481854915918 98
1694441726717 25.099244017212698 99
1694441726767 24.646042748039793 100
1694441726815 24.201695360575027 101
1694441726867 23.766022935407424 102
1694441726918 23.33885024181508 103
1694441726960 22.920005660706696 104
1694441727015 22.509321109191312 105
1694441727061 22.106631966741187 106
1694441727112 21.71177700291385 107
1694441727152 21.324598306600006 108
1694441727208 20.944941216764523 109
1694441727252 20.5726542546488 110
1694441727300 20.20758905740301 111
1694441727362 19.84960031311802 112
1694441727401 19.498545697226724 113
1694441727449 19.154285810245984 114
1694441727495 18.816684116830206 115
1694441727535 18.485606886108748 116
1694441727585 18.1609231332799 117
1694441727631 17.842504562434378 118
1694441727684 17.530225510582387 119
1694441727730 17.223962892858555 120
1694441727785 16.923596148879554 121
1694441727831 16.629007190230084 122
1694441727884 16.340080349052975 123
1694441727929 16.05670232772017 124
1694441727971 15.778762149561407 125
1694441728007 15.506151110628242 126
1694441728051 15.238762732471356 127
1694441728099 14.976492715909698 128
1694441728144 14.71923889577031 129
1694441728226 14.466901196578315 130
1694441728273 14.21938158917681 131
1694441728314 13.976584048257065 132
1694441728359 13.738414510779643 133
1694441728398 13.504780835267546 134
1694441728432 13.275592761952913 135
1694441728465 13.050761873759248 136
1694441728500 12.830201558101434 137
1694441728536 12.61382696948614 138
1694441728576 12.401554992895854 139
1694441728612 12.193304207939772 140
1694441728662 11.988994853755468 141
1694441728714 11.788548794645346 142
1694441728764 11.59188948643244 143
1694441728809 11.398941943520255 144
1694441728868 11.209632706641878 145
1694441728933 11.023889811283658 146
1694441728983 10.841642756769382 147
1694441729044 10.662822475990808 148
1694441729102 10.487361305771062 149
1694441729146 10.315192957847495 150
1694441729184 10.146252490460801 151
1694441729227 9.98047628053788 152
1694441729267 9.817801996455625 153
1694441729343 9.658168571373603 154
1694441729386 9.501516177123499 155
1694441729430 9.347786198643686 156
1694441729470 9.196921208947359 157
1694441729512 9.048864944613031 158
1694441729551 8.903562281786392 159
1694441729597 8.760959212682737 160
1694441729635 8.62100282257947 161
1694441729676 8.483641267288283 162
1694441729720 8.348823751097035 163
1694441729757 8.21650050517134 164
1694441729797 8.086622766406268 165
1694441729836 7.959142756718654 166
1694441729882 7.834013662770766 167
1694441729916 7.7111896161162745 168
1694441729952 7.590625673759602 169
1694441729995 7.472277799120054 170
1694441730035 7.356102843392094 171
1694441730074 7.242058527293621 172
1694441730116 7.130103423193937 173
1694441730160 7.020196937613513 174
1694441730217 6.912299294087742 175
1694441730268 6.8063715163870535 176
1694441730319 6.702375412085843 177
1694441730381 6.600273556472996 178
1694441730436 6.500029276796787 179
1694441730482 6.40160663683714 180
1694441730547 6.304970421798373 181
1694441730615 6.2100861235158 182
1694441730669 6.116919925969482 183
1694441730717 6.025438691098775 184
1694441730811 5.935609944911371 185
1694441730912 5.84740186388061 186
1694441730963 5.760783261625104 187
1694441731036 5.675723575864661 188
1694441731102 5.592192855646851 189
1694441731201 5.510161748838434 190
1694441731279 5.4296014898761715 191
1694441731331 5.350483887771547 192
1694441731374 5.272781314364181 193
1694441731438 5.1964666928186 194
1694441731498 5.121513486359374 195
1694441731552 5.047895687239623 196
1694441731615 4.975587805937949 197
1694441731667 4.904564860579114 198
1694441731728 4.834802366573724 199
1694441731772 4.766276326472358 200
1694441731813 4.6989632200296665 201
1694441731853 4.632839994474042 202
1694441731897 4.567884054978607 203
1694441731933 4.504073255329251 204
1694441731975 4.441385888785675 205
1694441732019 4.379800679131337 206
1694441732053 4.319296771908439 207
1694441732118 4.2598537258340325 208
1694441732162 4.201451504393481 209
1694441732218 4.144070467607603 210
1694441732277 4.0876913639698245 211
1694441732324 4.032295322549857 212
1694441732381 3.9778638452603743 213
1694441732423 3.9243787992833172 214
1694441732463 3.871822409652519 215
1694441732508 3.8201772519893225 216
1694441732549 3.7694262453881 217
1694441732585 3.719552645448469 218
1694441732635 3.6705400374511843 219
1694441732684 3.622372329674736 220
1694441732729 3.575033746849664 221
1694441732779 3.5285088237477886 222
1694441732822 3.4827823989034874 223
1694441732867 3.437839608464321 224
1694441732904 3.3936658801682893 225
1694441732963 3.350246927445098 226
1694441733013 3.307568743638823 227
1694441733059 3.265617596349491 228
1694441733099 3.2243800218910743 229
1694441733145 3.1838428198635103 230
1694441733182 3.1439930478363243 231
1694441733220 3.1048180161415826 232
1694441733263 3.066305282773884 233
1694441733302 3.028442648395163 234
1694441733337 2.9912181514421357 235
1694441733381 2.9546200633342705 236
1694441733419 2.918636883780138 237
1694441733452 2.8832573361801765 238
1694441733486 2.8484703631238104 239
1694441733530 2.8142651219789956 240
1694441733563 2.7806309805722593 241
1694441733598 2.7475575129573464 242
1694441733632 2.7150344952706766 243
1694441733667 2.6830519016717496 244
1694441733703 2.6515999003667856 245
1694441733744 2.6206688497138617 246
1694441733792 2.5902492944078386 247
1694441733835 2.5603319617434357 248
1694441733885 2.5309077579548562 249
1694441733960 2.501967764630312 250
1694441734020 2.4735032351999795 251
1694441734064 2.4455055914958033 252
1694441734116 2.417966420381678 253
1694441734171 2.390877470452559 254
1694441734216 2.364230648801063 255
1694441734263 2.3380180178501693 256
1694441734304 2.3122317922506497 257
1694441734361 2.2868643358418854 258
1694441734412 2.261908158674764 259
1694441734453 2.2373559140953607 260
1694441734493 2.213200395888166 261
1694441734535 2.18943453547762 262
1694441734576 2.166051399186721 263
1694441734612 2.1430441855515836 264
1694441734647 2.120406222690735 265
1694441734684 2.0981309657280476 266
1694441734718 2.0762119942681982 267
1694441734755 2.0546430099235597 268
1694441734798 2.0334178338914586 269
1694441734833 2.012530404580782 270
1694441734870 1.9919747752868782 271
1694441734912 1.9717451119137956 272
1694441734947 1.9518356907428478 273
1694441734982 1.9322408962465605 274
1694441735030 1.9129552189470707 275
1694441735068 1.8939732533180618 276
1694441735106 1.8752896957293144 277
1694441735153 1.8568993424330316 278
1694441735195 1.8387970875910216 279
1694441735254 1.8209779213419717 280
1694441735335 1.803436927907916 281
1694441735402 1.7861692837391174 282
1694441735476 1.7691702556965911 283
1694441735550 1.7524351992714597 284
1694441735598 1.7359595568404058 285
1694441735650 1.7197388559564672 286
1694441735694 1.7037687076744474 287
1694441735745 1.6880448049102312 288
1694441735788 1.6725629208333221 289
1694441735836 1.657318907291886 290
1694441735883 1.6423086932696453 291
1694441735923 1.6275282833740075 292
1694441735974 1.6129737563547046 293
1694441736018 1.5986412636524094 294
1694441736075 1.5845270279766193 295
1694441736136 1.5706273419122927 296
1694441736205 1.556938566554583 297
1694441736246 1.5434571301711295 298
1694441736286 1.53017952689132 299
1694441736370 1.5171023154219803 300
1694441736481 1.5042221177889528 301
1694441736548 1.4915356181040018 302
1694441736583 1.4790395613565883 303
1694441736663 1.4667307522299267 304
1694441736711 1.4546060539408934 305
1694441736753 1.4426623871032513 306
1694441736815 1.4308967286137406 307
1694441736861 1.4193061105605442 308
1694441736904 1.4078876191536975 309
1694441736980 1.3966383936769582 310
1694441737024 1.3855556254607333 311
1694441737078 1.374636556875599 312
1694441737112 1.3638784803460167 313
1694441737177 1.3532787373838195 314
1694441737214 1.3428347176410513 315
1694441737278 1.3325438579818139 316
1694441737350 1.3224036415726586 317
1694441737412 1.3124115969912042 318
1694441737463 1.3025652973525748 319
1694441737570 1.2928623594533237 320
1694441737615 1.2833004429324428 321
1694441737653 1.2738772494491393 322
1694441737713 1.2645905218770546 323
1694441737749 1.2554380435145245 324
1694441737796 1.2464176373106315 325
1694441737845 1.2375271651066706 326
1694441737911 1.22876452689273 327
1694441737969 1.2201276600791056 328
1694441738004 1.2116145387821866 329
1694441738043 1.20322317312459 330
1694441738095 1.194951608549195 331
1694441738133 1.1867979251468217 332
1694441738180 1.1787602369972714 333
1694441738224 1.1708366915234518 334
1694441738302 1.1630254688583352 335
1694441738364 1.1553247812244702 336
1694441738421 1.1477328723257925 337
1694441738467 1.140248016751505 338
1694441738511 1.1328685193917567 339
1694441738544 1.1255927148649023 340
1694441738597 1.1184189669560904 341
1694441738636 1.1113456680669562 342
1694441738682 1.1043712386761928 343
1694441738799 1.0974941268107874 344
1694441738865 1.090712807527687 345
1694441738910 1.0840257824057093 346
1694441738954 1.0774315790474678 347
1694441738999 1.0709287505911158 348
1694441739054 1.064515875231711 349
1694441739105 1.058191555752006 350
1694441739147 1.0519544190624766 351
1694441739187 1.0458031157503904 352
1694441739223 1.0397363196377474 353
1694441739260 1.033752727347895 354
1694441739291 1.0278510578806686 355
1694441739332 1.0220300521958499 356
1694441739380 1.0162884728048007 357
1694441739423 1.0106251033701126 358
1694441739468 1.0050387483130738 359
1694441739520 0.9995282324288413 360
1694441739564 0.9940924005091271 361
1694441739615 0.9887301169722678 362
1694441739660 0.9834402655005193 363
1694441739712 0.9782217486844287 364
1694441739752 0.9730734876741555 365
1694441739804 0.9679944218375768 366
1694441739848 0.9629835084250693 367
1694441739902 0.9580397222408082 368
1694441739948 0.953162055320462 369
1694441739992 0.9483495166151708 370
1694441740037 0.9436011316816417 371
1694441740090 0.938915942378283 372
1694441740129 0.9342930065672254 373
1694441740168 0.9297313978221151 374
1694441740214 0.9252302051415916 375
1694441740252 0.9207885326682903 376
1694441740298 0.9164054994132961 377
1694441740342 0.9120802389859168 378
1694441740384 0.9078118993286928 379
1694441740429 0.9035996424574995 380
1694441740470 0.8994426442066931 381
1694441740514 0.8953400939791484 382
1694441740548 0.8912911945011149 383
1694441740590 0.887295161581801 384
1694441740630 0.883351223877578 385
1694441740676 0.879458622660717 386
1694441740716 0.8756166115925637 387
1694441740779 0.8718244565010765 388
1694441740847 0.8680814351626195 389
1694441740896 0.8643868370879375 390
1694441740942 0.8607399633122372 391
1694441740985 0.8571401261892776 392
1694441741085 0.8535866491894009 393
1694441741165 0.8500788667014079 394
1694441741225 0.846616123838239 395
1694441741277 0.8431977762463316 396
1694441741321 0.8398231899186315 397
1694441741404 0.8364917410111518 398
1694441741452 0.8332028156630272 399
1694441741495 0.8299558098199805 400
1694441741537 0.8267501290611527 401
1694441741595 0.823585188429205 402
1694441741634 0.8204604122636481 403
1694441741677 0.817375234037324 404
1694441741713 0.8143290961959896 405
1694441741748 0.8113214500009208 406
1694441741802 0.8083517553744992 407
1694441741849 0.8054194807486994 408
1694441741889 0.8025241029164579 409
1694441741938 0.7996651068858106 410
1694441741985 0.7968419857367889 411
1694441742036 0.7940542404810188 412
1694441742087 0.7913013799239256 413
1694441742138 0.7885829205295604 414
1694441742200 0.7858983862879307 415
1694441742244 0.7832473085848274 416
1694441742287 0.7806292260740962 417
1694441742336 0.7780436845522797 418
1694441742387 0.7754902368356078 419
1694441742440 0.7729684426392825 420
1694441742498 0.7704778684590173 421
1694441742544 0.7680180874547726 422
1694441742583 0.7655886793366572 423
1694441742619 0.7631892302529513 424
1694441742669 0.7608193326802046 425
1694441742710 0.7584785853153797 426
1694441742778 0.7561665929699772 427
1694441742821 0.7538829664661385 428
1694441742876 0.7516273225346578 429
1694441742918 0.7493992837148735 430
1694441742970 0.7471984782564192 431
1694441743050 0.7450245400227756 432
1694441743119 0.7428771083965949 433
1694441743163 0.7407558281867753 434
1694441743238 0.7386603495372267 435
1694441743314 0.7365903278373329 436
1694441743362 0.7345454236340283 437
1694441743418 0.7325253025455046 438
1694441743461 0.7305296351764796 439
1694441743499 0.7285580970350322 440
1694441743535 0.7266103684509253 441
1694441743582 0.7246861344954466 442
1694441743637 0.7227850849026933 443
1694441743684 0.720906913992283 444
1694441743722 0.7190513205934855 445
1694441743761 0.7172180079707114 446
1694441743802 0.7154066837503559 447
1694441743852 0.7136170598489756 448
1694441743897 0.7118488524027532 449
1694441743954 0.710101781698238 450
1694441744028 0.7083755721043316 451
1694441744112 0.7066699520055026 452
1694441744213 0.7049846537362071 453
1694441744314 0.7033194135164716 454
1694441744370 0.7016739713886468 455
1694441744421 0.7000480711552846 456
1694441744512 0.6984414603181296 457
1694441744549 0.6968538900182069 458
1694441744598 0.6952851149769704 459
1694441744638 0.6937348934384999 460
1694441744678 0.6922029871127341 461
1694441744722 0.6906891611197117 462
1694441744766 0.6891931839347943 463
1694441744808 0.6877148273348743 464
1694441744860 0.6862538663455211 465
1694441744903 0.6848100791890679 466
1694441744952 0.6833832472336263 467
1694441745001 0.6819731549429745 468
1694441745056 0.6805795898273588 469
1694441745099 0.6792023423951371 470
1694441745138 0.6778412061052801 471
1694441745183 0.6764959773207108 472
1694441745217 0.6751664552624583 473
1694441745263 0.6738524419646008 474
1694441745310 0.6725537422300177 475
1694441745348 0.671270163586903 476
1694441745398 0.6700015162460295 477
1694441745430 0.6687476130587715 478
1694441745473 0.6675082694758464 479
1694441745513 0.6662833035067717 480
1694441745558 0.6650725356800318 481
1694441745597 0.6638757890039262 482
1694441745650 0.6626928889280963 483
1694441745695 0.6615236633057233 484
1694441745733 0.6603679423563654 485
1694441745781 0.6592255586294434 486
1694441745825 0.6580963469683433 487
1694441745876 0.6569801444751489 488
1694441745931 0.6558767904759648 489
1694441745981 0.6547861264868412 490
1694441746033 0.6537079961802764 491
1694441746079 0.6526422453522899 492
1694441746128 0.6515887218900595 493
1694441746184 0.6505472757401045 494
1694441746234 0.6495177588770138 495
1694441746283 0.6485000252726981 496
1694441746325 0.6474939308661631 497
1694441746366 0.646499333533803 498
1694441746416 0.645516093060178 499
