1694445631261 0.0 0
1694445631592 0.0 1
1694445631880 0.0 2
1694445632155 0.0 3
1694445632508 0.0 4
1694445632813 0.0 5
1694445633111 0.0 6
1694445633372 0.0 7
1694445633706 0.0 8
1694445634026 0.0 9
1694445634267 0.0 10
1694445634523 0.0 11
1694445634779 0.0 12
1694445635050 0.0 13
1694445635316 0.0 14
1694445635580 0.0 15
1694445635833 0.0 16
1694445636094 0.0 17
1694445636360 0.0 18
1694445636629 0.0 19
1694445636886 0.0 20
1694445637152 0.0 21
1694445637429 0.0 22
1694445637684 0.0 23
1694445637943 0.0 24
1694445638210 0.0 25
1694445638494 0.0 26
1694445638738 0.0 27
1694445639010 0.0 28
1694445639275 0.0 29
1694445639540 0.0 30
1694445639810 0.0 31
1694445640086 0.0 32
1694445640353 0.0 33
1694445640620 0.0 34
1694445640879 0.0 35
1694445641159 0.0 36
1694445641437 0.0 37
1694445641712 0.0 38
1694445641975 0.0 39
1694445642224 0.0 40
1694445642485 0.0 41
1694445642780 0.0 42
1694445643046 0.0 43
1694445643335 0.0 44
1694445643608 0.0 45
1694445643867 0.0 46
1694445644131 0.0 47
1694445644390 0.0 48
1694445644657 0.0 49
1694445644922 0.0 50
1694445645198 0.0 51
1694445645477 0.0 52
1694445645746 0.0 53
1694445646020 0.0 54
1694445646287 0.0 55
1694445646554 0.0 56
1694445646833 0.0 57
1694445647078 0.0 58
1694445647386 0.0 59
1694445647648 0.0 60
1694445647916 0.0 61
1694445648162 0.0 62
1694445648428 0.0 63
1694445648691 0.0 64
1694445648964 0.0 65
1694445649237 0.0 66
1694445649511 0.0 67
1694445649790 0.0 68
1694445650049 0.0 69
1694445650308 0.0 70
1694445650573 0.0 71
1694445650836 0.0 72
1694445651113 0.0 73
1694445651412 0.0 74
1694445651684 0.0 75
1694445651963 0.0 76
1694445652220 0.0 77
1694445652491 0.0 78
1694445652789 0.0 79
1694445653048 0.0 80
1694445653316 0.0 81
1694445653581 0.0 82
1694445653855 0.0 83
1694445654111 0.0 84
1694445654366 0.0 85
1694445654630 0.0 86
1694445654928 0.0 87
1694445655203 0.0 88
1694445655495 0.0 89
1694445655761 0.0 90
1694445656042 0.0 91
1694445656304 0.0 92
1694445656571 0.0 93
1694445656863 0.0 94
1694445657125 0.0 95
1694445657395 0.0 96
1694445657644 0.0 97
1694445657902 0.0 98
1694445658165 0.0 99
1694445658450 0.0 100
1694445658708 0.0 101
1694445658967 0.0 102
1694445659230 0.0 103
1694445659504 0.0 104
1694445659757 0.0 105
1694445660013 0.0 106
1694445660261 0.0 107
1694445660523 0.0 108
1694445660786 0.0 109
1694445661048 0.0 110
1694445661298 0.0 111
1694445661549 0.0 112
1694445661800 0.0 113
1694445662059 0.0 114
1694445662346 0.0 115
1694445662601 0.0 116
1694445662864 0.0 117
1694445663113 0.0 118
1694445663383 0.0 119
1694445663644 0.0 120
1694445663899 0.0 121
1694445664165 0.0 122
1694445664436 0.0 123
1694445664698 0.0 124
1694445664964 0.0 125
1694445665214 0.0 126
1694445665480 0.0 127
1694445665735 0.0 128
1694445665995 0.0 129
1694445666262 0.0 130
1694445666539 0.0 131
1694445666820 0.0 132
1694445667090 0.0 133
1694445667364 0.0 134
1694445667614 0.0 135
1694445667859 0.0 136
1694445668106 0.0 137
1694445668345 0.0 138
1694445668621 0.0 139
1694445668889 0.0 140
1694445669152 0.0 141
1694445669388 0.0 142
1694445669652 0.0 143
1694445669884 0.0 144
1694445670137 0.0 145
1694445670402 0.0 146
1694445670661 0.0 147
1694445670928 0.0 148
1694445671192 0.0 149
1694445671439 0.0 150
1694445671695 0.0 151
1694445671959 0.0 152
1694445672217 0.0 153
1694445672492 0.0 154
1694445672749 0.0 155
1694445673037 0.0 156
1694445673295 0.0 157
1694445673563 0.0 158
1694445673828 0.0 159
1694445674097 0.0 160
1694445674394 0.0 161
1694445674650 0.0 162
1694445674905 0.0 163
1694445675172 0.0 164
1694445675480 0.0 165
1694445675758 0.0 166
1694445676038 0.0 167
1694445676309 0.0 168
1694445676580 0.0 169
1694445676850 0.0 170
1694445677123 0.0 171
1694445677380 0.0 172
1694445677683 0.0 173
1694445677959 0.0 174
1694445678236 0.0 175
1694445678498 0.0 176
1694445678767 0.0 177
1694445679030 0.0 178
1694445679290 0.0 179
1694445679565 0.0 180
1694445679833 0.0 181
1694445680093 0.0 182
1694445680345 0.0 183
1694445680613 0.0 184
1694445680887 0.0 185
1694445681157 0.0 186
1694445681428 0.0 187
1694445681715 0.0 188
1694445681994 0.0 189
1694445682309 0.0 190
1694445682577 0.0 191
1694445682824 0.0 192
1694445683111 0.0 193
1694445683379 0.0 194
1694445683642 0.0 195
1694445683938 0.0 196
1694445684212 0.0 197
1694445684490 0.0 198
1694445684754 0.0 199
1694445685002 0.0 200
1694445685264 0.0 201
1694445685528 0.0 202
1694445685778 0.0 203
1694445686036 0.0 204
1694445686306 0.0 205
1694445686564 0.0 206
1694445686835 0.0 207
1694445687100 0.0 208
1694445687372 0.0 209
1694445687622 0.0 210
1694445687876 0.0 211
1694445688148 0.0 212
1694445688425 0.0 213
1694445688689 0.0 214
1694445688961 0.0 215
1694445689222 0.0 216
1694445689494 0.0 217
1694445689760 0.0 218
1694445690022 0.0 219
1694445690291 0.0 220
1694445690548 0.0 221
1694445690805 0.0 222
1694445691063 0.0 223
1694445691322 0.0 224
1694445691591 0.0 225
1694445691868 0.0 226
1694445692119 0.0 227
1694445692394 0.0 228
1694445692679 0.0 229
1694445692945 0.0 230
1694445693258 0.0 231
1694445693525 0.0 232
1694445693791 0.0 233
1694445694055 0.0 234
1694445694315 0.0 235
1694445694605 0.0 236
1694445694864 0.0 237
1694445695129 0.0 238
1694445695397 0.0 239
1694445695662 0.0 240
1694445695936 0.0 241
1694445696195 0.0 242
1694445696466 0.0 243
1694445696725 0.0 244
1694445697041 0.0 245
1694445697291 0.0 246
1694445697560 0.0 247
1694445697840 0.0 248
1694445698098 0.0 249
1694445698366 0.0 250
1694445698643 0.0 251
1694445698910 0.0 252
1694445699171 0.0 253
1694445699431 0.0 254
1694445699679 0.0 255
1694445699946 0.0 256
1694445700217 0.0 257
1694445700499 0.0 258
1694445700747 0.0 259
1694445701009 0.0 260
1694445701269 0.0 261
1694445701541 0.0 262
1694445701809 0.0 263
1694445702059 0.0 264
1694445702326 0.0 265
1694445702600 0.0 266
1694445702878 0.0 267
1694445703153 0.0 268
1694445703423 0.0 269
1694445703704 0.0 270
1694445703959 0.0 271
1694445704232 0.0 272
1694445704500 0.0 273
1694445704756 0.0 274
1694445705023 0.0 275
1694445705291 0.0 276
1694445705586 0.0 277
1694445705846 0.0 278
1694445706098 0.0 279
1694445706353 0.0 280
1694445706626 0.0 281
1694445706884 0.0 282
1694445707131 0.0 283
1694445707401 0.0 284
1694445707657 0.0 285
1694445707929 0.0 286
1694445708211 0.0 287
1694445708493 0.0 288
1694445708760 0.0 289
1694445709029 0.0 290
1694445709273 0.0 291
1694445709543 0.0 292
1694445709822 0.0 293
1694445710074 0.0 294
1694445710348 0.0 295
1694445710621 0.0 296
1694445710885 0.0 297
1694445711137 0.0 298
1694445711416 0.0 299
1694445711678 0.0 300
1694445711951 0.0 301
1694445712210 0.0 302
1694445712478 0.0 303
1694445712741 0.0 304
1694445713008 0.0 305
1694445713278 0.0 306
1694445713537 0.0 307
1694445713794 0.0 308
1694445714071 0.0 309
1694445714345 0.0 310
1694445714632 0.0 311
1694445714905 0.0 312
1694445715169 0.0 313
1694445715458 0.0 314
1694445715716 0.0 315
1694445715986 0.0 316
1694445716250 0.0 317
1694445716552 0.0 318
1694445716814 0.0 319
1694445717080 0.0 320
1694445717347 0.0 321
1694445717626 0.0 322
1694445717882 0.0 323
1694445718162 0.0 324
1694445718456 0.0 325
1694445718702 0.0 326
1694445718961 0.0 327
1694445719238 0.0 328
1694445719513 0.0 329
1694445719778 0.0 330
1694445720049 0.0 331
1694445720316 0.0 332
1694445720611 0.0 333
1694445720915 0.0 334
1694445721164 0.0 335
1694445721440 0.0 336
1694445721705 0.0 337
1694445721963 0.0 338
1694445722225 0.0 339
1694445722527 0.0 340
1694445722789 0.0 341
1694445723070 0.0 342
1694445723341 0.0 343
1694445723675 0.0 344
1694445723932 0.0 345
1694445724205 0.0 346
1694445724479 0.0 347
1694445724745 0.0 348
1694445725012 0.0 349
1694445725287 0.0 350
1694445725541 0.0 351
1694445725805 0.0 352
1694445726066 0.0 353
1694445726323 0.0 354
1694445726594 0.0 355
1694445726845 0.0 356
1694445727105 0.0 357
1694445727367 0.0 358
1694445727644 0.0 359
1694445727912 0.0 360
1694445728174 0.0 361
