1694438741152 0.0 0
1694438741451 0.0 1
1694438741739 0.0 2
1694438742056 0.0 3
1694438742358 0.0 4
1694438742639 0.0 5
1694438742900 0.0 6
1694438743165 0.0 7
1694438743446 0.0 8
1694438743704 0.0 9
1694438743975 0.0 10
1694438744241 0.0 11
1694438744507 0.0 12
1694438744771 0.0 13
1694438745022 0.0 14
1694438745285 0.0 15
1694438745563 0.0 16
1694438745817 0.0 17
1694438746075 0.0 18
1694438746334 0.0 19
1694438746585 0.0 20
1694438746836 0.0 21
1694438747102 0.0 22
1694438747396 0.0 23
1694438747657 0.0 24
