1694438741141 93.48216017204858 0
1694438741443 44.35100144831795 1
1694438741729 26.310050658961096 2
1694438742045 14.02365171297234 3
1694438742348 8.523909820882963 4
1694438742631 8.092253126832446 5
1694438742892 8.637227044211581 6
1694438743156 6.818567590557441 7
1694438743439 6.032909528357106 8
1694438743696 4.782814939697679 9
1694438743968 2.367150539021851 10
1694438744235 4.698109343959066 11
1694438744500 5.365441586068735 12
1694438744762 5.058910533517879 13
1694438745012 5.231978690839688 14
1694438745276 4.354978155088689 15
1694438745556 6.114490158262433 16
1694438745809 3.6620631598898385 17
1694438746067 9.32291513892014 18
1694438746326 4.932643367767437 19
1694438746578 3.742496151359587 20
1694438746829 4.643053781374575 21
1694438747095 5.301189688264858 22
1694438747388 4.5718751385909595 23
1694438747651 5.587237444769029 24
