1694438972030 0.0028906466723720436 0
1694438972060 0.002475288341151738 1
1694438972092 0.003110462842562778 2
1694438972121 0.0028830883353099246 3
1694438972151 0.00313280544714023 4
1694438972182 0.002002519846649009 5
1694438972216 0.002258767556063579 6
1694438972257 0.0029679213417603822 7
1694438972295 0.0028379504487479057 8
1694438972328 0.003005770668126795 9
1694438972367 0.0023804095445092432 10
1694438972400 0.0024045587373912047 11
1694438972429 0.0028946580236414166 12
1694438972458 0.001976628699237759 13
1694438972489 0.0017009375121485037 14
1694438972519 0.002311977437422841 15
1694438972549 0.002998505129022333 16
1694438972578 0.002547040895374386 17
1694438972610 0.00321888456977526 18
1694438972640 0.002532168883668362 19
1694438972670 0.002480317597687298 20
1694438972699 0.0027785740103236645 21
1694438972730 0.0027713214774240935 22
1694438972761 0.002477439458545616 23
1694438972798 0.0027213536702140884 24
1694438972833 0.002762346831975626 25
1694438972872 0.0027040497593403545 26
1694438972908 0.0024186213991038708 27
1694438972948 0.0027359527312409426 28
1694438972996 0.0025323447890156503 29
1694438973037 0.0026210450686842135 30
1694438973080 0.0019005353243123357 31
1694438973118 0.0026923083014839255 32
1694438973156 0.0028675939413136398 33
1694438973194 0.0023953994237198017 34
1694438973238 0.0024554811797584675 35
1694438973279 0.0027966639085036382 36
1694438973314 0.0025892108490865873 37
1694438973354 0.002645217571719316 38
1694438973450 0.0026852964531034473 39
1694438973502 0.0028749967284081857 40
1694438973544 0.0025053440367333035 41
1694438973587 0.0026700644966080045 42
1694438973617 0.002781670560508709 43
1694438973651 0.002678017436904101 44
1694438973680 0.0022036200447899112 45
1694438973710 0.0031651348807347768 46
1694438973740 0.0026857275761111854 47
1694438973772 0.0027792146103289284 48
1694438973800 0.00296683353185756 49
1694438973830 0.0037431454304390765 50
1694438973861 0.002304026280637972 51
1694438973890 0.0030503123128604592 52
1694438973921 0.0028267482818168377 53
1694438973953 0.002831500163279932 54
1694438973987 0.0028235167260612926 55
1694438974019 0.002910529825108643 56
1694438974048 0.002911162019527125 57
1694438974078 0.002607971238489881 58
1694438974109 0.003066283925071467 59
1694438974139 0.0030125055022951486 60
1694438974169 0.003135006752129299 61
1694438974198 0.0023454935546277644 62
1694438974230 0.002954294360345333 63
1694438974260 0.003037209550642017 64
1694438974290 0.002774074505290547 65
1694438974320 0.0032550627378762353 66
1694438974354 0.00237989465888655 67
1694438974387 0.002136397891789432 68
1694438974419 0.0021764196283396986 69
1694438974450 0.003206730871785912 70
1694438974481 0.0033917939380423423 71
1694438974510 0.0019839678640103386 72
1694438974542 0.0020276885449184157 73
1694438974574 0.002238854886566277 74
1694438974604 0.0025706675246869315 75
1694438974633 0.0024704781114949226 76
1694438974664 0.0028745108300834987 77
1694438974693 0.0025139167087927516 78
1694438974723 0.002555999166778067 79
1694438974754 0.002797685284632645 80
1694438974785 0.0031386445495217297 81
1694438974814 0.003194490709499842 82
1694438974844 0.0027587901132234416 83
1694438974874 0.003243307787529348 84
1694438974903 0.003165701299195689 85
1694438974933 0.0029338398971994195 86
1694438974965 0.002648650093079019 87
1694438974994 0.0025899341269338683 88
1694438975025 0.0025628407186304436 89
1694438975054 0.0032843802614506146 90
1694438975085 0.0030159260943245503 91
1694438975114 0.00307878719170096 92
1694438975144 0.002628727114903251 93
1694438975175 0.0028902080389819895 94
1694438975206 0.002371016297444295 95
1694438975237 0.002191073417597833 96
1694438975267 0.00271525014233831 97
1694438975296 0.002961374538881123 98
1694438975326 0.002697257722562574 99
1694438975357 0.002625549431312657 100
1694438975387 0.002672747342626125 101
1694438975414 0.0024714501287758095 102
1694438975446 0.0021807799531881056 103
1694438975476 0.002393822750489716 104
1694438975506 0.002750005010842216 105
1694438975536 0.003164221377307763 106
1694438975567 0.0027234281147275885 107
1694438975597 0.0033589920989044453 108
1694438975626 0.003051593286917176 109
1694438975658 0.0023378735037327125 110
1694438975688 0.002495372401033591 111
1694438975716 0.002944899245799548 112
1694438975747 0.002693494733299606 113
1694438975777 0.002705122504951807 114
1694438975807 0.0021378403789770184 115
1694438975839 0.003300571567113164 116
1694438975870 0.0018949536809504952 117
1694438975899 0.0024781966701007407 118
1694438975929 0.00340117675264906 119
1694438975961 0.002220889133111581 120
1694438975991 0.0024991375736846955 121
1694438976024 0.00216442650922799 122
1694438976056 0.0021814021376325154 123
1694438976092 0.0032842336803144967 124
1694438976125 0.0026879956288075046 125
1694438976156 0.0021948648763617795 126
1694438976187 0.003350143311975806 127
1694438976220 0.003195440220644108 128
1694438976254 0.0026612943053988536 129
1694438976288 0.0026506427930670373 130
1694438976320 0.002870887501972952 131
1694438976353 0.003088925021653255 132
1694438976388 0.00238618609718233 133
1694438976420 0.002259566888912712 134
1694438976451 0.00314800571078111 135
1694438976480 0.0030153843192890495 136
1694438976511 0.0027727719340971957 137
1694438976548 0.002447469351496534 138
1694438976582 0.0025754181390015285 139
1694438976612 0.0032342406313431438 140
1694438976643 0.002230590643383379 141
1694438976674 0.0027716880515664677 142
1694438976704 0.0021482223003903567 143
1694438976734 0.002549994114713905 144
1694438976775 0.002920836061912513 145
1694438976804 0.0024035731664930893 146
1694438976832 0.002740010149664296 147
1694438976864 0.0033356148427931 148
1694438976893 0.002830463858867094 149
1694438976923 0.0025985103866338344 150
1694438976954 0.0030514694484112814 151
1694438976983 0.0032263798434666313 152
1694438977015 0.003049038117955205 153
1694438977046 0.0026914783044247326 154
1694438977076 0.0029162458010225656 155
1694438977106 0.002724516944166644 156
1694438977136 0.0029188451542276894 157
1694438977165 0.002201281893969176 158
1694438977194 0.002211227843260888 159
1694438977226 0.001995040079076804 160
1694438977257 0.0031027301383005357 161
1694438977288 0.0028819036701361878 162
1694438977316 0.002746140222261717 163
1694438977348 0.002459625927161202 164
1694438977379 0.0033626961228748753 165
1694438977408 0.0027355727662993212 166
1694438977438 0.003573828032447657 167
1694438977466 0.002329415536039936 168
1694438977497 0.0032200258311988472 169
1694438977527 0.0025427838825620164 170
1694438977558 0.0027592999176269117 171
1694438977589 0.0026322501409560273 172
1694438977619 0.0027695738684975213 173
1694438977650 0.002622316855519169 174
1694438977681 0.003257190096196405 175
1694438977710 0.003378466698748195 176
1694438977739 0.003351370522316044 177
1694438977769 0.0031178102790133666 178
1694438977799 0.002654787005716086 179
1694438977829 0.0027191264848613894 180
1694438977859 0.0024534783261662696 181
1694438977888 0.0025569325696380707 182
1694438977918 0.0027085816908037907 183
1694438977948 0.0032683955469203774 184
1694438977980 0.002779121593631806 185
1694438978010 0.00310572542197729 186
1694438978041 0.002771387895608046 187
1694438978071 0.0025628953455871795 188
1694438978102 0.0035872631153629486 189
1694438978131 0.002569273888369361 190
1694438978161 0.0031004929986456764 191
1694438978192 0.003012072613319705 192
1694438978224 0.0026817612517988643 193
1694438978254 0.0026718298396560813 194
1694438978286 0.002788143540842891 195
1694438978314 0.0025286141833229525 196
1694438978345 0.002369191850338459 197
1694438978378 0.0030109998722459563 198
1694438978408 0.002810930193021255 199
1694438978438 0.0030892233082533416 200
1694438978468 0.0033545546427997674 201
1694438978498 0.0026733532276141947 202
1694438978529 0.0032069143874985384 203
1694438978559 0.002802130928566293 204
1694438978590 0.0033007173250613198 205
1694438978620 0.002685983534606695 206
1694438978648 0.0027177644698112013 207
1694438978678 0.0023749809432922486 208
1694438978709 0.002714230689952135 209
1694438978738 0.002891668030836292 210
1694438978767 0.0025937913864235718 211
1694438978797 0.0026961596913628316 212
1694438978827 0.0019966391477926893 213
1694438978856 0.003019203418303529 214
1694438978885 0.0026548082892297042 215
1694438978916 0.003138255897565001 216
1694438978946 0.002580536664225197 217
1694438978976 0.003418305785793496 218
1694438979008 0.0026711689682999973 219
1694438979038 0.002765840902470673 220
1694438979066 0.0024347479969174524 221
1694438979098 0.002509143614099263 222
1694438979128 0.002308871525181444 223
1694438979157 0.0028448137078392888 224
1694438979186 0.003293125488409765 225
1694438979217 0.002660064808357565 226
1694438979246 0.003215092679569209 227
1694438979279 0.0023585092089964954 228
1694438979365 0.002899671953245475 229
1694438979396 0.0029050843919570246 230
1694438979426 0.0033378463182995866 231
1694438979456 0.0029142023709128884 232
1694438979486 0.002759543332264691 233
1694438979516 0.0030184812570864805 234
1694438979546 0.0026202087840603294 235
1694438979577 0.002976455706183767 236
1694438979611 0.0026850679475214356 237
1694438979644 0.002706154357254964 238
1694438979683 0.0032054444498332835 239
1694438979716 0.0025218867848210147 240
1694438979745 0.002484704360304235 241
1694438979775 0.0030756449339803815 242
1694438979805 0.00310109187598262 243
1694438979835 0.0030169073477126496 244
1694438979865 0.0024404236279456093 245
1694438979895 0.0026024931942154605 246
1694438979925 0.0024214494327516878 247
1694438979955 0.002919144843750776 248
1694438979985 0.0030224679167617508 249
1694438980015 0.003160534920655489 250
1694438980045 0.002744175475286159 251
1694438980075 0.0026824882888465407 252
1694438980104 0.0040460540376254794 253
1694438980136 0.0029579409656260713 254
1694438980166 0.0023532839496985813 255
1694438980197 0.002757174333361423 256
1694438980228 0.002405725171418016 257
1694438980259 0.002911533976814318 258
1694438980289 0.0023680998599659997 259
1694438980319 0.002598960015546048 260
1694438980348 0.0033475195363181776 261
1694438980378 0.0030665989426512663 262
1694438980410 0.003493709406184431 263
1694438980440 0.0028191606447521833 264
1694438980469 0.0029809543855555676 265
1694438980501 0.002721518278195778 266
1694438980531 0.003794858774565646 267
1694438980562 0.0024978014319358977 268
1694438980595 0.0024967788493650556 269
1694438980625 0.0026805293570447697 270
1694438980654 0.002942443944367601 271
1694438980684 0.0029719614825010066 272
1694438980714 0.0030253937178212897 273
1694438980744 0.002591103153001595 274
1694438980775 0.002684455626807969 275
1694438980807 0.002471221792109124 276
1694438980838 0.002973010385459718 277
1694438980867 0.002630191582496 278
1694438980897 0.002668835741805764 279
1694438980928 0.003570541393476123 280
1694438980961 0.0023758518335533774 281
1694438980990 0.0029288382270337143 282
1694438981021 0.00300811021698677 283
1694438981050 0.002607276966804073 284
1694438981082 0.0027243459603560893 285
1694438981120 0.002547943957153964 286
1694438981151 0.0028988911583522903 287
1694438981184 0.0034114584331145226 288
1694438981217 0.003092692412715148 289
1694438981245 0.0030600670981094646 290
1694438981276 0.0034054691821902017 291
1694438981306 0.0026229528380972145 292
1694438981336 0.0025858709465205187 293
1694438981365 0.002483205974746494 294
1694438981397 0.0031364838906103865 295
1694438981428 0.0029640450724005563 296
1694438981458 0.0030394248239782318 297
1694438981488 0.0030863278804266203 298
1694438981520 0.0028098886458263195 299
1694438981549 0.0027335924479967577 300
1694438981578 0.003170493130185803 301
1694438981609 0.0027402967285534707 302
1694438981639 0.0032250614905140473 303
1694438981670 0.0032332114727009476 304
1694438981698 0.0028319669994899543 305
1694438981729 0.002278435816147284 306
1694438981759 0.0022587299447237585 307
1694438981790 0.0026920185992282963 308
1694438981821 0.002984804704672772 309
1694438981851 0.002860499347149381 310
1694438981882 0.0025119417583762127 311
1694438981911 0.0028848508693720687 312
1694438981941 0.00282830757489394 313
1694438981970 0.0029456402040387575 314
1694438982001 0.0025728731884021583 315
1694438982033 0.003098107330224531 316
1694438982063 0.0026863395674262547 317
1694438982096 0.002632487361175495 318
1694438982125 0.0028111560326796736 319
1694438982155 0.0033703169558385593 320
1694438982186 0.0029420408906464246 321
1694438982216 0.0034157183232030874 322
1694438982246 0.0031186802548703874 323
1694438982276 0.0030040312022456828 324
1694438982307 0.0033298059098018085 325
1694438982337 0.003247992073306505 326
1694438982366 0.0037852152542806605 327
1694438982396 0.003404284733551144 328
1694438982427 0.003379846670454767 329
1694438982458 0.003693455323821704 330
1694438982491 0.0029823253906613445 331
1694438982521 0.002846560471173487 332
1694438982550 0.0028826095820077002 333
1694438982581 0.00359832821666628 334
1694438982612 0.0032557625300109194 335
1694438982641 0.002437161519617148 336
1694438982670 0.0030296011956515434 337
1694438982698 0.002887575491878236 338
1694438982728 0.0031347885557668764 339
1694438982757 0.0033345445164192355 340
1694438982787 0.0027807118139678844 341
1694438982817 0.002565499656976278 342
1694438982847 0.003282549720347805 343
1694438982878 0.0031390774191647486 344
1694438982908 0.002645241804609899 345
1694438982939 0.0029672773349730397 346
1694438982970 0.0028004530477347966 347
1694438983001 0.002463411991337372 348
1694438983030 0.0031455985791744023 349
1694438983061 0.0028990384150825443 350
1694438983090 0.0031600113418649434 351
1694438983121 0.002515470071971615 352
1694438983148 0.002843832417277259 353
1694438983177 0.002941130762203814 354
1694438983212 0.002681250095527332 355
1694438983241 0.0030360647301758137 356
1694438983270 0.002726197129030661 357
1694438983299 0.00327811007000689 358
1694438983330 0.002832491003768145 359
1694438983364 0.002734357150154021 360
1694438983393 0.00321949765886409 361
1694438983422 0.003249060849650598 362
1694438983452 0.0030698146896660505 363
1694438983480 0.002612880827005948 364
1694438983509 0.0033483506114598827 365
1694438983538 0.0025929574878632566 366
1694438983567 0.0032732074310283243 367
1694438983596 0.0028500527231221096 368
1694438983625 0.002845848489284486 369
1694438983655 0.003490655012802768 370
1694438983682 0.0032125965398860368 371
1694438983712 0.003041703075655433 372
1694438983741 0.002679263567200607 373
1694438983772 0.0026597882082119995 374
1694438983801 0.0028698382566298974 375
1694438983830 0.002635034857591645 376
1694438983860 0.0033748489424491046 377
1694438983890 0.003194936446710539 378
1694438983920 0.0029822704636872643 379
1694438983951 0.0038724990944035698 380
1694438983982 0.002457324053440013 381
1694438984011 0.003190636185239515 382
1694438984040 0.003173245797118862 383
1694438984070 0.0026173252527528224 384
1694438984100 0.0031451056822930923 385
1694438984128 0.0029525326380431816 386
1694438984157 0.0031369207054126047 387
1694438984185 0.003191280309650102 388
1694438984215 0.0029436618266179826 389
1694438984245 0.002899579910053296 390
1694438984276 0.003052961163188317 391
1694438984304 0.0029485936963102866 392
1694438984333 0.0034483473554547395 393
1694438984362 0.002549275033942533 394
1694438984394 0.0027936377566993853 395
1694438984421 0.002815478766224344 396
1694438984451 0.002416418214632454 397
1694438984482 0.002439151440724374 398
1694438984510 0.002802099540554437 399
1694438984538 0.0028047353670989095 400
1694438984568 0.002641691581451444 401
1694438984600 0.004362241005049228 402
1694438984628 0.003069287558105982 403
1694438984658 0.0034427332571799196 404
1694438984686 0.00312235794082083 405
1694438984715 0.002769700080772264 406
1694438984744 0.0031897091175022707 407
1694438984772 0.0034927900824730518 408
1694438984802 0.0030955518051257735 409
1694438984831 0.002670969516194166 410
1694438984859 0.003226739190609229 411
1694438984888 0.0025058311175648607 412
1694438984917 0.0029799976186586363 413
1694438984946 0.0030637785912880355 414
1694438984976 0.003324100101463001 415
1694438985008 0.0028717369720928643 416
1694438985038 0.002640476795259028 417
1694438985069 0.0033550727402210656 418
1694438985098 0.0032607626679096446 419
1694438985127 0.0026440414689896663 420
1694438985156 0.0028461103981503033 421
1694438985184 0.002989412245433365 422
1694438985217 0.0025557820010774224 423
1694438985247 0.0024465368853988645 424
1694438985277 0.0032555002785000786 425
1694438985307 0.003221062507793526 426
1694438985336 0.0035427690049771865 427
1694438985366 0.0027578730862596323 428
1694438985395 0.0029198344470422466 429
1694438985424 0.002405604147350804 430
1694438985453 0.0026290453442124884 431
1694438985483 0.002881990902068199 432
1694438985511 0.0026836990040710607 433
1694438985543 0.0028866420736983756 434
1694438985572 0.00302063930986185 435
1694438985602 0.00373068916592878 436
1694438985632 0.003152349167872992 437
1694438985662 0.0030773459911623835 438
1694438985691 0.0028556912009454205 439
1694438985720 0.0027359528367000285 440
1694438985749 0.0029321260805118543 441
1694438985780 0.003026095181365984 442
1694438985810 0.002703784173382573 443
1694438985836 0.003239922318886146 444
1694438985866 0.003570285469654655 445
1694438985895 0.003582419708502038 446
1694438985923 0.003576248541235283 447
1694438985951 0.003126709646927295 448
1694438985982 0.003007730855462576 449
1694438986011 0.0027647373748476145 450
1694438986040 0.0029390649228636656 451
1694438986070 0.003203678810290156 452
1694438986098 0.003203353343084636 453
1694438986126 0.003024478924610996 454
1694438986156 0.0031429421455461126 455
1694438986185 0.003547738699432701 456
1694438986215 0.0026765029601942825 457
1694438986245 0.003297803166546709 458
1694438986275 0.0029652573530528636 459
1694438986304 0.0038589661703043454 460
1694438986334 0.003452018936379697 461
1694438986365 0.002863588694451913 462
1694438986395 0.003107670266614071 463
1694438986426 0.002757914168371345 464
1694438986455 0.0031851656681154417 465
1694438986484 0.003132735438032719 466
1694438986514 0.0032759871163172694 467
1694438986545 0.003085738725749243 468
1694438986574 0.003656305516658409 469
1694438986603 0.003125436820448302 470
1694438986634 0.0034004102902336353 471
1694438986664 0.002887022948244833 472
1694438986694 0.0035954736750474225 473
1694438986723 0.0035358950406911838 474
1694438986753 0.003034068061168349 475
1694438986781 0.002622981021423443 476
1694438986812 0.002921334705559109 477
1694438986842 0.003392111120961938 478
1694438986871 0.003223055463829283 479
1694438986900 0.003603289165609258 480
1694438986930 0.003876194182589887 481
1694438986960 0.0024748628481575663 482
1694438986990 0.0029323138807545446 483
1694438987020 0.002995507431117872 484
1694438987050 0.003931216064619769 485
1694438987080 0.003897246177196001 486
1694438987110 0.0035993181688585008 487
1694438987139 0.002885711242719635 488
1694438987170 0.002721848906801383 489
1694438987198 0.003392350582085202 490
1694438987229 0.003564554808378917 491
1694438987260 0.003499091724623593 492
1694438987288 0.003467469989181571 493
1694438987320 0.004065540935417888 494
1694438987350 0.0027219113942474893 495
1694438987380 0.002579898036204842 496
1694438987410 0.0033744706982991035 497
1694438987439 0.002777289290450513 498
1694438987468 0.003885475628351842 499
