1694438972023 157.38310511217864 0
1694438972053 158.37398242626443 1
1694438972085 158.87164342907462 2
1694438972115 157.7986227102441 3
1694438972144 157.57687614483163 4
1694438972175 158.40451979188455 5
1694438972209 156.9747927037409 6
1694438972249 157.00773146686595 7
1694438972287 157.03174254340772 8
1694438972321 157.49275054635314 9
1694438972356 156.8988892033181 10
1694438972394 157.39543723413965 11
1694438972422 157.10917111490798 12
1694438972452 156.42236081409257 13
1694438972481 156.66410715297985 14
1694438972511 156.76762333395425 15
1694438972542 156.36629149707844 16
1694438972571 156.03323432337143 17
1694438972604 155.6918101169162 18
1694438972633 155.61197201208623 19
1694438972663 155.38802208414018 20
1694438972692 155.97162981060933 21
1694438972723 156.29104182030247 22
1694438972753 154.80302001924613 23
1694438972790 156.09281150310719 24
1694438972824 155.24721662852897 25
1694438972863 155.349786439123 26
1694438972898 155.03932232050607 27
1694438972940 155.1525676647604 28
1694438972984 154.48736311432515 29
1694438973029 154.81232031384405 30
1694438973070 155.1301682458733 31
1694438973110 154.35125698664018 32
1694438973147 154.8130389630419 33
1694438973183 154.59653663535587 34
1694438973229 153.95318239846142 35
1694438973270 154.03253833563315 36
1694438973306 153.91674317826607 37
1694438973345 154.00333491983096 38
1694438973424 154.07836885159634 39
1694438973483 153.220869868189 40
1694438973533 152.99997717920954 41
1694438973578 153.30888427927155 42
1694438973611 153.22865250098204 43
1694438973644 152.4992544461103 44
1694438973673 153.19280426247457 45
1694438973703 152.52283327397407 46
1694438973732 152.6036511484576 47
1694438973762 153.35394611447327 48
1694438973794 151.94813005272428 49
1694438973824 151.69593364486045 50
1694438973854 152.6582845340908 51
1694438973882 152.25688152886912 52
1694438973913 151.35026019745652 53
1694438973945 152.65050331820407 54
1694438973978 151.6884977045746 55
1694438974011 151.4959586157011 56
1694438974041 152.19921117229154 57
1694438974072 151.55678122707684 58
1694438974101 150.8815863704268 59
1694438974132 151.37838542468214 60
1694438974162 150.59827197019516 61
1694438974192 151.55573041421303 62
1694438974224 150.95857278128605 63
1694438974254 150.8294983367866 64
1694438974282 150.55807906739864 65
1694438974313 150.21692761170385 66
1694438974343 149.89936611901098 67
1694438974379 150.32985206901773 68
1694438974411 150.527709549857 69
1694438974443 150.53756900918893 70
1694438974474 149.1214418012635 71
1694438974504 150.88207600115365 72
1694438974535 149.79795534929406 73
1694438974566 150.25873095461338 74
1694438974595 149.07224534208115 75
1694438974627 149.4038410669537 76
1694438974656 149.4969314057269 77
1694438974686 148.36711804673365 78
1694438974716 148.90635587894988 79
1694438974746 148.67498338210424 80
1694438974777 149.0689667316699 81
1694438974807 149.03197975404962 82
1694438974838 149.29247751174256 83
1694438974865 148.21992124299769 84
1694438974895 148.01139048345024 85
1694438974926 148.0761491355308 86
1694438974957 148.2514238995318 87
1694438974987 147.61395632989695 88
1694438975018 146.85326753021468 89
1694438975048 147.2071024008546 90
1694438975078 147.3812964719907 91
1694438975107 146.8041931213296 92
1694438975137 147.66851211598654 93
1694438975167 147.3028094340212 94
1694438975197 146.91340120295112 95
1694438975229 147.68811155700007 96
1694438975259 147.70633153728326 97
1694438975290 146.5101548594339 98
1694438975320 146.38561705887795 99
1694438975349 146.94029641603296 100
1694438975379 145.95939457327728 101
1694438975408 146.00741455884778 102
1694438975439 145.47471986383138 103
1694438975470 145.11414218666187 104
1694438975498 145.51543107453975 105
1694438975528 145.0225437945965 106
1694438975560 145.29651332496525 107
1694438975590 144.44493746815294 108
1694438975619 144.98048843656144 109
1694438975649 144.55722280324517 110
1694438975680 145.35138000451275 111
1694438975709 143.91501086578603 112
1694438975739 145.00053274542557 113
1694438975770 144.3310311199425 114
1694438975799 144.7911036841392 115
1694438975831 145.17308904779534 116
1694438975863 145.18619891188476 117
1694438975892 144.9251625886176 118
1694438975922 144.2703287872918 119
1694438975954 145.0887430750464 120
1694438975984 144.59722017273702 121
1694438976015 143.52766867737228 122
1694438976047 143.1616753379139 123
1694438976086 143.28834321354384 124
1694438976116 144.35301937473326 125
1694438976148 143.80613336457805 126
1694438976179 143.05911419746582 127
1694438976212 143.44412826353584 128
1694438976245 142.7860511152846 129
1694438976279 142.81639002190903 130
1694438976312 142.68746616256726 131
1694438976345 142.5849363134911 132
1694438976380 143.23105011700522 133
1694438976411 142.32660608194726 134
1694438976443 142.45226239723735 135
1694438976473 142.27762283721356 136
1694438976503 142.18757770020432 137
1694438976539 141.87977556608072 138
1694438976576 142.3766725671362 139
1694438976606 141.8029365474369 140
1694438976635 142.99661447165204 141
1694438976667 142.3401343412313 142
1694438976696 141.9551196790241 143
1694438976726 141.3292046775316 144
1694438976756 141.30581808535248 145
1694438976796 142.15704775709233 146
1694438976826 141.23414835557315 147
1694438976856 141.05513442460128 148
1694438976887 140.80681021107193 149
1694438976915 141.01259550700587 150
1694438976947 140.70818829021817 151
1694438976977 140.10347751126176 152
1694438977008 139.8200235360756 153
1694438977039 140.5432161616692 154
1694438977069 140.67573288460892 155
1694438977099 139.66139934746002 156
1694438977129 139.23697326061566 157
1694438977158 139.82799042762164 158
1694438977188 139.74492516892056 159
1694438977220 141.04389367245014 160
1694438977249 139.6269568150623 161
1694438977279 139.27899792119857 162
1694438977310 139.12983231121154 163
1694438977341 139.1859397075001 164
1694438977372 138.73219483380774 165
1694438977400 139.5764256303986 166
1694438977430 138.40116830120854 167
1694438977460 138.5558878263439 168
1694438977489 137.88716673264997 169
1694438977520 138.63010605190465 170
1694438977551 138.38516383308078 171
1694438977581 137.63934949798474 172
1694438977611 137.55785720925175 173
1694438977643 137.1379634621969 174
1694438977674 137.41259526684985 175
1694438977704 137.91988997399673 176
1694438977732 137.34145673835977 177
1694438977761 137.1105837381935 178
1694438977793 137.9238100291199 179
1694438977822 136.73782625278128 180
1694438977852 138.12969540481745 181
1694438977882 137.5276077433134 182
1694438977912 137.6199207938113 183
1694438977942 137.58270170977727 184
1694438977972 135.79156027843806 185
1694438978004 136.06665964550407 186
1694438978033 136.7631830832694 187
1694438978064 135.92228845127894 188
1694438978095 136.5924078267813 189
1694438978124 136.1990755013761 190
1694438978155 136.51678111915967 191
1694438978185 136.24985139654294 192
1694438978216 136.38083200741585 193
1694438978247 135.3912628596667 194
1694438978278 135.4125568109058 195
1694438978308 136.10025136781002 196
1694438978338 135.81430679453803 197
1694438978371 135.6773749322813 198
1694438978400 135.97711576360444 199
1694438978431 135.57744847652947 200
1694438978460 134.61458774182867 201
1694438978491 134.98321856420463 202
1694438978521 135.0017819767666 203
1694438978551 135.23691451905418 204
1694438978582 134.91956503493708 205
1694438978611 134.53056364628492 206
1694438978641 134.28135680321964 207
1694438978672 134.21298033763267 208
1694438978702 133.91719513964185 209
1694438978731 133.88031761430534 210
1694438978761 134.1179511132759 211
1694438978790 134.97432110094437 212
1694438978820 134.14831558366623 213
1694438978848 133.38948732653492 214
1694438978879 133.3689166006602 215
1694438978909 133.330336486011 216
1694438978940 134.28939957691853 217
1694438978970 132.76993392161032 218
1694438979000 132.59107700982884 219
1694438979030 132.92913803626746 220
1694438979060 132.69382521204258 221
1694438979091 132.7077260068084 222
1694438979121 133.46069533258057 223
1694438979149 132.47008776410655 224
1694438979178 132.625638609512 225
1694438979210 132.4322875950923 226
1694438979240 133.0739215751817 227
1694438979271 132.4964045769026 228
1694438979304 132.38989357046458 229
1694438979388 131.42604219111453 230
1694438979420 131.89741490631525 231
1694438979448 131.95672681950444 232
1694438979479 132.15917704068346 233
1694438979509 131.62012492907343 234
1694438979540 130.31156881623716 235
1694438979570 131.33033398996767 236
1694438979602 132.6552085745588 237
1694438979636 131.10935479098305 238
1694438979675 130.7892777268253 239
1694438979709 130.66347920558994 240
1694438979739 130.50478408829161 241
1694438979768 131.1385118964735 242
1694438979798 130.39243731566162 243
1694438979827 130.64572960908112 244
1694438979858 130.76788518766062 245
1694438979887 130.21439129820172 246
1694438979918 130.50159738786695 247
1694438979947 129.452825838346 248
1694438979978 130.4927416497333 249
1694438980009 130.08963325373918 250
1694438980039 130.69352523491364 251
1694438980069 130.24639142640254 252
1694438980097 129.86022686178424 253
1694438980128 129.50167640475044 254
1694438980159 130.04625504611846 255
1694438980190 129.79451463578286 256
1694438980221 129.1747788011188 257
1694438980250 129.52859573761472 258
1694438980281 128.5212791629741 259
1694438980311 129.0733710967728 260
1694438980341 128.12150708055822 261
1694438980372 128.95242151794133 262
1694438980403 129.43515480466522 263
1694438980432 129.1123713162982 264
1694438980462 127.46602597487806 265
1694438980493 128.5552538194392 266
1694438980524 127.16011240692428 267
1694438980555 127.54174094149727 268
1694438980586 128.36835296545618 269
1694438980617 127.35200441850682 270
1694438980647 127.72029491386294 271
1694438980677 128.00824707947245 272
1694438980707 128.14547532112837 273
1694438980737 128.05946136159923 274
1694438980766 127.318941345104 275
1694438980798 126.88250895274261 276
1694438980830 127.21864562007283 277
1694438980861 127.70074160863231 278
1694438980891 126.87105396520782 279
1694438980921 126.93170338190298 280
1694438980954 126.7072439158185 281
1694438980983 126.45243310225872 282
1694438981013 126.78474163953057 283
1694438981044 126.79976952391058 284
1694438981075 126.90182420574399 285
1694438981111 126.35160900472047 286
1694438981144 126.19503835291972 287
1694438981176 126.06147182102275 288
1694438981211 125.9954673571607 289
1694438981239 125.31519066164108 290
1694438981268 125.74048363699949 291
1694438981299 125.9109415769708 292
1694438981328 125.62365200849162 293
1694438981358 125.89593311133004 294
1694438981390 125.50909226439566 295
1694438981422 125.46365317250796 296
1694438981450 125.2257550915026 297
1694438981481 124.89231146731807 298
1694438981512 124.9009292465362 299
1694438981541 124.83012557616584 300
1694438981571 125.53573425942791 301
1694438981602 125.03479444846933 302
1694438981631 124.6466737747998 303
1694438981662 124.23314608915098 304
1694438981692 124.62093908413556 305
1694438981722 124.21805168446383 306
1694438981752 123.42417776974868 307
1694438981782 123.78535591020567 308
1694438981812 123.90496245180792 309
1694438981844 123.69932518744663 310
1694438981875 123.4534265980986 311
1694438981905 123.50838145809992 312
1694438981934 122.87084500225565 313
1694438981963 123.02726486462814 314
1694438981994 123.41507778975692 315
1694438982027 122.56575628406469 316
1694438982057 123.10357969717207 317
1694438982088 123.40272507290317 318
1694438982118 123.13750922351763 319
1694438982147 122.74166968725999 320
1694438982178 123.15833639010481 321
1694438982210 123.06132341593133 322
1694438982240 122.31393620923977 323
1694438982269 122.81677429372401 324
1694438982299 122.35837368776805 325
1694438982329 122.34431462932183 326
1694438982359 121.74576909791307 327
1694438982390 121.87717102370081 328
1694438982420 122.45152651914938 329
1694438982451 121.90876137133601 330
1694438982483 121.31071935715305 331
1694438982513 121.57273953501094 332
1694438982543 121.48495998429247 333
1694438982575 122.37355436926158 334
1694438982605 121.56180007671607 335
1694438982633 121.52411555348432 336
1694438982663 121.78375193065413 337
1694438982692 121.21458509430582 338
1694438982722 121.50330864291591 339
1694438982750 120.34820479171287 340
1694438982780 120.80219390125559 341
1694438982810 120.66455586826336 342
1694438982841 120.5258547833811 343
1694438982870 121.40120065105269 344
1694438982901 120.23765669038002 345
1694438982931 120.2187872835339 346
1694438982963 121.1417132409529 347
1694438982993 120.61501474292376 348
1694438983024 119.71679771676268 349
1694438983055 119.72263131162269 350
1694438983083 119.43272450988005 351
1694438983113 120.54280955070604 352
1694438983142 119.54799844833367 353
1694438983171 119.8757704400571 354
1694438983201 120.1350519532893 355
1694438983233 119.11288477036356 356
1694438983263 119.318758422083 357
1694438983293 119.08700432238273 358
1694438983322 119.03314219105185 359
1694438983357 119.27446592180189 360
1694438983386 119.02904447720914 361
1694438983415 118.46040302287618 362
1694438983445 118.18201945962875 363
1694438983473 118.48833653408346 364
1694438983503 117.71473840866639 365
1694438983530 117.96189217089938 366
1694438983560 118.38729586554724 367
1694438983589 118.35029353065107 368
1694438983617 118.56628445890715 369
1694438983647 118.61407294073366 370
1694438983676 118.13571539549645 371
1694438983705 118.24336823985057 372
1694438983734 117.9271476624311 373
1694438983764 117.6943893163687 374
1694438983794 117.27004130270933 375
1694438983823 116.59113532450569 376
1694438983853 116.65652644617155 377
1694438983883 117.35347425846403 378
1694438983913 117.22824103944798 379
1694438983943 117.37867649812867 380
1694438983975 117.09634666786417 381
1694438984004 117.27131298871947 382
1694438984034 116.78394588562549 383
1694438984063 116.67897174995696 384
1694438984094 116.63054118986001 385
1694438984121 115.99487978230499 386
1694438984149 116.28379350175534 387
1694438984179 116.70757020567652 388
1694438984209 116.20075529764019 389
1694438984239 116.33193733728368 390
1694438984268 116.56443269410994 391
1694438984297 116.32686304594127 392
1694438984327 116.28466939604712 393
1694438984356 116.28501855134581 394
1694438984386 115.97618342684098 395
1694438984414 115.86210554477641 396
1694438984443 115.87018220044897 397
1694438984475 115.77594764681923 398
1694438984504 115.25460940268269 399
1694438984532 115.38311066818271 400
1694438984561 115.52644938969422 401
1694438984593 115.1186902511245 402
1694438984621 115.1863994050734 403
1694438984651 115.09021055987797 404
1694438984680 114.6904285579126 405
1694438984708 115.38669532353474 406
1694438984738 115.2652218339459 407
1694438984765 114.10854884851229 408
1694438984794 114.05101739135144 409
1694438984824 114.71963896871365 410
1694438984853 114.77909775801699 411
1694438984881 114.39761794848194 412
1694438984910 114.19501565170142 413
1694438984939 114.87199867483666 414
1694438984969 113.81913794011365 415
1694438985001 114.24578554013979 416
1694438985031 113.17087056077982 417
1694438985062 113.41058459218331 418
1694438985092 113.26323414800916 419
1694438985120 114.02907252181834 420
1694438985148 113.64630444785884 421
1694438985178 113.2799105019698 422
1694438985210 113.54436449089519 423
1694438985240 112.59215754235436 424
1694438985271 112.49799110750234 425
1694438985299 113.15452418618052 426
1694438985329 112.97761826520646 427
1694438985358 114.25640490921732 428
1694438985388 112.33745019106678 429
1694438985416 113.0091875164181 430
1694438985446 112.41524123049955 431
1694438985476 112.89175429171654 432
1694438985505 112.1313491574451 433
1694438985535 112.65170985807688 434
1694438985565 111.66634916595787 435
1694438985595 111.761483396476 436
1694438985625 111.3237736002304 437
1694438985655 111.62659609138389 438
1694438985684 111.65099162732871 439
1694438985713 111.90968193281215 440
1694438985743 111.9185126339163 441
1694438985774 111.75797420768168 442
1694438985803 111.80102545917899 443
1694438985830 111.17202289367754 444
1694438985859 111.4160371060399 445
1694438985887 112.02458279952329 446
1694438985916 111.8846271923936 447
1694438985945 111.6356561206379 448
1694438985975 110.22849698857111 449
1694438986005 111.21414430027261 450
1694438986033 109.82269183516178 451
1694438986062 111.21877899057216 452
1694438986092 110.78041672137276 453
1694438986120 111.0081093379492 454
1694438986149 110.78982999394927 455
1694438986178 110.73295874225056 456
1694438986208 110.14928401620918 457
1694438986237 109.85952252259261 458
1694438986268 109.87751338687741 459
1694438986297 110.38799973914347 460
1694438986327 109.91367633321426 461
1694438986358 109.85628529117916 462
1694438986388 110.17547858541559 463
1694438986416 109.62464044100926 464
1694438986448 110.51958611431947 465
1694438986477 109.34339054846618 466
1694438986508 109.18881423985373 467
1694438986538 108.75454641683304 468
1694438986567 108.58872726683434 469
1694438986597 109.522530974807 470
1694438986627 108.7073549286603 471
1694438986657 109.03529138793552 472
1694438986687 108.80089250823129 473
1694438986715 108.90416645854688 474
1694438986744 109.0967028408597 475
1694438986775 108.21786730647753 476
1694438986804 108.48389076744628 477
1694438986834 108.1656292327458 478
1694438986864 107.99286986225731 479
1694438986892 108.52506728356983 480
1694438986924 108.00678101193387 481
1694438986953 108.0942213604062 482
1694438986982 108.1866243541521 483
1694438987013 107.14995905196203 484
1694438987043 107.55486931797354 485
1694438987072 108.41535060660053 486
1694438987102 107.67857288413106 487
1694438987133 108.3299132146572 488
1694438987163 106.52486048636048 489
1694438987191 107.56885978176597 490
1694438987222 107.86135772514243 491
1694438987253 107.47242417915633 492
1694438987281 107.68034775489517 493
1694438987312 107.36860962085589 494
1694438987343 107.0571907022741 495
1694438987372 106.848935056896 496
1694438987403 107.15305074456306 497
1694438987432 106.7207202034449 498
1694438987461 106.9132282824581 499
