1694444565165 167.60583807069509 0
1694444565201 167.27089551293318 1
1694444565239 166.9366228494194 2
1694444565287 166.60301873995664 3
1694444565320 166.27008184703044 4
1694444565354 165.9378108358035 5
1694444565412 165.6062043741102 6
1694444565465 165.2752611324516 7
1694444565502 164.94497978398957 8
1694444565538 164.6153590045421 9
1694444565572 164.28639747257733 10
1694444565607 163.95809386920882 11
1694444565643 163.63044687818973 12
1694444565686 163.30345518590792 13
1694444565720 162.97711748138056 14
1694444565754 162.6514324562487 15
1694444565787 162.32639880477234 16
1694444565822 162.00201522382486 17
1694444565854 161.6782804128879 18
1694444565887 161.35519307404624 19
1694444565919 161.03275191198244 20
1694444565958 160.7109556339718 21
1694444565988 160.38980294987684 22
1694444566019 160.06929257214264 23
1694444566054 159.74942321579115 24
1694444566089 159.43019359841622 25
1694444566133 159.11160244017861 26
1694444566174 158.79364846380065 27
1694444566208 158.47633039456116 28
1694444566240 158.1596469602903 29
1694444566276 157.84359689136463 30
1694444566310 157.52817892070172 31
1694444566343 157.21339178375533 32
1694444566394 156.8992342185101 33
1694444566426 156.58570496547668 34
1694444566465 156.27280276768658 35
1694444566501 155.9605263706871 36
1694444566539 155.64887452253632 37
1694444566575 155.33784597379807 38
1694444566611 155.02743947753697 39
1694444566653 154.71765378931323 40
1694444566694 154.40848766717784 41
1694444566725 154.09993987166757 42
1694444566757 153.79200916579984 43
1694444566789 153.48469431506797 44
1694444566822 153.17799408743605 45
1694444566855 152.87190725333394 46
1694444566887 152.56643258565265 47
1694444566919 152.26156885973896 48
1694444566954 151.95731485339084 49
1694444566988 151.65366934685255 50
1694444567023 151.35063112280946 51
1694444567056 151.04819896638335 52
1694444567088 150.74637166512755 53
1694444567120 150.44514800902203 54
1694444567150 150.14452679046852 55
1694444567184 149.8445068042856 56
1694444567217 149.54508684770408 57
1694444567254 149.24626572036192 58
1694444567290 148.94804222429948 59
1694444567326 148.6504151639548 60
1694444567365 148.35338334615875 61
1694444567403 148.05694558013016 62
1694444567437 147.76110067747118 63
1694444567468 147.4658474521623 64
1694444567506 147.1711847205578 65
1694444567546 146.87711130138095 66
1694444567582 146.5836260157191 67
1694444567627 146.29072768701909 68
1694444567673 145.99841514108263 69
1694444567716 145.7066872060613 70
1694444567754 145.4155427124521 71
1694444567787 145.12498049309252 72
1694444567827 144.83499938315617 73
1694444567871 144.54559822014778 74
1694444567914 144.25677584389862 75
1694444567958 143.96853109656206 76
1694444567993 143.6808628226085 77
1694444568041 143.39376986882127 78
1694444568076 143.10725108429145 79
1694444568115 142.8213053204136 80
1694444568160 142.53593143088096 81
1694444568204 142.25112827168113 82
1694444568241 141.96689470109104 83
1694444568284 141.68322957967268 84
1694444568320 141.40013177026856 85
1694444568357 141.11760013799682 86
1694444568394 140.83563355024705 87
1694444568436 140.55423087667546 88
1694444568470 140.27339098920046 89
1694444568504 139.99311276199825 90
1694444568539 139.71339507149796 91
1694444568574 139.43423679637743 92
1694444568638 139.1556368175587 93
1694444568676 138.87759401820327 94
1694444568714 138.60010728370798 95
1694444568761 138.32317550170012 96
1694444568804 138.0467975620333 97
1694444568857 137.7709723567829 98
1694444568893 137.49569878024144 99
1694444568937 137.2209757289144 100
1694444568976 136.9468021015157 101
1694444569006 136.6731767989631 102
1694444569042 136.40009872437415 103
1694444569083 136.12756678306135 104
1694444569115 135.85557988252813 105
1694444569157 135.58413693246422 106
1694444569208 135.31323684474145 107
1694444569268 135.04287853340918 108
1694444569321 134.77306091469012 109
1694444569370 134.50378290697586 110
1694444569415 134.2350434308226 111
1694444569454 133.9668414089468 112
1694444569487 133.69917576622083 113
1694444569532 133.4320454296686 114
1694444569583 133.1654493284614 115
1694444569624 132.8993863939135 116
1694444569681 132.63385555947775 117
1694444569725 132.3688557607416 118
1694444569769 132.10438593542256 119
1694444569807 131.84044502336394 120
1694444569860 131.5770319665308 121
1694444569892 131.3141457090055 122
1694444569931 131.0517851969835 123
1694444569976 130.78994937876925 124
1694444570011 130.5286372047718 125
1694444570058 130.26784762750071 126
1694444570093 130.00757960156173 127
1694444570153 129.74783208365272 128
1694444570193 129.4886040325594 129
1694444570242 129.22989440915111 130
1694444570298 128.97170217637682 131
1694444570335 128.71402629926075 132
1694444570378 128.45686574489832 133
1694444570419 128.200219482452 134
1694444570458 127.94408648314725 135
1694444570505 127.68846572026817 136
1694444570543 127.43335616915357 137
1694444570582 127.17875680719281 138
1694444570620 126.92466661382166 139
1694444570655 126.67108457051823 140
1694444570685 126.41800966079883 141
1694444570745 126.16544087021397 142
1694444570825 125.91337718634428 143
1694444570867 125.66181759879629 144
1694444570932 125.41076109919862 145
1694444570969 125.16020668119772 146
1694444571006 124.91015334045396 147
1694444571051 124.66060007463753 148
1694444571089 124.41154588342444 149
1694444571128 124.1629897684925 150
1694444571181 123.91493073351725 151
1694444571221 123.66736778416815 152
1694444571255 123.42029992810431 153
1694444571287 123.17372617497077 154
1694444571333 122.92764553639434 155
1694444571389 122.6820570259797 156
1694444571432 122.43695965930544 157
1694444571467 122.19235245392014 158
1694444571500 121.9482344293383 159
1694444571533 121.7046046070366 160
1694444571565 121.4614620104498 161
1694444571597 121.21880566496685 162
1694444571636 120.97663459792709 163
1694444571675 120.7349478386162 164
1694444571709 120.49374441826238 165
1694444571753 120.25302337003248 166
1694444571790 120.01278372902803 167
1694444571825 119.77302453228141 168
1694444571860 119.53374481875207 169
1694444571893 119.2949436293225 170
1694444571930 119.05662000679457 171
1694444571964 118.81877299588548 172
1694444571994 118.58140164322414 173
1694444572024 118.34450499734713 174
1694444572060 118.10808210869509 175
1694444572098 117.87213202960872 176
1694444572135 117.63665381432513 177
1694444572169 117.40164651897389 178
1694444572201 117.16710920157341 179
1694444572235 116.93304092202698 180
1694444572272 116.69944074211914 181
1694444572309 116.46630772551185 182
1694444572361 116.23364093774077 183
1694444572398 116.0014394462114 184
1694444572435 115.76970232019548 185
1694444572469 115.5384286308271 186
1694444572501 115.3076174510992 187
1694444572534 115.0772678558596 188
1694444572568 114.84737892180736 189
1694444572599 114.6179497274892 190
1694444572635 114.3889793532957 191
1694444572670 114.16046688145748 192
1694444572704 113.93241139604179 193
1694444572737 113.70481198294861 194
1694444572771 113.47766772990714 195
1694444572804 113.25097772647194 196
1694444572843 113.02474106401954 197
1694444572885 112.7989568357445 198
1694444572923 112.57362413665601 199
1694444572957 112.3487420635741 200
1694444572990 112.12430971512612 201
1694444573021 111.90032619174306 202
1694444573053 111.67679059565596 203
1694444573085 111.45370203089227 204
1694444573120 111.23105960327236 205
1694444573158 111.00886242040576 206
1694444573191 110.78710959168771 207
1694444573225 110.56580022829554 208
1694444573259 110.34493344318518 209
1694444573289 110.1245083510874 210
1694444573322 109.90452406850447 211
1694444573355 109.6849797137065 212
1694444573392 109.46587440672788 213
1694444573425 109.24720726936391 214
1694444573459 109.02897742516704 215
1694444573490 108.81118399944357 216
1694444573522 108.59382611924993 217
1694444573554 108.37690291338937 218
1694444573588 108.16041351240834 219
1694444573627 107.94435704859302 220
1694444573666 107.72873265596591 221
1694444573704 107.51353947028224 222
1694444573741 107.29877662902656 223
1694444573782 107.08444327140933 224
1694444573821 106.87053853836332 225
1694444573856 106.65706157254036 226
1694444573894 106.44401151830768 227
1694444573933 106.23138752174462 228
1694444573968 106.01918873063924 229
1694444574002 105.80741429448473 230
1694444574039 105.59606336447611 231
1694444574077 105.38513509350683 232
1694444574110 105.17462863616532 233
1694444574177 104.96454314873168 234
1694444574210 104.75487778917412 235
1694444574258 104.5456317171458 236
1694444574298 104.33680409398126 237
1694444574337 104.12839408269322 238
1694444574382 103.92040084796909 239
1694444574415 103.7128235561677 240
1694444574449 103.50566137531594 241
1694444574490 103.29891347510531 242
1694444574526 103.09257902688881 243
1694444574570 102.8866572036774 244
1694444574609 102.68114718013676 245
1694444574658 102.47604813258405 246
1694444574707 102.27135923898449 247
1694444574748 102.06707967894808 248
1694444574784 101.8632086337264 249
1694444574815 101.65974528620919 250
1694444574853 101.45668882092119 251
1694444574888 101.25403842401879 252
1694444574919 101.05179328328674 253
1694444574955 100.84995258813505 254
1694444574991 100.64851552959554 255
1694444575023 100.44748130031867 256
1694444575056 100.24684909457034 257
1694444575088 100.0466181082286 258
1694444575119 99.84678753878048 259
1694444575154 99.64735658531866 260
1694444575199 99.44832444853841 261
1694444575249 99.24969033073424 262
1694444575288 99.05145343579677 263
1694444575318 98.85361296920956 264
1694444575355 98.65616813804583 265
1694444575389 98.45911815096532 266
1694444575422 98.26246221821124 267
1694444575456 98.06619955160681 268
1694444575495 97.87032936455245 269
1694444575539 97.67485087202226 270
1694444575575 97.47976329056121 271
1694444575607 97.28506583828174 272
1694444575640 97.09075773486077 273
1694444575678 96.89683820153651 274
1694444575715 96.70330646110531 275
1694444575750 96.51016173791861 276
1694444575791 96.31740325787977 277
1694444575822 96.12503024844098 278
1694444575852 95.93304193860017 279
1694444575885 95.74143755889793 280
1694444575915 95.55021634141431 281
1694444575954 95.35937751976597 282
1694444575993 95.16892032910283 283
1694444576027 94.9788440061052 284
1694444576072 94.78914778898061 285
1694444576105 94.59983091746086 286
1694444576142 94.41089263279876 287
1694444576182 94.22233217776537 288
1694444576210 94.03414879664675 289
1694444576253 93.846341735241 290
1694444576292 93.6589102408552 291
1694444576324 93.47185356230244 292
1694444576372 93.28517094989878 293
1694444576406 93.09886165546021 294
1694444576440 92.91292493229972 295
1694444576481 92.72736003522422 296
1694444576509 92.5421662205316 297
1694444576544 92.35734274600776 298
1694444576581 92.17288887092359 299
1694444576615 91.988803856032 300
1694444576655 91.80508696356497 301
1694444576693 91.62173745723058 302
1694444576727 91.4387546022101 303
1694444576767 91.25613766515492 304
1694444576804 91.07388591418379 305
1694444576838 90.89199861887971 306
1694444576868 90.71047505028709 307
1694444576900 90.52931448090881 308
1694444576937 90.34851618470326 309
1694444576970 90.1680794370815 310
1694444576998 89.98800351490429 311
1694444577040 89.80828769647927 312
1694444577072 89.62893126155788 313
1694444577104 89.44993349133271 314
1694444577140 89.27129366843444 315
1694444577171 89.09301107692903 316
1694444577204 88.91508500231485 317
1694444577235 88.73751473151982 318
1694444577268 88.56029955289844 319
1694444577300 88.38343875622911 320
1694444577340 88.20693163271116 321
1694444577391 88.03077747496204 322
1694444577441 87.85497557701449 323
1694444577476 87.67952523431364 324
1694444577509 87.50442574371432 325
1694444577542 87.32967640347809 326
1694444577571 87.15527651327052 327
1694444577610 86.98122537415836 328
1694444577653 86.80752228860669 329
1694444577692 86.63416656047617 330
1694444577725 86.46115749502026 331
1694444577767 86.28849439888234 332
1694444577806 86.11617658009307 333
1694444577847 85.94420334806748 334
1694444577877 85.77257401360225 335
1694444577917 85.60128788887302 336
1694444577952 85.43034428743142 337
1694444577985 85.25974252420258 338
1694444578019 85.08948191548224 339
1694444578052 84.91956177893395 340
1694444578086 84.74998143358641 341
1694444578118 84.58074019983081 342
1694444578171 84.41183739941798 343
1694444578218 84.24327235545564 344
1694444578258 84.07504439240589 345
1694444578291 83.90715283608222 346
1694444578328 83.73959701364703 347
1694444578366 83.57237625360885 348
1694444578400 83.40548988581962 349
1694444578438 83.23893724147203 350
1694444578471 83.07271765309683 351
1694444578508 82.90683045456016 352
1694444578554 82.74127498106085 353
1694444578587 82.57605056912777 354
1694444578622 82.41115655661721 355
1694444578657 82.24659228271015 356
1694444578686 82.0823570879096 357
1694444578723 81.9184503140381 358
1694444578760 81.75487130423483 359
1694444578796 81.59161940295328 360
1694444578828 81.42869395595831 361
1694444578865 81.26609431032377 362
1694444578901 81.10381981442971 363
1694444578938 80.94186981795994 364
1694444578971 80.78024367189917 365
1694444579008 80.61894072853069 366
1694444579043 80.45796034143353 367
1694444579077 80.29730186548007 368
1694444579111 80.13696465683326 369
1694444579160 79.97694807294414 370
1694444579199 79.81725147254932 371
1694444579234 79.6578742156683 372
1694444579270 79.49881566360088 373
1694444579306 79.34007517892478 374
1694444579341 79.18165212549282 375
1694444579379 79.02354586843057 376
1694444579420 78.8657557741338 377
1694444579459 78.70828121026578 378
1694444579494 78.55112154575485 379
1694444579535 78.39427615079194 380
1694444579573 78.23774439682792 381
1694444579608 78.08152565657117 382
1694444579656 77.92561930398502 383
1694444579697 77.77002471428526 384
1694444579735 77.61474126393756 385
1694444579773 77.45976833065511 386
1694444579810 77.30510529339604 387
1694444579851 77.15075153236086 388
1694444579888 76.99670642899011 389
1694444579923 76.84296936596179 390
1694444579956 76.68953972718893 391
1694444579992 76.53641689781703 392
1694444580038 76.38360026422171 393
1694444580092 76.2310892140062 394
1694444580144 76.07888313599885 395
1694444580189 75.92698142025073 396
1694444580223 75.77538345803312 397
1694444580265 75.62408864183516 398
1694444580299 75.4730963653613 399
1694444580332 75.32240602352896 400
1694444580370 75.17201701246606 401
1694444580406 75.02192872950862 402
1694444580440 74.87214057319831 403
1694444580475 74.72265194328006 404
1694444580509 74.57346224069964 405
1694444580544 74.42457086760128 406
1694444580573 74.27597722732523 407
1694444580604 74.1276807244054 408
1694444580637 73.97968076456696 409
1694444580675 73.83197675472395 410
1694444580715 73.68456810297695 411
1694444580753 73.53745421861058 412
1694444580785 73.39063451209128 413
1694444580821 73.24410839506484 414
1694444580854 73.0978752803541 415
1694444580894 72.95193458195655 416
1694444580934 72.80628571504204 417
1694444580972 72.66092809595033 418
1694444581011 72.51586114218887 419
1694444581050 72.37108427243032 420
1694444581083 72.22659690651047 421
1694444581116 72.08239846542553 422
1694444581151 71.93848837133017 423
1694444581184 71.79486604753501 424
1694444581217 71.65153091850433 425
1694444581252 71.50848240985384 426
1694444581285 71.36571994834823 427
1694444581321 71.22324296189903 428
1694444581354 71.08105087956218 429
1694444581387 70.93914313153589 430
1694444581421 70.79751914915815 431
1694444581460 70.65617836490466 432
1694444581512 70.51512021238638 433
1694444581555 70.37434412634741 434
1694444581593 70.23384954266257 435
1694444581642 70.09363589833528 436
1694444581691 69.95370263149519 437
1694444581731 69.814049181396 438
1694444581777 69.67467498841314 439
1694444581819 69.53557949404163 440
1694444581852 69.39676214089371 441
1694444581894 69.25822237269666 442
1694444581935 69.11995963429068 443
1694444581977 68.98197337162647 444
1694444582017 68.84426303176309 445
1694444582049 68.70682806286581 446
1694444582091 68.56966791420378 447
1694444582127 68.43278203614791 448
1694444582183 68.29616988016862 449
1694444582227 68.15983089883366 450
1694444582274 68.02376454580586 451
1694444582316 67.88797027584107 452
1694444582354 67.75244754478578 453
1694444582405 67.61719580957512 454
1694444582440 67.48221452823059 455
1694444582478 67.34750315985785 456
1694444582518 67.21306116464466 457
1694444582555 67.07888800385861 458
1694444582592 66.94498313984505 459
1694444582627 66.81134603602484 460
1694444582683 66.67797615689224 461
1694444582720 66.54487296801284 462
1694444582759 66.41203593602125 463
1694444582810 66.2794645286191 464
1694444582845 66.14715821457283 465
1694444582883 66.0151164637116 466
1694444582922 65.88333874692518 467
1694444582959 65.75182453616172 468
1694444583008 65.62057330442578 469
1694444583049 65.4895845257761 470
1694444583090 65.35885767532355 471
1694444583143 65.228392229229 472
1694444583190 65.09818766470124 473
1694444583236 64.96824345999485 474
1694444583284 64.83855909440815 475
1694444583324 64.70913404828107 476
1694444583357 64.57996780299308 477
1694444583405 64.45105984096112 478
1694444583438 64.32240964563752 479
1694444583474 64.19401670150792 480
1694444583515 64.06588049408921 481
1694444583550 63.93800050992745 482
1694444583609 63.81037623659584 483
1694444583673 63.68300716269264 484
1694444583709 63.55589277783912 485
1694444583763 63.429032572677514 486
1694444583817 63.30242603886901 487
1694444583864 63.176072669091646 488
1694444583906 63.04997195703834 489
1694444583952 62.924123397414796 490
1694444583992 62.79852648593755 491
1694444584038 62.67318071933188 492
1694444584071 62.548085595329844 493
1694444584123 62.4232406126682 494
1694444584171 62.29864527108646 495
1694444584224 62.17429907132484 496
1694444584269 62.0502015151223 497
1694444584340 61.92635210521448 498
1694444584389 61.802750345331766 499
