1694446245313 0.0 0
1694446245610 0.0 1
1694446245931 0.0 2
1694446246240 0.0 3
1694446246570 0.0 4
1694446246832 0.0 5
1694446247087 0.0 6
1694446247346 0.0 7
1694446247612 0.0 8
1694446247877 0.0 9
1694446248128 0.0 10
1694446248379 0.0 11
1694446248707 0.0 12
1694446248966 0.0 13
1694446249227 0.0 14
1694446249488 0.0 15
1694446249742 0.0 16
1694446249993 0.0 17
1694446250251 0.0 18
1694446250512 0.0 19
1694446250757 0.0 20
1694446251022 0.0 21
1694446251285 0.0 22
1694446251523 0.0 23
1694446251801 0.0 24
1694446252063 0.0 25
1694446252341 0.0 26
1694446252605 0.0 27
1694446252867 0.0 28
1694446253134 0.0 29
1694446253381 0.0 30
1694446253629 0.0 31
1694446253910 0.0 32
1694446254187 0.0 33
1694446254476 0.0 34
1694446254756 0.0 35
1694446255030 0.0 36
1694446255299 0.0 37
1694446255578 0.0 38
1694446255853 0.0 39
1694446256124 0.0 40
1694446256388 0.0 41
1694446256647 0.0 42
1694446256900 0.0 43
1694446257164 0.0 44
1694446257425 0.0 45
1694446257659 0.0 46
1694446257897 0.0 47
1694446258144 0.0 48
1694446258380 0.0 49
1694446258628 0.0 50
1694446258871 0.0 51
1694446259140 0.0 52
