1694437014686 182.12861237185552 0
1694437014719 181.76011388207112 1
1694437014759 181.39243537527483 2
1694437014791 181.02557494483818 3
1694437014831 180.65953068869658 4
1694437014894 180.29430070933805 5
1694437014952 179.9298831137921 6
1694437015036 179.56627601361862 7
1694437015097 179.20347752489675 8
1694437015138 178.84148576821397 9
1694437015165 178.48029886865478 10
1694437015204 178.11991495578997 11
1694437015240 177.76033216366545 12
1694437015269 177.4015486307914 13
1694437015304 177.04356250013146 14
1694437015338 176.68637191909147 15
1694437015372 176.3299750395089 16
1694437015405 175.97437001764195 17
1694437015441 175.6195550141587 18
1694437015472 175.26552819412635 19
1694437015509 174.91228772700043 20
1694437015548 174.55983178661398 21
1694437015584 174.20815855116712 22
1694437015615 173.85726620321594 23
1694437015657 173.50715292966234 24
1694437015707 173.157816921743 25
1694437015777 172.80925637501892 26
1694437015839 172.46146948936493 27
1694437015909 172.11445446895902 28
1694437015960 171.76820952227177 29
1694437016000 171.42273286205614 30
1694437016039 171.07802270533665 31
1694437016081 170.73407727339907 32
1694437016118 170.39089479178023 33
1694437016156 170.04847349025718 34
1694437016198 169.7068116028372 35
1694437016245 169.36590736774727 36
1694437016344 169.0257590274238 37
1694437016415 168.68636482850246 38
1694437016453 168.3477230218077 39
1694437016486 168.00983186234262 40
1694437016526 167.67268960927888 41
1694437016570 167.3362945259463 42
1694437016614 167.00064487982272 43
1694437016646 166.66573894252417 44
1694437016691 166.33157498979435 45
1694437016745 165.99815130149474 46
1694437016802 165.66546616159465 47
1694437016853 165.33351785816095 48
1694437016886 165.0023046833482 49
1694437016917 164.67182493338868 50
1694437016946 164.34207690858233 51
1694437016990 164.01305891328698 52
1694437017027 163.68476925590832 53
1694437017058 163.3572062488899 54
1694437017088 163.03036820870355 55
1694437017117 162.70425345583934 56
1694437017150 162.37886031479587 57
1694437017188 162.0541871140704 58
1694437017218 161.73023218614918 59
1694437017249 161.40699386749765 60
1694437017277 161.08447049855067 61
1694437017304 160.76266042370304 62
1694437017333 160.44156199129958 63
1694437017372 160.12117355362568 64
1694437017404 159.80149346689754 65
1694437017433 159.48252009125275 66
1694437017469 159.1642517907405 67
1694437017500 158.8466869333123 68
1694437017532 158.5298238908121 69
1694437017570 158.21366103896733 70
1694437017601 157.89819675737877 71
1694437017632 157.5834294295116 72
1694437017670 157.2693574426858 73
1694437017703 156.95597918806675 74
1694437017738 156.64329306065588 75
1694437017774 156.33129745928116 76
1694437017823 156.01999078658807 77
1694437017872 155.70937144903004 78
1694437017908 155.3994378568592 79
1694437017941 155.0901884241173 80
1694437017968 154.78162156862604 81
1694437018000 154.4737357119785 82
1694437018031 154.16652927952936 83
1694437018067 153.86000070038597 84
1694437018102 153.5541484073993 85
1694437018134 153.24897083715462 86
1694437018170 152.94446642996246 87
1694437018206 152.64063362984962 88
1694437018237 152.33747088454993 89
1694437018273 152.0349766454955 90
1694437018307 151.73314936780736 91
1694437018338 151.4319875102868 92
1694437018373 151.13148953540613 93
1694437018405 150.8316539092999 94
1694437018438 150.53247910175588 95
1694437018475 150.2339635862063 96
1694437018506 149.9361058397189 97
1694437018534 149.63890434298784 98
1694437018570 149.3423575803253 99
1694437018605 149.04646403965248 100
1694437018636 148.7512222124905 101
1694437018677 148.45663059395213 102
1694437018719 148.1626876827328 103
1694437018750 147.8693919811019 104
1694437018787 147.57674199489398 105
1694437018820 147.28473623350027 106
1694437018851 146.9933732098598 107
1694437018888 146.702651440451 108
1694437018923 146.41256944528288 109
1694437018954 146.12312574788655 110
1694437018990 145.83431887530654 111
1694437019023 145.54614735809236 112
1694437019054 145.25860973028995 113
1694437019087 144.97170452943305 114
1694437019119 144.68543029653495 115
1694437019148 144.3997855760797 116
1694437019181 144.11476891601396 117
1694437019214 143.83037886773843 118
1694437019248 143.54661398609943 119
1694437019287 143.26347282938053 120
1694437019319 142.98095395929442 121
1694437019350 142.69905594097398 122
1694437019388 142.41777734296468 123
1694437019421 142.13711673721573 124
1694437019453 141.85707269907212 125
1694437019489 141.57764380726616 126
1694437019523 141.29882864390933 127
1694437019557 141.02062579448415 128
1694437019592 140.74303384783573 129
1694437019630 140.46605139616392 130
1694437019666 140.18967703501485 131
1694437019700 139.91390936327295 132
1694437019736 139.63874698315288 133
1694437019773 139.36418850019126 134
1694437019809 139.09023252323868 135
1694437019842 138.81687766445185 136
1694437019874 138.5441225392851 137
1694437019910 138.27196576648274 138
1694437019939 138.00040596807105 139
1694437019968 137.72944176935007 140
1694437020018 137.45907179888584 141
1694437020059 137.18929468850237 142
1694437020097 136.9201090732738 143
1694437020131 136.65151359151642 144
1694437020166 136.38350688478081 145
1694437020199 136.11608759784403 146
1694437020235 135.84925437870172 147
1694437020274 135.5830058785603 148
1694437020317 135.31734075182922 149
1694437020354 135.05225765611314 150
1694437020398 134.78775525220408 151
1694437020435 134.52383220407378 152
1694437020466 134.26048717886607 153
1694437020500 133.99771884688886 154
1694437020532 133.73552588160683 155
1694437020564 133.47390695963344 156
1694437020602 133.21286076072352 157
1694437020633 132.95238596776545 158
1694437020673 132.69248126677374 159
1694437020721 132.43314534688125 160
1694437020758 132.17437690033177 161
1694437020801 131.91617462247243 162
1694437020833 131.65853721174605 163
1694437020865 131.40146336968385 164
1694437020907 131.14495180089767 165
1694437020938 130.88900121307276 166
1694437020971 130.63361031696016 167
1694437021006 130.3787778263693 168
1694437021039 130.12450245816055 169
1694437021070 129.87078293223794 170
1694437021108 129.61761797154156 171
1694437021138 129.36500630204037 172
1694437021172 129.11294665272482 173
1694437021211 128.86143775559944 174
1694437021251 128.61047834567557 175
1694437021302 128.36006716096415 176
1694437021341 128.11020294246822 177
1694437021393 127.86088443417596 178
1694437021433 127.61211038305316 179
1694437021491 127.36387953903628 180
1694437021540 127.11619065502491 181
1694437021572 126.86904248687495 182
1694437021631 126.62243379339112 183
1694437021693 126.37636333632003 184
1694437021760 126.13082988034292 185
1694437021820 125.88583219306864 186
1694437021874 125.64136904502638 187
1694437021918 125.39743920965886 188
1694437021960 125.15404146331501 189
1694437022003 124.91117458524306 190
1694437022042 124.66883735758347 191
1694437022082 124.4270285653619 192
1694437022120 124.18574699648231 193
1694437022154 123.94499144171984 194
1694437022184 123.70476069471398 195
1694437022216 123.46505355196155 196
1694437022247 123.22586881280981 197
1694437022277 122.98720527944951 198
1694437022308 122.74906175690805 199
1694437022342 122.5114370530426 200
1694437022376 122.27432997853323 201
1694437022407 122.03773934687607 202
1694437022438 121.80166397437638 203
1694437022472 121.56610268014208 204
1694437022503 121.3310542860765 205
1694437022533 121.09651761687195 206
1694437022563 120.86249150000285 207
1694437022593 120.62897476571897 208
1694437022626 120.39596624703876 209
1694437022657 120.16346477974255 210
1694437022688 119.93146920236605 211
1694437022718 119.69997835619343 212
1694437022752 119.46899108525083 213
1694437022782 119.23850623629971 214
1694437022816 119.00852265883017 215
1694437022860 118.7790392050544 216
1694437022923 118.55005472989998 217
1694437022973 118.32156809100346 218
1694437023044 118.09357814870367 219
1694437023087 117.86608376603532 220
1694437023122 117.6390838087223 221
1694437023153 117.4125771451713 222
1694437023189 117.18656264646526 223
1694437023223 116.96103918635691 224
1694437023258 116.73600564126235 225
1694437023288 116.51146089025453 226
1694437023319 116.28740381505678 227
1694437023350 116.06383330003663 228
1694437023383 115.84074823219906 229
1694437023414 115.61814750118052 230
1694437023442 115.39602999924216 231
1694437023471 115.17439462126379 232
1694437023504 114.95324026473735 233
1694437023534 114.73256582976074 234
1694437023563 114.51237021903145 235
1694437023593 114.29265233784018 236
1694437023660 114.07341109406471 237
1694437023736 113.8546453981636 238
1694437023792 113.63635416316993 239
1694437023843 113.41853630468506 240
1694437023881 113.20119074087245 241
1694437023924 112.98431639245143 242
1694437023967 112.76791218269112 243
1694437024021 112.55197703740409 244
1694437024073 112.33650988494037 245
1694437024116 112.12150965618126 246
1694437024220 111.90697528453315 247
1694437024295 111.69290570592152 248
1694437024328 111.4792998587848 249
1694437024397 111.26615668406825 250
1694437024436 111.05347512521803 251
1694437024492 110.841254128175 252
1694437024524 110.62949264136876 253
1694437024556 110.41818961571173 254
1694437024593 110.20734400459298 255
1694437024642 109.99695476387234 256
1694437024704 109.78702085187444 257
1694437024772 109.57754122938273 258
1694437024811 109.36851485963348 259
1694437024866 109.15994070830997 260
1694437024923 108.95181774353654 261
1694437025056 108.7441449358726 262
1694437025181 108.5369212583069 263
1694437025309 108.33014568625154 264
1694437025407 108.12381719753617 265
1694437025455 107.91793477240216 266
1694437025505 107.7124973934967 267
1694437025573 107.50750404586718 268
1694437025641 107.30295371695509 269
1694437025687 107.09884539659055 270
1694437025730 106.89517807698631 271
1694437025767 106.69195075273215 272
1694437025800 106.48916242078909 273
1694437025836 106.28681208048354 274
1694437025874 106.08489873350187 275
1694437025949 105.88342138388441 276
1694437026018 105.68237903802002 277
1694437026067 105.48177070464025 278
1694437026140 105.2815953948137 279
1694437026173 105.08185212194047 280
1694437026218 104.88253990174654 281
1694437026261 104.683657752278 282
1694437026306 104.48520469389562 283
1694437026370 104.28717974926914 284
1694437026457 104.08958194337184 285
1694437026536 103.8924103034748 286
1694437026602 103.69566385914156 287
1694437026666 103.4993416422224 288
1694437026701 103.30344268684891 289
1694437026751 103.10796602942855 290
1694437026804 102.91291070863902 291
1694437026855 102.71827576542287 292
1694437026889 102.52406024298206 293
1694437026920 102.33026318677247 294
1694437026955 102.13688364449841 295
1694437026988 101.94392066610735 296
1694437027036 101.75137330378433 297
1694437027065 101.55924061194669 298
1694437027103 101.36752164723862 299
1694437027163 101.17621546852588 300
1694437027228 100.9853211368903 301
1694437027307 100.7948377156246 302
1694437027406 100.6047642702269 303
1694437027464 100.41509986839557 304
1694437027521 100.22584358002374 305
1694437027585 100.03699447719418 306
1694437027657 99.84855163417394 307
1694437027716 99.66051412740904 308
1694437027796 99.47288103551936 309
1694437027859 99.28565143929323 310
1694437027949 99.09882442168237 311
1694437028017 98.9123990677965 312
1694437028092 98.72637446489831 313
1694437028171 98.5407497023982 314
1694437028225 98.35552387184904 315
1694437028292 98.17069606694113 316
1694437028352 97.98626538349697 317
1694437028406 97.80223091946614 318
1694437028445 97.61859177492015 319
1694437028491 97.43534705204743 320
1694437028526 97.25249585514813 321
1694437028575 97.07003729062902 322
1694437028630 96.88797046699851 323
1694437028687 96.70629449486151 324
1694437028730 96.52500848691444 325
1694437028808 96.34411155794015 326
1694437028869 96.16360282480285 327
1694437028904 95.98348140644326 328
1694437028943 95.80374642387343 329
1694437028981 95.62439700017187 330
1694437029014 95.44543226047847 331
1694437029052 95.2668513319897 332
1694437029084 95.08865334395348 333
1694437029115 94.91083742766435 334
1694437029152 94.73340271645851 335
1694437029182 94.55634834570895 336
1694437029216 94.37967345282044 337
1694437029254 94.20337717722472 338
1694437029288 94.02745866037571 339
1694437029318 93.85191704574441 340
1694437029356 93.67675147881425 341
1694437029397 93.5019611070762 342
1694437029429 93.32754508002381 343
1694437029467 93.15350254914864 344
1694437029501 92.97983266793523 345
1694437029541 92.80653459185638 346
1694437029587 92.63360747836839 347
1694437029621 92.46105048690632 348
1694437029660 92.2888627788791 349
1694437029699 92.11704351766492 350
1694437029732 91.94559186860643 351
1694437029768 91.77450699900596 352
1694437029806 91.60378807812099 353
1694437029840 91.43343427715924 354
1694437029875 91.26344476927406 355
1694437029905 91.09381872955981 356
1694437029940 90.92455533504715 357
1694437029982 90.75565376469831 358
1694437030016 90.58711319940255 359
1694437030056 90.4189328219715 360
1694437030089 90.25111181713453 361
1694437030123 90.08364937153407 362
1694437030170 89.91654467372116 363
1694437030202 89.74979691415078 364
1694437030237 89.58340528517724 365
1694437030276 89.41736898104959 366
1694437030315 89.25168719790726 367
1694437030360 89.0863591337753 368
1694437030391 88.9213839885599 369
1694437030423 88.75676096404399 370
1694437030464 88.59248926388257 371
1694437030503 88.42856809359833 372
1694437030542 88.26499666057703 373
1694437030571 88.10177417406322 374
1694437030602 87.9388998451556 375
1694437030632 87.77637288680265 376
1694437030669 87.61419251379813 377
1694437030698 87.4523579427767 378
1694437030727 87.29086839220949 379
1694437030765 87.1297230823997 380
1694437030798 86.96892123547809 381
1694437030831 86.80846207539882 382
1694437030871 86.64834482793479 383
1694437030900 86.48856872067351 384
1694437030931 86.3291329830126 385
1694437030969 86.17003684615544 386
1694437030998 86.01127954310704 387
1694437031031 85.85286030866939 388
1694437031066 85.69477837943737 389
1694437031093 85.53703299379447 390
1694437031128 85.37962339190825 391
1694437031157 85.22254881572638 392
1694437031187 85.06580850897213 393
1694437031215 84.90940171714016 394
1694437031258 84.7533276874924 395
1694437031298 84.59758566905357 396
1694437031335 84.44217491260719 397
1694437031368 84.28709467069122 398
1694437031401 84.13234419759385 399
1694437031434 83.97792274934935 400
1694437031472 83.8238295837339 401
1694437031507 83.67006396026129 402
1694437031543 83.51662514017895 403
1694437031577 83.36351238646353 404
1694437031623 83.210724963817 405
1694437031659 83.05826213866241 406
1694437031694 82.9061231791397 407
1694437031738 82.75430735510167 408
1694437031786 82.60281393810985 409
1694437031850 82.45164220143035 410
1694437031916 82.30079142002987 411
1694437031972 82.15026087057151 412
1694437032015 82.00004983141082 413
1694437032065 81.85015758259162 414
1694437032107 81.70058340584208 415
1694437032158 81.55132658457052 416
1694437032210 81.40238640386156 417
1694437032253 81.25376215047196 418
1694437032293 81.10545311282671 419
1694437032358 80.9574585810149 420
1694437032406 80.80977784678596 421
1694437032447 80.66241020354539 422
1694437032489 80.51535494635104 423
1694437032530 80.36861137190897 424
1694437032569 80.22217877856964 425
1694437032613 80.07605646632388 426
1694437032652 79.93024373679899 427
1694437032703 79.78473989325481 428
1694437032746 79.63954424057977 429
1694437032784 79.4946560852871 430
1694437032834 79.3500747355108 431
1694437032885 79.20579950100189 432
1694437032919 79.06182969312442 433
1694437032952 78.9181646248516 434
1694437033013 78.77480361076215 435
1694437033060 78.63174596703617 436
1694437033108 78.48899101145145 437
1694437033160 78.34653806337965 438
1694437033247 78.20438644378252 439
1694437033337 78.06253547520795 440
1694437033381 77.92098448178626 441
1694437033440 77.77973278922643 442
1694437033488 77.63877972481231 443
1694437033539 77.49812461739882 444
1694437033613 77.35776679740815 445
1694437033651 77.21770559682612 446
1694437033698 77.07794034919837 447
1694437033739 76.93847038962656 448
1694437033767 76.7992950547648 449
1694437033808 76.66041368281584 450
1694437033839 76.52182561352733 451
1694437033871 76.38353018818815 452
1694437033908 76.24552674962477 453
1694437033968 76.10781464219752 454
1694437034004 75.97039321179696 455
1694437034049 75.83326180584012 456
1694437034094 75.69641977326702 457
1694437034125 75.55986646453681 458
1694437034165 75.42360123162433 459
1694437034197 75.28762342801633 460
1694437034247 75.15193240870806 461
1694437034287 75.01652753019933 462
1694437034322 74.88140815049123 463
1694437034365 74.74657362908236 464
1694437034401 74.61202332696537 465
1694437034434 74.47775660662322 466
1694437034473 74.34377283202578 467
1694437034504 74.21007136862617 468
1694437034533 74.07665158335726 469
1694437034573 73.94351284462812 470
1694437034630 73.81065452232046 471
1694437034685 73.6780759877852 472
1694437034736 73.5457766138388 473
1694437034790 73.4137557747599 474
1694437034822 73.28201284628581 475
1694437034850 73.15054720560889 476
1694437034880 73.01935823137323 477
1694437034914 72.88844530367113 478
1694437034943 72.75780780403953 479
1694437034986 72.62744511545672 480
1694437035025 72.49735662233884 481
1694437035069 72.3675417105364 482
1694437035102 72.23799976733079 483
1694437035172 72.10873018143111 484
1694437035230 71.9797323429705 485
1694437035274 71.85100564350279 486
1694437035311 71.72254947599922 487
1694437035354 71.59436323484499 488
1694437035403 71.46644631583584 489
1694437035484 71.33879811617464 490
1694437035523 71.21141803446825 491
1694437035555 71.08430547072386 492
1694437035607 70.95745982634593 493
1694437035659 70.83088050413261 494
1694437035703 70.7045669082726 495
1694437035767 70.57851844434165 496
1694437035817 70.45273451929947 497
1694437035872 70.32721454148624 498
1694437035926 70.20195792061935 499
