1694437014694 -0.007258068898789993 0
1694437014729 -0.007255570858227145 1
1694437014768 -0.007253061827181773 2
1694437014801 -0.007250541789908027 3
1694437014839 -0.0072480107306514 4
1694437014914 -0.007245468633653163 5
1694437014959 -0.0072429154831454845 6
1694437015061 -0.007240351263350986 7
1694437015108 -0.007237775958489623 8
1694437015144 -0.007235189552769361 9
1694437015172 -0.007232592030394391 10
1694437015212 -0.007229983375560467 11
1694437015248 -0.007227363572454237 12
1694437015276 -0.007224732605258133 13
1694437015310 -0.007222090458147257 14
1694437015345 -0.007219437115286054 15
1694437015383 -0.00721677256083697 16
1694437015414 -0.007214096778951129 17
1694437015449 -0.007211409753774767 18
1694437015485 -0.007208711469447904 19
1694437015519 -0.0072060019101019 20
1694437015554 -0.007203281059861899 21
1694437015591 -0.007200548902845938 22
1694437015622 -0.0071978054231669475 23
1694437015665 -0.007195050604928976 24
1694437015718 -0.00719228443222919 25
1694437015796 -0.007189506889160757 26
1694437015853 -0.0071867179598084086 27
1694437015924 -0.0071839176282488815 28
1694437015973 -0.0071811058785553605 29
1694437016006 -0.00717828269479126 30
1694437016050 -0.007175448061017109 31
1694437016088 -0.007172601961284553 32
1694437016126 -0.007169744379638132 33
1694437016164 -0.00716687530011928 34
1694437016206 -0.0071639947067589915 35
1694437016257 -0.007161102583585377 36
1694437016350 -0.007158198914619218 37
1694437016424 -0.007155283683874192 38
1694437016459 -0.007152356875358201 39
1694437016493 -0.007149418473073377 40
1694437016539 -0.00714646846101652 41
1694437016579 -0.007143506823177548 42
1694437016622 -0.007140533543538385 43
1694437016652 -0.007137548606078736 44
1694437016703 -0.007134551994770977 45
1694437016755 -0.0071315436935792675 46
1694437016812 -0.007128523686465105 47
1694437016861 -0.007125491957382213 48
1694437016893 -0.007122448490280542 49
1694437016924 -0.007119393269101382 50
1694437016954 -0.007116326277782026 51
1694437017000 -0.0071132475002562146 52
1694437017034 -0.007110156920447697 53
1694437017065 -0.007107054522277556 54
1694437017094 -0.0071039402896604376 55
1694437017125 -0.007100814206505657 56
1694437017158 -0.0070976762567183105 57
1694437017196 -0.007094526424195946 58
1694437017226 -0.007091364692831226 59
1694437017256 -0.007088191046513259 60
1694437017284 -0.0070850054691242725 61
1694437017310 -0.007081807944541829 62
1694437017340 -0.007078598456637719 63
1694437017379 -0.007075376989279736 64
1694437017410 -0.007072143526328789 65
1694437017440 -0.00706889805164157 66
1694437017477 -0.007065640549072105 67
1694437017509 -0.007062371002464873 68
1694437017539 -0.007059089395663687 69
1694437017578 -0.007055795712505031 70
1694437017608 -0.007052489936820505 71
1694437017639 -0.0070491720524388235 72
1694437017678 -0.007045842043181816 73
1694437017710 -0.00704249989286776 74
1694437017746 -0.007039145585310491 75
1694437017789 -0.00703577910431763 76
1694437017836 -0.0070324004336945745 77
1694437017883 -0.0070290095572405065 78
1694437017916 -0.0070256064587501665 79
1694437017949 -0.007022191122014965 80
1694437017976 -0.0070187635308200935 81
1694437018007 -0.0070153236689489695 82
1694437018039 -0.007011871520179236 83
1694437018074 -0.0070084070682825406 84
1694437018108 -0.007004930297029643 85
1694437018142 -0.007001441190185309 86
1694437018179 -0.0069979397315107494 87
1694437018213 -0.006994425904761625 88
1694437018245 -0.006990899693691155 89
1694437018283 -0.006987361082049004 90
1694437018315 -0.006983810053578177 91
1694437018346 -0.006980246592021677 92
1694437018381 -0.006976670681116515 93
1694437018413 -0.006973082304594591 94
1694437018446 -0.006969481446185366 95
1694437018483 -0.0069658680896160785 96
1694437018512 -0.0069622422186084165 97
1694437018541 -0.006958603816880737 98
1694437018577 -0.006954952868148512 99
1694437018613 -0.0069512893561225475 100
1694437018643 -0.006947613264511876 101
1694437018686 -0.0069439245770195335 102
1694437018726 -0.006940223277348556 103
1694437018757 -0.006936509349195319 104
1694437018793 -0.006932782776254864 105
1694437018827 -0.006929043542219571 106
1694437018857 -0.006925291630776265 107
1694437018897 -0.006921527025610441 108
1694437018932 -0.006917749710404264 109
1694437018964 -0.006913959668837233 110
1694437018998 -0.00691015688458374 111
1694437019031 -0.0069063413413186225 112
1694437019061 -0.006902513022711387 113
1694437019095 -0.006898671912427545 114
1694437019125 -0.0068948179941343835 115
1694437019155 -0.006890951251491861 116
1694437019188 -0.006887071668160161 117
1694437019220 -0.006883179227794578 118
1694437019256 -0.0068792739140493 119
1694437019296 -0.0068753557105745156 120
1694437019326 -0.006871424601021303 121
1694437019358 -0.006867480569034745 122
1694437019398 -0.006863523598259258 123
1694437019429 -0.006859553672334595 124
1694437019460 -0.006855570774902731 125
1694437019498 -0.006851574889598755 126
1694437019533 -0.006847566000057981 127
1694437019566 -0.0068435440899135 128
1694437019601 -0.006839509142795075 129
1694437019639 -0.006835461142333132 130
1694437019674 -0.006831400072152105 131
1694437019707 -0.006827325915877758 132
1694437019742 -0.006823238657132524 133
1694437019786 -0.0068191382795370625 134
1694437019818 -0.006815024766711142 135
1694437019851 -0.006810898102272311 136
1694437019886 -0.0068067582698359 137
1694437019917 -0.006802605253016347 138
1694437019946 -0.006798439035425652 139
1694437019975 -0.006794259600674479 140
1694437020026 -0.006790066932373939 141
1694437020069 -0.006785861014130701 142
1694437020105 -0.006781641829552099 143
1694437020139 -0.006777409362243025 144
1694437020173 -0.006773163595809262 145
1694437020205 -0.0067689045138521475 146
1694437020243 -0.006764632099973911 147
1694437020284 -0.006760346337776335 148
1694437020326 -0.006756047210857874 149
1694437020369 -0.0067517347028172026 150
1694437020405 -0.006747408797253218 151
1694437020442 -0.00674306947776282 152
1694437020474 -0.006738716727940908 153
1694437020508 -0.006734350531382605 154
1694437020539 -0.006729970871684365 155
1694437020571 -0.006725577732438648 156
1694437020609 -0.00672117109723902 157
1694437020642 -0.006716750949679273 158
1694437020690 -0.0067123172733492 159
1694437020729 -0.0067078700518430345 160
1694437020767 -0.006703409268751903 161
1694437020810 -0.006698934907664933 162
1694437020841 -0.006694446952175026 163
1694437020873 -0.006689945385872642 164
1694437020914 -0.006685430192346908 165
1694437020944 -0.006680901355188729 166
1694437020983 -0.0066763588579887845 167
1694437021015 -0.006671802684336647 168
1694437021047 -0.006667232817822999 169
1694437021077 -0.006662649242037633 170
1694437021116 -0.0066580519405730065 171
1694437021146 -0.006653440897017582 172
1694437021185 -0.006648816094962928 173
1694437021220 -0.006644177518002614 174
1694437021261 -0.006639525149725767 175
1694437021311 -0.006634858973725288 176
1694437021353 -0.006630178973595857 177
1694437021405 -0.006625485132928377 178
1694437021442 -0.006620777435317304 179
1694437021502 -0.006616055864358428 180
1694437021548 -0.006611320403647092 181
1694437021585 -0.006606571036777531 182
1694437021650 -0.0066018077473488646 183
1694437021703 -0.00659703051895888 184
1694437021768 -0.006592239335204475 185
1694437021831 -0.006587434179688101 186
1694437021886 -0.006582615036009765 187
1694437021930 -0.006577781887771472 188
1694437021971 -0.006572934718576562 189
1694437022012 -0.00656807351202926 190
1694437022053 -0.006563198251736901 191
1694437022093 -0.006558308921305933 192
1694437022127 -0.006553405504345244 193
1694437022161 -0.006548487984465945 194
1694437022190 -0.0065435563452787004 195
1694437022223 -0.006538610570397285 196
1694437022255 -0.006533650643436362 197
1694437022285 -0.006528676548014145 198
1694437022318 -0.0065236882677484065 199
1694437022350 -0.006518685786260026 200
1694437022383 -0.0065136690871718805 201
1694437022415 -0.006508638154106849 202
1694437022446 -0.006503592970692695 203
1694437022480 -0.006498533520558736 204
1694437022510 -0.006493459787333844 205
1694437022540 -0.006488371754652222 206
1694437022571 -0.006483269406147629 207
1694437022601 -0.006478152725459374 208
1694437022634 -0.00647302169622721 209
1694437022666 -0.006467876302093778 210
1694437022696 -0.006462716526701939 211
1694437022723 -0.006457542353701884 212
1694437022759 -0.006452353766742913 213
1694437022789 -0.006447150749477437 214
1694437022824 -0.006441933285561419 215
1694437022882 -0.006436701358652819 216
1694437022938 -0.006431454952414262 217
1694437022996 -0.006426194050510592 218
1694437023055 -0.006420918636607098 219
1694437023096 -0.00641562869437573 220
1694437023131 -0.006410324207489992 221
1694437023160 -0.006405005159626276 222
1694437023197 -0.006399671534464968 223
1694437023236 -0.006394323315689565 224
1694437023265 -0.006388960486986894 225
1694437023296 -0.006383583032047113 226
1694437023327 -0.006378190934565264 227
1694437023358 -0.0063727841782370565 228
1694437023389 -0.0063673627467641936 229
1694437023420 -0.006361926623851932 230
1694437023450 -0.006356475793208416 231
1694437023479 -0.0063510102385455625 232
1694437023510 -0.006345529943580619 233
1694437023540 -0.006340034892033941 234
1694437023570 -0.006334525067629659 235
1694437023604 -0.006329000454096345 236
1694437023692 -0.006323461035165456 237
1694437023752 -0.006317906794575334 238
1694437023808 -0.0063123377160658745 239
1694437023854 -0.0063067537833843 240
1694437023890 -0.006301154980278056 241
1694437023934 -0.006295541290503692 242
1694437023975 -0.006289912697820199 243
1694437024034 -0.006284269185989455 244
1694437024082 -0.006278610738779999 245
1694437024141 -0.006272937339967033 246
1694437024243 -0.006267248973325756 247
1694437024303 -0.006261545622639586 248
1694437024335 -0.006255827271697267 249
1694437024406 -0.006250093904291543 250
1694437024454 -0.006244345504218929 251
1694437024500 -0.006238582055281494 252
1694437024532 -0.006232803541290632 253
1694437024571 -0.0062270099460568495 254
1694437024600 -0.006221201253399533 255
1694437024655 -0.0062153774471434 256
1694437024721 -0.006209538511118273 257
1694437024783 -0.006203684429159084 258
1694437024830 -0.006197815185106315 259
1694437024881 -0.0061919307628073295 260
1694437024943 -0.006186031146112381 261
1694437025080 -0.006180116318882378 262
1694437025200 -0.006174186264978454 263
1694437025335 -0.006168240968272176 264
1694437025415 -0.006162280412639776 265
1694437025471 -0.0061563045819623685 266
1694437025514 -0.006150313460127066 267
1694437025582 -0.006144307031030971 268
1694437025658 -0.006138285278572075 269
1694437025696 -0.006132248186660361 270
1694437025738 -0.006126195739206253 271
1694437025775 -0.006120127920130614 272
1694437025809 -0.006114044713361411 273
1694437025843 -0.006107946102830164 274
1694437025884 -0.00610183207247883 275
1694437025962 -0.006095702606250475 276
1694437026031 -0.006089557688102376 277
1694437026077 -0.006083397301992255 278
1694437026149 -0.006077221431889601 279
1694437026181 -0.006071030061766347 280
1694437026226 -0.006064823175606193 281
1694437026271 -0.006058600757397947 282
1694437026320 -0.00605236279113619 283
1694437026382 -0.006046109260824828 284
1694437026478 -0.006039840150473985 285
1694437026553 -0.0060335554441037775 286
1694437026616 -0.00602725512573743 287
1694437026676 -0.0060209391794110445 288
1694437026710 -0.006014607589162724 289
1694437026758 -0.006008260339044336 290
1694437026815 -0.006001897413110191 291
1694437026865 -0.005995518795424815 292
1694437026897 -0.005989124470061835 293
1694437026928 -0.005982714421102209 294
1694437026962 -0.005976288632632221 295
1694437026995 -0.005969847088751701 296
1694437027042 -0.005963389773563144 297
1694437027073 -0.005956916671181034 298
1694437027123 -0.005950427765726962 299
1694437027175 -0.00594392304133029 300
1694437027239 -0.005937402482132148 301
1694437027329 -0.005930866072278107 302
1694437027421 -0.005924313795922842 303
1694437027477 -0.005917745637235017 304
1694437027536 -0.005911161580384405 305
1694437027606 -0.005904561609556547 306
1694437027667 -0.005897945708940311 307
1694437027737 -0.005891313862738556 308
1694437027807 -0.005884666055159471 309
1694437027870 -0.005878002270421456 310
1694437027960 -0.005871322492755127 311
1694437028029 -0.005864626706395093 312
1694437028107 -0.005857914895588623 313
1694437028182 -0.005851187044593642 314
1694437028240 -0.005844443137675848 315
1694437028305 -0.005837683159109153 316
1694437028368 -0.005830907093179016 317
1694437028414 -0.005824114924182222 318
1694437028454 -0.0058173066364208825 319
1694437028501 -0.005810482214212875 320
1694437028532 -0.005803641641879187 321
1694437028589 -0.005796784903758567 322
1694437028642 -0.005789911984193097 323
1694437028699 -0.005783022867538845 324
1694437028741 -0.005776117538161207 325
1694437028836 -0.005769195980435793 326
1694437028876 -0.005762258178749979 327
1694437028916 -0.00575530411749936 328
1694437028954 -0.005748333781091297 329
1694437028988 -0.005741347153943588 330
1694437029023 -0.005734344220486465 331
1694437029058 -0.005727324965158376 332
1694437029091 -0.005720289372409759 333
1694437029122 -0.00571323742670149 334
1694437029159 -0.00570616911250732 335
1694437029190 -0.005699084414310551 336
1694437029224 -0.005691983316606253 337
1694437029264 -0.00568486580389882 338
1694437029296 -0.005677731860706192 339
1694437029325 -0.005670581471558966 340
1694437029365 -0.0056634146209952885 341
1694437029403 -0.005656231293568181 342
1694437029437 -0.005649031473839772 343
1694437029475 -0.005641815146387508 344
1694437029509 -0.005634582295796164 345
1694437029555 -0.0056273329066665045 346
1694437029595 -0.005620066963607284 347
1694437029635 -0.005612784451243247 348
1694437029670 -0.0056054853542086835 349
1694437029706 -0.0055981696571509865 350
1694437029739 -0.005590837344729094 351
1694437029774 -0.005583488401614822 352
1694437029815 -0.0055761228124930895 353
1694437029852 -0.005568740562059249 354
1694437029883 -0.005561341635022421 355
1694437029914 -0.005553926016106381 356
1694437029956 -0.0055464936900433415 357
1694437029990 -0.005539044641583057 358
1694437030025 -0.005531578855483721 359
1694437030065 -0.005524096316519067 360
1694437030099 -0.005516597009475932 361
1694437030133 -0.00550908091915181 362
1694437030176 -0.00550154803036218 363
1694437030209 -0.005493998327930738 364
1694437030243 -0.005486431796696278 365
1694437030286 -0.0054788484215138045 366
1694437030321 -0.00547124818724587 367
1694437030369 -0.005463631078774567 368
1694437030400 -0.005455997080992203 369
1694437030431 -0.005448346178805075 370
1694437030471 -0.005440678357136353 371
1694437030516 -0.005432993600917868 372
1694437030551 -0.00542529189510077 373
1694437030580 -0.005417573224645533 374
1694437030608 -0.005409837574530174 375
1694437030639 -0.005402084929746698 376
1694437030676 -0.005394315275298434 377
1694437030705 -0.005386528596205142 378
1694437030735 -0.005378724877503238 379
1694437030772 -0.005370904104238905 380
1694437030806 -0.005363066261475202 381
1694437030838 -0.005355211334292509 382
1694437030877 -0.005347339307781418 383
1694437030907 -0.005339450167051618 384
1694437030939 -0.00533154389722279 385
1694437030976 -0.005323620483432823 386
1694437031006 -0.005315679910835813 387
1694437031038 -0.005307722164599404 388
1694437031072 -0.005299747229903895 389
1694437031104 -0.005291755091950678 390
1694437031135 -0.00528374573595225 391
1694437031164 -0.00527571914713687 392
1694437031193 -0.005267675310749231 393
1694437031222 -0.005259614212050456 394
1694437031270 -0.005251535836317656 395
1694437031305 -0.005243440168840152 396
1694437031342 -0.005235327194926809 397
1694437031375 -0.005227196899901365 398
1694437031408 -0.005219049269103548 399
1694437031441 -0.005210884287888851 400
1694437031482 -0.0052027019416298614 401
1694437031516 -0.005194502215713381 402
1694437031551 -0.005186285095547083 403
1694437031587 -0.005178050566549297 404
1694437031630 -0.005169798614157672 405
1694437031670 -0.0051615292238296195 406
1694437031703 -0.005153242381032763 407
1694437031747 -0.005144938071255156 408
1694437031800 -0.005136616280003947 409
1694437031861 -0.005128276992798275 410
1694437031932 -0.005119920195176375 411
1694437031983 -0.0051115458726958 412
1694437032026 -0.005103154010928979 413
1694437032074 -0.005094744595463885 414
1694437032120 -0.005086317611910474 415
1694437032174 -0.005077873045893133 416
1694437032221 -0.005069410883052239 417
1694437032264 -0.0050609311090497044 418
1694437032304 -0.005052433709564097 419
1694437032374 -0.00504391867028775 420
1694437032417 -0.005035385976934981 421
1694437032455 -0.005026835615238312 422
1694437032500 -0.0050182675709469216 423
1694437032538 -0.0050096818298248635 424
1694437032577 -0.005001078377661727 425
1694437032621 -0.004992457200257094 426
1694437032662 -0.004983818283436303 427
1694437032717 -0.004975161613039125 428
1694437032755 -0.004966487174922207 429
1694437032793 -0.004957794954964401 430
1694437032847 -0.0049490849390627645 431
1694437032893 -0.004940357113130123 432
1694437032926 -0.00493161146310328 433
1694437032965 -0.004922847974931255 434
1694437033022 -0.0049140666345881545 435
1694437033071 -0.004905267428062965 436
1694437033120 -0.004896450341366432 437
1694437033174 -0.0048876153605275086 438
1694437033256 -0.004878762471594689 439
1694437033346 -0.004869891660635117 440
1694437033393 -0.004861002913738144 441
1694437033450 -0.004852096217007551 442
1694437033496 -0.004843171556572434 443
1694437033554 -0.0048342289185780984 444
1694437033625 -0.0048252682891904985 445
1694437033658 -0.004816289654597128 446
1694437033705 -0.004807293001001245 447
1694437033746 -0.004798278314631643 448
1694437033782 -0.0047892455817324375 449
1694437033817 -0.004780194788571501 450
1694437033848 -0.004771125921436692 451
1694437033879 -0.004762038966632742 452
1694437033920 -0.004752933910489032 453
1694437033975 -0.004743810739352261 454
1694437034016 -0.004734669439593997 455
1694437034056 -0.00472550999760224 456
1694437034102 -0.004716332399788525 457
1694437034133 -0.0047071366325845965 458
1694437034173 -0.004697922682441735 459
1694437034204 -0.0046886905358329845 460
1694437034257 -0.004679440179256256 461
1694437034296 -0.0046701715992241155 462
1694437034330 -0.004660884782276886 463
1694437034376 -0.004651579714971321 464
1694437034409 -0.004642256383888821 465
1694437034442 -0.004632914775630548 466
1694437034481 -0.004623554876820091 467
1694437034510 -0.004614176674103909 468
1694437034539 -0.004604780154148669 469
1694437034583 -0.004595365303644128 470
1694437034642 -0.004585932109300028 471
1694437034699 -0.004576480557849871 472
1694437034747 -0.0045670106360504725 473
1694437034797 -0.00455752233067952 474
1694437034827 -0.004548015628535795 475
1694437034857 -0.004538490516442728 476
1694437034888 -0.004528946981243731 477
1694437034921 -0.004519385009809529 478
1694437034952 -0.004509804589029498 479
1694437034994 -0.004500205705815441 480
1694437035036 -0.004490588347103586 481
1694437035076 -0.004480952499855473 482
1694437035110 -0.004471298151049297 483
1694437035185 -0.004461625287694337 484
1694437035239 -0.004451933896815197 485
1694437035281 -0.004442223965466896 486
1694437035320 -0.004432495480721332 487
1694437035364 -0.004422748429680157 488
1694437035416 -0.0044129827994625614 489
1694437035491 -0.004403198577216161 490
1694437035533 -0.004393395750110329 491
1694437035562 -0.0043835743053386445 492
1694437035619 -0.004373734230116222 493
1694437035667 -0.004363875511685489 494
1694437035717 -0.004353998137312409 495
1694437035779 -0.004344102094285374 496
1694437035830 -0.004334187369918974 497
1694437035887 -0.0043242539515497835 498
1694437035940 -0.0043143018265401345 499
