1694439351834 0.000792308629363303 0
1694439351874 0.0007925889422932819 1
1694439351913 0.0007928693409897658 2
1694439351947 0.0007931498254737379 3
1694439351980 0.0007934303957652933 4
1694439352015 0.0007937110518850821 5
1694439352100 0.0007939917938546426 6
1694439352150 0.0007942726216941809 7
1694439352198 0.0007945535354243471 8
1694439352232 0.0007948345350659025 9
1694439352269 0.0007951156206397192 10
1694439352309 0.0007953967921665583 11
1694439352338 0.0007956780496671811 12
1694439352380 0.0007959593931620157 13
1694439352412 0.0007962408226722673 14
1694439352450 0.000796522338218919 15
1694439352488 0.000796803939821733 16
1694439352528 0.0007970831794398281 17
1694439352570 0.0007973625032290377 18
1694439352612 0.0007976419112085686 19
1694439352651 0.0007979214033992932 20
1694439352724 0.0007982009798201961 21
1694439352803 0.0007984806404912614 22
1694439352859 0.000798760385431696 23
1694439352906 0.000799040214662039 24
1694439352946 0.0007993201282014972 25
1694439352981 0.0007996001260704988 26
1694439353046 0.0007998802082879175 27
1694439353106 0.0008001603748740704 28
1694439353161 0.0008004406258487196 29
1694439353197 0.0008007209612315158 30
1694439353236 0.0008010013810419991 31
1694439353299 0.0008012818853005976 32
1694439353347 0.0008015624740265181 33
1694439353388 0.0008018431472397447 34
1694439353420 0.0008021239049602613 35
1694439353454 0.000802404747207941 36
1694439353487 0.0008026856740019905 37
1694439353520 0.0008029666853627271 38
1694439353557 0.0008032477813100236 39
1694439353591 0.000803528961862976 40
1694439353623 0.0008038102270426783 41
1694439353662 0.0008040915768681156 42
1694439353711 0.0008043730113589387 43
1694439353762 0.0008046545305355757 44
1694439353806 0.0008049361344173445 45
1694439353852 0.0008052178230243401 46
1694439353895 0.0008054995963766576 47
1694439353934 0.0008057814544938369 48
1694439353969 0.0008060633973955289 49
1694439354006 0.0008063454251019397 50
1694439354040 0.0008066275376328313 51
1694439354074 0.0008069097350080767 52
1694439354107 0.000807192017248104 53
1694439354139 0.0008074743843716758 54
1694439354172 0.0008077568363994425 55
1694439354203 0.0008080393733510549 56
1694439354236 0.0008083219952466081 57
1694439354274 0.000808604702105753 58
1694439354309 0.0008088874939481405 59
1694439354340 0.000809170370794754 60
1694439354384 0.000809453332664356 61
1694439354424 0.0008097363795772639 62
1694439354485 0.0008100195115533504 63
1694439354530 0.0008103027286125997 64
1694439354577 0.0008105860307747736 65
1694439354624 0.0008108694180603004 66
1694439354665 0.0008111528904882759 67
1694439354699 0.0008114364480799052 68
1694439354732 0.0008117200908539512 69
1694439354764 0.000812003818830509 70
1694439354797 0.0008122876320298955 71
1694439354829 0.0008125715304723169 72
1694439354859 0.000812855514176869 73
1694439354895 0.0008131395831640909 74
1694439354929 0.0008134237374537445 75
1694439354965 0.0008137079770661471 76
1694439355007 0.0008139923020208384 77
1694439355040 0.0008142767123383576 78
1694439355073 0.0008145612080380227 79
1694439355105 0.0008148457891400396 80
1694439355137 0.0008151304556648364 81
1694439355171 0.0008154152076316201 82
1694439355206 0.0008157000450610408 83
1694439355239 0.0008159849679728604 84
1694439355283 0.0008162699763869519 85
1694439355323 0.0008165550703238544 86
1694439355370 0.0008168402498027749 87
1694439355404 0.0008171255148446965 88
1694439355438 0.0008174108654684931 89
1694439355472 0.0008176963016953698 90
1694439355504 0.0008179818235446445 91
1694439355535 0.0008182674310364124 92
1694439355574 0.0008185531241907684 93
1694439355611 0.0008188389030275856 94
1694439355647 0.000819124767567736 95
1694439355689 0.0008194107178300936 96
1694439355728 0.0008196967538354194 97
1694439355759 0.0008199828756040306 98
1694439355790 0.000820269083155134 99
1694439355827 0.0008205553765096019 100
1694439355865 0.0008208417556870851 101
1694439355905 0.0008211282207076787 102
1694439355935 0.0008214147715914777 103
1694439355972 0.0008217014083590213 104
1694439356009 0.0008219881310295163 105
1694439356044 0.0008222749396239459 106
1694439356087 0.0008225618341615171 107
1694439356126 0.000822848814663546 108
1694439356156 0.0008231358811489065 109
1694439356204 0.0008234230336382486 110
1694439356244 0.0008237102721518896 111
1694439356278 0.0008239975967094804 112
1694439356310 0.000824285007331671 113
1694439356340 0.0008245725040380014 114
1694439356376 0.0008248600868492328 115
1694439356410 0.0008251477557849052 116
1694439356445 0.0008254355108656686 117
1694439356478 0.000825723352111063 118
1694439356510 0.0008260112795422936 119
1694439356543 0.0008262992931782343 120
1694439356572 0.0008265873930398682 121
1694439356604 0.0008268755791470683 122
1694439356634 0.0008271638515202628 123
1694439356663 0.0008274522101789916 124
1694439356692 0.0008277406551442379 125
1694439356725 0.0008280291864356526 126
1694439356753 0.0008283178040733308 127
1694439356785 0.0008286065080782556 128
1694439356814 0.0008288952984698561 129
1694439356844 0.0008291841752683382 130
1694439356872 0.000829473138493797 131
1694439356902 0.0008297621881677708 132
1694439356934 0.0008300513243084673 133
1694439356964 0.0008303405469374248 134
1694439356995 0.0008306298560745162 135
1694439357026 0.0008309192517400588 136
1694439357057 0.0008312087339533702 137
1694439357097 0.0008314983027362111 138
1694439357130 0.0008317879581081211 139
1694439357164 0.0008320777000890844 140
1694439357196 0.0008323675286998622 141
1694439357227 0.0008326574439597723 142
1694439357264 0.0008329474458901309 143
1694439357302 0.0008332375345105891 144
1694439357338 0.000833527709841575 145
1694439357372 0.0008338179719029615 146
1694439357407 0.0008341083207161759 147
1694439357438 0.0008343987563003141 148
1694439357469 0.0008346892786761373 149
1694439357502 0.0008349798878635184 150
1694439357536 0.0008352705838833296 151
1694439357568 0.000835561366755444 152
1694439357599 0.0008358522365005117 153
1694439357633 0.0008361431931381835 154
1694439357665 0.0008364342366892208 155
1694439357696 0.0008367253671742736 156
1694439357725 0.0008370165846131039 157
1694439357753 0.0008373078890261398 158
1694439357784 0.0008375992804336985 159
1694439357820 0.0008378907588559859 160
1694439357850 0.0008381823243139852 161
1694439357886 0.0008384739768271254 162
1694439357923 0.0008387657164161677 163
1694439357963 0.0008390575431016511 164
1694439358005 0.0008393494569035598 165
1694439358051 0.0008396414578424327 166
1694439358090 0.000839933545938365 167
1694439358123 0.0008402257212121178 168
1694439358157 0.0008405179836834531 169
1694439358189 0.0008408103333736872 170
1694439358222 0.0008411027703024709 171
1694439358257 0.0008413952944897884 172
1694439358296 0.0008416879059574001 173
1694439358334 0.0008419806047247347 174
1694439358370 0.0008422733908121094 175
1694439358402 0.0008425662642397302 176
1694439358439 0.0008428592250288025 177
1694439358469 0.0008431522731991992 178
1694439358502 0.0008434454087714593 179
1694439358532 0.0008437386317655671 180
1694439358562 0.0008440319422026166 181
1694439358598 0.0008443253401027029 182
1694439358629 0.0008446188254861431 183
1694439358660 0.0008449123983732543 184
1694439358689 0.0008452060587851307 185
1694439358722 0.0008454998067413122 186
1694439358751 0.0008457936422631152 187
1694439358780 0.0008460875653703015 188
1694439358811 0.0008463815760835214 189
1694439358840 0.0008466756744229809 190
1694439358870 0.0008469698604099962 191
1694439358902 0.0008472641340639964 192
1694439358934 0.0008475584954059645 193
1694439358968 0.0008478529444563287 194
1694439359001 0.0008481474812352952 195
1694439359036 0.000848442105764069 196
1694439359069 0.0008487368180617461 197
1694439359101 0.0008490316181505309 198
1694439359135 0.0008493265060496302 199
1694439359169 0.0008496214817799164 200
1694439359201 0.0008499165453623725 201
1694439359234 0.0008502116968165385 202
1694439359270 0.0008505069361640638 203
1694439359306 0.0008508022634240442 204
1694439359339 0.00085109767861824 205
1694439359372 0.0008513931817666354 206
1694439359401 0.0008516887728896583 207
1694439359439 0.0008519844520079589 208
1694439359471 0.0008522802191422985 209
1694439359519 0.000852576074313105 210
1694439359551 0.0008528720175402515 211
1694439359588 0.0008531680488453874 212
1694439359623 0.0008534641682487187 213
1694439359656 0.0008537603757698964 214
1694439359692 0.0008540566714306808 215
1694439359724 0.0008543530552511669 216
1694439359755 0.0008546495272514498 217
1694439359788 0.0008549460874528458 218
1694439359823 0.00085524273587545 219
1694439359857 0.0008555394725401344 220
1694439359893 0.0008558362974675493 221
1694439359933 0.0008561332106779007 222
1694439359964 0.0008564302121917278 223
1694439359997 0.0008567273020295696 224
1694439360040 0.0008570244802128535 225
1694439360076 0.0008573217467621186 226
1694439360111 0.0008576191016965717 227
1694439360146 0.0008579165450380843 228
1694439360180 0.0008582140768069735 229
1694439360214 0.0008585116970237783 230
1694439360252 0.0008588094057090379 231
1694439360291 0.0008591072028832913 232
1694439360324 0.000859405088567744 233
1694439360356 0.0008597030627824909 234
1694439360389 0.0008600011255482931 235
1694439360421 0.000860299276886245 236
1694439360456 0.0008605975168164415 237
1694439360489 0.0008608958453593107 238
1694439360522 0.0008611942625363911 239
1694439360553 0.0008614927683673335 240
1694439360589 0.0008617913628735652 241
1694439360620 0.0008620900460756253 242
1694439360650 0.000862388817993609 243
1694439360681 0.0008626876786489435 244
1694439360711 0.0008629866280623899 245
1694439360740 0.0008632856662539323 246
1694439360771 0.000863584793244554 247
1694439360803 0.0008638840090549049 248
1694439360837 0.0008641833137063015 249
1694439360869 0.0008644827072183947 250
1694439360902 0.0008647821896120567 251
1694439360945 0.0008650817609091588 252
1694439360972 0.000865381421129241 253
1694439361015 0.0008656811702936196 254
1694439361055 0.0008659810084231667 255
1694439361093 0.0008662809355374224 256
1694439361124 0.0008665809516584799 257
1694439361161 0.0008668810568063234 258
1694439361198 0.0008671812510021581 259
1694439361235 0.0008674815342663011 260
1694439361270 0.0008677819066196246 261
1694439361311 0.0008680823680834449 262
1694439361347 0.0008683829186776348 263
1694439361382 0.0008686835584237329 264
1694439361415 0.000868984287341501 265
1694439361449 0.0008692851054528106 266
1694439361479 0.0008695860127779786 267
1694439361510 0.0008698870093375444 268
1694439361543 0.000870188095152935 269
1694439361571 0.0008704892702442457 270
1694439361604 0.0008707905346327927 271
1694439361639 0.0008710918883387819 272
1694439361670 0.0008713933313837519 273
1694439361711 0.0008716948637883526 274
1694439361752 0.0008719964855727902 275
1694439361788 0.000872298196758492 276
1694439361837 0.000872599997365997 277
1694439361868 0.0008729018874162886 278
1694439361904 0.0008732038669299058 279
1694439361944 0.0008735059359276098 280
1694439361975 0.0008738080944314941 281
1694439362014 0.0008741103424608765 282
1694439362054 0.0008744126800370733 283
1694439362085 0.0008747151071810677 284
1694439362114 0.000875017623913843 285
1694439362144 0.0008753202302559382 286
1694439362176 0.0008756229262284476 287
1694439362211 0.0008759257118521324 288
1694439362242 0.0008762285871479758 289
1694439362278 0.0008765315521366279 290
1694439362312 0.000876834606839072 291
1694439362341 0.0008771377512764023 292
1694439362376 0.0008774409854692689 293
1694439362408 0.000877744309438655 294
1694439362439 0.0008780477232055439 295
1694439362474 0.0008783512267906968 296
1694439362510 0.0008786548202147637 297
1694439362543 0.0008789585034992831 298
1694439362580 0.000879262276664905 299
1694439362615 0.0008795661397320576 300
1694439362653 0.0008798700927220571 301
1694439362685 0.0008801741356567749 302
1694439362718 0.00088047826855564 303
1694439362751 0.0008807824914400797 304
1694439362785 0.0008810868043312992 305
1694439362831 0.0008813912072500596 306
1694439362862 0.0008816957002172332 307
1694439362903 0.0008820002832544693 308
1694439362936 0.00088230495638153 309
1694439362972 0.0008826097196200644 310
1694439363006 0.0008829145729915 311
1694439363040 0.0008832195165155987 312
1694439363073 0.000883524550214565 313
1694439363110 0.0008838296741084939 314
1694439363142 0.0008841348882189237 315
1694439363174 0.0008844401925663936 316
1694439363209 0.0008847455871718868 317
1694439363240 0.0008850510720573856 318
1694439363277 0.0008853566472426522 319
1694439363310 0.0008856623127494467 320
1694439363338 0.0008859680685986415 321
1694439363370 0.0008862739148109977 322
1694439363412 0.0008865798514078316 323
1694439363452 0.0008868858784095712 324
1694439363496 0.0008871919958383101 325
1694439363533 0.0008874982037140322 326
1694439363572 0.0008878045020581649 327
1694439363617 0.0008881108908922464 328
1694439363655 0.0008884173702362608 329
1694439363687 0.0008887239401124125 330
1694439363728 0.0008890306005415738 331
1694439363768 0.0008893373515436176 332
1694439363824 0.0008896441931407484 333
1694439363886 0.0008899511253533943 334
1694439363923 0.0008902581482039817 335
1694439363957 0.0008905652617114956 336
1694439363997 0.0008908724658986955 337
1694439364028 0.0008911797607860095 338
1694439364063 0.0008914871463943097 339
1694439364098 0.0008917946227450235 340
1694439364130 0.0008921021898593562 341
1694439364163 0.0008924098477581799 342
1694439364194 0.0008927175964625889 343
1694439364231 0.0008930254359940104 344
1694439364268 0.0008933333663728726 345
1694439364309 0.000893641387621158 346
1694439364345 0.0008939494997596276 347
1694439364379 0.0008942577028091536 348
1694439364414 0.0008945659967910524 349
1694439364452 0.0008948743817267513 350
1694439364486 0.0008951828576367893 351
1694439364523 0.0008954914245428158 352
1694439364561 0.0008958000824659251 353
1694439364589 0.0008961088314273224 354
1694439364628 0.0008964176714474359 355
1694439364662 0.0008967266025483589 356
1694439364695 0.0008970356247511857 357
1694439364733 0.0008973447380763444 358
1694439364774 0.0008976539425457064 359
1694439364807 0.0008979632381801439 360
1694439364849 0.0008982726250010842 361
1694439364880 0.0008985821030296215 362
1694439364914 0.000898891672286295 363
1694439364946 0.0008992013327937531 364
1694439364979 0.0008995110845720911 365
1694439365013 0.000899820927642625 366
1694439365046 0.0009001308620268933 367
1694439365079 0.0009004408877454351 368
1694439365116 0.0009007510048207878 369
1694439365152 0.0009010612132728246 370
1694439365182 0.0009013715131233058 371
1694439365222 0.0009016819043939917 372
1694439365263 0.0009019923871051994 373
1694439365302 0.0009023029612788003 374
1694439365346 0.0009026136269356666 375
1694439365384 0.0009029243840973367 376
1694439365421 0.0009032352327847937 377
1694439365454 0.0009033920697321118 378
1694439365493 0.0009035489561142196 379
1694439365530 0.0009037058919441066 380
1694439365564 0.0009038628772334301 381
1694439365598 0.0009040199119934034 382
1694439365638 0.000904176996236461 383
1694439365674 0.0009043341299750374 384
1694439365706 0.000904491313221012 385
1694439365748 0.000904648545985709 386
1694439365787 0.0009048058282820071 387
1694439365830 0.0009049631601214525 388
1694439365869 0.0009051205415160357 389
1694439365902 0.0009052779724780802 390
1694439365936 0.0009054354530192432 391
1694439365974 0.0009055929831519594 392
1694439366005 0.0009057505628876639 393
1694439366056 0.0009059081922389023 394
1694439366107 0.000906065871217332 395
1694439366160 0.0009062235998358315 396
1694439366212 0.0009063813781051699 397
1694439366262 0.0009065392060386701 398
1694439366319 0.0009066970836472121 399
1694439366374 0.0009068550109435636 400
1694439366405 0.0009070129879396038 401
1694439366439 0.0009071710146475453 402
1694439366482 0.0009073290910784904 403
1694439366513 0.0009074872172463166 404
1694439366541 0.0009076453931614603 405
1694439366571 0.0009078036188366889 406
1694439366603 0.0009079618942839929 407
1694439366636 0.0009081202195146965 408
1694439366674 0.0009082785945417893 409
1694439366721 0.0009084370193779279 410
1694439366765 0.0009085954940334373 411
1694439366803 0.0009087540185211962 412
1694439366840 0.0009089125928541941 413
1694439366877 0.0009090712170434223 414
1694439366907 0.0009092298911010932 415
1694439366939 0.0009093886150390862 416
1694439366976 0.0009095473888703909 417
1694439367010 0.0009097062126063316 418
1694439367045 0.0009098650862592317 419
1694439367075 0.0009100240098414147 420
1694439367105 0.000910182983364427 421
1694439367136 0.0009103420068407031 422
1694439367167 0.0009105010802823443 423
1694439367200 0.0009106602037015632 424
1694439367231 0.0009108193771103501 425
1694439367265 0.0009109786005208065 426
1694439367303 0.0009111378739450338 427
1694439367337 0.0009112971973949113 428
1694439367375 0.0009114565708832068 429
1694439367408 0.0009116159944214663 430
1694439367443 0.0009117754680220136 431
1694439367474 0.0009119349916968389 432
1694439367505 0.0009120945654583767 433
1694439367537 0.0009122541893188396 434
1694439367576 0.0009124138632892187 435
1694439367610 0.0009125735873836138 436
1694439367646 0.000912733361612128 437
1694439367681 0.0009128931859885281 438
1694439367715 0.0009130530605243603 439
1694439367749 0.000913212985230949 440
1694439367782 0.0009133729601219498 441
1694439367813 0.000913532985208243 442
1694439367861 0.0009136930605028182 443
1694439367898 0.0009138531860172217 444
1694439367935 0.000914013361764221 445
1694439367977 0.0009141735877554735 446
1694439368010 0.0009143338640035248 447
1694439368048 0.0009144941905198101 448
1694439368084 0.000914654567317652 449
1694439368122 0.000914814994408375 450
1694439368155 0.0009149754718045244 451
1694439368190 0.0009151359995180908 452
1694439368229 0.0009152965775610644 453
1694439368266 0.000915457205946324 454
1694439368304 0.0009156178846854157 455
1694439368340 0.0009157786137907742 456
1694439368377 0.0009159393932742788 457
1694439368410 0.000916100223148697 458
1694439368444 0.0009162611034257973 459
1694439368477 0.0009164220341173479 460
1694439368509 0.0009165830152366716 461
1694439368540 0.0009167440467954258 462
1694439368575 0.0009169051288059338 463
1694439368611 0.000917066261279853 464
1694439368643 0.000917227444229396 465
1694439368679 0.0009173886776678852 466
1694439368711 0.0009175499616069782 467
1694439368741 0.0009177112960584433 468
1694439368771 0.0009178726810348259 469
1694439368801 0.0009180341165484496 470
1694439368838 0.0009181956026113047 471
1694439368873 0.0009183571392356038 472
1694439368903 0.0009185187264335593 473
1694439368939 0.0009186803642180497 474
1694439368973 0.0009188420526007324 475
1694439369005 0.0009190037915938198 476
1694439369038 0.0009191655812099686 477
1694439369069 0.000919327421460614 478
1694439369101 0.0009194893123585235 479
1694439369133 0.0009196512539162427 480
1694439369164 0.0009198132461455399 481
1694439369194 0.0009199752890594048 482
1694439369222 0.0009201373826688286 483
1694439369254 0.000920299526987356 484
1694439369291 0.0009204617220260891 485
1694439369327 0.0009206239677981287 486
1694439369364 0.0009207862643157982 487
1694439369396 0.0009209486115911991 488
1694439369426 0.0009211110096360997 489
1694439369456 0.0009212734584631566 490
1694439369488 0.0009214359580849152 491
1694439369521 0.000921598508513144 492
1694439369555 0.0009217611097606104 493
1694439369587 0.000921923761839083 494
1694439369622 0.0009220864647615512 495
1694439369654 0.0009222492185394504 496
1694439369686 0.0009224120231857702 497
1694439369718 0.00092257487871239 498
1694439369751 0.0009227377851320773 499
