1694443501374 0.7934099397832038 0
1694443501646 0.3059923222539793 1
1694443501934 1.0868727544305548 2
1694443502211 0.14683607042116315 3
1694443502509 0.09741141336206027 4
1694443502788 0.5189639225844179 5
1694443503075 0.5920347335200523 6
1694443503368 0.9447995610769603 7
1694443503633 0.6895736172391252 8
1694443503935 0.7471462410847961 9
1694443504253 0.26926119202452115 10
1694443504566 0.09643092696761559 11
1694443504913 0.7675393179458295 12
1694443505252 0.7324068714957779 13
1694443505551 0.16158172484427435 14
1694443505830 0.014434619904593186 15
1694443506109 0.7398617357466285 16
1694443506389 0.6575514357130733 17
1694443506670 0.3142660622202582 18
1694443506953 0.22798117200939202 19
1694443507238 0.4476694205144778 20
1694443507511 0.006506368013057781 21
1694443507799 0.6300051035902063 22
1694443508087 0.4446011812912432 23
1694443508361 0.11880321427486101 24
1694443508657 0.2729476377954878 25
1694443508938 0.692340141858259 26
1694443509209 1.162264031082215 27
1694443509490 0.8875767476494526 28
1694443509785 0.5011996381932655 29
1694443510055 1.5947258867700331 30
1694443510336 0.21007439293743374 31
1694443510631 0.7295885195180783 32
1694443510907 0.7522662492309871 33
1694443511182 2.3163028523078184 34
1694443511462 0.3824509088434262 35
1694443511747 0.879741434028433 36
1694443512028 0.30597880803035993 37
1694443512305 0.8972876424632663 38
1694443512575 0.5167142157429134 39
1694443512845 0.9589193123196298 40
1694443513161 2.378694215720762 41
1694443513440 1.1488501008622958 42
1694443513737 0.1743336250979669 43
1694443514014 0.40355318333922213 44
1694443514304 0.28180734264640306 45
1694443514574 0.23659515894474303 46
1694443514869 0.28790631217000523 47
1694443515144 0.5745532945773345 48
1694443515452 0.40661984566164455 49
1694443515719 0.029657593692948656 50
1694443516006 0.8855347470516411 51
1694443516271 0.20747681979048155 52
1694443516550 0.5532344182798717 53
1694443516820 1.4208328873986338 54
1694443517099 0.34602080035123506 55
1694443517393 0.04679564558152094 56
1694443517644 0.22405434953409986 57
1694443517895 2.7148538007178996e-06 58
1694443518145 0.38744865987188354 59
1694443518416 0.04173584886767951 60
1694443518715 0.30398297982663186 61
1694443518980 0.10476122284352539 62
1694443519249 0.2437632543969121 63
1694443519537 0.11863532029363653 64
1694443519839 0.23212303769770304 65
1694443520106 0.08316754454196656 66
1694443520407 0.30406622549942813 67
1694443520718 0.1247808015309527 68
1694443521007 2.9708742053879993 69
1694443521313 0.5211262609686077 70
1694443521604 0.39830770083901146 71
1694443521886 0.3441432627393888 72
1694443522181 0.9649928521752053 73
1694443522467 0.3913951446600616 74
1694443522742 0.3391745309160673 75
1694443523016 0.010896883658160517 76
1694443523297 0.2089132653296003 77
1694443523571 0.3854054706040185 78
1694443523861 0.022760825575764147 79
1694443524141 0.15519562413118274 80
1694443524428 0.2198456207495721 81
1694443524690 0.0030563365048596374 82
1694443524977 0.43277675593304293 83
1694443525278 0.022220180634760375 84
1694443525569 0.6088390607778721 85
1694443525883 0.5410088325740976 86
1694443526189 1.1435906119476722 87
1694443526466 0.4035039089707479 88
1694443526764 0.2409460478739456 89
1694443527054 1.166694596141337 90
1694443527348 0.09437382651205069 91
1694443527621 0.00048582072737954736 92
1694443527901 0.6880503134780883 93
1694443528187 0.05815959159871812 94
1694443528473 0.2947193156852582 95
1694443528751 0.003499665811765032 96
1694443528968 0.9798320580193297 97
1694443529300 0.45536353382651823 98
1694443529591 0.771885849558386 99
1694443529874 0.03577769463427314 100
1694443530153 0.6008526322388001 101
1694443530442 0.23001801132503777 102
1694443530767 0.42409883543032356 103
1694443531052 0.0011743566706461058 104
1694443531343 0.4400421988541456 105
1694443531624 0.792938815362877 106
1694443531915 0.635816511492816 107
1694443532189 0.8738036259458858 108
1694443532497 0.28244125621712873 109
1694443532786 0.30849979839586417 110
1694443533076 0.2270147507253989 111
1694443533357 0.8660813712014027 112
1694443533635 0.9212022008712587 113
1694443533932 1.1548900698437652 114
1694443534218 1.0662715798888929 115
1694443534492 0.48909541827132663 116
1694443534775 0.22514639951211896 117
1694443535066 0.19514328806115783 118
1694443535360 1.0102444143602396 119
1694443535635 0.2326526411109159 120
1694443535911 1.0222780103420073 121
1694443536206 1.0587270766067458 122
1694443536496 0.6070692871025631 123
1694443536822 0.7821076051927864 124
1694443537098 0.5975447050109097 125
1694443537377 0.6123162449796515 126
1694443537657 0.3964310118816049 127
1694443537944 0.9519161011885243 128
1694443538237 0.5491242037837258 129
1694443538516 0.36706324046051636 130
1694443538800 0.5828050588416701 131
1694443539080 0.5792934156946266 132
1694443539357 0.19822475365476022 133
1694443539666 0.10988013218765531 134
1694443539950 0.03310775615667023 135
1694443540235 0.23935330730087584 136
1694443540505 0.313740366576738 137
1694443540810 0.2997385243140604 138
1694443541080 0.21206747259303188 139
1694443541402 0.5432636591527609 140
1694443541718 0.13007909532495116 141
1694443542017 0.20872873825569957 142
1694443542342 0.0968668842311029 143
1694443542628 0.4278677904132308 144
1694443542918 0.022585470725619394 145
1694443543224 0.1893903532946246 146
1694443543524 0.24425680788235574 147
1694443543805 0.013905442149429794 148
1694443544127 1.179504327253457 149
1694443544419 0.3695749727967647 150
1694443544680 0.3996646659853645 151
1694443544970 0.516515670774889 152
1694443545299 0.002398580745534301 153
1694443545592 0.19221050521549052 154
1694443545862 0.7519585531986948 155
1694443546191 0.3158071280252811 156
1694443546457 0.44073645340920803 157
1694443546734 0.21614304626418035 158
1694443547031 0.7101049444624958 159
1694443547324 0.4570434276315679 160
1694443547601 0.29832192785223793 161
1694443547900 0.210402468128905 162
1694443548177 0.9309275643268995 163
1694443548467 0.49317793991722736 164
1694443548770 0.6004726572592607 165
1694443549062 0.4176735054183028 166
1694443549362 0.24087268172164442 167
1694443549632 0.9216783692390141 168
1694443549912 0.37847386821559026 169
1694443550246 0.5293855520246052 170
1694443550515 1.0111188406026594 171
1694443550794 0.051698383308758214 172
1694443551087 0.965757541254646 173
1694443551376 0.03522477713258932 174
1694443551658 0.0065032275338387764 175
1694443551974 1.0767918239376237 176
1694443552250 0.27018592022583143 177
1694443552537 0.33150781665797224 178
1694443552817 0.9932852653743213 179
1694443553087 0.3159142287096676 180
1694443553379 0.6130536040428864 181
1694443553668 0.3358895738188523 182
1694443553956 0.01244174316087029 183
1694443554232 0.18040337885441488 184
1694443554527 0.31453320864517254 185
1694443554813 0.05148630914796784 186
1694443555099 0.03261415469616726 187
1694443555393 0.004231312063485199 188
1694443555678 0.800372786317031 189
1694443555957 0.30738373656486706 190
1694443556224 0.4518372569897698 191
1694443556485 0.0007357195321216979 192
1694443556760 0.0007621985424627611 193
1694443557032 0.2438719410593417 194
1694443557300 0.758935297112301 195
1694443557581 1.01606617070122 196
1694443557873 0.3228629314727574 197
1694443558146 0.3682272265841446 198
1694443558453 0.5347331470536465 199
1694443558740 0.2820723143389406 200
1694443559022 0.6308503953572839 201
1694443559307 0.7990004468476984 202
1694443559589 0.6804238642772905 203
1694443559857 0.42474129930353033 204
1694443560152 1.246933119987496 205
1694443560441 0.16142719045841653 206
1694443560724 0.3645273041859553 207
1694443561031 0.29011979631868495 208
1694443561305 0.7769507963984487 209
1694443561577 0.6659966182147233 210
1694443561882 0.9742445834953343 211
1694443562141 0.8218846757053097 212
1694443562444 0.21833620434759884 213
1694443562672 1.0084650420564842 214
1694443562992 0.6977529612281107 215
1694443563278 1.0513423260225683 216
1694443563563 0.45396677454314777 217
1694443563863 0.3105819927845928 218
1694443564183 0.00017354587778702175 219
1694443564469 0.5220859442958901 220
1694443564786 0.789822163984117 221
1694443565046 0.6271252706415029 222
1694443565336 0.8766695462221799 223
1694443565608 0.12706172765758703 224
1694443565937 0.3007682108893305 225
1694443566236 1.287406187705634 226
1694443566522 0.34277756610131244 227
1694443566830 0.5969317110066148 228
1694443567110 0.2408936241989898 229
1694443567405 1.3224116332765519 230
1694443567677 0.5535447296575914 231
1694443567964 0.24894025436499692 232
1694443568239 0.8225430323539027 233
1694443568566 0.5400349415651539 234
1694443568854 1.0291924707525486 235
1694443569123 0.19268193071698939 236
1694443569431 0.7450587152293274 237
1694443569701 0.6165601566442008 238
1694443569973 0.42159128580794003 239
1694443570255 0.3120066552286476 240
1694443570525 0.4650249951593684 241
1694443570807 0.41452755041386097 242
1694443571112 0.5646235237952747 243
1694443571391 0.26123437635269603 244
1694443571671 0.8900620386318522 245
1694443571949 0.19848293145861365 246
1694443572226 0.8157557165104994 247
1694443572507 1.3438056265050466 248
1694443572787 0.024099180669649493 249
1694443573045 0.4728362984440429 250
1694443573327 0.1965820301552993 251
1694443573607 0.08253746539484193 252
1694443573874 0.30384216465517355 253
1694443574162 1.5896142954692403 254
1694443574455 0.35506051172950576 255
1694443574733 1.1105588193155789 256
1694443575014 0.9501785530932064 257
1694443575295 0.7346727249235325 258
1694443575577 0.19441248658224047 259
1694443575847 0.794010040430252 260
1694443576133 0.48603893312605795 261
1694443576422 0.741195390637159 262
1694443576714 0.3564178656858365 263
1694443576995 0.49443525903382335 264
1694443577272 0.6670182581853504 265
1694443577545 0.13854704490851733 266
1694443577803 0.2708818589001446 267
1694443578103 0.44705434705066943 268
1694443578389 0.28410039598604014 269
1694443578689 0.45656492096629975 270
1694443578960 2.2608288914722965 271
1694443579271 0.14917577438038856 272
1694443579554 0.003162926613441845 273
1694443579847 0.18217957063910564 274
1694443580137 0.0727220615443034 275
1694443580438 0.23393355476058744 276
1694443580716 0.41044387636722063 277
1694443580994 1.497601289183714 278
1694443581318 0.7586597859630986 279
1694443581616 0.2850152551854195 280
1694443581887 0.26021166879792784 281
1694443582178 1.550114564619454 282
1694443582457 0.6343651761171166 283
1694443582736 0.2167189266796039 284
1694443583010 1.1986335623889541 285
1694443583292 0.1047594725162259 286
1694443583572 0.4251555997316217 287
1694443583846 0.03936925469795477 288
1694443584135 0.2761146465350778 289
1694443584476 0.48559122460282794 290
1694443584778 0.3730974903684216 291
1694443585055 1.7359101876864416 292
1694443585331 0.8590988755700698 293
1694443585616 0.8355788031360598 294
1694443585898 0.7537063125733353 295
1694443586189 0.016858445257724706 296
1694443586458 0.4966879566116422 297
1694443586742 0.9543835292090276 298
1694443587078 0.07406197752325752 299
1694443587358 0.20690581147412362 300
1694443587626 1.103500347202284 301
1694443587891 1.2997937980622094 302
1694443588177 0.19918947911579152 303
1694443588458 0.023139639419349878 304
1694443588726 0.6209458511976169 305
1694443588997 1.1622097518367496 306
1694443589292 0.4365614047626163 307
1694443589570 0.1130348775799908 308
1694443589855 0.47605374687362867 309
1694443590148 0.8856431148998143 310
1694443590439 0.7336191539915485 311
1694443590705 0.5419522217224472 312
1694443590991 0.44036165872183325 313
1694443591276 0.7441437120370703 314
1694443591568 0.34563782062952597 315
1694443591847 1.035712161658458 316
1694443592137 0.0021166427300267983 317
1694443592440 0.6290843059442135 318
1694443592722 0.5017177374600983 319
1694443592996 0.20341251677663028 320
1694443593282 0.5623804312695653 321
1694443593577 1.1299581013417184 322
1694443593880 0.8550954838832348 323
1694443594142 0.9355392385862267 324
1694443594460 0.6462765171162024 325
1694443594768 0.20145756921246566 326
1694443595048 0.7058808958324424 327
1694443595328 0.016425944000207655 328
1694443595602 0.32656187187985936 329
1694443595875 0.6744481765410555 330
1694443596149 0.33437180699039143 331
1694443596436 0.017077394409136873 332
1694443596712 0.24269757787495405 333
1694443596971 1.1997597058165792 334
1694443597339 0.02708126155417707 335
1694443597619 1.1294458061708998 336
1694443597887 0.4180040225398523 337
1694443598158 0.12575011401832556 338
1694443598430 0.40034053188825397 339
1694443598702 0.7345975622109816 340
1694443598971 0.14142494853273996 341
1694443599228 1.2144424954085993 342
1694443599495 1.0409178899986362 343
1694443599773 0.49727692758218045 344
1694443600064 0.5446061006585209 345
1694443600355 0.14355930313657878 346
1694443600631 0.2982798192891334 347
1694443600915 0.28653899473152616 348
1694443601187 0.6723738855086178 349
1694443601485 1.4804123448178985 350
1694443601760 1.1434457222300627 351
1694443601999 0.2608558728730716 352
1694443602257 0.2221739574081953 353
1694443602539 0.17492094313222992 354
1694443602816 0.8733016324176335 355
1694443603083 1.448058512194989 356
1694443603375 0.4684295101997903 357
1694443603658 0.1829492133510985 358
1694443603915 0.6454557756290618 359
1694443604194 0.458117316102426 360
1694443604471 0.08848517503233064 361
1694443604753 0.46828635336827745 362
1694443605032 0.6795093403723663 363
1694443605318 0.4594059726465135 364
1694443605523 0.3879504762309805 365
1694443605841 1.4378756823118015 366
1694443606093 0.24424466249800753 367
1694443606351 0.7175674023340941 368
1694443606608 1.2900592472356964 369
1694443606873 0.6947785298359404 370
1694443607141 0.18295572835935087 371
1694443607444 0.36284690123112195 372
1694443607736 0.5766394611286382 373
1694443607955 0.046186960093266366 374
1694443608304 0.5853604779404786 375
1694443608586 0.4966175693016999 376
1694443608865 0.1444751485609709 377
1694443609169 0.3882442300798231 378
1694443609445 0.829852143450169 379
1694443609705 0.1270711973954903 380
1694443609975 1.3409330714456373 381
1694443610273 1.3726506978666753 382
1694443610598 0.4630596487425598 383
1694443610867 0.07934611608577707 384
1694443611125 0.1003918058349469 385
1694443611416 0.33625637726396174 386
1694443611703 0.7334810933175051 387
1694443611993 0.7418026016292137 388
1694443612271 0.8480934448852947 389
1694443612541 0.49536151804437006 390
1694443612826 0.5012600930358522 391
1694443613111 0.02180042018106264 392
1694443613378 1.2209614000369182 393
1694443613654 0.9063380689565033 394
1694443613915 0.17260703585763104 395
1694443614196 0.0659115617327098 396
1694443614485 0.6452462795692356 397
1694443614749 2.3632415602086536 398
1694443614995 0.74756924295732 399
1694443615266 0.20588290291890507 400
1694443615524 0.6268684689941758 401
1694443615770 0.23556406895943502 402
1694443616021 0.3204628459894267 403
1694443616280 0.021487947146208868 404
1694443616525 0.03401166647108336 405
1694443616702 0.1616841514232431 406
1694443617011 0.19403528471920042 407
1694443617269 0.07347149780900827 408
1694443617535 0.2402403448150839 409
1694443617806 0.006063516233785943 410
1694443618052 0.606685429276348 411
1694443618331 0.7547462692417429 412
1694443618613 1.0410813088883166 413
1694443618897 1.468222770760333 414
1694443619159 0.8496217821104198 415
1694443619453 0.37652609971255085 416
1694443619739 0.5458413617504302 417
1694443620011 0.6768328293964596 418
1694443620270 1.3596013738666555 419
1694443620535 0.832602201271926 420
1694443620780 0.13131278106291924 421
1694443621042 0.7166994635256576 422
1694443621313 0.008944499457401178 423
1694443621603 0.6058221837656598 424
1694443621869 0.33227197620061466 425
1694443622124 0.46183285479820396 426
1694443622394 0.4613012910709534 427
1694443622665 0.6775249351122683 428
1694443622933 0.3230078937256509 429
1694443623220 0.035037815626733713 430
1694443623502 0.9514998615626521 431
1694443623787 0.2944986214499509 432
1694443624082 0.6263335325001308 433
1694443624393 0.32325715047971176 434
1694443624691 1.2944143575394556 435
1694443624964 1.1524890870872804 436
1694443625245 0.6381664904292977 437
1694443625507 0.13309365209177598 438
1694443625795 0.2829552674927799 439
1694443626074 0.43966480069633157 440
1694443626399 0.08444152412186086 441
1694443626705 0.15894442048902038 442
1694443626979 0.5549570319032593 443
1694443627258 0.41405970321287366 444
1694443627552 0.4334796285786949 445
1694443627839 0.8733809404315128 446
1694443628145 0.782943743429865 447
1694443628431 0.0730203357382909 448
1694443628705 0.4898350921397859 449
1694443628977 0.21340455420058643 450
1694443629260 0.5593830597943106 451
1694443629526 0.5185461290379924 452
1694443629777 0.34480141154147115 453
1694443630022 0.6945562486817695 454
1694443630302 0.761130716490725 455
1694443630549 0.7420059003955076 456
1694443630799 0.27154818276940823 457
1694443631043 0.24303578572470733 458
1694443631286 0.0234469647101435 459
1694443631534 2.264176903107778 460
1694443631786 0.7515119364075087 461
1694443632041 0.6179299658686239 462
1694443632334 0.32445060098039114 463
1694443632615 0.0006862228946547427 464
1694443632869 1.315384504686912 465
1694443633093 0.026332561510427475 466
1694443633407 0.2945104112255652 467
1694443633687 0.15832339937094606 468
1694443633952 0.22112093630077506 469
1694443634222 0.5484337064676584 470
1694443634513 0.09618684120555067 471
1694443634783 0.0036875937028115428 472
1694443635061 0.9280483748889815 473
1694443635337 1.268516831149922 474
1694443635624 0.2522013840768881 475
1694443635895 0.0781803672011354 476
1694443636162 0.07460275763745715 477
1694443636444 0.20030753569341866 478
1694443636711 0.6415456342173924 479
1694443637003 0.04101779590606477 480
1694443637275 0.3633843187822977 481
1694443637576 0.3655007922841229 482
1694443637834 0.2506474664152327 483
1694443638104 0.8705045968000156 484
1694443638357 0.9364610273794324 485
1694443638630 0.501303782571256 486
1694443638927 0.3770281921923789 487
1694443639216 0.45605697352560903 488
1694443639485 0.3298855009399268 489
1694443639764 0.18152196660558434 490
1694443640053 0.034957119767039524 491
1694443640342 1.7266766699646294 492
1694443640626 0.23200508396945702 493
1694443640897 0.054447201041852494 494
1694443641153 0.12408190059087541 495
1694443641418 0.21654661325499558 496
1694443641695 0.19357482381698243 497
1694443642005 0.9893041833178308 498
1694443642295 0.10207040923447544 499
