1694441593243 -0.006121531957543391 0
1694441593284 -0.005991728709311195 1
1694441593325 -0.006259445377586825 2
1694441593365 -0.005794842816529311 3
1694441593406 -0.0063550370516629595 4
1694441593455 -0.005502809753585192 5
1694441593514 -0.006690725359193683 6
1694441593578 -0.005895432133476763 7
1694441593623 -0.006239147008728629 8
1694441593665 -0.005814834127727542 9
1694441593703 -0.00629822752575615 10
1694441593746 -0.005580017127111869 11
1694441593790 -0.005875710363449249 12
1694441593829 -0.005120019459067926 13
1694441593868 -0.00603174721627453 14
1694441593909 -0.0054902386236792555 15
1694441593946 -0.006028672488387121 16
1694441593984 -0.005833836528823966 17
1694441594035 -0.00619489237316162 18
1694441594097 -0.005189550045362035 19
1694441594150 -0.00591082912158325 20
1694441594201 -0.005842764728517524 21
1694441594255 -0.00534452567236543 22
1694441594305 -0.005518457142690281 23
1694441594356 -0.005658694889503657 24
1694441594411 -0.006257040707625894 25
1694441594473 -0.005352112197688053 26
1694441594525 -0.005553966220535278 27
1694441594568 -0.005682084009614341 28
1694441594627 -0.006126220222449241 29
1694441594671 -0.005650458320694662 30
1694441594716 -0.005867114913241656 31
1694441594766 -0.006281788927254839 32
1694441594812 -0.005712164215900151 33
1694441594854 -0.00564370835288619 34
1694441594896 -0.005859325801507165 35
1694441594933 -0.005547492878637428 36
1694441594975 -0.005512176815625436 37
1694441595012 -0.0060851066033655865 38
1694441595047 -0.005538544851621641 39
1694441595086 -0.005921975618480513 40
1694441595125 -0.005730942541850137 41
1694441595162 -0.006079397346449689 42
1694441595207 -0.005572041886692247 43
1694441595246 -0.0055819110858761345 44
1694441595285 -0.006318176347490212 45
1694441595326 -0.005522881431642146 46
1694441595366 -0.006417053226028369 47
1694441595402 -0.006058707451998435 48
1694441595437 -0.005867926253266376 49
1694441595477 -0.006097623594482293 50
1694441595520 -0.006037558227856676 51
1694441595564 -0.0060855130803560975 52
1694441595601 -0.005566304358080254 53
1694441595640 -0.005919961174061683 54
1694441595676 -0.005697652373924278 55
1694441595718 -0.0057057255531864914 56
1694441595760 -0.005928676157159529 57
1694441595804 -0.0060708012065084915 58
1694441595841 -0.006152618411262134 59
1694441595882 -0.005870843674400161 60
1694441595923 -0.005397244571158533 61
1694441595965 -0.005707363797629039 62
1694441596003 -0.0064739359762646664 63
1694441596044 -0.005241951619452623 64
1694441596080 -0.0063046973257958605 65
1694441596119 -0.005606329283798006 66
1694441596158 -0.006273276450761589 67
1694441596199 -0.006425633484978821 68
1694441596236 -0.005665662457642995 69
1694441596276 -0.006163812912464373 70
1694441596317 -0.006624717555128834 71
1694441596361 -0.006315282627942453 72
1694441596401 -0.005654170065133801 73
1694441596441 -0.005033151235462219 74
1694441596481 -0.0057998953943600995 75
1694441596522 -0.0054807956243234646 76
1694441596565 -0.00549287146235633 77
1694441596606 -0.005976441669189203 78
1694441596640 -0.006226495567446033 79
1694441596679 -0.005786215957846563 80
1694441596719 -0.005368509287602352 81
1694441596762 -0.0053870109086628926 82
1694441596801 -0.006092766595340748 83
1694441596837 -0.005153701069345429 84
1694441596877 -0.005295778508528581 85
1694441596920 -0.006182375854875577 86
1694441596958 -0.005965210742696181 87
1694441596999 -0.005079376281607928 88
1694441597039 -0.005627654862549791 89
1694441597080 -0.005742341305855048 90
1694441597120 -0.00610104896394037 91
1694441597158 -0.00633657311559932 92
1694441597201 -0.006044122353098702 93
1694441597244 -0.005756411762639413 94
1694441597285 -0.0062294070693034165 95
1694441597324 -0.006153230774278873 96
1694441597364 -0.005716609726178712 97
1694441597402 -0.0063364073976130975 98
1694441597444 -0.005657755274618204 99
1694441597486 -0.0057913092638515185 100
1694441597528 -0.005286731684334356 101
1694441597572 -0.005511127263107651 102
1694441597609 -0.005364976586772263 103
1694441597647 -0.005563447906634211 104
1694441597687 -0.006098801949425026 105
1694441597726 -0.0061044989635010705 106
1694441597760 -0.006266919072286603 107
1694441597799 -0.005687947060466048 108
1694441597840 -0.005463888552961871 109
1694441597877 -0.005602085986632588 110
1694441597914 -0.005730908728821094 111
1694441597956 -0.005162956651138861 112
1694441597998 -0.006102879448760756 113
1694441598037 -0.005788924097889447 114
1694441598077 -0.005739625807769544 115
1694441598118 -0.006090873588648904 116
1694441598156 -0.005917141719562258 117
1694441598192 -0.005724154032210604 118
1694441598230 -0.005716306540183513 119
1694441598273 -0.005477713826074204 120
1694441598321 -0.005271587944026157 121
1694441598363 -0.005790610846523325 122
1694441598402 -0.006405337283000412 123
1694441598440 -0.00521892967175086 124
1694441598480 -0.0061012064532162125 125
1694441598519 -0.006106045088207335 126
1694441598558 -0.006028314349143082 127
1694441598595 -0.006370083283878669 128
1694441598632 -0.005752369551758729 129
1694441598672 -0.005848823139648518 130
1694441598714 -0.004994492185862898 131
1694441598752 -0.006109819711953346 132
1694441598793 -0.005815319990987167 133
1694441598832 -0.005424230372418792 134
1694441598871 -0.005150825778872159 135
1694441598909 -0.005678228670655816 136
1694441598946 -0.005128253100791236 137
1694441598988 -0.0058185883800132565 138
1694441599028 -0.005765571959020388 139
1694441599067 -0.005756904365842308 140
1694441599177 -0.005528615024614991 141
1694441599218 -0.005865911691578907 142
1694441599260 -0.004834577161139109 143
1694441599301 -0.005865618151197349 144
1694441599346 -0.005691166466262887 145
1694441599386 -0.005797965752312395 146
1694441599428 -0.006218709014557122 147
1694441599467 -0.005762010900883352 148
1694441599512 -0.005278691251375145 149
1694441599550 -0.0053989095692363875 150
1694441599589 -0.006046350769100206 151
1694441599627 -0.006380994562851905 152
1694441599668 -0.0068879633123417605 153
1694441599707 -0.005317601349877243 154
1694441599745 -0.006797366340294708 155
1694441599779 -0.00551257106559544 156
1694441599819 -0.005554730180441947 157
1694441599860 -0.005907553732701354 158
1694441599898 -0.005813410483532788 159
1694441599939 -0.006380618345200206 160
1694441599973 -0.006057468035757685 161
1694441600010 -0.005883446282827887 162
1694441600048 -0.005738682585721522 163
1694441600089 -0.005620707409871084 164
1694441600127 -0.006013993403864548 165
1694441600166 -0.005717374275037157 166
1694441600223 -0.0059676861448727525 167
1694441600272 -0.005657390488970737 168
1694441600313 -0.005437566136164085 169
1694441600360 -0.005539708269261423 170
1694441600400 -0.00545403714705639 171
1694441600436 -0.006021392823746474 172
1694441600475 -0.006405484441104781 173
1694441600514 -0.005574645058727512 174
1694441600551 -0.005403318656855172 175
1694441600596 -0.00576881784735872 176
1694441600637 -0.005619679375926667 177
1694441600677 -0.005785118044132842 178
1694441600715 -0.005156039625875852 179
1694441600754 -0.005307142954178445 180
1694441600791 -0.004921553007617652 181
1694441600836 -0.005960837448372391 182
1694441600879 -0.005844444136238414 183
1694441600918 -0.005249825895492499 184
1694441600957 -0.005770197054547621 185
1694441600995 -0.005425638775264474 186
1694441601036 -0.005718385104045209 187
1694441601077 -0.005620661697690155 188
1694441601112 -0.005432759407862919 189
1694441601151 -0.005128996938005059 190
1694441601190 -0.005629374190271541 191
1694441601232 -0.0052759426783715035 192
1694441601271 -0.005606061936041851 193
1694441601311 -0.0056493204792091856 194
1694441601359 -0.005218401870854317 195
1694441601401 -0.004909597279633138 196
1694441601444 -0.00609775939962387 197
1694441601486 -0.0052176190086337115 198
1694441601527 -0.005308933979850439 199
1694441601565 -0.005527920540988607 200
1694441601610 -0.005371856835156619 201
1694441601661 -0.005473257400471443 202
1694441601703 -0.0054258623008747175 203
1694441601746 -0.006047803436551646 204
1694441601790 -0.005391334123964864 205
1694441601839 -0.005564231280107856 206
1694441601880 -0.005816797094486903 207
1694441601922 -0.005242259319945042 208
1694441601961 -0.005348138712860218 209
1694441602001 -0.0056282524240474086 210
1694441602045 -0.005344843172765623 211
1694441602085 -0.005163401689594949 212
1694441602124 -0.00502389922642732 213
1694441602163 -0.0056654710324590685 214
1694441602205 -0.005546841366364186 215
1694441602247 -0.005588203158529037 216
1694441602285 -0.005007733052089014 217
1694441602325 -0.005299766180790755 218
1694441602367 -0.005841704786688551 219
1694441602404 -0.006084234627361074 220
1694441602445 -0.005574255960863361 221
1694441602486 -0.0059129392612347065 222
1694441602523 -0.005703165163719381 223
1694441602558 -0.005465077811596553 224
1694441602595 -0.0054214954231528445 225
1694441602630 -0.005398262896863848 226
1694441602668 -0.005043971324492524 227
1694441602706 -0.006377953864515007 228
1694441602747 -0.006154210282040884 229
1694441602786 -0.005662993868663424 230
1694441602825 -0.0059580848535969455 231
1694441602865 -0.005706330471909826 232
1694441602904 -0.005322371862401365 233
1694441602940 -0.005300677507110052 234
1694441602979 -0.005289859258169605 235
1694441603017 -0.005390495281742291 236
1694441603061 -0.00551009903609434 237
1694441603098 -0.005667459056773572 238
1694441603136 -0.005646828071636856 239
1694441603177 -0.005956667139965122 240
1694441603215 -0.005719403361556408 241
1694441603254 -0.005429753595365128 242
1694441603298 -0.006054273595414328 243
1694441603339 -0.005305848816720582 244
1694441603380 -0.005332198284520473 245
1694441603417 -0.005675644966466775 246
1694441603456 -0.005430036081823797 247
1694441603495 -0.005905934185904016 248
1694441603532 -0.005320306856251067 249
1694441603568 -0.006002472742258513 250
1694441603609 -0.0053843015948704664 251
1694441603651 -0.005520107360975857 252
1694441603689 -0.005404548075396143 253
1694441603729 -0.005510806329602103 254
1694441603766 -0.005635489079911515 255
1694441603805 -0.0056308412374121986 256
1694441603850 -0.005056012822489242 257
1694441603892 -0.005501983380491904 258
1694441603928 -0.005727624414344046 259
1694441603968 -0.005625789777507384 260
1694441604004 -0.005633373387617713 261
1694441604045 -0.0056975047744700635 262
1694441604085 -0.00537906471194205 263
1694441604123 -0.005836916236509504 264
1694441604164 -0.005430152918381115 265
1694441604203 -0.005377533018013914 266
1694441604245 -0.005307018971876021 267
1694441604288 -0.0059212450776475745 268
1694441604328 -0.005120318794675116 269
1694441604369 -0.005680124202238845 270
1694441604407 -0.0059193500550747125 271
1694441604446 -0.0054311637001340785 272
1694441604486 -0.005301423908410374 273
1694441604524 -0.005610114894173401 274
1694441604563 -0.005263887311621529 275
1694441604599 -0.005723956532592833 276
1694441604638 -0.005877878572122297 277
1694441604674 -0.005670252364926132 278
1694441604713 -0.004968127448701898 279
1694441604753 -0.0050992466825361404 280
1694441604792 -0.005674749568559623 281
1694441604832 -0.005952098817272988 282
1694441604872 -0.005484719219398304 283
1694441604913 -0.005627754057701884 284
1694441604954 -0.005210364791852884 285
1694441604997 -0.00518126118705009 286
1694441605036 -0.005380037326016662 287
1694441605079 -0.005401440344055652 288
1694441605117 -0.0053535472788814875 289
1694441605156 -0.005495393896793432 290
1694441605194 -0.005202386405296133 291
1694441605231 -0.0051315003946330595 292
1694441605275 -0.005693091803025574 293
1694441605313 -0.005278139431554196 294
1694441605354 -0.005326877156388576 295
1694441605395 -0.0053697027071999415 296
1694441605432 -0.005436890795815774 297
1694441605476 -0.0053583224356696935 298
1694441605513 -0.0053844779011766875 299
1694441605553 -0.005211316218965978 300
1694441605593 -0.005494529503470957 301
1694441605632 -0.005261068186755979 302
1694441605671 -0.005623698928975296 303
1694441605707 -0.004761159625735756 304
1694441605748 -0.005199256801902363 305
1694441605787 -0.00488674731703731 306
1694441605827 -0.005305022434702877 307
1694441605870 -0.0055334143671235125 308
1694441605908 -0.005047616966868285 309
1694441605947 -0.005803838481582169 310
1694441605988 -0.005385800634406301 311
1694441606026 -0.005550227213389158 312
1694441606071 -0.005818913050801955 313
1694441606111 -0.006126153965391401 314
1694441606151 -0.0052286473423079904 315
1694441606190 -0.005217770609740491 316
1694441606231 -0.005318309051574044 317
1694441606268 -0.0055221989068889865 318
1694441606311 -0.005734692979525446 319
1694441606355 -0.005568240039716121 320
1694441606394 -0.005600302574391591 321
1694441606436 -0.005352676815369772 322
1694441606473 -0.005702770458043016 323
1694441606512 -0.005365789773794427 324
1694441606547 -0.005435476576305387 325
1694441606586 -0.005085211342037876 326
1694441606623 -0.005577140290855986 327
1694441606658 -0.005436345288262645 328
1694441606715 -0.0055227850983397 329
1694441606779 -0.005585705285996445 330
1694441606827 -0.005130341839733488 331
1694441606872 -0.005846415290312601 332
1694441606909 -0.006099145935220651 333
1694441606945 -0.005204726908963897 334
1694441606984 -0.005815006540293544 335
1694441607018 -0.005723714730171192 336
1694441607058 -0.005548588686917766 337
1694441607094 -0.0056114730249825495 338
1694441607129 -0.0055169952067923855 339
1694441607166 -0.0047803609824215165 340
1694441607206 -0.005823653899951653 341
1694441607242 -0.005198136302228207 342
1694441607283 -0.005515320911552601 343
1694441607321 -0.0054036987996344266 344
1694441607361 -0.00547117085946236 345
1694441607398 -0.005364907464772362 346
1694441607439 -0.004748505062698749 347
1694441607479 -0.004993659013125429 348
1694441607520 -0.005019346458778218 349
1694441607558 -0.005121301385504262 350
1694441607601 -0.005415985092618092 351
1694441607636 -0.005378590586552434 352
1694441607681 -0.005357119209779215 353
1694441607719 -0.005889770903489522 354
1694441607756 -0.005518215378687685 355
1694441607797 -0.005553372918533972 356
1694441607837 -0.005540665323886751 357
1694441607880 -0.005646654671831675 358
1694441607921 -0.0053932570230350585 359
1694441607958 -0.005601061104231864 360
1694441607997 -0.005661353606842612 361
1694441608038 -0.005148971343851727 362
1694441608079 -0.00549933805984848 363
1694441608119 -0.005755546116583021 364
1694441608155 -0.0054850220322497645 365
1694441608193 -0.005304945870257871 366
1694441608227 -0.004632832802126341 367
1694441608263 -0.00509434335695258 368
1694441608302 -0.005783012837930368 369
1694441608348 -0.005722100799555596 370
1694441608394 -0.005852945477470728 371
1694441608432 -0.005529456985965409 372
1694441608475 -0.00493005192251017 373
1694441608515 -0.005559479803645351 374
1694441608558 -0.005189757675763351 375
1694441608600 -0.0056823164357113765 376
1694441608640 -0.005708089733156507 377
1694441608682 -0.004870569129256097 378
1694441608718 -0.005427625981623274 379
1694441608761 -0.005688989392140575 380
1694441608800 -0.005437366184366077 381
1694441608841 -0.005411880364830646 382
1694441608879 -0.005458231334544372 383
1694441608918 -0.005328725054335903 384
1694441608960 -0.0053334062037930785 385
1694441608997 -0.005240893784137501 386
1694441609030 -0.004871067725866984 387
1694441609071 -0.005460956849007381 388
1694441609106 -0.004889381999453324 389
1694441609145 -0.00516884177586685 390
1694441609185 -0.005864959352412491 391
1694441609222 -0.005404892918927651 392
1694441609261 -0.005114512719940567 393
1694441609305 -0.0058831859990406965 394
1694441609345 -0.005130902763091694 395
1694441609392 -0.005210536772151997 396
1694441609436 -0.004963633377112808 397
1694441609477 -0.005321459016309094 398
1694441609517 -0.005707029275740627 399
1694441609559 -0.005584967448136524 400
1694441609602 -0.005744642176595427 401
1694441609641 -0.00568937913908929 402
1694441609679 -0.005222180311031055 403
1694441609718 -0.005394525789574667 404
1694441609760 -0.005508691281299383 405
1694441609799 -0.005154358788420632 406
1694441609837 -0.005367008497592307 407
1694441609877 -0.005986552247053911 408
1694441609917 -0.004891952021530033 409
1694441609957 -0.004790975160941624 410
1694441609997 -0.005060108462710433 411
1694441610039 -0.005814614441684851 412
1694441610079 -0.005415354987098775 413
1694441610120 -0.004790015297631456 414
1694441610159 -0.00579491348684269 415
1694441610198 -0.004783109869228586 416
1694441610239 -0.004969904623245425 417
1694441610275 -0.005420822316487106 418
1694441610317 -0.0050704625494608635 419
1694441610366 -0.005116504851391701 420
1694441610399 -0.00541762620540176 421
1694441610434 -0.0050953391366244105 422
1694441610476 -0.005104631128602044 423
1694441610516 -0.0053733477966995125 424
1694441610556 -0.005558642338878705 425
1694441610595 -0.005555194321047008 426
1694441610634 -0.004902429486839832 427
1694441610669 -0.005300381521721853 428
1694441610708 -0.006028500091001865 429
1694441610752 -0.0053354617644869595 430
1694441610813 -0.00480047431935704 431
1694441610859 -0.005869838188553578 432
1694441610902 -0.005269520492358737 433
1694441610941 -0.004935310638336299 434
1694441610975 -0.0051737869570382955 435
1694441611015 -0.0055920015743766704 436
1694441611055 -0.005384600773924664 437
1694441611098 -0.004711403707511774 438
1694441611136 -0.005070942406023793 439
1694441611178 -0.005040417800871166 440
1694441611216 -0.0053231440260279594 441
1694441611258 -0.005020904492975875 442
1694441611297 -0.00517933689849559 443
1694441611338 -0.005498679648241245 444
1694441611380 -0.005267182037636875 445
1694441611420 -0.005190606662741404 446
1694441611459 -0.005111438205597896 447
1694441611500 -0.00457822584898282 448
1694441611536 -0.005374506740076557 449
1694441611575 -0.005128335038795839 450
1694441611615 -0.004834148366206437 451
1694441611655 -0.005418918865447431 452
1694441611695 -0.005198086412110392 453
1694441611730 -0.005207552356479184 454
1694441611769 -0.005250539440024404 455
1694441611811 -0.005059726777393081 456
1694441611850 -0.005699587619260482 457
1694441611889 -0.005127969245093178 458
1694441611926 -0.005641449732207704 459
1694441611962 -0.004884099495411798 460
1694441611997 -0.00534368112073258 461
1694441612037 -0.005286724939462362 462
1694441612076 -0.005260996321058142 463
1694441612113 -0.005306489689051785 464
1694441612149 -0.005226536355217082 465
1694441612194 -0.00519843505309403 466
1694441612228 -0.005614229189657038 467
1694441612270 -0.00542701534677148 468
1694441612308 -0.005473568035643694 469
1694441612347 -0.004919468138956162 470
1694441612386 -0.005524145330003227 471
1694441612425 -0.005333529081240629 472
1694441612462 -0.004388931865989987 473
1694441612502 -0.00540730116491539 474
1694441612540 -0.005829744212604959 475
1694441612578 -0.0050599079483761855 476
1694441612614 -0.005548453981055523 477
1694441612654 -0.005057254678461076 478
1694441612693 -0.004786001415483687 479
1694441612731 -0.005368742624890066 480
1694441612773 -0.004948364646975678 481
1694441612816 -0.0046169480221815995 482
1694441612851 -0.005684943916989038 483
1694441612893 -0.004985272743823765 484
1694441612934 -0.005122953913150541 485
1694441612976 -0.005256384322049001 486
1694441613015 -0.005700856883452898 487
1694441613051 -0.005103630357011113 488
1694441613087 -0.0049004138661230545 489
1694441613125 -0.00511903577157069 490
1694441613162 -0.005367684848789356 491
1694441613205 -0.005729403691885571 492
1694441613239 -0.005208156460775326 493
1694441613278 -0.004969186690505278 494
1694441613317 -0.005299741071914443 495
1694441613359 -0.005140880542578996 496
1694441613397 -0.005826172394257201 497
1694441613439 -0.005355957604485928 498
1694441613479 -0.0051120906091364215 499
