1694444881376 0.0 0
1694444881675 0.0 1
1694444881924 0.0 2
1694444882222 0.0 3
1694444882527 0.0 4
1694444882812 0.0 5
1694444883090 0.0 6
1694444883369 0.0 7
1694444883639 0.0 8
1694444883942 0.0 9
1694444884236 0.0 10
1694444884523 0.0 11
1694444884810 0.0 12
1694444885098 0.0 13
1694444885374 0.0 14
1694444885632 0.0 15
1694444885888 0.0 16
1694444886149 0.0 17
1694444886427 0.0 18
1694444886683 0.0 19
1694444886961 0.0 20
1694444887239 0.0 21
1694444887516 0.0 22
1694444887781 0.0 23
1694444888048 0.0 24
1694444888327 0.0 25
1694444888600 0.0 26
1694444888867 0.0 27
1694444889132 0.0 28
1694444889398 0.0 29
1694444889665 0.0 30
1694444889943 0.0 31
1694444890191 0.0 32
1694444890457 0.0 33
1694444890737 0.0 34
1694444890988 0.0 35
1694444891256 0.0 36
1694444891528 0.0 37
1694444891799 0.0 38
1694444892048 0.0 39
1694444892315 0.0 40
1694444892613 0.0 41
1694444892868 0.0 42
1694444893118 0.0 43
1694444893380 0.0 44
1694444893624 0.0 45
1694444893879 0.0 46
1694444894153 0.0 47
1694444894424 0.0 48
1694444894675 0.0 49
1694444894963 0.0 50
1694444895224 0.0 51
1694444895480 0.0 52
1694444895730 0.0 53
1694444895971 0.0 54
1694444896226 0.0 55
1694444896498 0.0 56
1694444896751 0.0 57
1694444897009 0.0 58
1694444897242 0.0 59
1694444897483 0.0 60
1694444897752 0.0 61
1694444898030 0.0 62
1694444898284 0.0 63
1694444898540 0.0 64
1694444898792 0.0 65
1694444899060 0.0 66
1694444899304 0.0 67
1694444899594 0.0 68
1694444899828 0.0 69
1694444900098 0.0 70
1694444900352 0.0 71
1694444900607 0.0 72
1694444900868 0.0 73
1694444901105 0.0 74
1694444901357 0.0 75
1694444901608 0.0 76
1694444901851 0.0 77
1694444902103 0.0 78
1694444902367 0.0 79
1694444902662 0.0 80
1694444902906 0.0 81
1694444903157 0.0 82
1694444903439 0.0 83
1694444903727 0.0 84
1694444903978 0.0 85
1694444904225 0.0 86
1694444904493 0.0 87
1694444904726 0.0 88
1694444904967 0.0 89
1694444905208 0.0 90
1694444905442 0.0 91
1694444905669 0.0 92
1694444905907 0.0 93
1694444906147 0.0 94
1694444906392 0.0 95
1694444906628 0.0 96
1694444906884 0.0 97
1694444907142 0.0 98
1694444907400 0.0 99
1694444907653 0.0 100
1694444907910 0.0 101
1694444908161 0.0 102
1694444908427 0.0 103
1694444908665 0.0 104
1694444908893 0.0 105
1694444909120 0.0 106
1694444909349 0.0 107
1694444909592 0.0 108
1694444909850 0.0 109
1694444910111 0.0 110
1694444910384 0.0 111
1694444910640 0.0 112
1694444910893 0.0 113
1694444911155 0.0 114
1694444911413 0.0 115
1694444911656 0.0 116
1694444911901 0.0 117
1694444912142 0.0 118
1694444912403 0.0 119
1694444912637 0.0 120
1694444912884 0.0 121
1694444913111 0.0 122
1694444913347 0.0 123
1694444913572 0.0 124
1694444913807 0.0 125
1694444914053 0.0 126
1694444914308 0.0 127
1694444914577 0.0 128
1694444914863 0.0 129
1694444915145 0.0 130
1694444915417 0.0 131
1694444915666 0.0 132
1694444915907 0.0 133
1694444916164 0.0 134
1694444916424 0.0 135
1694444916690 0.0 136
1694444916970 0.0 137
1694444917223 0.0 138
1694444917485 0.0 139
1694444917747 0.0 140
1694444918022 0.0 141
1694444918281 0.0 142
1694444918543 0.0 143
1694444918805 0.0 144
1694444919064 0.0 145
1694444919339 0.0 146
1694444919559 0.0 147
1694444919798 0.0 148
1694444920035 0.0 149
1694444920309 0.0 150
1694444920565 0.0 151
1694444920832 0.0 152
1694444921101 0.0 153
1694444921359 0.0 154
1694444921615 0.0 155
1694444921878 0.0 156
1694444922130 0.0 157
1694444922390 0.0 158
1694444922633 0.0 159
1694444922907 0.0 160
1694444923164 0.0 161
1694444923421 0.0 162
1694444923656 0.0 163
1694444923906 0.0 164
1694444924149 0.0 165
1694444924378 0.0 166
1694444924598 0.0 167
1694444924859 0.0 168
1694444925100 0.0 169
1694444925377 0.0 170
1694444925663 0.0 171
1694444925975 0.0 172
1694444926213 0.0 173
1694444926476 0.0 174
1694444926722 0.0 175
1694444926996 0.0 176
1694444927282 0.0 177
1694444927550 0.0 178
1694444927806 0.0 179
1694444928056 0.0 180
1694444928355 0.0 181
1694444928600 0.0 182
1694444928872 0.0 183
1694444929127 0.0 184
1694444929406 0.0 185
1694444929677 0.0 186
1694444929945 0.0 187
1694444930185 0.0 188
1694444930439 0.0 189
1694444930700 0.0 190
1694444930975 0.0 191
1694444931259 0.0 192
1694444931511 0.0 193
1694444931766 0.0 194
1694444931993 0.0 195
1694444932247 0.0 196
1694444932484 0.0 197
1694444932728 0.0 198
1694444932965 0.0 199
1694444933226 0.0 200
1694444933458 0.0 201
1694444933701 0.0 202
1694444933942 0.0 203
1694444934182 0.0 204
1694444934435 0.0 205
1694444934690 0.0 206
1694444934980 0.0 207
1694444935256 0.0 208
1694444935528 0.0 209
1694444935770 0.0 210
1694444936029 0.0 211
1694444936285 0.0 212
1694444936534 0.0 213
1694444936765 0.0 214
1694444936992 0.0 215
1694444937231 0.0 216
1694444937470 0.0 217
1694444937708 0.0 218
1694444937936 0.0 219
1694444938201 0.0 220
1694444938455 0.0 221
1694444938735 0.0 222
1694444938983 0.0 223
1694444939233 0.0 224
1694444939499 0.0 225
1694444939753 0.0 226
1694444939995 0.0 227
1694444940269 0.0 228
1694444940497 0.0 229
1694444940728 0.0 230
1694444940988 0.0 231
1694444941235 0.0 232
1694444941487 0.0 233
1694444941732 0.0 234
1694444941991 0.0 235
1694444942268 0.0 236
1694444942549 0.0 237
1694444942861 0.0 238
1694444943123 0.0 239
1694444943388 0.0 240
1694444943645 0.0 241
1694444943907 0.0 242
1694444944170 0.0 243
1694444944439 0.0 244
1694444944698 0.0 245
1694444944958 0.0 246
1694444945215 0.0 247
1694444945496 0.0 248
1694444945744 0.0 249
1694444946008 0.0 250
1694444946275 0.0 251
1694444946532 0.0 252
1694444946783 0.0 253
1694444947065 0.0 254
1694444947324 0.0 255
1694444947571 0.0 256
1694444947826 0.0 257
1694444948061 0.0 258
1694444948328 0.0 259
1694444948581 0.0 260
1694444948836 0.0 261
1694444949096 0.0 262
1694444949351 0.0 263
1694444949612 0.0 264
1694444949872 0.0 265
1694444950129 0.0 266
1694444950380 0.0 267
1694444950637 0.0 268
1694444950897 0.0 269
1694444951173 0.0 270
1694444951439 0.0 271
1694444951710 0.0 272
1694444951970 0.0 273
1694444952230 0.0 274
1694444952484 0.0 275
1694444952739 0.0 276
1694444953017 0.0 277
1694444953289 0.0 278
1694444953559 0.0 279
1694444953814 0.0 280
1694444954109 0.0 281
1694444954385 0.0 282
1694444954628 0.0 283
1694444954883 0.0 284
1694444955131 0.0 285
1694444955397 0.0 286
1694444955657 0.0 287
1694444955882 0.0 288
1694444956131 0.0 289
1694444956393 0.0 290
1694444956675 0.0 291
1694444956937 0.0 292
1694444957198 0.0 293
1694444957468 0.0 294
1694444957748 0.0 295
1694444958014 0.0 296
1694444958313 0.0 297
1694444958579 0.0 298
1694444958848 0.0 299
1694444959128 0.0 300
1694444959464 0.0 301
1694444959732 0.0 302
1694444960010 0.0 303
1694444960281 0.0 304
1694444960540 0.0 305
1694444960781 0.0 306
1694444961028 0.0 307
1694444961273 0.0 308
1694444961535 0.0 309
1694444961793 0.0 310
1694444962054 0.0 311
1694444962321 0.0 312
1694444962589 0.0 313
1694444962841 0.0 314
1694444963106 0.0 315
1694444963387 0.0 316
1694444963637 0.0 317
1694444963899 0.0 318
1694444964147 0.0 319
1694444964406 0.0 320
1694444964643 0.0 321
1694444964883 0.0 322
1694444965148 0.0 323
1694444965420 0.0 324
1694444965727 0.0 325
1694444965971 0.0 326
1694444966223 0.0 327
1694444966502 0.0 328
1694444966770 0.0 329
1694444967030 0.0 330
1694444967280 0.0 331
1694444967548 0.0 332
1694444967797 0.0 333
1694444968054 0.0 334
1694444968314 0.0 335
1694444968557 0.0 336
1694444968824 0.0 337
1694444969078 0.0 338
1694444969336 0.0 339
1694444969653 0.0 340
1694444969930 0.0 341
1694444970220 0.0 342
1694444970528 0.0 343
1694444970799 0.0 344
1694444971119 0.0 345
1694444971426 0.0 346
1694444971686 0.0 347
1694444971954 0.0 348
1694444972218 0.0 349
1694444972475 0.0 350
1694444972783 0.0 351
1694444973120 0.0 352
1694444973398 0.0 353
1694444973700 0.0 354
1694444974021 0.0 355
1694444974331 0.0 356
1694444974616 0.0 357
1694444974888 0.0 358
1694444975172 0.0 359
1694444975433 0.0 360
1694444975736 0.0 361
1694444976018 0.0 362
1694444976308 0.0 363
1694444976572 0.0 364
1694444976847 0.0 365
1694444977110 0.0 366
1694444977374 0.0 367
1694444977620 0.0 368
1694444977867 0.0 369
1694444978125 0.0 370
1694444978368 0.0 371
1694444978632 0.0 372
1694444978885 0.0 373
1694444979181 0.0 374
1694444979488 0.0 375
1694444979795 0.0 376
1694444980092 0.0 377
1694444980375 0.0 378
1694444980645 0.0 379
1694444980941 0.0 380
1694444981235 0.0 381
1694444981516 0.0 382
1694444981862 0.0 383
1694444982240 0.0 384
1694444982571 0.0 385
1694444982875 0.0 386
1694444983207 0.0 387
1694444983521 0.0 388
1694444983839 0.0 389
1694444984118 0.0 390
1694444984426 0.0 391
1694444984832 0.0 392
1694444985098 0.0 393
1694444985385 0.0 394
1694444985685 0.0 395
1694444986029 0.0 396
1694444986355 0.0 397
1694444986639 0.0 398
1694444986938 0.0 399
1694444987232 0.0 400
1694444987548 0.0 401
1694444987859 0.0 402
1694444988311 0.0 403
1694444988562 0.0 404
1694444988820 0.0 405
1694444989075 0.0 406
1694444989335 0.0 407
1694444989615 0.0 408
1694444989870 0.0 409
1694444990127 0.0 410
1694444990394 0.0 411
1694444990662 0.0 412
1694444990902 0.0 413
1694444991206 0.0 414
1694444991466 0.0 415
1694444991720 0.0 416
1694444992016 0.0 417
1694444992326 0.0 418
1694444992592 0.0 419
1694444992878 0.0 420
1694444993177 0.0 421
1694444993435 0.0 422
1694444993696 0.0 423
1694444993982 0.0 424
1694444994243 0.0 425
1694444994511 0.0 426
1694444994766 0.0 427
1694444995069 0.0 428
1694444995319 0.0 429
1694444995594 0.0 430
1694444995822 0.0 431
1694444996120 0.0 432
1694444996375 0.0 433
1694444996633 0.0 434
1694444996872 0.0 435
1694444997132 0.0 436
1694444997385 0.0 437
1694444997643 0.0 438
1694444997886 0.0 439
1694444998126 0.0 440
1694444998354 0.0 441
1694444998595 0.0 442
1694444998841 0.0 443
1694444999087 0.0 444
1694444999347 0.0 445
1694444999617 0.0 446
1694444999864 0.0 447
1694445000145 0.0 448
1694445000408 0.0 449
1694445000675 0.0 450
1694445000935 0.0 451
1694445001193 0.0 452
1694445001426 0.0 453
1694445001687 0.0 454
1694445001937 0.0 455
1694445002179 0.0 456
1694445002437 0.0 457
1694445002675 0.0 458
1694445002948 0.0 459
1694445003227 0.0 460
1694445003497 0.0 461
1694445003756 0.0 462
1694445004022 0.0 463
1694445004279 0.0 464
1694445004528 0.0 465
1694445004781 0.0 466
1694445005035 0.0 467
1694445005301 0.0 468
1694445005551 0.0 469
1694445005819 0.0 470
1694445006094 0.0 471
1694445006363 0.0 472
1694445006625 0.0 473
1694445006885 0.0 474
1694445007142 0.0 475
1694445007399 0.0 476
1694445007646 0.0 477
1694445007882 0.0 478
1694445008166 0.0 479
1694445008437 0.0 480
1694445008697 0.0 481
1694445008965 0.0 482
1694445009225 0.0 483
1694445009486 0.0 484
1694445009746 0.0 485
1694445010002 0.0 486
1694445010253 0.0 487
1694445010522 0.0 488
1694445010786 0.0 489
1694445011070 0.0 490
1694445011321 0.0 491
1694445011587 0.0 492
1694445011842 0.0 493
1694445012087 0.0 494
1694445012348 0.0 495
1694445012610 0.0 496
1694445012870 0.0 497
1694445013130 0.0 498
1694445013425 0.0 499
