1694438873725 -0.008716703168414108 0
1694438873755 -0.010324536593893097 1
1694438873786 -0.010636126170894933 2
1694438873813 -0.010387152267276933 3
1694438873847 -0.010622809101349162 4
1694438873878 -0.010202799257365891 5
1694438873906 -0.010273118816767512 6
1694438873940 -0.010779300927732827 7
1694438873977 -0.009824778585206584 8
1694438874020 -0.009323564524299943 9
1694438874055 -0.010644826505376459 10
1694438874090 -0.009587257886476852 11
1694438874120 -0.00964136287600037 12
1694438874152 -0.00975359237263862 13
1694438874183 -0.0103090393243086 14
1694438874213 -0.009556373151624609 15
1694438874244 -0.010292531211915534 16
1694438874274 -0.00861579254134237 17
1694438874304 -0.010295860582292482 18
1694438874333 -0.008684251992618686 19
1694438874364 -0.00947648775274823 20
1694438874395 -0.010241578246529048 21
1694438874425 -0.010026916403461428 22
1694438874455 -0.009584219647136072 23
1694438874491 -0.009701732784830996 24
1694438874526 -0.009637548351747904 25
1694438874560 -0.010041930897205509 26
1694438874594 -0.009847698255263104 27
1694438874630 -0.008618446242939726 28
1694438874665 -0.010132810871549491 29
1694438874701 -0.00906204171296765 30
1694438874738 -0.009281847668048737 31
1694438874770 -0.010047319931494991 32
1694438874808 -0.010307786924869777 33
1694438874842 -0.00972244334037864 34
1694438874876 -0.010383582311078499 35
1694438874909 -0.008939902396247978 36
1694438874946 -0.010091060989242617 37
1694438874980 -0.008912035437809607 38
1694438875016 -0.010199768466095716 39
1694438875051 -0.009848461568491063 40
1694438875086 -0.009401395926238454 41
1694438875124 -0.008812360640335415 42
1694438875160 -0.009333622271496811 43
1694438875198 -0.008697213996483155 44
1694438875235 -0.009719643077992446 45
1694438875277 -0.00844851269006508 46
1694438875306 -0.009851983221956129 47
1694438875336 -0.009327864373137817 48
1694438875367 -0.008854082476253966 49
1694438875397 -0.008767346100360562 50
1694438875426 -0.008971322128544568 51
1694438875456 -0.009328501376936416 52
1694438875494 -0.009341958885708213 53
1694438875527 -0.008740195657326089 54
1694438875562 -0.008902630733494066 55
1694438875593 -0.00858366373408459 56
1694438875623 -0.008817045952239644 57
1694438875651 -0.008748285089464236 58
1694438875682 -0.008759812084491392 59
1694438875712 -0.009746698113060281 60
1694438875741 -0.008792237757720534 61
1694438875771 -0.010156834271222381 62
1694438875802 -0.008336884364815056 63
1694438875833 -0.009501762593259189 64
1694438875862 -0.008701349794310032 65
1694438875893 -0.009513887730489001 66
1694438875922 -0.00886052708178986 67
1694438875950 -0.008524132319979394 68
1694438875980 -0.009678640873906907 69
1694438876010 -0.009378193366248455 70
1694438876039 -0.008633793875650886 71
1694438876069 -0.007716196201670522 72
1694438876100 -0.00809000010127936 73
1694438876132 -0.008717883641230495 74
1694438876162 -0.007826959578874026 75
1694438876194 -0.00803080975417858 76
1694438876225 -0.008626855404610723 77
1694438876257 -0.008609965697306876 78
1694438876287 -0.008940537636363821 79
1694438876318 -0.008950539812493163 80
1694438876348 -0.007818971381115647 81
1694438876381 -0.008446372902449317 82
1694438876411 -0.008367883903562134 83
1694438876441 -0.00905074043207632 84
1694438876475 -0.007567822094912913 85
1694438876504 -0.008771788407965442 86
1694438876535 -0.00894975253989072 87
1694438876564 -0.0082209541135283 88
1694438876595 -0.008789803406992425 89
1694438876625 -0.008814444579383629 90
1694438876654 -0.008596777879201323 91
1694438876686 -0.008689692269857385 92
1694438876717 -0.00860333601716623 93
1694438876746 -0.008944738088671134 94
1694438876777 -0.00786596505319892 95
1694438876806 -0.00823275412945046 96
1694438876834 -0.007986335982994808 97
1694438876864 -0.007372043591108879 98
1694438876894 -0.008689867153353958 99
1694438876925 -0.007269714667454741 100
1694438876954 -0.008833448379747422 101
1694438876984 -0.008422360169315635 102
1694438877014 -0.007753152391361873 103
1694438877044 -0.008435582745474512 104
1694438877075 -0.008120559349632295 105
1694438877105 -0.008675531884619003 106
1694438877135 -0.008549853435062982 107
1694438877164 -0.008136988432580816 108
1694438877193 -0.007694148128598144 109
1694438877225 -0.008405292311327361 110
1694438877254 -0.008173729623241366 111
1694438877283 -0.00756075443414983 112
1694438877313 -0.008335030815897815 113
1694438877342 -0.008502590373218988 114
1694438877373 -0.00829282751474314 115
1694438877402 -0.0074747925537093085 116
1694438877433 -0.007740644056413393 117
1694438877461 -0.007272562628052981 118
1694438877490 -0.007248112123845685 119
1694438877519 -0.008122828574889773 120
1694438877547 -0.007853434570409767 121
1694438877576 -0.007561590759218584 122
1694438877609 -0.007738772232398272 123
1694438877637 -0.0076256799816285525 124
1694438877667 -0.00762719317705951 125
1694438877697 -0.008127262583343953 126
1694438877726 -0.007530845433235678 127
1694438877754 -0.00720266456024965 128
1694438877786 -0.0074471983449562185 129
1694438877815 -0.007467063705449917 130
1694438877844 -0.00731720418817261 131
1694438877872 -0.007105662551878833 132
1694438877903 -0.007354462364290937 133
1694438877932 -0.007841559012293997 134
1694438877961 -0.0075250081351276865 135
1694438877992 -0.007617343274799904 136
1694438878025 -0.007983347568592647 137
1694438878055 -0.007234592889145519 138
1694438878087 -0.0071066389012124365 139
1694438878117 -0.006895627179704045 140
1694438878145 -0.007606421131814756 141
1694438878174 -0.006762127607288448 142
1694438878205 -0.007149158532502531 143
1694438878234 -0.007058694093772466 144
1694438878263 -0.006450524225187548 145
1694438878293 -0.006961217460097924 146
1694438878323 -0.006769100789092208 147
1694438878354 -0.006800247102902279 148
1694438878383 -0.006827361710375346 149
1694438878414 -0.007052806457840566 150
1694438878443 -0.006763075172242061 151
1694438878471 -0.005998298989718709 152
1694438878502 -0.006565257596319984 153
1694438878532 -0.006399834126790793 154
1694438878562 -0.0065441721365164796 155
1694438878596 -0.006279116972404797 156
1694438878637 -0.007123518634280845 157
1694438878673 -0.006883699786980335 158
1694438878707 -0.0064063903872728645 159
1694438878737 -0.006637299721538925 160
1694438878767 -0.006808033163961502 161
1694438878795 -0.0073264470469383 162
1694438878825 -0.0057957637149324 163
1694438878855 -0.006277138242991365 164
1694438878885 -0.006079650178006046 165
1694438878912 -0.005894616148214071 166
1694438878944 -0.006266648636535921 167
1694438878975 -0.006496244461224876 168
1694438879004 -0.0064739950106746935 169
1694438879035 -0.006163866235837423 170
1694438879065 -0.006538774673818359 171
1694438879095 -0.006287142499453724 172
1694438879126 -0.005432382274316305 173
1694438879155 -0.006681962809164332 174
1694438879189 -0.006336295765589028 175
1694438879218 -0.0064786938825454055 176
1694438879246 -0.00590007049169472 177
1694438879278 -0.005506972789435682 178
1694438879309 -0.006266998085153519 179
1694438879338 -0.006871954167972705 180
1694438879368 -0.006656035604643229 181
1694438879397 -0.00637464281741007 182
1694438879428 -0.005813387187201702 183
1694438879457 -0.005693993181082213 184
1694438879488 -0.006636222335902886 185
1694438879518 -0.00553382567236449 186
1694438879551 -0.0060955005234348825 187
1694438879579 -0.006032771812529036 188
1694438879609 -0.006448453838609591 189
1694438879640 -0.00608960846249218 190
1694438879670 -0.005489124482102481 191
1694438879700 -0.005530569799034879 192
1694438879729 -0.005239257691461052 193
1694438879761 -0.0057463233365242505 194
1694438879793 -0.005485542409372712 195
1694438879824 -0.0054147723659701 196
1694438879855 -0.00567688868645333 197
1694438879884 -0.005342772995726941 198
1694438879914 -0.005288416598814072 199
1694438879944 -0.005538094020548501 200
1694438879973 -0.00538966528483531 201
1694438880006 -0.0049563062951305525 202
1694438880041 -0.0058468343046802485 203
1694438880072 -0.005294185623117897 204
1694438880104 -0.005212170627815427 205
1694438880136 -0.005171009001202487 206
1694438880165 -0.004970591694295923 207
1694438880195 -0.005029192041818842 208
1694438880226 -0.0056636523589557175 209
1694438880255 -0.0048996291366179 210
1694438880287 -0.00509931456679924 211
1694438880317 -0.0047616046139655754 212
1694438880346 -0.005212678485287281 213
1694438880380 -0.0042363742168292085 214
1694438880409 -0.0049140783503589525 215
1694438880439 -0.004984127775335523 216
1694438880468 -0.004058529529405108 217
1694438880496 -0.005486434706255761 218
1694438880527 -0.004901868429538547 219
1694438880556 -0.0049866000185398995 220
1694438880586 -0.004952694761577003 221
1694438880616 -0.005009114794075176 222
1694438880647 -0.0044068568304993505 223
1694438880676 -0.0038934186042318686 224
1694438880706 -0.005166505036221514 225
1694438880737 -0.004278844610615895 226
1694438880769 -0.003973539584154251 227
1694438880798 -0.0042943681823306434 228
1694438880829 -0.0035664928443801536 229
1694438880859 -0.004539755468793816 230
1694438880888 -0.004144901597919803 231
1694438880921 -0.004547692445488805 232
1694438880949 -0.0034756314875685757 233
1694438880979 -0.003965208261806019 234
1694438881010 -0.0033549247977036067 235
1694438881041 -0.0047766509922235745 236
1694438881071 -0.004032087059068656 237
1694438881101 -0.002734764921004329 238
1694438881131 -0.003608916824378028 239
1694438881164 -0.003725038707404149 240
1694438881195 -0.0035802466840269 241
1694438881227 -0.0026573198109858254 242
1694438881257 -0.003847058361734712 243
1694438881286 -0.0035456095934089937 244
1694438881316 -0.0033796498891058846 245
1694438881347 -0.0031795026822596384 246
1694438881377 -0.003352146576170112 247
1694438881406 -0.002395349538978131 248
1694438881436 -0.002790925084906304 249
1694438881465 -0.0025145120577374502 250
1694438881494 -0.0030807730699868863 251
1694438881525 -0.0016941139238548786 252
1694438881556 -0.003081816082008082 253
1694438881586 -0.003497372177538871 254
1694438881617 -0.0029528776206850793 255
1694438881649 -0.0016156630711643416 256
1694438881676 -0.0029119511762427663 257
1694438881706 -0.0022143583381040166 258
1694438881736 -0.0020326330647180146 259
1694438881766 -0.002085989066649585 260
1694438881794 -0.002973801645784091 261
1694438881826 -0.0025388832129273897 262
1694438881858 -0.002011550982696786 263
1694438881888 -0.0003409427725957759 264
1694438881918 -0.0015875281634294414 265
1694438881947 -0.002124006987501037 266
1694438881977 -0.002545431023768474 267
1694438882008 -0.0014369228111010823 268
1694438882038 -0.002042471735920648 269
1694438882068 -0.0009545240893154006 270
1694438882098 0.0005103693225650963 271
1694438882128 -0.0014110722483742233 272
1694438882158 -0.0014594868484099077 273
1694438882188 -0.0015299252594864754 274
1694438882219 -0.0007924631832390006 275
1694438882248 -0.0014157779221746214 276
1694438882278 -0.0009189163343992224 277
1694438882309 0.000773058232998558 278
1694438882341 -0.001802153154080166 279
1694438882371 -0.0017642283917302937 280
1694438882402 0.0001874598254839599 281
1694438882435 -0.00040705296360754595 282
1694438882464 -2.9007268643965745e-05 283
1694438882492 0.0003527685461832686 284
1694438882521 -0.000438534686719283 285
1694438882555 0.0010195691767813653 286
1694438882584 0.0013125077383634443 287
1694438882615 0.0002911079404683825 288
1694438882645 0.0009223608876962608 289
1694438882674 0.001428065119288946 290
1694438882704 -3.7502426497582064e-06 291
1694438882736 -0.0019820509027763666 292
1694438882767 0.001303750386095981 293
1694438882796 0.0007282768131618989 294
1694438882825 0.0013086374914794696 295
1694438882856 0.0011779542958830769 296
1694438882884 0.002457436038370453 297
1694438882912 0.0008863505604463917 298
1694438882943 0.0010629520644749313 299
1694438882974 0.0006831938594440423 300
1694438883003 -0.0005469872226300243 301
1694438883035 0.0006089571004465055 302
1694438883063 0.0021957859821057912 303
1694438883094 0.0009508351471284593 304
1694438883124 0.0002406246564566894 305
1694438883154 0.0010177545117560083 306
1694438883186 0.003217096410816911 307
1694438883217 6.210359869363025e-06 308
1694438883248 0.0014550166360913774 309
1694438883280 0.002482175892895122 310
1694438883309 0.002981874721017075 311
1694438883340 0.003199276491616887 312
1694438883374 0.0037778539151246404 313
1694438883403 0.002327856650138904 314
1694438883434 0.003698602569213283 315
1694438883465 0.004074110391183661 316
1694438883495 0.0011643963640833865 317
1694438883525 0.0034662678326868868 318
1694438883555 0.0028952135502536835 319
1694438883588 0.0028467545503134684 320
1694438883622 0.0029529120141322807 321
1694438883658 0.004000918119463459 322
1694438883691 0.0047791968483407166 323
1694438883723 0.0025630032420875803 324
1694438883753 0.004760197651246023 325
1694438883785 0.005819516996603102 326
1694438883814 0.0031029859220974565 327
1694438883847 0.0038948209011077095 328
1694438883877 0.006485830452160002 329
1694438883906 0.0029614549986657357 330
1694438883936 0.002416557599420832 331
1694438883967 0.002566457390467347 332
1694438883997 0.0051376614998184245 333
1694438884027 0.006138765201210039 334
1694438884057 0.004910820049510378 335
1694438884086 0.005061055914818868 336
1694438884117 0.005461652968950181 337
1694438884149 0.00296680177683184 338
1694438884178 0.005465088705887022 339
1694438884210 0.005006134747032709 340
1694438884243 0.010670513995379882 341
1694438884277 0.00849547022297037 342
1694438884309 0.0076929839054931115 343
1694438884338 0.0053842120150321415 344
1694438884370 0.0058205309736903965 345
1694438884402 0.007679660371204378 346
1694438884433 0.009521998789856712 347
1694438884467 0.008697130568748213 348
1694438884495 0.0073431559274013125 349
1694438884525 0.005939792331065452 350
1694438884555 0.008686859547615944 351
1694438884584 0.009031674954299573 352
1694438884613 0.009445783820252074 353
1694438884644 0.008770052220308466 354
1694438884675 0.0063818819724321685 355
1694438884705 0.011235797595926078 356
1694438884734 0.006806174609651605 357
1694438884767 0.00645553885865946 358
1694438884795 0.004267935286373481 359
1694438884827 0.00827187336639379 360
1694438884857 0.011072746258975252 361
1694438884888 0.008720805290100997 362
1694438884918 0.01008821770355306 363
1694438884951 0.00970088797875246 364
1694438884979 0.010033017255018373 365
1694438885008 0.008822192557258246 366
1694438885042 0.0110826824378778 367
1694438885072 0.014654751023937096 368
1694438885102 0.014938262405670977 369
1694438885131 0.016039320787935463 370
1694438885161 0.011692729018025871 371
1694438885194 0.01198261719394389 372
1694438885224 0.009046139571033951 373
1694438885255 0.01304239876295088 374
1694438885286 0.014501372318167505 375
1694438885315 0.01336243310179186 376
1694438885344 0.016232295791183793 377
1694438885376 0.012189293122497835 378
1694438885405 0.011633593554602029 379
1694438885436 0.014175516126088361 380
1694438885466 0.013022874007179719 381
1694438885495 0.014956445640837979 382
1694438885525 0.012059701277038593 383
1694438885556 0.013159284226593848 384
1694438885586 0.014353756728681222 385
1694438885617 0.0131689618512002 386
1694438885645 0.013820230376603293 387
1694438885675 0.017556945917650446 388
1694438885705 0.010507380932146426 389
1694438885735 0.01651892219445117 390
1694438885765 0.018351720193285903 391
1694438885795 0.015752213653782876 392
1694438885826 0.017925362498462438 393
1694438885859 0.020245806151535373 394
1694438885889 0.013739248368488832 395
1694438885918 0.017958957091537053 396
1694438885947 0.019620674150388484 397
1694438885977 0.015545657544914548 398
1694438886007 0.018665461962316 399
1694438886037 0.019273455207904022 400
1694438886068 0.01929574477464413 401
1694438886102 0.018252226418812523 402
1694438886132 0.018318310934944626 403
1694438886162 0.02009630581844135 404
1694438886195 0.016417880291927922 405
1694438886228 0.021192930875358007 406
1694438886266 0.015055515603688563 407
1694438886296 0.01715881519573692 408
1694438886329 0.02295579752685961 409
1694438886369 0.02140973650070277 410
1694438886402 0.01691275467007214 411
1694438886429 0.016614305076090963 412
1694438886458 0.019555195735304842 413
1694438886495 0.021783967680895633 414
1694438886539 0.02267641410972021 415
1694438886591 0.018701356478833864 416
1694438886638 0.016973485332180793 417
1694438886686 0.025359281937170408 418
1694438886741 0.026214285153987604 419
1694438886801 0.02254840503854938 420
1694438886840 0.024689927456645 421
1694438886875 0.021360244619911373 422
1694438886906 0.02632989319423462 423
1694438886935 0.028049709998284156 424
1694438886965 0.024504644550478627 425
1694438886998 0.03341777462085804 426
1694438887028 0.02537179495252273 427
1694438887060 0.02756348124410568 428
1694438887091 0.02023587653462733 429
1694438887121 0.027672322860308185 430
1694438887156 0.02667742481332125 431
1694438887192 0.027659796420296145 432
1694438887225 0.02616578133881231 433
1694438887259 0.028448624113632137 434
1694438887290 0.031242641094419543 435
1694438887322 0.02567424767457016 436
1694438887355 0.02991632420630108 437
1694438887385 0.030770855429205768 438
1694438887413 0.02993110378797048 439
1694438887441 0.029424823341208772 440
1694438887471 0.028995741869885627 441
1694438887501 0.028155258373997016 442
1694438887529 0.03239071277833361 443
1694438887558 0.032885059827379326 444
1694438887589 0.02515720850516845 445
1694438887618 0.029124154000010782 446
1694438887648 0.033204182474700805 447
1694438887679 0.03324275227282136 448
1694438887711 0.030587782298523436 449
1694438887742 0.02978585723321503 450
1694438887772 0.038799667596684184 451
1694438887802 0.03192643981088672 452
1694438887830 0.03236689206275989 453
1694438887861 0.035057469238466754 454
1694438887891 0.038296539361608595 455
1694438887921 0.03508801862436872 456
1694438887949 0.030691052093871574 457
1694438887980 0.03730485918140647 458
1694438888010 0.0360206478756534 459
1694438888040 0.036979513099215655 460
1694438888071 0.03440437750553649 461
1694438888102 0.0429983754251807 462
1694438888131 0.046566871849674896 463
1694438888162 0.04380800885335312 464
1694438888194 0.036098306866399144 465
1694438888224 0.03451456057609903 466
1694438888254 0.03673166683285334 467
1694438888285 0.03966092866335469 468
1694438888315 0.04364800244759981 469
1694438888344 0.04054346462339076 470
1694438888376 0.040287154248332735 471
1694438888407 0.03291541744544202 472
1694438888436 0.03758772414644129 473
1694438888464 0.03762078643735156 474
1694438888495 0.04268291676763558 475
1694438888525 0.04775014238999675 476
1694438888555 0.042964585722078286 477
1694438888586 0.03633010090648414 478
1694438888614 0.03799960298847571 479
1694438888643 0.04047816816103733 480
1694438888674 0.040756379419250144 481
1694438888708 0.057265719013109506 482
1694438888743 0.048567856307141555 483
1694438888775 0.03906048862806688 484
1694438888808 0.05130175669973047 485
1694438888839 0.04945298616429783 486
1694438888868 0.04964541162519365 487
1694438888896 0.04822537083212042 488
1694438888925 0.05000833105298541 489
1694438888954 0.05263812942441115 490
1694438888982 0.03770674021420972 491
1694438889014 0.051060128278974326 492
1694438889044 0.0427634601541097 493
1694438889075 0.04823065898049039 494
1694438889106 0.04628805100792366 495
1694438889136 0.043067560090185086 496
1694438889167 0.05115273008098853 497
1694438889200 0.05233716808229971 498
1694438889229 0.06067324206457603 499
