1694438873718 170.18063799970687 0
1694438873748 166.18563093294392 1
1694438873778 167.8258677397082 2
1694438873807 164.7842473000049 3
1694438873840 165.6555986872068 4
1694438873870 162.41473158432575 5
1694438873899 162.36805305837538 6
1694438873932 161.18592026058505 7
1694438873966 158.48248181991312 8
1694438874011 156.50492979400522 9
1694438874047 157.62312623131757 10
1694438874083 157.22236194237576 11
1694438874113 154.65847134577606 12
1694438874143 154.4658490276222 13
1694438874176 150.58391885563006 14
1694438874206 149.52072154118994 15
1694438874237 148.81780317751333 16
1694438874267 148.00247802477531 17
1694438874295 147.4122463352993 18
1694438874325 146.6428265264915 19
1694438874357 144.73989725708861 20
1694438874388 144.4337901998284 21
1694438874417 142.70847605719263 22
1694438874446 141.07878488858358 23
1694438874481 139.82947156453224 24
1694438874516 140.00217666447404 25
1694438874551 138.07697383944142 26
1694438874587 137.73154083552333 27
1694438874622 137.06473380335393 28
1694438874658 134.75595976221317 29
1694438874693 133.32359088872715 30
1694438874727 132.90509379691667 31
1694438874763 134.11803996915367 32
1694438874799 129.10894597216375 33
1694438874834 129.3496033119708 34
1694438874868 127.5937743837225 35
1694438874901 128.16384546460546 36
1694438874936 126.45796408524633 37
1694438874974 124.969696548729 38
1694438875008 123.98960748368648 39
1694438875042 122.71659002108714 40
1694438875078 120.15343762526655 41
1694438875114 122.4198663507179 42
1694438875152 119.1061131040044 43
1694438875190 119.88897563822664 44
1694438875228 117.9934892565314 45
1694438875267 119.3621678810883 46
1694438875300 116.23600722320995 47
1694438875329 116.09478955589456 48
1694438875359 115.99801450955665 49
1694438875390 113.43058012899549 50
1694438875419 111.9995925946764 51
1694438875448 112.1741263599039 52
1694438875486 111.82482100660533 53
1694438875520 109.60773147371914 54
1694438875555 109.79764205139726 55
1694438875584 109.52244360593045 56
1694438875615 107.40303575814941 57
1694438875644 106.46074934247142 58
1694438875675 105.93399759137353 59
1694438875704 105.53371065624839 60
1694438875735 105.32359204688507 61
1694438875764 103.0218491204004 62
1694438875796 103.37735419085182 63
1694438875826 102.08644746783202 64
1694438875855 101.16786867427352 65
1694438875886 100.19653564946701 66
1694438875915 100.2013348641113 67
1694438875943 99.89512849966282 68
1694438875973 98.06505507523917 69
1694438876002 96.86879321564304 70
1694438876032 97.16516545080265 71
1694438876061 96.94572689723427 72
1694438876092 95.94511411543954 73
1694438876125 93.73228724746605 74
1694438876155 93.94285835059229 75
1694438876187 93.3108265906102 76
1694438876218 91.45710608166301 77
1694438876249 91.59661339212386 78
1694438876280 90.55781799385964 79
1694438876310 89.88765158650067 80
1694438876341 89.3486370747532 81
1694438876373 88.62973778937727 82
1694438876405 88.19819015654284 83
1694438876435 86.47049283216148 84
1694438876463 87.22209355338913 85
1694438876496 85.10334208319657 86
1694438876526 84.97478327141297 87
1694438876558 83.30289175095447 88
1694438876588 83.07001167044676 89
1694438876617 82.2531775580917 90
1694438876647 81.33882077018507 91
1694438876678 81.85617721355347 92
1694438876709 80.4893735413223 93
1694438876739 79.93673500414526 94
1694438876770 80.04214819017572 95
1694438876800 78.71440596691185 96
1694438876828 78.54850914485183 97
1694438876857 77.11169967471034 98
1694438876887 77.48452762563441 99
1694438876918 76.58123301816697 100
1694438876946 76.41500314516463 101
1694438876976 74.91026705806813 102
1694438877007 73.76616997088668 103
1694438877038 74.86133828187695 104
1694438877069 73.64873639402956 105
1694438877097 73.25120268968656 106
1694438877127 72.31123380359045 107
1694438877157 71.69433640746774 108
1694438877186 71.63893243930644 109
1694438877218 70.98347037818745 110
1694438877246 70.5621876487864 111
1694438877277 70.34731368519999 112
1694438877307 69.70750698579938 113
1694438877336 68.97172821052098 114
1694438877366 67.9293390390424 115
1694438877394 67.74219129284523 116
1694438877425 67.82072227177416 117
1694438877455 66.59781977697091 118
1694438877483 65.9158198705574 119
1694438877512 64.98485835082597 120
1694438877541 65.43101630124109 121
1694438877569 64.25291564426918 122
1694438877602 63.81773096008512 123
1694438877631 63.37047833250225 124
1694438877660 63.55807922887504 125
1694438877690 62.65065299387883 126
1694438877720 62.25358157729808 127
1694438877747 61.28799746539577 128
1694438877777 61.32473016500993 129
1694438877807 60.31436520654764 130
1694438877837 59.760036435286764 131
1694438877865 59.60391291831898 132
1694438877895 58.93180263496173 133
1694438877926 58.32509968988158 134
1694438877954 57.64230857527339 135
1694438877984 58.38131295631479 136
1694438878017 57.345692235296454 137
1694438878048 57.59777640702561 138
1694438878078 56.64586177260258 139
1694438878109 55.615638078003016 140
1694438878139 55.36427338402903 141
1694438878167 54.0482394744766 142
1694438878197 54.37260878719759 143
1694438878226 53.86024993264152 144
1694438878256 53.704304651352594 145
1694438878286 53.81635005947813 146
1694438878317 52.657965248695696 147
1694438878345 52.17756220786099 148
1694438878375 52.181851308122255 149
1694438878406 51.4144187530807 150
1694438878436 51.37973449222469 151
1694438878464 51.29744707453884 152
1694438878494 50.348856234389274 153
1694438878525 50.11091691761509 154
1694438878555 49.96839935783941 155
1694438878587 48.84339834381554 156
1694438878627 48.81362608019048 157
1694438878665 48.17834469401357 158
1694438878698 48.134954763553736 159
1694438878729 47.813484796217175 160
1694438878759 47.224689336720935 161
1694438878789 47.41621091384584 162
1694438878818 47.02484246299359 163
1694438878848 46.11218405915377 164
1694438878877 46.13266537721204 165
1694438878907 45.99325542356157 166
1694438878938 45.82811269169296 167
1694438878968 44.53435023486938 168
1694438878996 44.137311325776395 169
1694438879027 44.162374631412966 170
1694438879059 44.11559841877607 171
1694438879087 43.603535606783325 172
1694438879120 43.53225676955395 173
1694438879148 42.289319527438586 174
1694438879177 42.627324835755104 175
1694438879211 41.74522489991285 176
1694438879239 41.4359620327056 177
1694438879272 41.40517441313956 178
1694438879302 40.993373647571644 179
1694438879331 40.97164985978151 180
1694438879361 40.10650616584044 181
1694438879391 40.32251522141753 182
1694438879422 39.84407015223589 183
1694438879450 39.94264229724943 184
1694438879481 38.978050408214244 185
1694438879510 39.11426221708788 186
1694438879542 38.719435369243556 187
1694438879572 38.18722886726525 188
1694438879602 37.77201856581985 189
1694438879635 37.7150146399737 190
1694438879662 37.15356341866745 191
1694438879692 36.87909834904023 192
1694438879722 37.49190833031268 193
1694438879755 36.117443541196856 194
1694438879786 36.48517883384112 195
1694438879817 35.924540578927186 196
1694438879848 35.82698447207333 197
1694438879876 35.931941454192916 198
1694438879906 35.16463917641854 199
1694438879937 34.53373664992934 200
1694438879966 34.542139014601005 201
1694438879996 34.31531853735805 202
1694438880034 33.734992990331854 203
1694438880065 33.79699238561499 204
1694438880096 33.324744893823144 205
1694438880127 32.93856185696001 206
1694438880157 32.99250497428765 207
1694438880188 32.70242273203305 208
1694438880219 32.3368685587085 209
1694438880247 32.19234605427124 210
1694438880279 32.018212498002335 211
1694438880310 32.05480161006863 212
1694438880340 31.579333818227592 213
1694438880373 31.023509584713594 214
1694438880402 30.95682488944758 215
1694438880433 30.05933598073011 216
1694438880461 30.62752968127549 217
1694438880490 30.100236194187502 218
1694438880519 30.11498859473806 219
1694438880549 29.872582816570002 220
1694438880578 29.763933678067303 221
1694438880608 29.329834660861245 222
1694438880640 29.288794637125093 223
1694438880669 29.106289093306042 224
1694438880697 28.62204322821229 225
1694438880731 28.327703820481297 226
1694438880761 28.35482009224204 227
1694438880791 28.071489295635836 228
1694438880822 27.52855931289277 229
1694438880852 27.328220370859285 230
1694438880881 27.320256433283042 231
1694438880913 26.771002513470904 232
1694438880942 27.03267491990465 233
1694438880972 26.60007689363509 234
1694438881003 26.319454555077108 235
1694438881034 26.462809207881904 236
1694438881062 25.917617647441244 237
1694438881094 25.627676802429676 238
1694438881125 25.52853772749628 239
1694438881157 25.382124615583315 240
1694438881189 25.17424758632801 241
1694438881220 24.965773077425528 242
1694438881250 24.789633874418406 243
1694438881279 24.57977484785408 244
1694438881309 24.552874724012888 245
1694438881339 24.000857836667787 246
1694438881371 24.200013314841296 247
1694438881399 23.989637851889718 248
1694438881428 24.036549802185565 249
1694438881459 23.44242809721141 250
1694438881488 23.31764337574421 251
1694438881519 23.463661666289852 252
1694438881548 22.996244935981476 253
1694438881578 22.944983457309142 254
1694438881609 22.711030861931487 255
1694438881640 22.45878588426844 256
1694438881670 22.085472928906302 257
1694438881698 22.402616470408894 258
1694438881729 21.687996704933845 259
1694438881758 21.884134574273 260
1694438881788 21.32444305955022 261
1694438881819 21.45150370642559 262
1694438881851 21.234319689684543 263
1694438881880 21.397039915167852 264
1694438881911 20.87439477553953 265
1694438881941 20.782968507857596 266
1694438881970 20.547147308862822 267
1694438882001 20.434480978565055 268
1694438882031 20.123455737110223 269
1694438882061 20.201729326362162 270
1694438882090 20.18796704914132 271
1694438882121 19.997529299477836 272
1694438882151 19.444142974671998 273
1694438882179 19.654365820619894 274
1694438882211 19.3921180986021 275
1694438882242 19.274515653663705 276
1694438882271 19.21212354648565 277
1694438882302 19.043112409357832 278
1694438882334 18.61709332389108 279
1694438882363 18.714989082514574 280
1694438882394 18.370317471979618 281
1694438882427 18.381958057486177 282
1694438882457 18.21320659407729 283
1694438882486 18.287934349874384 284
1694438882513 18.0878900578133 285
1694438882547 17.74760327765925 286
1694438882577 17.766149785922146 287
1694438882608 17.678605655005818 288
1694438882639 17.440917321956253 289
1694438882668 17.248296108595493 290
1694438882696 17.020986095569302 291
1694438882727 17.11255425379485 292
1694438882759 16.812473957197795 293
1694438882790 16.56406138779472 294
1694438882819 16.54658225535226 295
1694438882848 16.588766033733386 296
1694438882877 16.318888211807263 297
1694438882906 16.09942697242664 298
1694438882937 16.008148331839344 299
1694438882967 15.988821780499446 300
1694438882995 15.879243723171621 301
1694438883027 15.6763788726664 302
1694438883057 15.471881804949396 303
1694438883086 15.361984944970729 304
1694438883116 15.243338503333126 305
1694438883147 15.167202374434734 306
1694438883177 15.109839104009621 307
1694438883210 15.196807608837181 308
1694438883240 15.00727553931961 309
1694438883272 14.83121555558975 310
1694438883303 14.654487521781073 311
1694438883334 14.69063549413391 312
1694438883367 14.446889106106227 313
1694438883395 14.396608880285315 314
1694438883426 14.120654680504284 315
1694438883458 14.151148024756727 316
1694438883487 13.966347637851435 317
1694438883518 13.851289221430392 318
1694438883547 13.843812944874074 319
1694438883578 13.87341114851425 320
1694438883613 13.652596540958267 321
1694438883649 13.458185166468976 322
1694438883684 13.400094997321435 323
1694438883716 13.271996134669749 324
1694438883746 13.139335871010214 325
1694438883777 13.090866510839636 326
1694438883808 13.094518048543868 327
1694438883839 13.033221132321128 328
1694438883871 12.895552713478908 329
1694438883899 12.698849684721667 330
1694438883928 12.886847178431816 331
1694438883960 12.514902128517807 332
1694438883990 12.481563364572725 333
1694438884020 12.28702802364224 334
1694438884049 12.044929299510367 335
1694438884079 12.021932128150805 336
1694438884109 12.149330034992435 337
1694438884140 11.825555975321574 338
1694438884171 11.945307742045946 339
1694438884202 11.769104588344396 340
1694438884235 11.816945817147957 341
1694438884270 11.430452378493028 342
1694438884302 11.254566539244799 343
1694438884331 11.400223201499735 344
1694438884362 11.310425174926795 345
1694438884393 11.257875577892461 346
1694438884425 11.301256347170542 347
1694438884459 10.984388364180525 348
1694438884489 11.2081399037957 349
1694438884518 10.824759557400707 350
1694438884547 10.791474866052582 351
1694438884577 10.688134636411878 352
1694438884607 10.596297401272018 353
1694438884638 10.557416788552406 354
1694438884668 10.54469691614661 355
1694438884698 10.47078853997595 356
1694438884726 10.137447647839068 357
1694438884758 10.253121432084397 358
1694438884789 10.131594597617203 359
1694438884820 10.109092209522396 360
1694438884849 10.028945447005091 361
1694438884880 9.781147820117232 362
1694438884911 9.827254326390927 363
1694438884942 9.5575838503615 364
1694438884973 9.821735865828073 365
1694438885001 9.563568928740532 366
1694438885034 9.647571303023868 367
1694438885065 9.46930683609985 368
1694438885094 9.393228522043158 369
1694438885124 9.197336370528758 370
1694438885154 9.220112188801238 371
1694438885187 9.125800665103515 372
1694438885218 9.135524663366663 373
1694438885246 9.115258780096115 374
1694438885278 9.016246192719432 375
1694438885308 8.968262873355537 376
1694438885337 8.708983587630035 377
1694438885369 8.791100095120532 378
1694438885398 8.636554724439351 379
1694438885428 8.609814066699991 380
1694438885459 8.58416422309277 381
1694438885488 8.61608706150361 382
1694438885519 8.548913887475218 383
1694438885548 8.309898029598731 384
1694438885578 8.505772263901378 385
1694438885609 8.13622502486058 386
1694438885638 8.321594154993903 387
1694438885669 8.114707823032262 388
1694438885697 8.062634476056015 389
1694438885727 7.940362622052841 390
1694438885759 7.866480959508664 391
1694438885788 7.8649189817989384 392
1694438885819 7.761602630185774 393
1694438885852 7.820472505983376 394
1694438885881 7.838801227529451 395
1694438885911 7.6970999111353215 396
1694438885941 7.6338623410912785 397
1694438885970 7.6387159262864435 398
1694438885998 7.44136741901145 399
1694438886029 7.495799203542293 400
1694438886061 7.4295826298401115 401
1694438886092 7.293375197870609 402
1694438886125 7.180281470498309 403
1694438886155 7.205217139702167 404
1694438886189 7.212936486993978 405
1694438886221 7.005003633527837 406
1694438886258 7.06534744434436 407
1694438886289 6.878148024340469 408
1694438886323 6.841331798511139 409
1694438886359 6.857652474358735 410
1694438886393 6.9335837748344336 411
1694438886422 6.6203978596794935 412
1694438886452 6.707828463815956 413
1694438886485 6.582433136818942 414
1694438886526 6.594859492421748 415
1694438886577 6.535832296453278 416
1694438886628 6.508497589118719 417
1694438886672 6.388368406820728 418
1694438886725 6.555962568772986 419
1694438886791 6.4179351241293485 420
1694438886829 6.370460541879253 421
1694438886867 6.47967024434947 422
1694438886899 6.370342617247165 423
1694438886928 6.124358502842874 424
1694438886958 6.206720899801437 425
1694438886991 6.113292411720998 426
1694438887022 6.0172688289216945 427
1694438887053 6.037984305085675 428
1694438887084 5.9736545860938035 429
1694438887114 5.910318247665588 430
1694438887145 5.907291023293512 431
1694438887184 5.831126280100799 432
1694438887218 5.873410544530104 433
1694438887249 5.7377536288715 434
1694438887284 5.774076145208952 435
1694438887314 5.6374417735992175 436
1694438887345 5.580816633622673 437
1694438887377 5.48434350989644 438
1694438887407 5.560226445440327 439
1694438887435 5.416555132429672 440
1694438887463 5.451116138232393 441
1694438887494 5.492319529058314 442
1694438887522 5.44487999928909 443
1694438887552 5.200605534968239 444
1694438887582 5.329970291203415 445
1694438887611 5.268884210366447 446
1694438887642 5.175899523537999 447
1694438887672 5.158643107584192 448
1694438887703 5.119343155368633 449
1694438887735 5.047511963158907 450
1694438887765 4.963639649010168 451
1694438887794 5.071383583966809 452
1694438887824 4.900236696680443 453
1694438887854 4.9092357998558445 454
1694438887885 4.873878439331298 455
1694438887913 4.8556128269433305 456
1694438887943 4.837744610942365 457
1694438887973 4.765517729196683 458
1694438888003 4.871226827627617 459
1694438888032 4.680040388784354 460
1694438888063 4.636659587763456 461
1694438888094 4.514223465749151 462
1694438888125 4.614515688799616 463
1694438888155 4.61122833135036 464
1694438888187 4.521241636764548 465
1694438888217 4.523961067574892 466
1694438888245 4.443846951054195 467
1694438888277 4.438168262389485 468
1694438888308 4.453990690885781 469
1694438888338 4.446067573306127 470
1694438888369 4.34175806259181 471
1694438888400 4.279536386748312 472
1694438888429 4.245159350408288 473
1694438888458 4.262191540525049 474
1694438888489 4.174805029007614 475
1694438888518 4.182116067702486 476
1694438888547 4.180179392216222 477
1694438888578 4.158830969783523 478
1694438888607 4.121389856078066 479
1694438888636 4.064370799148912 480
1694438888665 3.9513638998571015 481
1694438888698 3.9392294074615513 482
1694438888736 3.970018793556626 483
1694438888767 4.01318731799518 484
1694438888800 3.9237852566251425 485
1694438888831 3.8854419659030435 486
1694438888861 3.9211817394626336 487
1694438888889 3.9438063279212 488
1694438888918 3.872057619918004 489
1694438888947 3.7388213978783824 490
1694438888975 3.8061324419511333 491
1694438889006 3.718909239832974 492
1694438889038 3.742821230611683 493
1694438889067 3.750505371970777 494
1694438889098 3.689949627868451 495
1694438889127 3.585896096842724 496
1694438889159 3.6435975169210786 497
1694438889192 3.567100181110922 498
1694438889223 3.610422258202299 499
