1694444300187 0.0029259558370344774 0
1694444300221 0.003054889167095398 1
1694444300252 0.0032891932177165906 2
1694444300284 0.0032384598882611026 3
1694444300314 0.003063029433501563 4
1694444300348 0.00296014239874276 5
1694444300383 0.0033192349199713256 6
1694444300438 0.003117825679523234 7
1694444300477 0.0028296403407341852 8
1694444300547 0.002940871874734019 9
1694444300579 0.0029163132063469988 10
1694444300611 0.0032691470798451583 11
1694444300644 0.003113911285287707 12
1694444300680 0.002949211789699979 13
1694444300711 0.0031057268285366035 14
1694444300743 0.003373792730647862 15
1694444300775 0.0029481004180564874 16
1694444300806 0.003428208228276164 17
1694444300842 0.003492290295532774 18
1694444300879 0.002959737727059708 19
1694444300916 0.0030785463970441906 20
1694444300950 0.0033888631284706427 21
1694444300980 0.003108874886028956 22
1694444301011 0.00334946390828339 23
1694444301042 0.0025521693633132614 24
1694444301073 0.003250951257108725 25
1694444301105 0.0032371729675776395 26
1694444301137 0.0030729517255858596 27
1694444301168 0.0031583077782472158 28
1694444301201 0.0035397925798533736 29
1694444301233 0.002983995773989445 30
1694444301265 0.0035620690377001774 31
1694444301296 0.0032531683422584168 32
1694444301326 0.0036679131565792167 33
1694444301359 0.0031206741397293847 34
1694444301394 0.0029671655180953938 35
1694444301424 0.0034594662870193194 36
1694444301456 0.0033694503337629023 37
1694444301486 0.0031711899789439446 38
1694444301517 0.003481376431756056 39
1694444301549 0.0031712459533231874 40
1694444301580 0.003503351940659316 41
1694444301611 0.00303708249821133 42
1694444301644 0.0031014935858718617 43
1694444301676 0.00337300508886329 44
1694444301706 0.003599391259197615 45
1694444301736 0.003288731181605775 46
1694444301768 0.0036619897332665907 47
1694444301800 0.0032731374510380773 48
1694444301830 0.003560161027244324 49
1694444301862 0.003399368841454753 50
1694444301894 0.0035141084018613933 51
1694444301924 0.003258129802485521 52
1694444301955 0.003256589595123094 53
1694444301987 0.003796889967336181 54
1694444302018 0.00361682825465659 55
1694444302048 0.003214293853328054 56
1694444302080 0.0033424782091687755 57
1694444302113 0.0035896900549959865 58
1694444302142 0.0037039878890176015 59
1694444302178 0.0035410608686348155 60
1694444302211 0.003725518504949177 61
1694444302242 0.003288293008479437 62
1694444302273 0.0030851144358033933 63
1694444302305 0.00343918552389888 64
1694444302334 0.003370383413851208 65
1694444302366 0.0030045012154267248 66
1694444302397 0.003668487881893334 67
1694444302429 0.0033912657787532607 68
1694444302460 0.003367447639400667 69
1694444302490 0.003226563291997109 70
1694444302522 0.0032975566050340577 71
1694444302553 0.003021341209020423 72
1694444302585 0.0029826061243402036 73
1694444302616 0.003763832713426285 74
1694444302646 0.0034116140687031615 75
1694444302680 0.0027705116038672095 76
1694444302712 0.0033713662016938706 77
1694444302741 0.0031421639459674466 78
1694444302772 0.0030954216616349006 79
1694444302804 0.0032137970221198797 80
1694444302834 0.0030934689117740888 81
1694444302865 0.0035725757642958156 82
1694444302897 0.0033772696616506392 83
1694444302929 0.0036455649567032067 84
1694444302958 0.0034441662890825064 85
1694444302990 0.0027774417803210216 86
1694444303023 0.0032898343596561297 87
1694444303054 0.0036260675457704394 88
1694444303087 0.0036773707690240798 89
1694444303118 0.003354408047752888 90
1694444303149 0.003265387188072788 91
1694444303184 0.003201495187480363 92
1694444303217 0.0033379682539107502 93
1694444303248 0.003940972860223879 94
1694444303278 0.0035204164864427456 95
1694444303310 0.0033382237736658826 96
1694444303341 0.0034522176796089044 97
1694444303375 0.0032280348702349304 98
1694444303405 0.003636497173123421 99
1694444303436 0.00346326986537826 100
1694444303467 0.0035847292845703205 101
1694444303497 0.0029116502136271594 102
1694444303530 0.0033019995752959774 103
1694444303561 0.0035675344263725872 104
1694444303591 0.003478579292124695 105
1694444303624 0.003327309690996927 106
1694444303657 0.0034965691666060117 107
1694444303688 0.0036308206069222138 108
1694444303721 0.0037965764490545117 109
1694444303751 0.003619663166925191 110
1694444303783 0.003378077519144873 111
1694444303813 0.0029639715849271164 112
1694444303843 0.003272273977569462 113
1694444303874 0.0031988490613545917 114
1694444303906 0.0032975263712284875 115
1694444303937 0.0035461877955850207 116
1694444303968 0.0034007936985616105 117
1694444304000 0.0036713411143288743 118
1694444304031 0.0033657660939891976 119
1694444304061 0.003709279439718993 120
1694444304094 0.0038605893139020964 121
1694444304125 0.002825050720084654 122
1694444304156 0.003381223365701236 123
1694444304194 0.0030789560677642047 124
1694444304226 0.0029703055083403207 125
1694444304256 0.0033308408247681998 126
1694444304284 0.0033757947970258773 127
1694444304315 0.0028953201658766803 128
1694444304345 0.0032121872951396124 129
1694444304378 0.0035713597790899554 130
1694444304410 0.003413306571542596 131
1694444304442 0.0031284082499241084 132
1694444304474 0.0035499535351942724 133
1694444304505 0.0031452591141925 134
1694444304536 0.003652999369163634 135
1694444304567 0.0032419245289722065 136
1694444304598 0.0037065556526626464 137
1694444304629 0.00400933624859412 138
1694444304662 0.0032032742674369397 139
1694444304697 0.003502486114887682 140
1694444304730 0.0035028458117214445 141
1694444304761 0.00358461298317847 142
1694444304791 0.003819907970858294 143
1694444304823 0.0034023511058089984 144
1694444304855 0.003233212258997753 145
1694444304887 0.003932659422223206 146
1694444304917 0.003508715879268265 147
1694444304948 0.0036328005173175137 148
1694444304979 0.0036710452274268945 149
1694444305010 0.003482359298437543 150
1694444305041 0.0034938819562976287 151
1694444305072 0.0034174995346937243 152
1694444305103 0.0035153298547810907 153
1694444305136 0.0035987988220254064 154
1694444305168 0.0034769755639459943 155
1694444305200 0.003413633368092417 156
1694444305231 0.00365895999734267 157
1694444305262 0.003500969937249243 158
1694444305293 0.00341895342562315 159
1694444305325 0.003758141404111237 160
1694444305358 0.003888931662738626 161
1694444305387 0.003781412391804073 162
1694444305422 0.003916823250191048 163
1694444305452 0.003839954154571168 164
1694444305482 0.0036816823462284543 165
1694444305514 0.003933291154446739 166
1694444305546 0.003697117959330809 167
1694444305577 0.003572869549881341 168
1694444305608 0.003375734661803409 169
1694444305640 0.004258397893254995 170
1694444305671 0.004145538548280925 171
1694444305702 0.0038957523114822035 172
1694444305733 0.0033253678032120204 173
1694444305764 0.003518587832301856 174
1694444305793 0.0040261720971014325 175
1694444305824 0.003760030079900334 176
1694444305856 0.003874348241160286 177
1694444305889 0.0030679934439055145 178
1694444305921 0.003362118093693578 179
1694444305952 0.0038124381583215516 180
1694444305984 0.0036370832865810776 181
1694444306017 0.0035896626475466764 182
1694444306049 0.0034288158480270114 183
1694444306081 0.0037562004624287493 184
1694444306111 0.0036039836014478688 185
1694444306141 0.0034595374359056574 186
1694444306173 0.00318463785687928 187
1694444306207 0.0036125085382893163 188
1694444306240 0.003941155222646264 189
1694444306271 0.003483797556361301 190
1694444306306 0.0036429152696701994 191
1694444306338 0.0038615103349508573 192
1694444306372 0.0036368966537331238 193
1694444306405 0.0031616947641079918 194
1694444306437 0.0032885811417312505 195
1694444306468 0.003581592179503934 196
1694444306498 0.003362703499156572 197
1694444306530 0.003766314454034414 198
1694444306561 0.0035912980313712595 199
1694444306592 0.0037821067396001107 200
1694444306624 0.004041904437486865 201
1694444306658 0.003944608528759108 202
1694444306688 0.0038913580617243593 203
1694444306720 0.0035745056166225364 204
1694444306753 0.003770064161391584 205
1694444306785 0.003362066836030131 206
1694444306816 0.003537185718083924 207
1694444306846 0.003505996292975877 208
1694444306876 0.0036514250502523993 209
1694444306908 0.0037509682391028143 210
1694444306939 0.004159615484749191 211
1694444306969 0.003599667189853717 212
1694444307001 0.004133986440008952 213
1694444307033 0.003733687882551129 214
1694444307064 0.0038953057757009635 215
1694444307094 0.004053134870231956 216
1694444307125 0.003812154167720627 217
1694444307159 0.0038422083694488185 218
1694444307188 0.0033596442072530985 219
1694444307220 0.003445634572267764 220
1694444307251 0.00373253010901764 221
1694444307281 0.0038687736281213247 222
1694444307313 0.003921341398765654 223
1694444307346 0.0031908386267225364 224
1694444307378 0.003454074313319122 225
1694444307410 0.004040483978428044 226
1694444307444 0.0039029056503907533 227
1694444307474 0.0034406004524014655 228
1694444307508 0.003716646001780566 229
1694444307541 0.0037321225639430633 230
1694444307572 0.0032479459844033665 231
1694444307604 0.0033130653369590757 232
1694444307635 0.0037834252314099537 233
1694444307671 0.003617487666325747 234
1694444307703 0.003419076942286381 235
1694444307735 0.0039091862475155725 236
1694444307764 0.0037403766578801845 237
1694444307795 0.003942431290141157 238
1694444307825 0.0036381761154448133 239
1694444307856 0.0038128528284040453 240
1694444307887 0.00396791774654337 241
1694444307920 0.0036097361840414788 242
1694444307953 0.0039678704152076305 243
1694444307985 0.0036410089880120067 244
1694444308018 0.0035649882373620656 245
1694444308048 0.003917810916943099 246
1694444308078 0.004261063703833612 247
1694444308109 0.0036685601316931438 248
1694444308141 0.003417272421418538 249
1694444308177 0.0033951383727829354 250
1694444308210 0.0038527369306330383 251
1694444308241 0.004014671640460543 252
1694444308271 0.003215794577079878 253
1694444308304 0.0038478349808306334 254
1694444308335 0.0040019205384850265 255
1694444308370 0.0038169748231315914 256
1694444308400 0.003982425151924485 257
1694444308432 0.0038072608921410067 258
1694444308483 0.0036369225908748914 259
1694444308523 0.003548661362958727 260
1694444308557 0.004098397829682132 261
1694444308587 0.004021541537234885 262
1694444308616 0.0032050759525859007 263
1694444308649 0.00341087755672298 264
1694444308682 0.0030388967298419223 265
1694444308715 0.0036983901430232002 266
1694444308747 0.003696097347671845 267
1694444308779 0.004375884943102815 268
1694444308809 0.0036918206390267327 269
1694444308839 0.004020130063039473 270
1694444308871 0.00402529415262276 271
1694444308903 0.004294006360723968 272
1694444308938 0.0041016995665559275 273
1694444308973 0.00381649217786062 274
1694444309011 0.003805191730777202 275
1694444309043 0.003995750331877934 276
1694444309079 0.003940130007436871 277
1694444309110 0.00382740457452746 278
1694444309141 0.0037543602901947137 279
1694444309173 0.002939016411799611 280
1694444309203 0.003733944241397613 281
1694444309236 0.003910229445468372 282
1694444309268 0.003968260251973388 283
1694444309299 0.0041729497608176125 284
1694444309333 0.0041338792212985975 285
1694444309366 0.004195843535990118 286
1694444309397 0.0036986710606312645 287
1694444309428 0.004011412069390263 288
1694444309462 0.003554845514102234 289
1694444309495 0.003352311851144041 290
1694444309524 0.0036886108649788474 291
1694444309555 0.0039523154922121995 292
1694444309586 0.004112367104508574 293
1694444309616 0.0036312178722043287 294
1694444309654 0.003903488606205263 295
1694444309686 0.0032925670414640784 296
1694444309718 0.003545843245548075 297
1694444309753 0.003911890439781129 298
1694444309785 0.0041515717954715425 299
1694444309817 0.0037843031184850995 300
1694444309848 0.0035010923309334308 301
1694444309883 0.0035636988346775533 302
1694444309914 0.003894624142960601 303
1694444309945 0.0041588694112776325 304
1694444309976 0.004297881799083858 305
1694444310008 0.003530781827685403 306
1694444310038 0.004145338406674082 307
1694444310070 0.004168396929488116 308
1694444310101 0.0034104900147350348 309
1694444310133 0.004185155467705481 310
1694444310166 0.0037385989342592074 311
1694444310196 0.003955129190276074 312
1694444310226 0.0038816669806189807 313
1694444310258 0.003910605258555577 314
1694444310288 0.0043516633096080115 315
1694444310321 0.004101969775823444 316
1694444310352 0.0039875487521554565 317
1694444310385 0.0037745018636382577 318
1694444310416 0.0034288479836691588 319
1694444310447 0.0036473438237002442 320
1694444310478 0.003537374253828829 321
1694444310509 0.0037104293843370773 322
1694444310540 0.003923717059307719 323
1694444310571 0.0038687055384011293 324
1694444310602 0.0045657441963471435 325
1694444310637 0.0037272174295666094 326
1694444310670 0.0038785756349136724 327
1694444310702 0.004102795607863308 328
1694444310733 0.003483340172622529 329
1694444310763 0.0041582882934001475 330
1694444310794 0.003569292709336369 331
1694444310826 0.0038651961791401623 332
1694444310856 0.0033686241828386754 333
1694444310888 0.004151191578322777 334
1694444310921 0.0038610244914060177 335
1694444310953 0.004463671635108857 336
1694444310984 0.004237385621598255 337
1694444311016 0.004464440664681102 338
1694444311047 0.0037760875681308592 339
1694444311080 0.004144426984851846 340
1694444311112 0.0041855149310617845 341
1694444311141 0.0043450142727115 342
1694444311177 0.0037940875197370882 343
1694444311209 0.0042078668023886046 344
1694444311238 0.0038634236962404866 345
1694444311271 0.004532888437282834 346
1694444311302 0.004061173101275739 347
1694444311333 0.0039643560590458815 348
1694444311366 0.004225843072011015 349
1694444311396 0.004343094223177801 350
1694444311428 0.003934189647563424 351
1694444311459 0.0037857898402026136 352
1694444311489 0.0036829206559928496 353
1694444311518 0.004323110071788316 354
1694444311551 0.004198767239468215 355
1694444311582 0.004251411594360932 356
1694444311614 0.003849831921833524 357
1694444311644 0.004282362054699784 358
1694444311680 0.004076194621068785 359
1694444311710 0.003950426740562674 360
1694444311739 0.004217903612617646 361
1694444311771 0.003695905907973751 362
1694444311801 0.003985434529178433 363
1694444311832 0.0038146931592107913 364
1694444311862 0.004898412501840088 365
1694444311893 0.004112227562381721 366
1694444311922 0.0038377413020761475 367
1694444311954 0.004768621185794353 368
1694444311989 0.004220829216008082 369
1694444312021 0.003887237101332097 370
1694444312053 0.004242849811626481 371
1694444312084 0.0037988399672808093 372
1694444312114 0.003763067171173917 373
1694444312145 0.004121468046469401 374
1694444312178 0.00446280426546386 375
1694444312211 0.004189611256849246 376
1694444312242 0.004269959824902747 377
1694444312274 0.003943351996149591 378
1694444312305 0.004326249674242666 379
1694444312335 0.004760253805392245 380
1694444312369 0.00449029893417674 381
1694444312399 0.003826496965398274 382
1694444312431 0.003916712485335316 383
1694444312464 0.004067210807144894 384
1694444312495 0.004031201053342426 385
1694444312526 0.0037544469219202847 386
1694444312557 0.003767373477752578 387
1694444312587 0.00426603770342171 388
1694444312618 0.0037708096942118408 389
1694444312650 0.004493558958567179 390
1694444312684 0.003917878054560564 391
1694444312717 0.0038590488137482115 392
1694444312748 0.0038506918917842192 393
1694444312779 0.0037997908557466653 394
1694444312811 0.004533563988514233 395
1694444312843 0.0039796840774714015 396
1694444312876 0.003860726708433182 397
1694444312907 0.004129428753550268 398
1694444312938 0.004032934067700111 399
1694444312970 0.004299691472419598 400
1694444313002 0.003401895215270123 401
1694444313034 0.004378622285371225 402
1694444313063 0.004177978490229051 403
1694444313094 0.003743119212158086 404
1694444313124 0.004159009158528182 405
1694444313156 0.003591952770471196 406
1694444313189 0.004748939153844556 407
1694444313236 0.00461589725263889 408
1694444313275 0.003586702224966598 409
1694444313307 0.0042571781553064625 410
1694444313340 0.004527224961058174 411
1694444313374 0.003972371037472833 412
1694444313407 0.00451662871017533 413
1694444313438 0.004110040181021901 414
1694444313470 0.003618934066471846 415
1694444313502 0.004106025850352579 416
1694444313533 0.00448807473062629 417
1694444313567 0.003962331624029813 418
1694444313600 0.004853147921010215 419
1694444313631 0.004661415816994752 420
1694444313667 0.004290361947381971 421
1694444313697 0.003982903644554225 422
1694444313728 0.004101159979266078 423
1694444313761 0.004047254502656972 424
1694444313797 0.004352183286171818 425
1694444313831 0.0040711910611624935 426
1694444313863 0.0040446535118559 427
1694444313899 0.00392990834745488 428
1694444313932 0.004012847327144242 429
1694444313964 0.005082928534010711 430
1694444313997 0.003893088010717749 431
1694444314030 0.0041065694034473355 432
1694444314062 0.0039051358241255496 433
1694444314100 0.004017719825315291 434
1694444314135 0.00428860831717659 435
1694444314171 0.003595363437047139 436
1694444314204 0.004335545991558831 437
1694444314235 0.004362649290962306 438
1694444314270 0.004058167465985751 439
1694444314302 0.0035750881883744867 440
1694444314336 0.0047707675040821185 441
1694444314368 0.0041280286391672805 442
1694444314400 0.004568901250250557 443
1694444314431 0.004260472692414474 444
1694444314460 0.004248059409311722 445
1694444314495 0.004211575858520833 446
1694444314528 0.004364862519446122 447
1694444314559 0.004402411597743905 448
1694444314592 0.004180081713509365 449
1694444314627 0.004177954914823756 450
1694444314663 0.0045046739260165 451
1694444314697 0.004094735297261676 452
1694444314731 0.004081450109814533 453
1694444314762 0.004454671580980674 454
1694444314796 0.004695677589340308 455
1694444314827 0.004190744898894927 456
1694444314863 0.004205888398835844 457
1694444314896 0.004391248895474487 458
1694444314931 0.004007112076648722 459
1694444314962 0.004009436462539706 460
1694444314995 0.004031332729028003 461
1694444315025 0.003926265688549924 462
1694444315056 0.00381912073736812 463
1694444315089 0.004164294523374412 464
1694444315120 0.0036881452972770123 465
1694444315153 0.0041898301228255885 466
1694444315185 0.004803667987752891 467
1694444315218 0.004204244003164992 468
1694444315250 0.004038206676872158 469
1694444315281 0.005283214777982437 470
1694444315313 0.00435264666453461 471
1694444315341 0.0045828961941335455 472
1694444315373 0.003679090177362454 473
1694444315403 0.004075398730833402 474
1694444315434 0.004513142591651587 475
1694444315463 0.0042938952601887515 476
1694444315493 0.004149044850779826 477
1694444315525 0.004516116426481087 478
1694444315557 0.00449826627904093 479
1694444315589 0.004931587750605315 480
1694444315621 0.0040333102516134645 481
1694444315651 0.0046545194569974635 482
1694444315690 0.004288285779788459 483
1694444315722 0.00498442543811084 484
1694444315751 0.004386182854658971 485
1694444315782 0.004611138413749827 486
1694444315813 0.0035466951463919427 487
1694444315845 0.004758539059844469 488
1694444315875 0.0040988811017350635 489
1694444315906 0.004730912425806699 490
1694444315937 0.003707781422614409 491
1694444315968 0.004274460739577268 492
1694444315998 0.004090327146007988 493
1694444316028 0.004425794716685361 494
1694444316058 0.004207777762769815 495
1694444316088 0.004721736659481057 496
1694444316120 0.00432632417589196 497
1694444316151 0.004771732720497468 498
1694444316186 0.004506494626953961 499
