1694444283837 -0.0020430013606214104 0
1694444283872 -0.002273739510389783 1
1694444283903 -0.0022539794939879787 2
1694444283936 -0.002203940844122343 3
1694444283968 -0.0023138762436456517 4
1694444283998 -0.0022391760006881256 5
1694444284031 -0.0023334470712075284 6
1694444284066 -0.0025509010639435115 7
1694444284101 -0.0021469735594423778 8
1694444284141 -0.002544845860464884 9
1694444284188 -0.002255793354451363 10
1694444284222 -0.0019930831129855164 11
1694444284259 -0.0021936934187949397 12
1694444284293 -0.0021491739716641423 13
1694444284328 -0.0021227326581332306 14
1694444284369 -0.0022976384441462105 15
1694444284403 -0.0025642283142768285 16
1694444284441 -0.0023940048101971367 17
1694444284477 -0.0024656883732683266 18
1694444284511 -0.0023237139227409997 19
1694444284544 -0.002212522712268461 20
1694444284583 -0.0022028225710801763 21
1694444284622 -0.0023417263381360076 22
1694444284662 -0.0020341495599560666 23
1694444284700 -0.002549991653850059 24
1694444284742 -0.0022449087740710194 25
1694444284778 -0.0020982386316610313 26
1694444284812 -0.0021581014346434557 27
1694444284846 -0.0024237142506973175 28
1694444284878 -0.0021708652193090927 29
1694444284911 -0.0018623536787027994 30
1694444284945 -0.0024626267878340435 31
1694444284979 -0.002426356723427281 32
1694444285011 -0.002337139885417061 33
1694444285047 -0.0020442753642546663 34
1694444285087 -0.002357260075776635 35
1694444285126 -0.0023099003349187353 36
1694444285158 -0.0021197742097802674 37
1694444285189 -0.0020084844447585404 38
1694444285221 -0.002019827597764534 39
1694444285252 -0.002268914886640383 40
1694444285285 -0.001979497903091376 41
1694444285317 -0.002254634366393171 42
1694444285351 -0.0024379047274876164 43
1694444285384 -0.0022823484952150253 44
1694444285415 -0.0024953015422752856 45
1694444285445 -0.0019934184386256604 46
1694444285476 -0.0018491316498656651 47
1694444285507 -0.002607011987522778 48
1694444285539 -0.0023697969831606436 49
1694444285571 -0.0021267669337579065 50
1694444285603 -0.002461557926960456 51
1694444285634 -0.0021926025802481153 52
1694444285667 -0.0024360085315995317 53
1694444285700 -0.0021462703646935033 54
1694444285729 -0.001977223958574026 55
1694444285762 -0.0021856859746653967 56
1694444285793 -0.0022880022719007354 57
1694444285825 -0.0023393434753098408 58
1694444285856 -0.0023482749574559314 59
1694444285887 -0.002198855748412054 60
1694444285918 -0.00215456413312598 61
1694444285948 -0.002055028171028761 62
1694444285979 -0.0022058917502880693 63
1694444286010 -0.0023171628688452017 64
1694444286041 -0.00233808656499912 65
1694444286072 -0.0022254480933228127 66
1694444286104 -0.0024876659930921363 67
1694444286135 -0.0019129325211271198 68
1694444286167 -0.002235942973030536 69
1694444286200 -0.0021327222326927853 70
1694444286230 -0.002410014161381646 71
1694444286261 -0.002271622094248471 72
1694444286293 -0.0022687809639403422 73
1694444286325 -0.0021757959598085463 74
1694444286354 -0.0021183932981876374 75
1694444286390 -0.002400102382394076 76
1694444286423 -0.0020712001588623075 77
1694444286455 -0.0021582713602856796 78
1694444286490 -0.0020796742846707073 79
1694444286522 -0.0021138795335446936 80
1694444286553 -0.0023964561553320163 81
1694444286587 -0.0018707361783270038 82
1694444286617 -0.0021724016709052663 83
1694444286653 -0.0019830956533686273 84
1694444286685 -0.001969805380928946 85
1694444286716 -0.00218124475990078 86
1694444286747 -0.0021467096811587094 87
1694444286779 -0.0021088820685404297 88
1694444286809 -0.002378416210862433 89
1694444286839 -0.0025258722473078254 90
1694444286870 -0.00258389212863408 91
1694444286901 -0.0019141326088374377 92
1694444286932 -0.0022458322833085465 93
1694444286963 -0.0018147894399882514 94
1694444286996 -0.0017775588462474179 95
1694444287028 -0.0021609142664260617 96
1694444287058 -0.0022953905421487786 97
1694444287089 -0.0018976088587139284 98
1694444287122 -0.002090919000177438 99
1694444287152 -0.0020146280491324386 100
1694444287188 -0.002196418354873275 101
1694444287222 -0.0024188863067524657 102
1694444287254 -0.0021076603429497354 103
1694444287285 -0.002294903079420152 104
1694444287317 -0.0019878482928550323 105
1694444287352 -0.0020351092675034987 106
1694444287384 -0.002217703954241701 107
1694444287415 -0.0019964721392453644 108
1694444287449 -0.002230570992026726 109
1694444287482 -0.0020932106383027005 110
1694444287514 -0.0021347269478297903 111
1694444287545 -0.0025592796159852327 112
1694444287577 -0.002237678892892836 113
1694444287610 -0.0021838934264044596 114
1694444287642 -0.002017336585387497 115
1694444287675 -0.0020001114992327373 116
1694444287710 -0.0021280304047839316 117
1694444287742 -0.002105313395265096 118
1694444287776 -0.002009813467277688 119
1694444287811 -0.0017950809899622833 120
1694444287843 -0.0020162252857234275 121
1694444287876 -0.002439749894316945 122
1694444287907 -0.0021821688145047258 123
1694444287937 -0.0021212207372904857 124
1694444287968 -0.002175568286878926 125
1694444288001 -0.0020322014929394783 126
1694444288032 -0.0022874315713907745 127
1694444288062 -0.0020739946951895405 128
1694444288093 -0.002179425375797628 129
1694444288126 -0.0019858444694145216 130
1694444288158 -0.0019924785732394756 131
1694444288195 -0.0017416570137227527 132
1694444288229 -0.0021777394700857045 133
1694444288261 -0.0020756606198042427 134
1694444288301 -0.00235435081592672 135
1694444288345 -0.0021379035047648376 136
1694444288381 -0.002260269933871184 137
1694444288413 -0.0017662110024683209 138
1694444288445 -0.0022678034956593596 139
1694444288475 -0.002031553324888913 140
1694444288506 -0.0020200579862434953 141
1694444288536 -0.002453674194237365 142
1694444288568 -0.00203811675560428 143
1694444288600 -0.0022153353594183134 144
1694444288632 -0.0025133029265822504 145
1694444288665 -0.0019601936892392757 146
1694444288701 -0.0019858621071515703 147
1694444288733 -0.00226971618754801 148
1694444288765 -0.002261350782635674 149
1694444288798 -0.0021582600676419705 150
1694444288829 -0.002081456250949021 151
1694444288862 -0.0019616387348171394 152
1694444288896 -0.0020119884284004463 153
1694444288926 -0.002082228222671789 154
1694444288956 -0.0024242813885424486 155
1694444288988 -0.0021596332772033655 156
1694444289020 -0.0020863509596098506 157
1694444289051 -0.00225099261205286 158
1694444289083 -0.001970170186550435 159
1694444289113 -0.0019173681162885092 160
1694444289144 -0.002005046624883322 161
1694444289175 -0.0018282884730718152 162
1694444289207 -0.002240502211461326 163
1694444289237 -0.0020685777837521346 164
1694444289269 -0.0022994798492896873 165
1694444289302 -0.0021132975385977915 166
1694444289334 -0.002021565168304429 167
1694444289368 -0.0022515620990055663 168
1694444289399 -0.002333871671178489 169
1694444289433 -0.0020839984965099756 170
1694444289463 -0.001800369235889221 171
1694444289495 -0.002137917082728924 172
1694444289525 -0.0020388883991668827 173
1694444289557 -0.002326716791808625 174
1694444289588 -0.0020231398725170102 175
1694444289620 -0.0016799296346126091 176
1694444289652 -0.001922836935892125 177
1694444289684 -0.0018627809201179346 178
1694444289716 -0.0018224147659160472 179
1694444289749 -0.0021275566386913525 180
1694444289787 -0.0020758857510236872 181
1694444289819 -0.002211952257855865 182
1694444289851 -0.0019438096508752611 183
1694444289885 -0.0019310557605198841 184
1694444289918 -0.002090853770873702 185
1694444289949 -0.0020938401730214995 186
1694444289979 -0.0019581905708152547 187
1694444290010 -0.002516907996390483 188
1694444290040 -0.0020319762529490415 189
1694444290070 -0.001763385344898838 190
1694444290104 -0.002218838158034364 191
1694444290137 -0.0019490939461810353 192
1694444290170 -0.0018602778191902924 193
1694444290204 -0.001961580575174038 194
1694444290236 -0.002058848782948486 195
1694444290265 -0.0020892186076735264 196
1694444290297 -0.0017193300695077518 197
1694444290328 -0.00199825772088591 198
1694444290363 -0.0018259404476519414 199
1694444290394 -0.002135831488541129 200
1694444290426 -0.0017196027139307901 201
1694444290458 -0.0021908495341120826 202
1694444290487 -0.0019505706961722158 203
1694444290519 -0.002027975366284851 204
1694444290550 -0.002206071228453954 205
1694444290581 -0.001950772001976464 206
1694444290614 -0.0022289444093572808 207
1694444290645 -0.001809189231386954 208
1694444290678 -0.0020934494729862863 209
1694444290713 -0.0020263809807610222 210
1694444290743 -0.002168948240852009 211
1694444290775 -0.0018829281632355421 212
1694444290806 -0.0019292785183342431 213
1694444290838 -0.002134373529297795 214
1694444290869 -0.0018889013675866817 215
1694444290900 -0.0021088428656708125 216
1694444290931 -0.0019642581088059607 217
1694444290962 -0.002075601541604577 218
1694444290993 -0.002180938013581102 219
1694444291026 -0.0020387572417694955 220
1694444291055 -0.0018752274246520706 221
1694444291086 -0.0021664781358059493 222
1694444291116 -0.0018469798936282533 223
1694444291147 -0.0021689877123367562 224
1694444291182 -0.0022726587615251592 225
1694444291217 -0.0019510245870137943 226
1694444291247 -0.001940259371230546 227
1694444291279 -0.0021218170319710072 228
1694444291315 -0.0017865443017102134 229
1694444291345 -0.001961299627395219 230
1694444291379 -0.001954610007691704 231
1694444291412 -0.0019345589468635627 232
1694444291445 -0.002283136256934659 233
1694444291476 -0.0021402527619143186 234
1694444291507 -0.0016848115073475611 235
1694444291542 -0.0021234061550921 236
1694444291571 -0.0021213521351886033 237
1694444291604 -0.0016383108384288025 238
1694444291636 -0.0020193953002620724 239
1694444291668 -0.0021316725363746958 240
1694444291702 -0.0019132026596280216 241
1694444291736 -0.0021087634102816555 242
1694444291777 -0.0020576773471177034 243
1694444291813 -0.0020245653825312626 244
1694444291848 -0.0018185746910328593 245
1694444291883 -0.002340683395423815 246
1694444291919 -0.001972178626540977 247
1694444291964 -0.0019088059574954297 248
1694444291997 -0.0018323235808395122 249
1694444292039 -0.001980969245167552 250
1694444292072 -0.0014938485584374828 251
1694444292106 -0.001723400812660314 252
1694444292137 -0.002002419529933075 253
1694444292171 -0.0019117312847791723 254
1694444292206 -0.0019224626654312793 255
1694444292238 -0.002279061158578788 256
1694444292268 -0.002283661679439053 257
1694444292299 -0.001893011150219115 258
1694444292330 -0.00173063265198925 259
1694444292365 -0.0021688885883437425 260
1694444292414 -0.001824491358367375 261
1694444292446 -0.001791949839077489 262
1694444292477 -0.001740192982623956 263
1694444292506 -0.0019569297680319675 264
1694444292539 -0.0019131937586591707 265
1694444292570 -0.0017507936471619079 266
1694444292602 -0.002163505573764546 267
1694444292634 -0.002024398716373721 268
1694444292668 -0.0017003722906809848 269
1694444292702 -0.0021608678247408974 270
1694444292741 -0.0022961868818185405 271
1694444292778 -0.0019798379883755324 272
1694444292813 -0.0019879319215403424 273
1694444292847 -0.002022072033376787 274
1694444292878 -0.0021704985914086095 275
1694444292909 -0.0017348469676052858 276
1694444292940 -0.0018179728579563736 277
1694444292970 -0.002042629883920677 278
1694444293000 -0.0019022796988421575 279
1694444293033 -0.001774952225811477 280
1694444293065 -0.0021900673402575066 281
1694444293096 -0.0017874874754100212 282
1694444293128 -0.0022373524587824267 283
1694444293161 -0.0017407195894294514 284
1694444293195 -0.0018446305342347813 285
1694444293226 -0.002107058152546637 286
1694444293257 -0.0020400831214779647 287
1694444293287 -0.0018553152480436097 288
1694444293319 -0.0018554115894338086 289
1694444293351 -0.0020376207668255653 290
1694444293384 -0.001573703446347663 291
1694444293413 -0.0017327538401206155 292
1694444293445 -0.0019929294568254985 293
1694444293473 -0.0019083436994660197 294
1694444293504 -0.0020462152873161887 295
1694444293536 -0.0019927206775318673 296
1694444293569 -0.001808001624674871 297
1694444293600 -0.0018997509613163377 298
1694444293633 -0.0018796408373287221 299
1694444293665 -0.0020703997387359063 300
1694444293697 -0.0019887919663810205 301
1694444293730 -0.0016219436220747951 302
1694444293760 -0.0017190813559462281 303
1694444293793 -0.0016209822033028676 304
1694444293824 -0.0021025444812741156 305
1694444293855 -0.002020552954156374 306
1694444293886 -0.0017272647506769712 307
1694444293917 -0.0022293369777277583 308
1694444293951 -0.0016736571124309485 309
1694444293982 -0.0018833453698507974 310
1694444294014 -0.00197737588197211 311
1694444294046 -0.0020517012921907885 312
1694444294076 -0.0018867822777643983 313
1694444294105 -0.0017076554514361408 314
1694444294136 -0.0018458939995573687 315
1694444294169 -0.0014676443652301696 316
1694444294202 -0.0018801853808871893 317
1694444294234 -0.002160381179705073 318
1694444294264 -0.0021507609083473156 319
1694444294296 -0.0017779266552133688 320
1694444294329 -0.0020746632947068466 321
1694444294363 -0.0022118152713990202 322
1694444294394 -0.0021408686320987247 323
1694444294427 -0.0017389383231172229 324
1694444294459 -0.0019793615492809113 325
1694444294488 -0.0015929455496963563 326
1694444294521 -0.002080337668151966 327
1694444294553 -0.002169350507899015 328
1694444294584 -0.0021413180699159096 329
1694444294616 -0.0018060552157681542 330
1694444294648 -0.00204737784524478 331
1694444294681 -0.0017464943563934021 332
1694444294712 -0.0016752114108562477 333
1694444294741 -0.001965376297101251 334
1694444294772 -0.0019491637677371276 335
1694444294804 -0.001645472785661628 336
1694444294837 -0.001923393694333475 337
1694444294869 -0.0015637318906920328 338
1694444294902 -0.002037992817211398 339
1694444294934 -0.00182526472128397 340
1694444294969 -0.001899512703436912 341
1694444295000 -0.001765018718744793 342
1694444295036 -0.0016018849577374983 343
1694444295066 -0.002012432656077534 344
1694444295098 -0.0019319167408873295 345
1694444295130 -0.001785385445861154 346
1694444295162 -0.001730149399903791 347
1694444295196 -0.0019226887723475805 348
1694444295228 -0.002071591978945353 349
1694444295260 -0.00174417521773651 350
1694444295292 -0.0016861166731712007 351
1694444295323 -0.0014765896353445829 352
1694444295356 -0.0018532688864605351 353
1694444295386 -0.0020277022014378865 354
1694444295419 -0.001848997442957634 355
1694444295452 -0.0021054069633004158 356
1694444295487 -0.0019253949692306094 357
1694444295520 -0.0017393531605076618 358
1694444295553 -0.001731478198897296 359
1694444295585 -0.002130700497932292 360
1694444295618 -0.0017954818257470695 361
1694444295649 -0.0017407477216300205 362
1694444295681 -0.0018620092093692975 363
1694444295711 -0.0019176226434887145 364
1694444295743 -0.001703770256705317 365
1694444295774 -0.002020899331951931 366
1694444295804 -0.0018647834907794536 367
1694444295840 -0.0016951760223329337 368
1694444295871 -0.0021786764218123533 369
1694444295904 -0.0017735558827938203 370
1694444295936 -0.001880964476693947 371
1694444295969 -0.0019088411367418345 372
1694444296000 -0.0016871248801684224 373
1694444296031 -0.00163950192269402 374
1694444296063 -0.0019827647456953645 375
1694444296094 -0.0020699675613180535 376
1694444296123 -0.0016221039054855613 377
1694444296157 -0.0017191879604130378 378
1694444296190 -0.0015412866932635882 379
1694444296222 -0.001765429748411096 380
1694444296258 -0.0017384720859385805 381
1694444296287 -0.0017514677956671498 382
1694444296318 -0.0018444720246355573 383
1694444296353 -0.0015613621986889648 384
1694444296384 -0.0014464656784496377 385
1694444296417 -0.0017785335837650074 386
1694444296451 -0.0013731902954672304 387
1694444296484 -0.001739677601081402 388
1694444296515 -0.001639551361684477 389
1694444296548 -0.0015438712405821953 390
1694444296580 -0.0018465590492564576 391
1694444296610 -0.00158974443285409 392
1694444296644 -0.0017395312210062297 393
1694444296677 -0.0016880887198373884 394
1694444296707 -0.0018531639670213984 395
1694444296742 -0.0021473231006043925 396
1694444296772 -0.001573664622849913 397
1694444296802 -0.0014267926166589007 398
1694444296834 -0.0018998596989823202 399
1694444296868 -0.001845870091834012 400
1694444296901 -0.0018609134418503537 401
1694444296932 -0.0017125406453069036 402
1694444296966 -0.0016995427021779808 403
1694444296995 -0.001774749470620396 404
1694444297027 -0.0017058829963993993 405
1694444297056 -0.0016639927576087565 406
1694444297087 -0.00170271269325184 407
1694444297117 -0.0014803860458605378 408
1694444297151 -0.0013537168808044342 409
1694444297185 -0.001622344029090561 410
1694444297216 -0.0018166884974668562 411
1694444297249 -0.001860992136637707 412
1694444297280 -0.0019480406678613615 413
1694444297310 -0.0013471933345761133 414
1694444297343 -0.0014439114193429692 415
1694444297375 -0.0018007213979867043 416
1694444297406 -0.0015984708290515126 417
1694444297438 -0.0012939312263453573 418
1694444297468 -0.001573993597660417 419
1694444297498 -0.0018591716126086233 420
1694444297529 -0.001454521482628257 421
1694444297561 -0.0017210677347889725 422
1694444297592 -0.001709135127810013 423
1694444297622 -0.0017933745478844187 424
1694444297654 -0.0016500240924159915 425
1694444297687 -0.0018826632080821692 426
1694444297719 -0.0015175145657011502 427
1694444297751 -0.0013258931721529255 428
1694444297784 -0.0015245454557755167 429
1694444297815 -0.0016323171260930192 430
1694444297847 -0.0015787545789966995 431
1694444297879 -0.0015829734291352704 432
1694444297910 -0.001770351338832521 433
1694444297945 -0.0018960953175795048 434
1694444297978 -0.001646064164944061 435
1694444298010 -0.001765622081641549 436
1694444298044 -0.0020448651339519675 437
1694444298074 -0.0012923483057698526 438
1694444298105 -0.001697793754114496 439
1694444298135 -0.0016390179273457761 440
1694444298167 -0.0016051554124842937 441
1694444298200 -0.0017693821951405564 442
1694444298236 -0.0017363833659955752 443
1694444298268 -0.0016268267125010283 444
1694444298298 -0.0018275155700644419 445
1694444298329 -0.0013943792148449763 446
1694444298364 -0.001514515585903542 447
1694444298401 -0.001605800303726701 448
1694444298441 -0.0017416225584323541 449
1694444298473 -0.001730927631472312 450
1694444298505 -0.0016034508652553736 451
1694444298537 -0.0015060667508175474 452
1694444298569 -0.0017795760916421433 453
1694444298601 -0.0015812644134332032 454
1694444298633 -0.001478441893702831 455
1694444298670 -0.0013564286474754272 456
1694444298702 -0.0016040963195027569 457
1694444298733 -0.0018130221244117006 458
1694444298766 -0.0018247756433977802 459
1694444298797 -0.0017384047212858356 460
1694444298830 -0.001655490021705175 461
1694444298865 -0.0014794920852794213 462
1694444298899 -0.001710080329499597 463
1694444298932 -0.0016253745330594427 464
1694444298965 -0.0016573574303926364 465
1694444299000 -0.0015444822208809939 466
1694444299030 -0.0012407957001305814 467
1694444299063 -0.0019029486022741349 468
1694444299096 -0.0015295738284784033 469
1694444299130 -0.0013142205086407177 470
1694444299166 -0.0016144920144627317 471
1694444299206 -0.0014783101725117653 472
1694444299238 -0.0016649738230154476 473
1694444299274 -0.001773654849774875 474
1694444299304 -0.0014710628416969573 475
1694444299340 -0.0016688238142406053 476
1694444299376 -0.0015094497330256917 477
1694444299410 -0.0015403641473028529 478
1694444299442 -0.0017230478529965954 479
1694444299476 -0.0012377821408495748 480
1694444299509 -0.0018021513602606287 481
1694444299542 -0.0014909147511275034 482
1694444299574 -0.0016860767864459447 483
1694444299604 -0.0012615989780195846 484
1694444299639 -0.0014621850629488176 485
1694444299681 -0.001641144739143785 486
1694444299715 -0.001210909464483656 487
1694444299756 -0.0016531569036599691 488
1694444299789 -0.0015666928438919925 489
1694444299821 -0.001245921611032097 490
1694444299854 -0.0017419367639541772 491
1694444299886 -0.0013324148515223566 492
1694444299917 -0.001908087899580968 493
1694444299949 -0.0017155521761638148 494
1694444299981 -0.0016020113407582137 495
1694444300013 -0.0010391240546474556 496
1694444300046 -0.0018822243935749938 497
1694444300079 -0.001534657025752617 498
1694444300110 -0.0019727881780107204 499
