1694444283828 175.46588373668166 0
1694444283863 174.4336322231338 1
1694444283895 174.74859434508394 2
1694444283927 174.82824094449248 3
1694444283960 174.36310415976254 4
1694444283991 174.0777757616359 5
1694444284022 175.1093908659668 6
1694444284059 173.91918286420088 7
1694444284094 175.33231161274514 8
1694444284132 174.9571777382378 9
1694444284179 174.35427600639187 10
1694444284215 174.038953404847 11
1694444284247 174.02092977533445 12
1694444284284 173.47606976394997 13
1694444284320 172.91350215891603 14
1694444284361 173.78450150310755 15
1694444284395 172.43669815041875 16
1694444284432 173.1283897332141 17
1694444284468 172.9747901885663 18
1694444284502 172.99571065814283 19
1694444284536 173.06035107175973 20
1694444284574 171.60318314576162 21
1694444284613 172.70794398740213 22
1694444284651 173.07722857152294 23
1694444284693 171.62360540002055 24
1694444284732 172.11072815962507 25
1694444284769 172.70790788342285 26
1694444284804 171.48761378095523 27
1694444284837 170.77045859229682 28
1694444284870 172.40549436471855 29
1694444284903 172.71710328575574 30
1694444284935 172.10422437854749 31
1694444284970 171.31528597585947 32
1694444285002 170.5883431018777 33
1694444285039 169.87811397443105 34
1694444285072 170.96242463691007 35
1694444285116 170.6942331266468 36
1694444285150 170.6648719631659 37
1694444285182 171.22318370863147 38
1694444285213 170.53314412348195 39
1694444285244 169.60218761141473 40
1694444285278 170.4879282118867 41
1694444285310 168.56600953358424 42
1694444285342 169.63945085613065 43
1694444285376 169.13487265030602 44
1694444285407 169.32613934260766 45
1694444285438 169.49572675697507 46
1694444285468 170.25567286568747 47
1694444285500 168.4213773827294 48
1694444285532 169.11950775356868 49
1694444285564 167.26116928156512 50
1694444285596 169.02197401123945 51
1694444285627 168.89536166673 52
1694444285660 168.6741017960189 53
1694444285692 168.25776536335832 54
1694444285722 167.5283010966181 55
1694444285753 166.99141912164723 56
1694444285785 168.28083231140747 57
1694444285817 168.21233703699158 58
1694444285849 168.2448435745232 59
1694444285880 167.59305408801328 60
1694444285911 166.12271372535912 61
1694444285940 167.27108005013915 62
1694444285971 166.70539080891294 63
1694444286002 166.34153464069198 64
1694444286033 166.34887543652445 65
1694444286065 166.2392744578261 66
1694444286097 166.62482702943745 67
1694444286128 165.56577154759952 68
1694444286159 165.41176534570764 69
1694444286193 165.47346018648594 70
1694444286222 165.7352149408922 71
1694444286253 165.3432737122299 72
1694444286286 165.14554651908847 73
1694444286318 165.11561422623396 74
1694444286347 164.42342331575455 75
1694444286382 164.58053909764473 76
1694444286416 163.952953252019 77
1694444286447 166.64275365727917 78
1694444286482 164.91067972890153 79
1694444286515 163.45094109207804 80
1694444286547 164.20574670739984 81
1694444286580 164.3955756135792 82
1694444286611 165.52130004210005 83
1694444286644 163.69896610558163 84
1694444286678 164.18462244747826 85
1694444286710 162.78574690667594 86
1694444286739 164.13042846991013 87
1694444286771 161.85871594381732 88
1694444286801 163.4999271928868 89
1694444286832 164.19436395439456 90
1694444286863 162.1491168093852 91
1694444286894 161.8240009451913 92
1694444286926 161.84837163608302 93
1694444286955 163.54833449535724 94
1694444286987 163.67938365084646 95
1694444287020 162.6068562342339 96
1694444287051 160.94530737889167 97
1694444287083 161.7033953008691 98
1694444287114 161.1044160575331 99
1694444287145 161.14037460500882 100
1694444287180 161.31865482983005 101
1694444287214 161.90763756024353 102
1694444287246 162.00197646259574 103
1694444287279 161.22455620729244 104
1694444287310 161.4831991829679 105
1694444287343 161.47869478017404 106
1694444287376 162.2648963735713 107
1694444287409 160.42685194749248 108
1694444287439 161.29416033105088 109
1694444287474 160.27940761469998 110
1694444287505 160.52958259298768 111
1694444287537 160.34822913336092 112
1694444287569 160.15312738404074 113
1694444287601 160.72325178807714 114
1694444287632 160.17500879466144 115
1694444287668 159.57381938340356 116
1694444287702 160.49610061865596 117
1694444287734 159.4885778568593 118
1694444287768 159.46894163812735 119
1694444287803 160.76700368705974 120
1694444287834 159.97839468788834 121
1694444287867 159.01476194505085 122
1694444287899 158.6987344614575 123
1694444287930 160.2738938470301 124
1694444287961 159.36190198604228 125
1694444287994 159.1687548713197 126
1694444288025 158.57040287619597 127
1694444288055 158.62481850203142 128
1694444288086 158.68325355690837 129
1694444288118 158.14563333669133 130
1694444288151 158.2158838483975 131
1694444288186 157.9327112556905 132
1694444288219 158.15718097704286 133
1694444288252 156.95554178205924 134
1694444288289 158.020236045495 135
1694444288335 156.74226491315628 136
1694444288371 156.9408473111632 137
1694444288406 157.1674161123453 138
1694444288436 156.60393212768417 139
1694444288467 156.13251802070332 140
1694444288499 156.3148030009265 141
1694444288529 157.15664258867938 142
1694444288560 156.97161947268702 143
1694444288593 158.53277259126637 144
1694444288623 155.49054827928296 145
1694444288656 155.0545580328101 146
1694444288694 156.53906347597882 147
1694444288725 156.69408555688244 148
1694444288758 155.2978671685224 149
1694444288790 155.87030926667404 150
1694444288822 155.8497371890184 151
1694444288854 155.4671299060593 152
1694444288887 156.63268207146163 153
1694444288919 155.76118870299806 154
1694444288949 155.05614038778668 155
1694444288982 155.03044562594346 156
1694444289014 154.40783958569676 157
1694444289044 154.72359159020078 158
1694444289074 154.09802205844505 159
1694444289105 153.59215521200665 160
1694444289136 153.71881641850982 161
1694444289168 154.73147899625988 162
1694444289200 154.26535551948808 163
1694444289230 154.47263838505506 164
1694444289262 154.22657205605324 165
1694444289294 153.38394559706822 166
1694444289327 154.56905541518464 167
1694444289360 152.69311780068998 168
1694444289392 153.2082492569253 169
1694444289426 152.79585053388215 170
1694444289456 152.0126243556573 171
1694444289486 152.9628681950987 172
1694444289519 151.99789462939768 173
1694444289549 151.2737199834654 174
1694444289580 152.60740726671716 175
1694444289612 151.96754924904812 176
1694444289644 152.25787070659888 177
1694444289677 150.66949547113316 178
1694444289708 152.55569099332507 179
1694444289743 152.42992980177775 180
1694444289779 151.56657767462733 181
1694444289812 151.24531789285004 182
1694444289844 151.49476208187693 183
1694444289877 152.97088128837078 184
1694444289911 151.05912296838036 185
1694444289940 151.3603302706494 186
1694444289971 150.71692360247573 187
1694444290002 150.647487442403 188
1694444290032 150.1730350360775 189
1694444290063 150.74619164117834 190
1694444290095 151.3338127632639 191
1694444290130 149.79159584263527 192
1694444290164 150.59705814138212 193
1694444290197 149.85749384383587 194
1694444290228 151.49727152753835 195
1694444290259 149.82865019710005 196
1694444290290 150.23419911548194 197
1694444290321 149.364573420007 198
1694444290354 149.039777110709 199
1694444290386 149.44886299417814 200
1694444290419 149.6470511069441 201
1694444290450 149.1452913787239 202
1694444290481 149.1699121665693 203
1694444290513 148.50426286472967 204
1694444290543 148.56414379563924 205
1694444290574 148.28332800344754 206
1694444290605 148.89820374875174 207
1694444290637 148.67325008549244 208
1694444290669 148.29890666034137 209
1694444290704 147.8714004600978 210
1694444290735 148.58079582935588 211
1694444290766 148.60000944814016 212
1694444290799 146.61728307654366 213
1694444290831 147.80285844634017 214
1694444290862 147.58211135179675 215
1694444290893 147.74735602548688 216
1694444290925 148.37433662617158 217
1694444290954 146.26801203039534 218
1694444290986 147.5082420789978 219
1694444291018 147.38189379049325 220
1694444291047 147.60026657418777 221
1694444291078 147.3693487982802 222
1694444291108 146.9236765831877 223
1694444291139 146.69456012063398 224
1694444291172 146.5529099901377 225
1694444291210 147.1926915063722 226
1694444291240 146.95952540635318 227
1694444291272 146.50968049945402 228
1694444291306 146.5010536683059 229
1694444291338 145.82039241676654 230
1694444291371 146.09643227793688 231
1694444291403 145.99620882636108 232
1694444291437 145.28649785839 233
1694444291469 146.38316334632273 234
1694444291500 145.59678377631118 235
1694444291534 145.72033861473955 236
1694444291566 144.76163689641425 237
1694444291596 145.54614885246815 238
1694444291629 145.6569379778844 239
1694444291660 144.28387204015124 240
1694444291694 144.20139349170324 241
1694444291729 144.49026670869995 242
1694444291766 143.76740235869644 243
1694444291803 144.33863707824298 244
1694444291839 144.94683323250098 245
1694444291876 143.69686503616742 246
1694444291911 144.22167257256558 247
1694444291954 144.68891261054316 248
1694444291989 144.30588153491857 249
1694444292027 143.73034511262873 250
1694444292065 144.13059855586334 251
1694444292098 143.34492079644968 252
1694444292131 144.41135871022178 253
1694444292162 143.0134517282505 254
1694444292198 142.65963855425386 255
1694444292229 143.67460807500134 256
1694444292261 142.58195915322898 257
1694444292292 143.20883647368308 258
1694444292323 142.67989594629998 259
1694444292357 142.99723948093092 260
1694444292407 142.72965100937324 261
1694444292437 142.70817940270385 262
1694444292469 142.83065346706246 263
1694444292500 141.89933399596455 264
1694444292532 142.115622123482 265
1694444292563 142.4043714161362 266
1694444292594 141.2246942918579 267
1694444292626 142.290359019464 268
1694444292661 141.59779861843575 269
1694444292695 141.31791010558825 270
1694444292732 140.6427266691843 271
1694444292769 141.89911339675987 272
1694444292804 140.69580590659385 273
1694444292838 140.59042659177817 274
1694444292870 140.93788040499544 275
1694444292901 140.86762471859086 276
1694444292932 141.63859588785039 277
1694444292962 140.48544776023573 278
1694444292994 140.22292055114076 279
1694444293027 140.48478112038947 280
1694444293058 140.62443691060864 281
1694444293088 139.518319230667 282
1694444293120 139.54503140142054 283
1694444293153 140.90807751985244 284
1694444293186 140.65034412622967 285
1694444293219 140.78283343495943 286
1694444293250 138.97190006106814 287
1694444293280 139.25307719593988 288
1694444293311 138.81211606019482 289
1694444293343 138.43593039024663 290
1694444293377 138.89779450099897 291
1694444293406 138.53124337628122 292
1694444293436 137.99593820854986 293
1694444293467 138.20098432701906 294
1694444293497 138.80158180653194 295
1694444293529 138.14076960124123 296
1694444293562 137.5736347838635 297
1694444293592 138.25173587289623 298
1694444293625 138.39509050208747 299
1694444293656 137.95595658719225 300
1694444293688 137.47143011497315 301
1694444293721 137.319854354462 302
1694444293752 138.77113531720232 303
1694444293784 138.09562639932764 304
1694444293817 137.78241799821387 305
1694444293848 137.5221371742139 306
1694444293879 136.2358401218973 307
1694444293910 137.38721598632588 308
1694444293944 137.54666410394586 309
1694444293976 136.61371117520255 310
1694444294005 136.14585803855036 311
1694444294038 137.11312181488026 312
1694444294069 137.52614043536897 313
1694444294098 136.94163328768826 314
1694444294129 136.81421974898376 315
1694444294160 136.12630799759938 316
1694444294195 135.3159912129121 317
1694444294227 135.62923922712883 318
1694444294256 136.4099904324265 319
1694444294287 135.9255364401198 320
1694444294320 135.17685059773365 321
1694444294355 135.94960322391344 322
1694444294385 134.8512674947333 323
1694444294418 134.30218371224151 324
1694444294451 134.67882269553974 325
1694444294481 135.25722975738122 326
1694444294514 135.15248733003773 327
1694444294546 135.2449517856858 328
1694444294578 135.07352661993536 329
1694444294608 135.6355487195917 330
1694444294640 134.39917983113622 331
1694444294673 134.10327855663687 332
1694444294704 134.3485600935672 333
1694444294735 135.23977125547893 334
1694444294765 134.52888587346482 335
1694444294796 133.68811859923272 336
1694444294830 133.6931439033704 337
1694444294862 133.86816463221967 338
1694444294895 133.34499494398568 339
1694444294927 134.36995654174413 340
1694444294960 134.1281994652812 341
1694444294994 133.99005252470107 342
1694444295029 132.9411895363058 343
1694444295060 133.19769636577072 344
1694444295090 133.30652458335615 345
1694444295121 133.11495129672824 346
1694444295153 132.20229268321518 347
1694444295187 132.87629127759192 348
1694444295220 132.78988578475048 349
1694444295252 133.05076200184175 350
1694444295285 132.1411174775886 351
1694444295315 132.26848504970658 352
1694444295349 132.49386890717292 353
1694444295380 130.64425812690783 354
1694444295413 132.99592439883662 355
1694444295445 131.99564251990236 356
1694444295478 132.3524115223337 357
1694444295513 132.02512435184585 358
1694444295544 132.252907668967 359
1694444295577 131.3503069865926 360
1694444295610 131.33481070298475 361
1694444295642 130.8845729467199 362
1694444295672 131.0848744476225 363
1694444295704 132.03290420430315 364
1694444295735 131.1309292338084 365
1694444295766 131.43663360194532 366
1694444295798 130.45024784939983 367
1694444295832 130.7904563583844 368
1694444295864 130.55804535443596 369
1694444295896 130.71481188438335 370
1694444295929 131.604197870981 371
1694444295963 130.83972332546782 372
1694444295993 130.3077913116905 373
1694444296023 129.8028207872262 374
1694444296055 129.88583058477903 375
1694444296086 130.17172958523594 376
1694444296117 129.38756437565752 377
1694444296150 130.1933961418728 378
1694444296183 130.59849043100436 379
1694444296215 129.48946412753966 380
1694444296248 129.4180429895879 381
1694444296280 129.2412205059083 382
1694444296311 129.65510148433881 383
1694444296345 129.36526528033446 384
1694444296378 128.80376266131194 385
1694444296409 128.43845985644805 386
1694444296443 128.25975273225086 387
1694444296476 129.15451549272274 388
1694444296506 128.82511972440236 389
1694444296541 129.41619091351524 390
1694444296572 128.24907274537614 391
1694444296603 128.8973703805403 392
1694444296636 128.1533388688002 393
1694444296668 127.81432068551436 394
1694444296700 128.76162401936932 395
1694444296732 128.10428637104826 396
1694444296765 128.42086011708736 397
1694444296795 127.21790628960372 398
1694444296827 126.76530560308859 399
1694444296860 127.89417525072801 400
1694444296893 126.1392558749952 401
1694444296923 127.30876938359806 402
1694444296958 126.82500597691728 403
1694444296988 126.37643520813009 404
1694444297019 127.11477017812189 405
1694444297050 127.55795582228566 406
1694444297080 127.24702701651972 407
1694444297110 127.15309058431676 408
1694444297141 126.62989202002554 409
1694444297177 126.83425495028203 410
1694444297209 126.47633887354377 411
1694444297241 125.5648274798594 412
1694444297273 124.99637172339645 413
1694444297302 126.2742456294197 414
1694444297334 126.56928992072773 415
1694444297367 125.43964577570483 416
1694444297399 125.38931307962933 417
1694444297431 125.50765470210654 418
1694444297462 125.48243267930874 419
1694444297492 125.76840453989082 420
1694444297521 125.81675306903009 421
1694444297553 125.53101962014341 422
1694444297584 126.328562578859 423
1694444297614 125.29938935860781 424
1694444297646 124.86791123585567 425
1694444297680 124.39701108606354 426
1694444297711 124.88462368223898 427
1694444297745 125.32851758381204 428
1694444297777 124.70290338755422 429
1694444297807 124.81276893192684 430
1694444297839 123.83276944468028 431
1694444297870 124.84909213456959 432
1694444297903 123.80155927014272 433
1694444297937 124.16668644239678 434
1694444297968 124.7194977629221 435
1694444298001 124.55804171098784 436
1694444298035 123.57279611731386 437
1694444298067 122.7212154548257 438
1694444298097 123.3597637938245 439
1694444298128 123.70590127443131 440
1694444298159 123.53259834581876 441
1694444298193 123.32851916706383 442
1694444298229 124.16110792444091 443
1694444298260 123.57269569346862 444
1694444298291 123.07564238315557 445
1694444298321 123.08276797063161 446
1694444298354 123.41222963809496 447
1694444298391 121.96991479127158 448
1694444298431 122.85063158960412 449
1694444298467 123.07775534397183 450
1694444298499 121.58035791412723 451
1694444298530 121.75688629542938 452
1694444298561 122.45468931313485 453
1694444298594 122.12897369288297 454
1694444298626 121.72810837726117 455
1694444298663 121.5782750461134 456
1694444298695 121.83329625113612 457
1694444298727 121.77713033241028 458
1694444298758 121.69118409805559 459
1694444298789 121.06639022575811 460
1694444298822 120.95168553276706 461
1694444298855 121.76006544366165 462
1694444298889 121.07492515335508 463
1694444298923 121.26199613518533 464
1694444298955 120.86416236971728 465
1694444298992 121.7315713917731 466
1694444299023 120.40312315611457 467
1694444299054 120.62096102264107 468
1694444299088 120.34924717308802 469
1694444299120 121.33351486368889 470
1694444299158 120.71096848065845 471
1694444299196 120.5711527040315 472
1694444299230 121.17442891827658 473
1694444299267 119.43211240517083 474
1694444299297 120.10377789818979 475
1694444299331 119.47104025835762 476
1694444299368 119.68479776196149 477
1694444299401 119.75636086479712 478
1694444299434 120.64189497183706 479
1694444299468 119.50714110342204 480
1694444299501 119.17853667513438 481
1694444299533 119.08537380966756 482
1694444299566 119.43857833657695 483
1694444299597 118.97660171305876 484
1694444299630 119.53953419596994 485
1694444299671 119.10463885475198 486
1694444299708 119.36474716068032 487
1694444299749 118.91844381617953 488
1694444299782 118.73231577823586 489
1694444299815 119.27905739860014 490
1694444299847 118.72462734644563 491
1694444299879 119.05474657140263 492
1694444299911 118.17692071210219 493
1694444299942 118.04205399184448 494
1694444299973 118.09916071408404 495
1694444300006 118.43280667592713 496
1694444300037 117.28840201680335 497
1694444300070 117.53395149115457 498
1694444300102 117.99314186498458 499
