1694438832494 -0.0034256892774833236 0
1694438832524 -0.002869364382372508 1
1694438832554 -0.0028087111532497655 2
1694438832584 -0.002734162539586027 3
1694438832614 -0.0025830716039154655 4
1694438832644 -0.0022499592439535476 5
1694438832677 -0.0019063309939095774 6
1694438832722 -0.001353220970178759 7
1694438832759 -0.0013353727235738688 8
1694438832800 -0.0010469167902831256 9
1694438832837 -0.0004437225018636415 10
1694438832874 -0.0005248654068470415 11
1694438832904 -0.00011810273485490796 12
1694438832934 0.0005120175050361553 13
1694438832961 0.0006455535382464683 14
1694438832994 0.0011740265219412072 15
1694438833025 0.0015397653468143258 16
1694438833055 0.002843029911298367 17
1694438833086 0.003054288141870143 18
1694438833117 0.0031752931734018164 19
1694438833149 0.004294865560420358 20
1694438833179 0.005644683035766929 21
1694438833209 0.006699821771908421 22
1694438833244 0.007619040718632619 23
1694438833281 0.008041334253438115 24
1694438833320 0.009262890745992736 25
1694438833358 0.010096226721752144 26
1694438833394 0.00896339003112967 27
1694438833429 0.011906477511307578 28
1694438833463 0.01463923472422457 29
1694438833502 0.01349961927459864 30
1694438833536 0.014868602706247347 31
1694438833572 0.019087042608395333 32
1694438833608 0.019249720207184295 33
1694438833643 0.01964391472670657 34
1694438833681 0.02436986925560425 35
1694438833722 0.02666214122128374 36
1694438833758 0.027749769309905248 37
1694438833792 0.02841006745636887 38
1694438833829 0.02493026207342719 39
1694438833867 0.03786353026387168 40
1694438833902 0.04205313759902862 41
1694438833939 0.04405551318210399 42
1694438833976 0.05235225578688196 43
1694438834014 0.04902139272195927 44
1694438834053 0.047276508879693036 45
1694438834085 0.04403886454862127 46
1694438834116 0.05671507148091404 47
1694438834145 0.07543610332588213 48
1694438834178 0.07167548803212787 49
1694438834207 0.08514822448035286 50
1694438834238 0.08326273512223326 51
1694438834268 0.1047522208953372 52
1694438834298 0.09979407015086461 53
1694438834327 0.10186698202838862 54
1694438834361 0.09491189397541389 55
1694438834392 0.12151228299048822 56
1694438834422 0.1141524640668411 57
1694438834452 0.1293028572207442 58
1694438834483 0.13027094280080764 59
1694438834512 0.14248901142547366 60
1694438834542 0.15730703354404896 61
1694438834573 0.1553965056986214 62
1694438834602 0.18246493394244945 63
1694438834634 0.1829167418912755 64
1694438834663 0.2064280149133605 65
1694438834692 0.22412324847628573 66
1694438834725 0.22658396659012692 67
1694438834756 0.23227869533542067 68
1694438834787 0.24183334187541505 69
1694438834817 0.28498251798249685 70
1694438834848 0.2703008172748702 71
1694438834882 0.29719523037655693 72
1694438834918 0.2742132146626842 73
1694438834953 0.30908845493700177 74
1694438834987 0.31229600332052787 75
1694438835020 0.32792774059895 76
1694438835051 0.3456755613439456 77
1694438835084 0.3505485984245921 78
1694438835112 0.37820467628411514 79
1694438835142 0.4015976213017838 80
1694438835174 0.35297137118155875 81
1694438835205 0.4075100828201852 82
1694438835234 0.4049375292622437 83
1694438835265 0.42502551171463177 84
1694438835295 0.4408431711709381 85
1694438835326 0.47850912333672724 86
1694438835358 0.43898349421066707 87
1694438835387 0.446166056566236 88
1694438835417 0.46207199582548186 89
1694438835444 0.4698909042095064 90
1694438835477 0.5107352848804545 91
1694438835506 0.45422861084328614 92
1694438835536 0.5263717924172033 93
1694438835567 0.5022213669650918 94
1694438835596 0.504949921401979 95
1694438835627 0.5627101197561235 96
1694438835657 0.5613565358086092 97
1694438835687 0.5130745887936555 98
1694438835719 0.539455323893969 99
1694438835747 0.5155733807046932 100
1694438835776 0.547452788552969 101
1694438835806 0.5349733917190627 102
1694438835836 0.5879240594210897 103
1694438835864 0.5946986128089244 104
1694438835894 0.5417683486697995 105
1694438835924 0.5852014231665141 106
1694438835953 0.5878134873167551 107
1694438835983 0.596429880884918 108
1694438836014 0.6211789312891098 109
1694438836042 0.6108872742506206 110
1694438836072 0.597271944805132 111
1694438836102 0.582991027572668 112
1694438836132 0.6653194135784428 113
1694438836161 0.5713554845949503 114
1694438836197 0.5781138546759488 115
1694438836227 0.6238007681065432 116
1694438836257 0.599684995533388 117
1694438836288 0.638350011265128 118
1694438836320 0.5888723682016711 119
1694438836348 0.5908709601095561 120
1694438836378 0.6345792510307262 121
1694438836408 0.612898310706733 122
1694438836441 0.6390670172415225 123
1694438836472 0.6547566599789969 124
1694438836502 0.6403391105527589 125
1694438836531 0.6067011654724113 126
1694438836560 0.6365159910779074 127
1694438836590 0.6203141968564874 128
1694438836621 0.6332851597763924 129
1694438836652 0.6283939535518566 130
1694438836680 0.6869682044997503 131
1694438836710 0.6866129654358363 132
1694438836740 0.6935328352955519 133
1694438836770 0.642462429676445 134
1694438836801 0.6821320949373131 135
1694438836830 0.5953463609313135 136
1694438836860 0.5965862212794053 137
1694438836891 0.6763897897108251 138
1694438836921 0.645635330537947 139
1694438836951 0.6625726038743788 140
1694438836980 0.6561407010648451 141
1694438837012 0.6745477230434268 142
1694438837047 0.7115290816265802 143
1694438837078 0.6423189273668275 144
1694438837111 0.6535554868794049 145
1694438837144 0.6515135690457178 146
1694438837175 0.6571191918835118 147
1694438837210 0.6532908425326565 148
1694438837245 0.6352265559720047 149
1694438837279 0.6944758714810462 150
1694438837311 0.6470570998519165 151
1694438837346 0.6415015333092389 152
1694438837389 0.6320721291057698 153
1694438837422 0.6518141627846192 154
1694438837453 0.678254331816704 155
1694438837485 0.6495799641353963 156
1694438837513 0.6221687681103687 157
1694438837543 0.7025392493418725 158
1694438837574 0.6529006827224824 159
1694438837604 0.6550697290242342 160
1694438837635 0.6659207612516613 161
1694438837663 0.6760560986101913 162
1694438837692 0.6743070607496896 163
1694438837724 0.6214584381882773 164
1694438837754 0.6514789599231045 165
1694438837784 0.6473961078907805 166
1694438837816 0.6848686171994618 167
1694438837845 0.6876580026245496 168
1694438837874 0.6294153692721838 169
1694438837904 0.6679329360278266 170
1694438837933 0.6576148204453093 171
1694438837962 0.6674265556036961 172
1694438837993 0.6504245255633914 173
1694438838026 0.6545332934201915 174
1694438838055 0.7056877639042205 175
1694438838085 0.653701581948119 176
1694438838116 0.6541896373357063 177
1694438838149 0.6590535647352461 178
1694438838187 0.6789548977670624 179
1694438838222 0.7005143940240195 180
1694438838255 0.695008254413019 181
1694438838286 0.6818848964805597 182
1694438838317 0.6491483611395539 183
1694438838347 0.6763722461211044 184
1694438838378 0.703264616311432 185
1694438838409 0.653426034421368 186
1694438838440 0.6788302563669038 187
1694438838469 0.6811230710732527 188
1694438838498 0.6611161785896656 189
1694438838529 0.689659122503359 190
1694438838558 0.6386931620798093 191
1694438838591 0.6646195919965945 192
1694438838621 0.6622114526657829 193
1694438838651 0.7076668799419824 194
1694438838682 0.6798711571740028 195
1694438838712 0.6730200011980237 196
1694438838742 0.6792028403766275 197
1694438838773 0.6635115809466585 198
1694438838804 0.6754895235583853 199
1694438838834 0.6548821959186635 200
1694438838866 0.6883832930327853 201
1694438838896 0.6396411168811671 202
1694438838926 0.6141160545379374 203
1694438838956 0.6700045101204049 204
1694438838986 0.6706611920103706 205
1694438839016 0.6786417572599399 206
1694438839045 0.717624694627176 207
1694438839075 0.6755214499224241 208
1694438839104 0.641750089882404 209
1694438839135 0.6960856266383255 210
1694438839163 0.6380722165133819 211
1694438839194 0.6984008128515742 212
1694438839224 0.6642211059217111 213
1694438839254 0.6672603124463107 214
1694438839283 0.6243545739457906 215
1694438839312 0.6448867484553971 216
1694438839343 0.6832344055098378 217
1694438839376 0.6572088436049051 218
1694438839406 0.6514733430506506 219
1694438839435 0.6971133229056381 220
1694438839466 0.6760698999007242 221
1694438839496 0.675391815690466 222
1694438839527 0.72133198029255 223
1694438839560 0.7049769383420317 224
1694438839591 0.6215166084668511 225
1694438839622 0.6483156780178293 226
1694438839652 0.6790396556538967 227
1694438839680 0.645211499446257 228
1694438839712 0.6746093457174138 229
1694438839744 0.6776279349479895 230
1694438839774 0.6958153841342618 231
1694438839804 0.6525480030644246 232
1694438839840 0.6995361428545726 233
1694438839872 0.7156765248180755 234
1694438839905 0.6568674790476048 235
1694438839937 0.6699401153657938 236
1694438839972 0.6565935591233582 237
1694438840002 0.6559107393444813 238
1694438840040 0.6581082727895876 239
1694438840074 0.6766719504178682 240
1694438840106 0.6589386307217983 241
1694438840141 0.6725111793116707 242
1694438840171 0.6478395348288741 243
1694438840223 0.6088285776921782 244
1694438840261 0.6835328597929204 245
1694438840294 0.6648974965692503 246
1694438840331 0.6698563345294947 247
1694438840363 0.6947017479376907 248
1694438840395 0.6423014084383838 249
1694438840425 0.6363156702129426 250
1694438840456 0.7220818114367036 251
1694438840486 0.665972352033906 252
1694438840518 0.6423949662955515 253
1694438840551 0.6861876444681769 254
