1694441442031 168.41519030187024 0
1694441442072 157.0161021085387 1
1694441442112 145.35546582590172 2
1694441442152 133.05544548391717 3
1694441442191 123.72738654399764 4
1694441442233 114.27184474401619 5
1694441442295 105.95857838234325 6
1694441442352 98.17932500087906 7
1694441442400 89.30702905190552 8
1694441442437 83.24348707464551 9
1694441442475 76.9439090394816 10
1694441442511 71.91918507383993 11
1694441442551 66.16391290804881 12
1694441442590 60.87586868922647 13
1694441442628 56.13620718732996 14
1694441442667 52.12732967925728 15
1694441442713 48.560582302227836 16
1694441442753 45.260688501200484 17
1694441442810 41.49112555191909 18
1694441442850 38.534775350314064 19
1694441442899 36.090566822594454 20
1694441442945 33.131474447615474 21
1694441442994 30.993672365952037 22
1694441443042 28.617877852930295 23
1694441443098 26.493335810627993 24
1694441443153 24.994251978185112 25
1694441443216 23.182851572326573 26
1694441443295 21.31275529919122 27
1694441443355 19.847864547308305 28
1694441443424 18.541521493720474 29
1694441443489 17.28153730145448 30
1694441443561 16.140976197278007 31
1694441443615 15.083704082235052 32
1694441443670 13.99843578219497 33
1694441443720 13.149878173247119 34
1694441443761 12.409000436168107 35
1694441443805 11.383345308857853 36
1694441443847 10.627033093419646 37
1694441443897 9.986748528472674 38
1694441443942 9.31699695138722 39
1694441443984 8.78133838361115 40
1694441444023 8.316584121284968 41
1694441444060 7.898312967285076 42
1694441444098 7.260393961784469 43
1694441444138 6.9138297607988966 44
1694441444182 6.347936274365704 45
1694441444226 6.1875407370874465 46
1694441444266 5.682506314203994 47
1694441444305 5.266885896272451 48
1694441444344 5.056892356629543 49
1694441444385 4.778066476631554 50
1694441444425 4.599242946568135 51
1694441444464 4.321063640979545 52
1694441444503 3.982192130147444 53
1694441444542 3.9340312563506106 54
1694441444580 3.6195257608184837 55
1694441444620 3.415256298335752 56
1694441444660 3.248952567254275 57
1694441444705 3.079041897299493 58
1694441444742 2.939470885589082 59
1694441444780 2.860952986134182 60
1694441444817 2.6517127402062584 61
1694441444858 2.5584677303849728 62
1694441444895 2.4122513148654012 63
1694441444937 2.3726943797175175 64
1694441444977 2.2783821293648505 65
1694441445016 2.1432457224141706 66
1694441445057 2.0215539907725897 67
1694441445098 1.9752075979650852 68
1694441445136 1.9246976001417893 69
1694441445177 1.8185611111541904 70
1694441445216 1.7466538901495234 71
1694441445258 1.6619082545087385 72
1694441445306 1.6314538798741438 73
1694441445350 1.576033652407504 74
1694441445396 1.5347533465426906 75
1694441445435 1.4799122024006421 76
1694441445471 1.4128299846219543 77
1694441445509 1.4361141721172486 78
1694441445548 1.354781910260277 79
1694441445591 1.3500324743015844 80
1694441445632 1.2728975493657806 81
1694441445671 1.2289055529710604 82
1694441445711 1.1264760109005538 83
1694441445746 1.1301974423686547 84
1694441445787 1.1839732910050251 85
1694441445829 1.0955954699833548 86
1694441445869 1.0479602891197966 87
1694441445906 1.0546001175789221 88
1694441445943 1.0406469418413071 89
1694441445985 0.9883734271164545 90
1694441446028 0.9749377462669124 91
1694441446064 0.9606151471843661 92
1694441446106 0.9170197204978905 93
1694441446146 0.9112326255141107 94
1694441446185 0.9439436658281636 95
1694441446221 0.8982124827711557 96
1694441446261 0.8761209664109454 97
1694441446297 0.851770481108486 98
1694441446338 0.8533772448608012 99
1694441446381 0.8413374726647226 100
1694441446419 0.800681658398793 101
1694441446453 0.8290413958048334 102
1694441446494 0.7917718460584572 103
1694441446538 0.7695101330462893 104
1694441446576 0.7593408508455324 105
1694441446619 0.7930784797952578 106
1694441446658 0.7663776094161716 107
1694441446698 0.7465299385349868 108
1694441446740 0.6986057292080436 109
1694441446779 0.7239013821699799 110
1694441446817 0.7611311029740148 111
1694441446854 0.76831841896912 112
1694441446893 0.6986423876928498 113
1694441446935 0.7067815406305321 114
1694441446974 0.6834113734166413 115
1694441447013 0.7017367640930555 116
1694441447050 0.6838617643944572 117
1694441447089 0.6938792283125617 118
1694441447129 0.6910410024972946 119
1694441447170 0.6331157813930485 120
1694441447206 0.6767067985576655 121
1694441447248 0.6687807931301372 122
1694441447286 0.6486699139837618 123
1694441447331 0.5902945659285598 124
1694441447381 0.6347255605230844 125
1694441447428 0.6527932633112783 126
1694441447470 0.6660607991216382 127
1694441447511 0.6519292323890766 128
1694441447554 0.646971492002654 129
1694441447596 0.6231643563693335 130
1694441447636 0.6261454969198025 131
1694441447675 0.6038010543879536 132
1694441447717 0.6108007989835865 133
1694441447754 0.614493330781479 134
1694441447792 0.5892476476221526 135
1694441447830 0.6112165429615007 136
1694441447872 0.5998148844682506 137
1694441447918 0.5711946008444073 138
1694441447957 0.6179242228003524 139
1694441447994 0.5980402128882379 140
1694441448037 0.5847339705224296 141
1694441448077 0.5851095363749996 142
1694441448116 0.5816259853727194 143
1694441448155 0.6324399869349464 144
1694441448196 0.6310307058165838 145
1694441448237 0.583850512953877 146
1694441448275 0.5950231236380717 147
1694441448314 0.5898576676434095 148
1694441448356 0.6221851970303084 149
1694441448398 0.5994967465814831 150
1694441448442 0.5838037628604158 151
1694441448485 0.6321147436785169 152
1694441448524 0.5656474993056608 153
1694441448566 0.5802417510630764 154
1694441448603 0.5692939535022596 155
1694441448643 0.5963799250234411 156
1694441448679 0.5638591843147213 157
1694441448720 0.5809707078454837 158
1694441448761 0.6068246720962696 159
1694441448799 0.5816085252176424 160
1694441448839 0.5700777721237362 161
1694441448879 0.606869236090824 162
1694441448918 0.5951223077713574 163
1694441448963 0.5619499399411174 164
1694441449005 0.5448400068142042 165
1694441449042 0.5684361043973434 166
1694441449079 0.554080522110551 167
1694441449119 0.5559381989807081 168
1694441449160 0.5698359749160833 169
1694441449197 0.5692077380095454 170
1694441449239 0.5465061081472733 171
1694441449276 0.5792046876736577 172
1694441449319 0.5943924741667028 173
1694441449359 0.543010208476077 174
1694441449396 0.5606151426021868 175
1694441449439 0.5346979798617121 176
1694441449481 0.6007215859368807 177
1694441449522 0.554492684774939 178
1694441449560 0.5820612830563238 179
1694441449599 0.5907769004761593 180
1694441449636 0.5467263270294787 181
1694441449675 0.5538726016013805 182
1694441449714 0.5829759081522311 183
1694441449755 0.5566257217322131 184
1694441449795 0.5599924835622279 185
1694441449838 0.573217430580999 186
1694441449876 0.590258052643847 187
1694441449915 0.5634258363501206 188
1694441449955 0.5759373595530218 189
1694441449996 0.5915070373173438 190
1694441450040 0.5685273567640671 191
1694441450081 0.5683171868895117 192
1694441450124 0.5702654994123046 193
1694441450163 0.5335290932125268 194
1694441450204 0.5428705372278364 195
1694441450240 0.5389446850826637 196
1694441450281 0.5908295217881019 197
1694441450324 0.5462960705979006 198
1694441450367 0.5522592006389654 199
1694441450410 0.5715307159363372 200
1694441450448 0.5874677244059558 201
1694441450488 0.5652388208340642 202
1694441450530 0.5663726434193743 203
1694441450566 0.5704705400498589 204
1694441450603 0.5654066666447002 205
1694441450643 0.5514830841042008 206
1694441450687 0.5664980062295056 207
1694441450729 0.543092555821971 208
1694441450767 0.5867710679399002 209
1694441450804 0.5204732223818893 210
1694441450844 0.5758950695441184 211
1694441450883 0.5664729234892439 212
1694441450923 0.5815196172682489 213
1694441450960 0.5688454712277047 214
1694441450998 0.552705453406027 215
1694441451037 0.5784497656930837 216
1694441451076 0.5239113976312091 217
1694441451112 0.5732190100906697 218
1694441451152 0.5932654887784807 219
1694441451194 0.5495415104092531 220
1694441451238 0.5711118675513354 221
1694441451291 0.5687212180853134 222
1694441451328 0.564152131000792 223
1694441451391 0.5186785934345016 224
1694441451430 0.557807381802768 225
1694441451485 0.5994115806123756 226
1694441451531 0.5823616762367171 227
1694441451572 0.556664073034375 228
1694441451612 0.5723445145961297 229
1694441451658 0.5671722870260139 230
1694441451702 0.5689702905259161 231
1694441451747 0.5665755621771171 232
1694441451796 0.545123527793379 233
1694441451841 0.5443686703708968 234
1694441451882 0.580143400589802 235
1694441451919 0.5556909962085261 236
