1694436798887 175.45112155331498 0
1694436798916 172.06456608680335 1
1694436798941 172.51579036333877 2
1694436798967 172.60759207538445 3
1694436798997 171.19174511804346 4
1694436799028 171.27666484518784 5
1694436799055 173.31300370775594 6
1694436799084 171.73681533801798 7
1694436799128 170.86989216608845 8
1694436799153 171.9571320931101 9
1694436799179 171.16447443452478 10
1694436799212 172.35313988550217 11
1694436799239 170.24377306179184 12
1694436799267 168.93298793334452 13
1694436799293 169.2508991856444 14
1694436799320 170.3247230691632 15
1694436799348 169.46045233975178 16
1694436799380 167.47906066785234 17
1694436799410 167.7336877580227 18
1694436799434 171.07012925194473 19
1694436799459 170.0898827356411 20
1694436799486 167.53439153180238 21
1694436799513 168.96404934463652 22
1694436799536 170.00390729441378 23
1694436799561 170.13737336377068 24
1694436799584 167.56213876638594 25
1694436799612 166.5392562551681 26
1694436799637 167.45805763144872 27
1694436799662 169.95455906644793 28
1694436799688 168.02573398113623 29
1694436799716 169.26253233678815 30
1694436799745 167.96852078104163 31
1694436799770 166.17345410565352 32
1694436799796 167.58580995073592 33
1694436799822 166.217668867163 34
1694436799845 171.23121785310607 35
1694436799870 166.35650428812346 36
1694436799899 166.05505916065775 37
1694436799926 168.88582734216206 38
1694436799949 166.22583453803165 39
1694436799975 166.821925076489 40
1694436800001 166.44450106705125 41
1694436800025 166.29261721640088 42
1694436800050 166.03473139404795 43
1694436800076 165.1089162920504 44
1694436800103 165.469589456449 45
1694436800129 165.48762644664896 46
1694436800153 165.60148078646952 47
1694436800177 167.64413084690216 48
1694436800204 165.57297115876807 49
1694436800231 165.28805030889947 50
1694436800257 165.7748782714007 51
1694436800282 164.29411423784404 52
1694436800308 166.0225964390531 53
1694436800334 165.18708171581002 54
1694436800362 165.24520680588753 55
1694436800387 164.41925307179656 56
1694436800417 164.77797481632967 57
1694436800445 165.6161420907502 58
1694436800472 164.49698885129106 59
1694436800497 164.10011854509747 60
1694436800522 162.46334572725704 61
1694436800550 164.01592830211524 62
1694436800576 163.50832703227223 63
1694436800601 163.88054688896787 64
1694436800627 163.97627091950133 65
1694436800654 161.91848337685607 66
1694436800680 163.61249359689404 67
1694436800708 164.46809457391268 68
1694436800735 162.52074601195142 69
1694436800761 163.0463446041962 70
1694436800786 162.59901177733354 71
1694436800813 164.5494985204148 72
1694436800837 162.0531586066398 73
1694436800862 161.98997816283648 74
1694436800887 162.36415215460076 75
1694436800915 163.08681481760865 76
1694436800942 162.94082768447646 77
1694436800971 164.1075244677371 78
1694436801008 162.29653547791162 79
1694436801035 160.47492550202986 80
1694436801068 160.89357396911774 81
1694436801098 161.71572766190235 82
1694436801126 161.1193918317446 83
1694436801150 161.59103441631967 84
1694436801175 162.41948198943248 85
1694436801202 159.9594437494146 86
1694436801229 159.52744303578973 87
1694436801256 158.60524034276645 88
1694436801285 160.99812713248258 89
1694436801313 160.38370093766872 90
1694436801339 160.5199032677979 91
1694436801369 159.7417798957589 92
1694436801396 160.65009089981774 93
1694436801422 159.57795380161878 94
1694436801446 159.6978213130739 95
1694436801471 159.68164918456173 96
1694436801498 158.64296644008027 97
1694436801525 161.89900491582452 98
1694436801549 161.22615801951858 99
1694436801576 158.8448973364644 100
1694436801603 160.51149540514535 101
1694436801633 159.18923635911372 102
1694436801662 158.52353851337014 103
1694436801686 157.4099375334192 104
1694436801710 159.3772007743349 105
1694436801737 158.21111283872924 106
1694436801763 158.04030213004836 107
1694436801789 155.39573246562864 108
1694436801816 157.51516598028556 109
1694436801843 157.14175209215728 110
1694436801867 158.01227199679798 111
1694436801891 154.94995022298625 112
1694436801916 156.1841364313954 113
1694436801939 155.84424627832317 114
1694436801964 156.39191793934805 115
1694436801992 155.95554158311384 116
1694436802021 155.83579995943037 117
1694436802045 157.19067082541255 118
1694436802068 157.24684270599917 119
1694436802092 157.8206200892955 120
1694436802117 155.72478865322975 121
1694436802143 154.17087603236627 122
1694436802170 157.0169710049184 123
1694436802199 155.01031428822657 124
1694436802227 154.0571200693863 125
1694436802253 156.94111851051386 126
1694436802280 154.8732767264374 127
1694436802309 156.46795822999957 128
1694436802336 153.58703861714008 129
1694436802368 155.50347577882317 130
1694436802403 153.86472898678133 131
1694436802435 153.89435071836766 132
1694436802466 155.81759078529797 133
1694436802511 153.6532796093986 134
1694436802558 154.0691126238849 135
1694436802602 155.66180833379278 136
1694436802638 155.42422631923847 137
1694436802671 154.6115136228871 138
1694436802706 153.74378100852857 139
1694436802739 154.01253562278376 140
1694436802765 153.974685459961 141
1694436802791 154.12568736961498 142
1694436802820 152.31636399305756 143
1694436802847 152.89841668513003 144
1694436802874 152.86993040769292 145
1694436802903 152.9227868684215 146
1694436802931 153.8048323424304 147
1694436802959 153.01507133791506 148
1694436802987 152.72953345648264 149
1694436803016 152.29219701974912 150
1694436803044 153.33737083271797 151
1694436803070 152.47081195317014 152
1694436803099 152.70011917506596 153
1694436803127 153.37898823341925 154
1694436803155 152.72482195800717 155
1694436803184 154.05376466664697 156
1694436803215 152.63243106738744 157
1694436803243 152.6118241927689 158
1694436803271 152.12013954120079 159
1694436803299 149.600939017739 160
1694436803327 150.50605194156395 161
1694436803355 151.38153835896884 162
1694436803384 150.71043542393627 163
1694436803416 152.5587874597221 164
1694436803446 151.139921312689 165
1694436803475 150.97541634251314 166
1694436803504 150.9457273494583 167
1694436803532 151.70822418278914 168
1694436803559 149.92833975182498 169
1694436803587 149.22829964637302 170
1694436803615 149.15326116481046 171
1694436803644 149.87659988823813 172
1694436803672 149.81044395229313 173
1694436803700 148.5559750199145 174
1694436803727 150.39628993597674 175
1694436803759 149.30807763736348 176
1694436803786 147.17756381626756 177
1694436803814 150.0873746383074 178
1694436803838 149.74161746345132 179
1694436803862 148.16758945670767 180
1694436803886 149.20312999531316 181
1694436803910 150.296912862962 182
1694436803933 149.2588962025574 183
1694436803959 148.4552970510236 184
1694436803987 149.22249317012475 185
1694436804016 148.30979647265357 186
1694436804044 150.36243031347254 187
1694436804070 147.858876632701 188
1694436804097 147.52004064160647 189
1694436804121 147.09635444531216 190
1694436804146 147.7901039963036 191
1694436804173 146.56894595896222 192
1694436804203 146.98424429884614 193
1694436804231 149.3028397478214 194
1694436804257 146.74703467325918 195
1694436804284 146.85530363938022 196
1694436804310 147.1418951708365 197
1694436804336 145.62704439316423 198
1694436804365 147.3650327861875 199
1694436804391 146.7030535914917 200
1694436804418 146.51232667832062 201
1694436804446 147.32807849579868 202
1694436804472 145.66577158224868 203
1694436804499 147.37485964763312 204
1694436804524 147.46592562845112 205
1694436804549 148.18598263805515 206
1694436804573 147.02511914181235 207
1694436804598 145.3484881485042 208
1694436804622 146.43927365832747 209
1694436804649 144.74709712212928 210
1694436804677 146.79577786179547 211
1694436804703 144.9071236481848 212
1694436804731 145.5659785094032 213
1694436804760 145.32469681145434 214
1694436804787 145.20761817753896 215
1694436804813 145.8949245695977 216
1694436804840 144.18027794635393 217
1694436804865 145.55985301034232 218
1694436804891 145.10878032650092 219
1694436804919 145.5897461773115 220
1694436804945 145.60701636360852 221
1694436804971 143.04425994528077 222
1694436804997 143.51212823273147 223
1694436805024 142.80423454066622 224
1694436805052 144.87771600226392 225
1694436805078 143.7667706925526 226
1694436805104 144.0566207685837 227
1694436805131 144.5264541425278 228
1694436805158 144.08079046865402 229
1694436805185 144.02538763356512 230
1694436805217 144.58689850947715 231
1694436805254 142.95752606447545 232
1694436805288 142.265763646164 233
1694436805318 143.17335877673887 234
1694436805350 143.55680462020246 235
1694436805381 142.81837510958425 236
1694436805406 143.2934757741045 237
1694436805444 142.6841060845559 238
1694436805474 142.67050467304588 239
1694436805507 142.5298754880706 240
1694436805539 143.59589398923197 241
1694436805566 140.617118271963 242
1694436805595 140.97234874810263 243
1694436805622 142.71790462359309 244
1694436805654 142.48854520945827 245
1694436805683 141.72135966982543 246
1694436805710 140.61964146889164 247
1694436805743 142.33038279424244 248
1694436805769 141.7183041921402 249
1694436805796 141.55344531500995 250
1694436805820 141.21225595656145 251
1694436805847 141.67728656832716 252
1694436805879 142.48791112367115 253
1694436805907 141.89631975503534 254
1694436805936 140.76109713006764 255
1694436805962 139.69159856293757 256
1694436805987 141.77538550557367 257
1694436806013 140.86128387609273 258
1694436806036 140.39001077160196 259
1694436806061 140.53337291856494 260
1694436806084 141.91045419105512 261
1694436806108 140.30420205564687 262
1694436806135 140.93884014637175 263
1694436806164 140.58635881220215 264
1694436806190 139.31117759924933 265
1694436806217 139.65691233772708 266
1694436806244 138.93073608799622 267
1694436806271 138.81387685366033 268
1694436806301 138.66186680132918 269
1694436806329 138.61282185936997 270
1694436806361 139.98756395840155 271
1694436806386 138.81612489195987 272
1694436806414 139.36836177339026 273
1694436806440 137.22005923063034 274
1694436806467 137.471181003999 275
1694436806494 138.12107179652534 276
1694436806520 139.19597014952745 277
1694436806544 138.2724888907221 278
1694436806571 138.34832153043595 279
1694436806596 136.36441133580877 280
1694436806620 137.90485687939946 281
1694436806643 138.10676501541718 282
1694436806668 136.0123060342783 283
1694436806693 137.81001093239212 284
1694436806718 137.88643076254465 285
1694436806743 138.11310209649162 286
1694436806770 137.9756060017347 287
1694436806796 136.17196017680794 288
1694436806827 137.6101353834835 289
1694436806856 137.5688920262181 290
1694436806885 135.53817966944996 291
1694436806914 137.29343973319016 292
1694436806938 134.70950923084675 293
1694436806963 135.44330020689583 294
1694436806989 136.70031375168904 295
1694436807016 136.04777333647274 296
1694436807039 136.04657331092918 297
1694436807064 137.48656927812658 298
1694436807088 136.3132680518034 299
1694436807115 134.91263726286164 300
1694436807144 135.3189442108265 301
1694436807174 137.29008799450324 302
1694436807200 136.1163997615048 303
1694436807228 134.90879628668412 304
1694436807256 134.79188536933754 305
1694436807283 134.6695326021142 306
1694436807311 134.57229005963836 307
1694436807335 134.90064931662417 308
1694436807362 134.9274889508045 309
1694436807388 134.36751132230864 310
1694436807412 135.2562072557495 311
1694436807435 134.75836788656397 312
1694436807460 134.2149284849716 313
1694436807485 134.1606247152269 314
1694436807509 134.4116884903054 315
1694436807532 134.49357993175298 316
1694436807557 133.51328652939134 317
1694436807582 133.60689120308703 318
1694436807607 133.87184578411 319
1694436807631 133.15441020886263 320
1694436807659 132.73752737845516 321
1694436807685 132.74307922175478 322
1694436807713 132.9774721397941 323
1694436807741 133.77408393990564 324
1694436807770 133.98411054859545 325
1694436807798 133.80644910317193 326
1694436807824 133.19145392296838 327
1694436807851 133.65266768878965 328
1694436807877 133.01133078797594 329
1694436807903 133.0542943698641 330
1694436807930 131.81630440014501 331
1694436807957 131.89838025526296 332
1694436807984 133.06127793430494 333
1694436808015 132.55222151227196 334
1694436808046 132.80099210909165 335
1694436808078 132.31416312690368 336
1694436808104 131.5869313248524 337
1694436808131 131.80987263735616 338
1694436808158 131.61132736048182 339
1694436808184 131.31955781849425 340
1694436808211 132.01573439320188 341
1694436808236 132.370336524411 342
1694436808266 131.31851962317998 343
1694436808291 130.82486050119735 344
1694436808319 131.2283866677021 345
1694436808343 130.17404705234554 346
1694436808374 130.0324374820855 347
1694436808402 130.2944808424831 348
1694436808436 131.445046714126 349
1694436808473 130.88813222685522 350
1694436808520 130.2653260367885 351
1694436808551 130.00899712378438 352
1694436808578 130.64098452369828 353
1694436808605 130.9126553979325 354
1694436808634 129.4777041516219 355
1694436808678 129.96208499073973 356
1694436808719 129.0307697954074 357
1694436808762 129.88830324485517 358
1694436808796 130.47329368169775 359
1694436808827 129.6476758795645 360
1694436808857 129.8052532969447 361
1694436808885 130.30282199822918 362
1694436808918 128.47047728708927 363
1694436808949 129.64575855275075 364
1694436808982 129.88141159992298 365
1694436809016 127.2679564221186 366
1694436809043 128.7076732614901 367
1694436809074 130.12343496879114 368
1694436809108 128.1596715429432 369
1694436809145 128.4630755049371 370
1694436809179 129.27659986410748 371
1694436809221 129.21008879575078 372
1694436809256 128.18789356185945 373
1694436809294 127.94315695442592 374
1694436809328 127.5266360232441 375
1694436809364 128.26740746622036 376
1694436809396 127.08901427994195 377
1694436809429 127.26570525680825 378
1694436809461 127.52859807858292 379
1694436809493 127.23124514187 380
1694436809520 128.96963179009427 381
1694436809551 126.06315444119824 382
1694436809583 126.2901925934462 383
1694436809615 127.25625751574327 384
1694436809644 125.84270338319703 385
1694436809679 128.37471273571919 386
1694436809708 126.52191830566372 387
1694436809737 126.42248960466696 388
1694436809769 126.68937991829057 389
1694436809799 126.4280935942568 390
1694436809824 126.64034636359236 391
1694436809852 127.31296480362082 392
1694436809880 126.6267493598574 393
1694436809910 126.35997042675855 394
1694436809937 126.68919405613815 395
1694436809972 126.2928321883692 396
1694436810004 126.75659457701357 397
1694436810038 124.87302417530422 398
1694436810068 125.5381028615103 399
1694436810098 124.88704014526155 400
1694436810131 126.02224303360589 401
1694436810162 125.1838009588952 402
1694436810193 125.20094786060943 403
1694436810221 124.55941781920797 404
1694436810254 125.62361871385632 405
1694436810286 126.04595326933334 406
1694436810318 125.49354305546996 407
1694436810344 125.8105246229525 408
1694436810379 125.42636690492479 409
1694436810408 124.11122500377026 410
1694436810438 124.56539720208862 411
1694436810472 123.80167607120781 412
1694436810501 125.54541115035826 413
1694436810530 124.9057731517305 414
1694436810558 124.62664228059653 415
1694436810591 124.06786877235477 416
1694436810620 124.16009600002542 417
1694436810652 124.43304485210687 418
1694436810682 124.62957293917428 419
1694436810711 123.47632558472436 420
1694436810739 122.26984907373829 421
1694436810770 124.20935634077121 422
1694436810799 122.05583509318308 423
1694436810827 123.11394921592375 424
1694436810854 123.02413458463197 425
1694436810882 122.11711490008541 426
1694436810907 123.00912874119919 427
1694436810933 121.8299160968561 428
1694436810961 123.4613736031776 429
1694436810995 122.39833299399986 430
1694436811023 121.98174569049081 431
1694436811051 123.47237300777897 432
1694436811080 121.64042595483996 433
1694436811108 122.83161970153175 434
1694436811136 122.74742464474964 435
1694436811166 120.4428242412774 436
1694436811196 121.76494017235468 437
1694436811227 121.64835070206894 438
1694436811254 121.31796461314795 439
1694436811284 121.38620402085498 440
1694436811319 120.0779613681112 441
1694436811349 121.13351696317959 442
1694436811378 121.00591003346068 443
1694436811403 120.8031181436659 444
1694436811431 121.12452431668052 445
1694436811459 120.03906486946235 446
1694436811489 121.26836296363346 447
1694436811518 120.41445158404943 448
1694436811547 121.78359669852108 449
1694436811577 121.33194100957135 450
1694436811605 119.09591201408335 451
1694436811645 121.04820670830622 452
1694436811678 121.14733465761961 453
1694436811714 119.3193363177962 454
1694436811761 119.96569309911618 455
1694436811803 119.99715452271191 456
1694436811835 121.22519410226418 457
1694436811866 120.50766740084887 458
1694436811900 120.19814799707433 459
1694436811931 121.1664648275339 460
1694436811963 119.74585209250324 461
1694436812001 119.73494171210965 462
1694436812033 119.20269027601054 463
1694436812069 120.57903437401755 464
1694436812104 119.10783946138366 465
1694436812137 118.43774470419828 466
1694436812170 118.87716586150026 467
1694436812203 118.93188823942693 468
1694436812233 118.25247017224328 469
1694436812264 118.99887189647507 470
1694436812295 118.33671848072589 471
1694436812325 119.46683490099201 472
1694436812356 119.23211706533056 473
1694436812386 118.15911050200346 474
1694436812417 118.84307238300866 475
1694436812447 118.53874697400117 476
1694436812479 117.66066013498029 477
1694436812510 117.88673783106367 478
1694436812539 118.69444196684822 479
1694436812571 118.2239691500442 480
1694436812603 118.89452967369613 481
1694436812635 118.16805674745176 482
1694436812668 118.08636787368745 483
1694436812699 117.63777598893256 484
1694436812728 117.85085165560228 485
1694436812760 116.4685127474516 486
1694436812790 117.49965254460878 487
1694436812822 116.62300373717484 488
1694436812852 117.62456355517234 489
1694436812882 116.82559610386461 490
1694436812908 117.34808256789597 491
1694436812934 116.62224579722566 492
1694436812961 117.55473236439775 493
1694436812992 115.35752868637934 494
1694436813025 116.91717373348492 495
1694436813055 116.33119494396203 496
1694436813085 116.43404231101556 497
1694436813118 115.78190093512184 498
1694436813146 115.88295569239607 499
