1694441859817 160.01627352373944 0
1694441859865 156.84325212563513 1
1694441859923 153.73504534317033 2
1694441859980 150.69030825094583 3
1694441860055 147.70772414345 4
1694441860132 144.78600393661623 5
1694441860200 141.92388558224283 6
1694441860278 139.12013349499367 7
1694441860318 136.3735379917029 8
1694441860377 133.68291474271578 9
1694441860431 131.0471042350013 10
1694441860480 128.4649712467799 11
1694441860534 125.93540433341431 12
1694441860585 123.45731532431816 13
1694441860635 121.02963883064122 14
1694441860685 118.65133176349715 15
1694441860737 116.32137286250313 16
1694441860800 114.03876223440747 17
1694441860858 111.80252090158541 18
1694441860929 109.61169036018825 19
1694441860993 107.4653321477362 20
1694441861085 105.36252741994954 21
1694441861189 103.30237653661773 22
1694441861284 101.28399865630983 23
1694441861379 99.30653133973509 24
1694441861437 97.36913016156555 25
1694441861484 95.47096833053763 26
1694441861526 93.61123631765327 27
1694441861568 91.78914149230535 28
1694441861607 90.00390776615586 29
1694441861647 88.2547752445992 30
1694441861687 86.54099988564683 31
1694441861723 84.86185316607242 32
1694441861764 83.21662175466149 33
1694441861834 81.60460719241145 34
1694441861877 80.02512557953268 35
1694441861968 78.47750726910355 36
1694441862017 76.96109656723632 37
1694441862086 75.47525143961349 38
1694441862138 74.01934322425728 39
1694441862198 72.59275635039853 40
1694441862256 71.19488806331321 41
1694441862335 69.82514815499876 42
1694441862381 68.48295870056415 43
1694441862439 67.16775380021161 44
1694441862490 65.8789793266892 45
1694441862554 64.61609267809722 46
1694441862615 63.378562535933455 47
1694441862690 62.16640417565819 48
1694441862765 60.978544493006076 49
1694441862837 59.81448575228728 50
1694441862907 58.673740541477166 51
1694441862954 57.555831556330666 52
1694441863001 56.4602913890434 53
1694441863049 55.386662321362664 54
1694441863130 54.33449612205389 55
1694441863211 53.303353848630294 56
1694441863264 52.292805653255016 57
1694441863316 51.30243059272743 58
1694441863362 50.33181644246681 59
1694441863418 49.38055951440873 60
1694441863488 48.44826447873132 61
1694441863537 47.53454418932991 62
1694441863601 46.63901951296102 63
1694441863649 45.761319161977625 64
1694441863719 44.901079530579935 65
1694441863762 44.05794453450691 66
1694441863813 43.231565454096064 67
1694441863852 42.42160078063994 68
1694441863901 41.62771606596968 69
1694441863952 40.84958377519735 70
1694441863996 40.086883142550214 71
1694441864032 39.33930003023163 72
1694441864084 38.60652679024441 73
1694441864149 37.88826212911438 74
1694441864192 37.184210975452345 75
1694441864229 36.494084350294926 76
1694441864281 35.81759924016538 77
1694441864330 35.15447847279688 78
1694441864377 34.50445059546227 79
1694441864453 33.867249755854935 80
1694441864502 33.24261558546733 81
1694441864553 32.63029308541404 82
1694441864605 32.03003251464816 83
1694441864659 31.441589280520237 84
1694441864702 30.864723831630492 85
1694441864762 30.29920155292598 86
1694441864814 29.74479266299519 87
1694441864914 29.20127211351403 88
1694441864966 28.66841949079754 89
1694441865000 28.14601891941321 90
1694441865057 27.633858967812316 91
1694441865098 27.131732555936836 92
1694441865170 26.639436864760274 93
1694441865231 26.15677324772171 94
1694441865294 25.683547144013183 95
1694441865337 25.21956799368143 96
1694441865383 24.764649154505697 97
1694441865422 24.318607820614382 98
1694441865475 23.881264942803742 99
1694441865531 23.452445150523033 100
1694441865601 23.031976675490903 101
1694441865646 22.61969127690877 102
1694441865697 22.215424168237632 103
1694441865740 21.81901394550527 104
1694441865819 21.430302517111972 105
1694441865881 21.049135035102985 106
1694441865924 20.675359827877035 107
1694441865969 20.30882833430063 108
1694441866018 19.949395039198667 109
1694441866057 19.59691741019254 110
1694441866101 19.251255835857098 111
1694441866151 18.912273565169233 112
1694441866201 18.579836648220493 113
1694441866243 18.253813878167545 114
1694441866284 17.934076734394335 115
1694441866330 17.620499326860454 116
1694441866373 17.312958341610987 117
1694441866414 17.01133298742331 118
1694441866489 16.715504943567073 119
1694441866560 16.425358308653923 120
1694441866604 16.140779550554264 121
1694441866679 15.861657457358437 122
1694441866716 15.587883089360668 123
1694441866761 15.319349732044136 124
1694441866822 15.055952850046253 125
1694441866866 14.797590042083682 126
1694441866913 14.54416099681675 127
1694441866954 14.29556744963386 128
1694441866994 14.051713140336352 129
1694441867033 13.812503771705114 130
1694441867082 13.577846968930404 131
1694441867119 13.347652239886825 132
1694441867156 13.121830936235689 133
1694441867223 12.90029621533751 134
1694441867272 12.682963002957637 135
1694441867343 12.469747956748398 136
1694441867417 12.260569430491532 137
1694441867479 12.055347439084919 138
1694441867546 11.854003624258139 139
1694441867612 11.656461221001486 140
1694441867663 11.46264502469365 141
1694441867700 11.272481358913238 142
1694441867736 11.085898043920022 143
1694441867772 10.902824365791833 144
1694441867811 10.723191046203327 145
1694441867939 10.546930212833288 146
1694441867978 10.373975370387248 147
1694441868061 10.204261372222605 148
1694441868094 10.037724392563645 149
1694441868147 9.87430189929407 150
1694441868202 9.713932627314996 151
1694441868262 9.55655655245666 152
1694441868322 9.402114865932159 153
1694441868362 9.25054994932193 154
1694441868401 9.101805350077957 155
1694441868442 8.955825757536687 156
1694441868473 8.81255697943018 157
1694441868513 8.671945918885019 158
1694441868554 8.53394055189872 159
1694441868599 8.398489905283855 160
1694441868632 8.26554403506992 161
1694441868673 8.13505400535351 162
1694441868714 8.006971867587392 163
1694441868760 7.881250640299317 164
1694441868806 7.757844289231645 165
1694441868860 7.636707707892931 166
1694441868907 7.517796698512911 167
1694441868957 7.401067953392441 168
1694441869002 7.286479036640221 169
1694441869059 7.173988366288131 170
1694441869100 7.063555196777353 171
1694441869148 6.955139601807493 172
1694441869206 6.84870245754122 173
1694441869277 6.744205426156867 174
1694441869404 6.641610939741852 175
1694441869566 6.540882184519787 176
1694441869703 6.441983085404281 177
1694441869759 6.344878290872681 178
1694441869848 6.24953315815299 179
1694441869946 6.15591373871754 180
1694441870014 6.063986764076999 181
1694441870057 5.973719631868359 182
1694441870101 5.885080392230923 183
1694441870152 5.798037734464191 184
1694441870198 5.7125609739617955 185
1694441870246 5.628620039415755 186
1694441870289 5.5461854602853915 187
1694441870339 5.46522835452541 188
1694441870384 5.385720416567739 189
1694441870435 5.307633905551847 190
1694441870482 5.230941633798391 191
1694441870523 5.155616955521054 192
1694441870600 5.081633755771711 193
1694441870649 5.008966439613985 194
1694441870700 4.937589921520477 195
1694441870754 4.867479614989032 196
1694441870804 4.798611422373448 197
1694441870857 4.730961724924156 198
1694441870910 4.664507373034576 199
1694441870957 4.5992256766887705 200
1694441870999 4.535094396106291 201
1694441871061 4.47209173258007 202
1694441871110 4.41019631950336 203
1694441871152 4.349387213581768 204
1694441871215 4.289643886226597 205
1694441871278 4.230946215125643 206
1694441871331 4.173274475987801 207
1694441871380 4.1166093344578965 208
1694441871430 4.060931838198132 209
1694441871476 4.0062234091327475 210
1694441871540 3.9524658358524842 211
1694441871622 3.899641266175535 212
1694441871723 3.847732199861695 213
1694441871763 3.796721481476599 214
1694441871854 3.746592293402858 215
1694441871953 3.6973281489951 216
1694441872035 3.648912885875887 217
1694441872139 3.6013306593696197 218
1694441872266 3.5545659360714974 219
1694441872335 3.508603487548843 220
1694441872418 3.4634283841719293 221
1694441872515 3.4190259890716788 222
1694441872614 3.3753819522216157 223
1694441872651 3.3324822046414426 224
1694441872712 3.2903129527197597 225
1694441872777 3.2488606726534455 226
1694441872822 3.208112105001283 227
1694441872880 3.168054249349421 228
1694441872934 3.1286743590864248 229
1694441872983 3.0899599362855747 230
1694441873039 3.0518987266922486 231
1694441873087 3.014478714814148 232
1694441873136 2.9776881191122837 233
1694441873189 2.941515387290628 234
1694441873238 2.9059491916823563 235
1694441873298 2.870978424730707 236
1694441873355 2.836592194562506 237
1694441873428 2.802779820652398 238
1694441873481 2.769530829575943 239
1694441873534 2.736834950849732 240
1694441873622 2.7046821128566827 241
1694441873701 2.6730624388548168 242
1694441873796 2.641966243067732 243
1694441873883 2.611384026855105 244
1694441873923 2.5813064749615795 245
1694441874005 2.5517244518423756 246
1694441874065 2.5226289980640813 247
1694441874106 2.494011326779058 248
1694441874167 2.465862820271897 249
1694441874220 2.438175026576496 250
1694441874267 2.4109396561622605 251
1694441874307 2.38414857868801 252
1694441874370 2.357793819822179 253
1694441874430 2.3318675581279624 254
1694441874465 2.3063621220120605 255
1694441874510 2.281269986735664 256
1694441874552 2.256583771486477 257
1694441874599 2.232296236510445 258
1694441874645 2.208400280301967 259
1694441874681 2.1848889368514315 260
1694441874724 2.16175537294883 261
1694441874773 2.1389928855423235 262
1694441874811 2.11659489915063 263
1694441874854 2.0945549633281115 264
1694441874895 2.072866750181469 265
1694441874934 2.05152405193699 266
1694441874982 2.030520778557306 267
1694441875021 2.0098509554066397 268
1694441875065 1.989508720963523 269
1694441875154 1.969488324580035 270
1694441875201 1.9497841242865828 271
1694441875311 1.9303905846412868 272
1694441875370 1.9113022746230643 273
1694441875437 1.8925138655674936 274
1694441875474 1.874020129144597 275
1694441875518 1.855815935377641 276
1694441875569 1.8378962507021714 277
1694441875613 1.8202561360643879 278
1694441875660 1.802890745058104 279
1694441875703 1.78579532209945 280
1694441875761 1.7689652006385808 281
1694441875830 1.7523958014076018 282
1694441875871 1.7360826307039932 283
1694441875917 1.720021278708753 284
1694441875963 1.7042074178386266 285
1694441876014 1.6886368011316153 286
1694441876063 1.6733052606651961 287
1694441876113 1.6582087060064772 288
1694441876165 1.6433431226936972 289
1694441876220 1.6287045707484036 290
1694441876272 1.6142891832176738 291
1694441876321 1.6000931647457786 292
1694441876371 1.5861127901746608 293
1694441876423 1.5723444031726592 294
1694441876472 1.5587844148908854 295
1694441876531 1.5454293026466817 296
1694441876606 1.5322756086336293 297
1694441876664 1.519319938657539 298
1694441876718 1.5065589608978691 299
1694441876763 1.4939894046941207 300
1694441876813 1.481608059356634 301
1694441876877 1.469411773001291 302
1694441876920 1.457397451407668 303
1694441876972 1.4455620569001495 304
1694441877014 1.4339026072514858 305
1694441877053 1.4224161746084016 306
1694441877106 1.4110998844387712 307
1694441877156 1.3999509144999074 308
1694441877205 1.3889664938275457 309
1694441877256 1.3781439017451163 310
1694441877300 1.3674804668928693 311
1694441877354 1.3569735662764248 312
1694441877462 1.3466206243344157 313
1694441877519 1.3364191120247597 314
1694441877562 1.326366545929238 315
1694441877606 1.3164604873759622 316
1694441877645 1.3066985415793995 317
1694441877684 1.2970783567975677 318
1694441877731 1.2875976235060786 319
1694441877773 1.278254073588657 320
1694441877814 1.269045479543823 321
1694441877859 1.2599696537073874 322
1694441877900 1.2510244474904582 323
1694441877938 1.2422077506326208 324
1694441877985 1.23351749047 325
1694441878021 1.224951631217897 326
1694441878063 1.2165081732676901 327
1694441878102 1.2081851524977234 328
1694441878138 1.1999806395978938 329
1694441878187 1.1918927394076695 330
1694441878240 1.1839195902672384 331
1694441878290 1.1760593633815362 332
1694441878341 1.1683102621969061 333
1694441878396 1.16067052179011 334
1694441878456 1.1531384082694511 335
1694441878537 1.1457122181877437 336
1694441878607 1.1383902779669404 337
1694441878663 1.1311709433340997 338
1694441878699 1.1240525987685521 339
1694441878756 1.1170336569599644 340
1694441878820 1.1101125582771185 341
1694441878863 1.10328777024718 342
1694441878901 1.0965577870452456 343
1694441878951 1.0899211289939548 344
1694441879007 1.0833763420729636 345
1694441879051 1.0769219974380864 346
1694441879101 1.070556690949897 347
1694441879151 1.0642790427116235 348
1694441879191 1.0580876966161104 349
1694441879235 1.0519813199016932 350
1694441879281 1.0459586027168044 351
1694441879327 1.0400182576931172 352
1694441879382 1.034159019527072 353
1694441879423 1.0283796445695954 354
1694441879470 1.0226789104238745 355
1694441879518 1.0170556155509998 356
1694441879569 1.011508578883329 357
1694441879612 1.006036639445405 358
1694441879653 1.0006386559823 359
1694441879709 0.9953135065952038 360
1694441879744 0.9900600883841324 361
1694441879797 0.9848773170976133 362
1694441879834 0.9797641267891884 363
1694441879874 0.974719469480617 364
1694441879909 0.9697423148316359 365
1694441879964 0.9648316498161456 366
1694441880004 0.9599864784046845 367
1694441880073 0.9552058212530915 368
1694441880124 0.9504887153971892 369
1694441880183 0.9458342139534116 370
1694441880232 0.9412413858252331 371
1694441880277 0.9367093154152754 372
1694441880339 0.932237102342999 373
1694441880391 0.9278238611678584 374
1694441880436 0.9234687211177979 375
1694441880496 0.9191708258230105 376
1694441880574 0.9149293330548239 377
1694441880630 0.9107434144696225 378
1694441880683 0.9066122553577243 379
1694441880757 0.9025350543970752 380
1694441880824 0.8985110234116918 381
1694441880896 0.8945393871347581 382
1694441880967 0.8906193829762528 383
1694441881022 0.8867502607950777 384
1694441881090 0.8829312826755193 385
1694441881155 0.8791617227080187 386
1694441881220 0.8754408667741341 387
1694441881267 0.8717680123356288 388
1694441881321 0.8681424682275808 389
1694441881371 0.8645635544554602 390
1694441881423 0.8610306019960677 391
1694441881464 0.8575429526022873 392
1694441881518 0.8540999586115426 393
1694441881578 0.8507009827579265 394
1694441881630 0.8473453979878814 395
1694441881679 0.8440325872794032 396
1694441881723 0.8407619434646707 397
1694441881765 0.8375328690560455 398
1694441881817 0.8343447760753789 399
1694441881856 0.8311970858865358 400
1694441881895 0.8280892290311133 401
1694441881938 0.8250206450672448 402
1694441882039 0.8219907824114715 403
1694441882084 0.8189990981835849 404
1694441882133 0.8160450580544011 405
1694441882182 0.8131281360964064 406
1694441882248 0.8102478146372145 407
1694441882320 0.8074035841157796 408
1694441882374 0.8045949429413177 409
1694441882423 0.8018213973548686 410
1694441882466 0.7990824612934624 411
1694441882504 0.7963776562568295 412
1694441882552 0.7937065111766046 413
1694441882585 0.7910685622879801 414
1694441882631 0.7884633530037553 415
1694441882710 0.7858904337907497 416
1694441882797 0.7833493620485 417
1694441882864 0.7808397019902359 418
1694441882950 0.7783610245260553 419
1694441883009 0.7759129071482954 420
1694441883087 0.7734949338190054 421
1694441883155 0.771106694859529 422
1694441883213 0.7687477868421275 423
1694441883272 0.7664178124835983 424
1694441883335 0.764116380540888 425
1694441883418 0.7618431057086005 426
1694441883472 0.759597608518429 427
1694441883530 0.7573795152404261 428
1694441883591 0.7551884577860931 429
1694441883664 0.7530240736132532 430
1694441883729 0.7508860056326824 431
1694441883814 0.748773902116437 432
1694441883870 0.7466874166078856 433
1694441883923 0.7446262078333705 434
1694441884000 0.742589939615489 435
1694441884066 0.7405782807879714 436
1694441884120 0.7385909051120964 437
1694441884182 0.736627491194645 438
1694441884237 0.7346877224073438 439
1694441884302 0.7327712868077709 440
1694441884381 0.7308778770617087 441
1694441884432 0.7290071903668921 442
1694441884506 0.7271589283781533 443
1694441884556 0.7253327971339164 444
1694441884605 0.7235285069840148 445
1694441884651 0.7217457725188303 446
1694441884707 0.7199843124996935 447
1694441884773 0.7182438497905475 448
1694441884834 0.716524111290846 449
1694441884876 0.7148248278696392 450
1694441884915 0.7131457343008695 451
1694441884951 0.711486569199808 452
1694441884986 0.7098470749606333 453
1694441885030 0.7082269976951414 454
1694441885072 0.7066260871725266 455
1694441885119 0.7050440967602579 456
1694441885158 0.7034807833659996 457
1694441885200 0.7019359073805662 458
1694441885251 0.700409232621895 459
1694441885289 0.6989005262800074 460
1694441885326 0.6974095588629535 461
1694441885379 0.6959361041437083 462
1694441885433 0.694479939108012 463
1694441885484 0.6930408439031222 464
1694441885566 0.6916186017874852 465
1694441885630 0.6902129990812776 466
1694441885717 0.6888238251178258 467
1694441885770 0.6874508721958844 468
1694441885818 0.6860939355327418 469
1694441885856 0.6847528132181512 470
1694441885899 0.6834273061690637 471
1694441885948 0.6821172180851655 472
1694441885999 0.6808223554051764 473
1694441886057 0.6795425272639147 474
1694441886120 0.6782775454501055 475
1694441886186 0.6770272243649355 476
1694441886255 0.6757913809813092 477
1694441886317 0.674569834803821 478
1694441886388 0.6733624078294175 479
1694441886484 0.6721689245087391 480
1694441886573 0.670989211708128 481
1694441886678 0.6698230986722993 482
1694441886735 0.6686704169876313 483
1694441886772 0.6675310005461108 484
1694441886833 0.6664046855098887 485
1694441886870 0.6652913102764375 486
1694441886934 0.6641907154443035 487
1694441886973 0.6631027437794597 488
1694441887034 0.6620272401822077 489
1694441887091 0.6609640516546647 490
1694441887148 0.6599130272687898 491
1694441887211 0.658874018134965 492
1694441887273 0.6578468773710899 493
1694441887336 0.6568314600722194 494
1694441887372 0.6558276232807017 495
1694441887410 0.6548352259568259 496
1694441887449 0.6538541289499592 497
1694441887538 0.6528841949701752 498
1694441887614 0.651925288560349 499
