1694438747993 0.0 0
1694438748293 0.0 1
1694438748558 0.0 2
1694438748895 0.0 3
1694438749211 0.0 4
1694438749496 0.0 5
1694438749737 0.0 6
1694438750004 0.0 7
1694438750252 0.0 8
1694438750506 0.0 9
1694438750760 0.0 10
1694438751021 0.0 11
1694438751308 0.0 12
1694438751644 0.0 13
1694438751952 0.0 14
1694438752218 0.0 15
1694438752474 0.0 16
1694438752734 0.0 17
1694438753014 0.0 18
1694438753271 0.0 19
1694438753530 0.0 20
1694438753803 0.0 21
1694438754060 0.0 22
1694438754311 0.0 23
1694438754583 0.0 24
1694438754842 0.0 25
1694438755096 0.0 26
1694438755359 0.0 27
1694438755616 0.0 28
1694438755872 0.0 29
1694438756139 0.0 30
1694438756401 0.0 31
1694438756649 0.0 32
1694438756897 0.0 33
1694438757152 0.0 34
1694438757424 0.0 35
1694438757681 0.0 36
1694438757936 0.0 37
1694438758189 0.0 38
1694438758427 0.0 39
1694438758661 0.0 40
1694438758902 0.0 41
1694438759139 0.0 42
1694438759390 0.0 43
1694438759634 0.0 44
1694438759892 0.0 45
1694438760131 0.0 46
1694438760391 0.0 47
1694438760635 0.0 48
1694438760910 0.0 49
1694438761178 0.0 50
1694438761440 0.0 51
1694438761694 0.0 52
1694438761960 0.0 53
1694438762222 0.0 54
1694438762479 0.0 55
1694438762740 0.0 56
1694438762979 0.0 57
1694438763243 0.0 58
1694438763506 0.0 59
1694438763771 0.0 60
1694438764042 0.0 61
1694438764303 0.0 62
1694438764563 0.0 63
1694438764794 0.0 64
1694438765054 0.0 65
1694438765312 0.0 66
1694438765571 0.0 67
1694438765829 0.0 68
1694438766068 0.0 69
1694438766332 0.0 70
1694438766588 0.0 71
1694438766846 0.0 72
1694438767094 0.0 73
1694438767359 0.0 74
1694438767642 0.0 75
1694438767906 0.0 76
1694438768172 0.0 77
1694438768419 0.0 78
1694438768667 0.0 79
1694438768913 0.0 80
1694438769162 0.0 81
1694438769425 0.0 82
1694438769685 0.0 83
1694438769957 0.0 84
1694438770215 0.0 85
1694438770474 0.0 86
1694438770729 0.0 87
1694438770986 0.0 88
1694438771246 0.0 89
1694438771488 0.0 90
1694438771750 0.0 91
1694438771996 0.0 92
1694438772260 0.0 93
1694438772519 0.0 94
1694438772773 0.0 95
