1694443219471 0.5363144746025507 0
1694443219839 1.0132912888661432 1
1694443220146 0.5815350521735659 2
1694443220425 0.0021897408752186965 3
1694443220715 0.1876046464293447 4
1694443220997 1.1052542830625791 5
1694443221275 0.430108687452436 6
1694443221553 0.5120673476895766 7
1694443221833 0.9599551681560243 8
1694443222103 0.765261067967574 9
1694443222359 0.47508550175362113 10
1694443222621 1.226029205697795 11
1694443222888 0.1123482711569765 12
1694443223173 0.15185522493365874 13
1694443223443 2.0010352414567447 14
1694443223735 2.8716368286648666 15
1694443224026 0.036070814247033095 16
1694443224324 0.27795920021736953 17
1694443224596 0.16382481542646316 18
1694443224885 0.8849641905525846 19
1694443225159 0.8982570004496165 20
1694443225448 0.2147896893817222 21
1694443225718 0.36119502338350373 22
1694443225994 0.4595727697867827 23
1694443226254 0.3442998695667237 24
1694443226537 0.3156336291006975 25
1694443226822 0.8864990632838554 26
1694443227087 0.82942008041919 27
1694443227363 0.32550911561159873 28
1694443227654 0.3246683346884145 29
1694443227938 0.1596081258994521 30
1694443228238 0.48578847921602003 31
1694443228501 0.07568472757617273 32
1694443228767 0.9540175666879511 33
1694443229042 0.47856847731539226 34
1694443229327 1.2680824618643123 35
1694443229618 0.8269003459232749 36
1694443229885 1.5802239275821781 37
1694443230157 0.8713703770698334 38
1694443230432 1.3157217930194793 39
1694443230705 0.6205631805742837 40
1694443230977 0.3245299888473319 41
1694443231256 0.2873196037353404 42
1694443231541 0.4061865206694872 43
1694443231828 1.7924567120492334 44
1694443232115 0.5573561902242445 45
1694443232385 0.2931113874233173 46
1694443232652 0.007469955844060977 47
1694443232939 0.3308001314183826 48
1694443233220 0.21431734897419788 49
1694443233514 0.34642082744251085 50
1694443233800 1.4928205957492962 51
1694443234091 0.7578765600027866 52
1694443234378 0.7366726601842861 53
1694443234641 1.4928848040545264 54
1694443234973 0.6992106018119034 55
1694443235250 0.6602642058568615 56
1694443235550 0.7780844306877203 57
1694443235828 1.1126759682511178 58
1694443236112 0.7006808070099643 59
1694443236386 1.883926748587819 60
1694443236656 0.699303130236872 61
1694443236920 0.5771271402256205 62
1694443237198 0.7020348236703313 63
1694443237480 0.9715494173075472 64
1694443237765 0.528045994042824 65
1694443238030 1.0203677094273182 66
1694443238315 1.200969195051077 67
1694443238605 0.694800213296186 68
1694443238728 0.17285326229876735 69
1694443239113 1.0722535619348565 70
1694443239382 0.5764628534270921 71
1694443239656 0.8102274383891016 72
1694443239928 1.0188913065892047 73
1694443240203 0.19910450171408378 74
1694443240457 0.8838368204718603 75
1694443240716 0.193814366724929 76
1694443240994 0.7771372441625375 77
1694443241279 0.5279046491606787 78
1694443241540 0.4128724207890882 79
1694443241799 0.9023926643770317 80
1694443242075 0.769419988071461 81
1694443242374 0.09086333033842937 82
1694443242664 0.35284915236579306 83
1694443242946 0.9596195536434993 84
1694443243226 1.1883754114661464 85
1694443243523 0.5696814237050022 86
1694443243837 0.7081281712054214 87
1694443244123 0.7981790381934403 88
1694443244410 0.022039764585357644 89
1694443244696 0.3552945325256469 90
1694443244957 0.6352845379976495 91
1694443245230 0.34876051935177566 92
1694443245500 0.19372411742864645 93
1694443245777 1.2891251275101945 94
1694443246050 1.0194881010330963 95
1694443246320 0.48097361174171843 96
1694443246590 0.01787089239048188 97
1694443246864 0.1788275588690825 98
1694443247122 0.4432873245188802 99
1694443247402 1.4539093122604982 100
1694443247675 0.10360786175175542 101
1694443247958 0.08076549232314383 102
1694443248227 0.3063568036961986 103
1694443248488 0.5496121859685065 104
1694443248746 0.21685319543220286 105
1694443249011 1.2848256298345573 106
1694443249293 0.25697512239542153 107
1694443249594 1.0403166910717203 108
1694443249833 0.026598025763244985 109
1694443250115 0.6914617028668221 110
1694443250417 0.6066378132478509 111
1694443250707 0.05449191121148816 112
1694443250982 0.39830015343145536 113
1694443251262 0.8905601517159508 114
1694443251529 0.4429646721148819 115
1694443251810 0.4450127254259016 116
1694443252094 0.5116370032588172 117
1694443252385 0.5708259973231335 118
1694443252649 0.3526547714111284 119
1694443252926 0.20918618207880432 120
1694443253213 0.4395073570297081 121
1694443253482 0.39672023650409194 122
1694443253749 0.12849062404738246 123
1694443254030 0.9501157155306273 124
1694443254289 0.07759674192067346 125
1694443254564 0.634048094685464 126
1694443254926 0.16673919782957178 127
1694443255206 0.20899299903807436 128
1694443255478 0.13356966219999697 129
1694443255743 0.3439195958671896 130
1694443256046 0.24263646930899307 131
1694443256335 0.21101156399889473 132
1694443256606 0.24730527295056387 133
1694443256875 0.3127746365828341 134
1694443257131 0.4803357847583441 135
1694443257429 0.9059313021460518 136
1694443257697 0.18166276013042407 137
1694443257951 0.03333233652566701 138
1694443258199 0.3571352840629093 139
1694443258451 0.3618442463970394 140
1694443258714 0.2594076351611269 141
1694443258980 4.619986876469515 142
1694443259242 0.49301436359960954 143
1694443259510 0.7016678197179785 144
1694443259798 0.48384264972840957 145
1694443260090 0.15549157971392397 146
1694443260324 0.5247299942687232 147
1694443260594 0.7905797006089269 148
1694443260868 0.19809187596634384 149
1694443261117 0.5277792345016673 150
1694443261392 0.25646817794549637 151
1694443261678 0.8139692417383972 152
1694443261950 0.004981532752028978 153
1694443262233 0.2632315964066812 154
1694443262491 1.0048997301392635 155
1694443262769 1.0097344453629988 156
1694443263035 0.37438358923772663 157
1694443263351 0.8754979672572553 158
1694443263629 0.054146591347195364 159
1694443263931 0.7481332798928267 160
1694443264243 0.2992429655050485 161
1694443264580 0.37021112058485656 162
1694443264859 0.08890025911321245 163
1694443265143 0.006218560570714051 164
1694443265429 0.2781780402156876 165
1694443265719 0.8968353235604731 166
1694443265984 0.6268665420226228 167
1694443266260 0.4481983135402118 168
1694443266534 0.024773417262451136 169
1694443266818 0.8173488924231798 170
1694443267103 0.26681313135023854 171
1694443267387 0.4693970947082659 172
1694443267699 0.8797976164173787 173
1694443267987 0.38021301832215476 174
1694443268273 0.0011697111052389466 175
1694443268533 0.3621750009329882 176
1694443268794 1.3479967056996482 177
1694443269058 0.14420615927466304 178
1694443269302 0.8502472924743458 179
1694443269597 0.06177334030365603 180
1694443269865 0.20797775154477446 181
1694443270138 1.60519488378637 182
1694443270410 0.6987712417162723 183
1694443270649 0.35972803931693226 184
1694443270796 0.7171687329589256 185
1694443271187 2.4277738239030553 186
1694443271472 0.7230398682958016 187
1694443271742 0.4973769251008959 188
1694443271985 0.37988407225743964 189
1694443272241 0.2781840077876137 190
1694443272531 0.7932158749252006 191
1694443272783 0.536604507956825 192
1694443273031 0.9085212589729413 193
1694443273298 0.06514110365461762 194
1694443273552 0.8403961487250097 195
1694443273823 0.8448949213844084 196
1694443274102 0.29115642641280726 197
1694443274386 0.1702667210599527 198
1694443274655 0.14931972039009184 199
1694443274944 1.0383214762391781 200
1694443275236 1.0094572881268509 201
1694443275508 0.13994179864401682 202
1694443275785 0.0980069608610976 203
1694443276083 1.245073167392135 204
1694443276375 1.152262536745462 205
1694443276651 0.09659631777387727 206
1694443276928 0.4725249141116179 207
1694443277191 0.6314189274718912 208
1694443277489 0.22093253840865618 209
1694443277787 0.4633710640524607 210
1694443278057 0.11773477606389224 211
1694443278345 1.3890931294771183 212
1694443278659 1.337620457747766 213
1694443278977 0.3050938310247506 214
1694443279266 0.595529758253483 215
1694443279580 0.7080304562207355 216
1694443279869 1.0701707444140345 217
1694443280197 0.8008461627504028 218
1694443280482 0.33546216438754517 219
1694443280776 0.07071673817248623 220
1694443281048 0.6975793596648476 221
1694443281362 0.896368407476481 222
1694443281637 0.5423445619120879 223
1694443281903 0.0468177136146189 224
1694443282178 0.7014178246295406 225
1694443282484 0.7308822948324286 226
1694443282736 1.0707461714440438 227
1694443282999 0.13957193005005547 228
1694443283277 0.45590707698269434 229
1694443283558 1.2162590297452942 230
1694443283836 0.0484626258510871 231
1694443284088 0.7132368120002103 232
1694443284377 0.6807997122752736 233
1694443284623 1.0518186637685847 234
1694443284887 0.4893933346865929 235
1694443285139 0.263998745528241 236
1694443285412 0.21023245681775726 237
1694443285674 0.8076328757567603 238
1694443285933 0.6170638001261762 239
1694443286188 0.577450586789221 240
1694443286445 0.7153824588201394 241
1694443286683 1.3287412656737838 242
1694443286948 0.31672108636960083 243
1694443287211 0.31449301259561596 244
1694443287491 0.30084066681277966 245
1694443287735 0.9548990026548858 246
1694443287935 0.4670159707078791 247
1694443288304 0.8679237374493006 248
1694443288582 0.80535912764836 249
1694443288883 0.4917042209230922 250
1694443289172 0.011117094416396118 251
1694443289447 0.015000633619164642 252
1694443289719 0.5277154898475063 253
1694443289973 1.1730076137696692 254
1694443290257 0.10727267530793226 255
1694443290564 0.4717004116301905 256
1694443290828 0.6103409412193567 257
1694443291102 0.10269710080394381 258
1694443291366 0.21160425067401262 259
1694443291633 0.23226507983985653 260
1694443291898 1.1926211211962152 261
1694443292149 1.056521159686541 262
1694443292427 0.6399338520333054 263
1694443292701 0.016587381649285495 264
1694443292934 0.06808701356356829 265
1694443293197 0.838028195433583 266
1694443293484 0.08060290813419997 267
1694443293793 0.35045089535140883 268
1694443294083 0.12768280094208376 269
1694443294375 0.23305517223972264 270
1694443294659 0.2326241548850593 271
1694443294929 0.25517285548589236 272
1694443295253 0.12425990136491649 273
1694443295537 0.43989853370025594 274
1694443295794 0.28775097555711027 275
1694443296049 0.22876133468783638 276
1694443296325 1.1035781678283458 277
1694443296615 0.7254987409392172 278
1694443296879 0.5167684843977748 279
1694443297139 0.974660859645925 280
1694443297422 0.9128187302413242 281
1694443297685 0.37558546324690223 282
1694443297945 0.7079468958481681 283
1694443298216 0.34147800943414836 284
1694443298507 0.8136565572823254 285
1694443298760 0.5629502522962222 286
1694443299037 0.49290514175234384 287
1694443299310 1.3148196766169105 288
1694443299582 0.3594544976885256 289
1694443299873 0.8378452199973198 290
1694443300154 0.18999656973108922 291
1694443300426 0.976952344658536 292
1694443300710 0.4960654001187387 293
1694443300977 1.8440581851568165 294
1694443301275 0.8378934846229436 295
1694443301543 0.1128669107947283 296
1694443301801 0.4808201301506512 297
1694443302059 0.9439333823953336 298
1694443302318 0.0607499498161963 299
1694443302603 0.12786022985271994 300
1694443302845 0.0259028729243895 301
1694443303094 0.4760728338087327 302
1694443303361 0.6745682699729794 303
1694443303600 0.6963857975536696 304
1694443303856 1.0642236428851422 305
1694443304101 0.2900892919716702 306
1694443304353 0.5595388465426682 307
1694443304596 0.09032452896894495 308
1694443304836 0.48594002290920896 309
1694443305099 0.7896169031211063 310
1694443305354 0.16629893787212965 311
1694443305618 0.13237022573450255 312
1694443305869 0.0321189225056525 313
1694443306113 0.5010422149364822 314
1694443306386 0.01094200268866218 315
1694443306626 1.170945069401199 316
1694443306887 0.3333328675041422 317
1694443307150 0.43313060898070876 318
1694443307431 0.2592383409180249 319
1694443307686 1.078140948023585 320
1694443307960 1.5307083792095086 321
1694443308262 0.3738361606720408 322
1694443308582 0.9298918159940744 323
1694443308893 0.6881217745746738 324
1694443309202 0.004901273473777689 325
1694443309494 0.8311420406695471 326
1694443309783 1.4051644593434258 327
1694443310048 1.4685845083440874 328
1694443310366 0.4951862063162974 329
1694443310627 0.7409335576393787 330
1694443310886 0.969134647109887 331
1694443311144 0.11327781215941789 332
1694443311420 0.33252606200307006 333
1694443311697 0.6067350482088776 334
1694443311963 0.6689096765893542 335
1694443312239 0.6401630094337475 336
1694443312511 0.8742104618108455 337
1694443312812 0.3526160564869488 338
1694443313086 0.46689872552042727 339
1694443313363 0.14435412720693935 340
1694443313639 0.37378059553542686 341
1694443313919 1.1638530793345854 342
1694443314207 0.6977637217597382 343
1694443314487 0.6820829677507096 344
1694443314769 1.041069951527633 345
1694443315040 0.44053373381887073 346
1694443315393 1.13105298967776 347
1694443315673 0.003589817240634871 348
1694443315933 0.7002354172991251 349
1694443316206 0.08091726920063905 350
1694443316480 1.8289061148312797 351
1694443316753 0.17372579797927423 352
1694443317011 0.6769540258149034 353
1694443317252 0.5530307957298645 354
1694443317514 1.6550867464043895 355
1694443317761 0.9095866268962655 356
1694443318002 0.1530239565284358 357
1694443318254 0.4944962259479799 358
1694443318542 1.1959064915038358 359
1694443318795 0.039347792240304276 360
1694443319068 0.5584140974046616 361
1694443319319 0.35829429242579625 362
1694443319616 0.4363291620097104 363
1694443319895 0.4514424266866462 364
1694443320187 0.13353669039052693 365
1694443320464 0.04220208899292038 366
1694443320726 0.17327660388814373 367
1694443320989 0.24225031163624455 368
1694443321239 0.9027593081716911 369
1694443321516 0.5626297655090731 370
1694443321782 0.3328382235148412 371
1694443322035 0.364788449329149 372
1694443322283 0.00026795549260756076 373
1694443322551 0.32967338596625256 374
1694443322804 0.037012536040665144 375
1694443323052 1.2080403892468503 376
1694443323337 0.5698575310737304 377
1694443323661 0.25161623192496885 378
1694443323998 0.9685939552084226 379
1694443324300 1.0986333181400774 380
1694443324594 0.516039603126407 381
1694443324893 0.21829067829903054 382
1694443325184 0.6203294082987548 383
1694443325506 0.35314161898915275 384
1694443325802 1.2575382586917947 385
1694443326071 0.111509441557752 386
1694443326334 0.3829537493000151 387
1694443326639 0.49351102910788847 388
1694443326867 0.0007520510502931115 389
1694443327166 0.3623736622859505 390
1694443327424 0.44332296017845946 391
1694443327715 2.017982624920456 392
1694443327980 0.5192520802525457 393
1694443328245 1.0616723709368978 394
1694443328529 0.6300452682787924 395
1694443328804 0.8287376684516264 396
1694443329076 0.08460253057169696 397
1694443329350 0.44608374088139374 398
1694443329607 0.13309796669593119 399
1694443329884 0.7730397712224439 400
1694443330148 0.27100051227168503 401
1694443330437 0.1306645096806839 402
1694443330723 0.5840924213993001 403
1694443330962 0.7740160378324844 404
1694443331278 0.4212514615102726 405
1694443331549 0.3824317509239131 406
1694443331794 0.9736582498674462 407
1694443332034 0.036441656355816504 408
1694443332292 0.15640653420524542 409
1694443332539 0.1479164686918109 410
1694443332790 0.5867682240733202 411
1694443333104 0.2975044306396106 412
1694443333460 0.5694666505694741 413
1694443333799 0.01064866584434034 414
1694443334135 0.011642313727206956 415
1694443334386 0.3237844833914433 416
1694443334677 0.35725425797634425 417
1694443334939 0.20666452051154222 418
1694443335224 0.1249281610682528 419
1694443335493 0.4523857246343009 420
1694443335750 0.8812408493307553 421
1694443336013 0.18491335630537173 422
1694443336314 0.9363383201478095 423
1694443336566 0.18240712690494132 424
1694443336856 0.6265251256477886 425
1694443337143 0.11872281181005509 426
1694443337438 0.43977508175297403 427
1694443337725 0.22033563645144338 428
1694443337994 0.2552193408155605 429
1694443338279 1.467359144018187 430
1694443338569 0.6819291344263784 431
1694443338868 0.8070278357315228 432
1694443339179 0.7688084231249636 433
1694443339468 0.5345038861760775 434
1694443339744 0.28771457818777135 435
1694443340031 1.094059980509432 436
1694443340318 0.01628503159935327 437
1694443340585 0.5876286375132305 438
1694443340854 0.9801558568646342 439
1694443341129 0.3369338766608529 440
1694443341412 0.32974876201609654 441
1694443341698 2.175457857576121 442
1694443341960 0.4293721589968423 443
1694443342265 0.6101083434080492 444
1694443342559 0.607112362674282 445
1694443342838 0.3684368617228082 446
1694443343114 0.2373965955354672 447
1694443343387 0.7238945194255982 448
1694443343654 0.9653856490913231 449
1694443343957 0.08621765352091319 450
1694443344250 0.32421565211583303 451
1694443344562 0.17615407659779134 452
1694443344884 0.9135195265781625 453
1694443345150 0.6129936813639152 454
1694443345465 1.003924749203703 455
1694443345770 0.16694119340730873 456
1694443346055 1.7782429134268871 457
1694443346351 0.10469982364692171 458
1694443346657 1.714843974606711 459
1694443346956 0.8554040380070814 460
1694443347248 0.6050263840547037 461
1694443347523 0.6366518673604443 462
1694443347801 1.051164848687168 463
1694443348075 0.5636136477904006 464
1694443348353 0.6660201239934196 465
1694443348619 0.09004608631250288 466
1694443348915 0.45661972040082766 467
1694443349202 0.06212094016433386 468
1694443349464 0.17441767644894982 469
1694443349736 1.6121774082655143 470
1694443350009 0.46051635980374955 471
1694443350275 0.18929686066923604 472
1694443350528 0.21079301626127844 473
1694443350804 0.30107838603142106 474
1694443351079 0.3867067388416082 475
1694443351353 0.5922550677653945 476
1694443351631 1.1997397955879077 477
1694443351909 0.1813429540130058 478
1694443352186 0.22493983129719047 479
1694443352476 0.4891890342437285 480
1694443352780 0.8052021192252654 481
1694443353054 1.0384037695831712 482
1694443353324 1.612653021346036 483
1694443353610 0.4249247158262721 484
1694443353893 0.36421208092043794 485
1694443354183 0.0117033439982171 486
1694443354460 0.4086082067423428 487
1694443354734 0.8729515553209768 488
1694443355005 0.5087597801456651 489
1694443355269 0.8938650938282705 490
1694443355537 0.5217073889408887 491
1694443355825 0.33242412352718564 492
1694443356100 0.289570907187801 493
1694443356389 0.12537435030568947 494
1694443356587 0.48729828937199143 495
1694443356938 0.5356724532636812 496
1694443357240 1.2452005515942732 497
1694443357517 0.47066885996746977 498
1694443357788 0.8283741333954405 499
