1694436884317 170.08893262744044 0
1694436884381 166.67966213146622 1
1694436884451 163.34583276297752 2
1694436884516 160.0856960929835 3
1694436884572 156.89754551579065 4
1694436884615 153.77971522247287 5
1694436884654 150.73057920021242 6
1694436884685 147.74855025683942 7
1694436884715 144.83207906991473 8
1694436884755 141.97965325971882 9
1694436884789 139.18979648552735 10
1694436884834 136.46106756456965 11
1694436884865 133.79205961308352 12
1694436884895 131.18139920889482 13
1694436884935 128.62774557496616 14
1694436884970 126.12978978337391 15
1694436885004 123.68625397918665 16
1694436885049 121.29589062373296 17
1694436885083 118.95748175675983 18
1694436885113 116.66983827699609 19
1694436885160 114.43179924064879 20
1694436885199 112.24223117737196 21
1694436885234 110.10002742326105 22
1694436885263 108.00410747043621 23
1694436885301 105.9534163327909 24
1694436885340 103.94692392749269 25
1694436885408 101.9836244718339 26
1694436885472 100.06253589504088 27
1694436885524 98.1826992646608 28
1694436885564 96.34317822715471 29
1694436885613 94.54305846233565 30
1694436885673 92.78144715130006 31
1694436885732 91.05747245750979 32
1694436885776 89.37028302069116 33
1694436885825 87.71904746322625 34
1694436885868 86.10295390872018 35
1694436885907 84.52120951243592 36
1694436885938 82.97304000329713 37
1694436885978 81.45768923716642 38
1694436886014 79.9744187611147 39
1694436886047 78.52250738840424 40
1694436886078 77.10125078391549 41
1694436886126 75.709961059755 42
1694436886172 74.34796638078784 43
1694436886206 73.01461057984547 44
1694436886235 71.70925278236555 45
1694436886264 70.43126704022743 46
1694436886303 69.18004197455247 47
1694436886335 67.95498042724421 48
1694436886374 66.75549912105018 49
1694436886414 65.58102832793156 50
1694436886445 64.43101154553302 51
1694436886472 63.30490518155059 52
1694436886513 62.20217824580005 53
1694436886545 61.12231204979386 54
1694436886585 60.06479991363943 55
1694436886616 59.02914688007606 56
1694436886645 58.014869435473145 57
1694436886673 57.02149523761616 58
1694436886704 56.048562850111765 59
1694436886736 55.095621483247534 60
1694436886766 54.16223074114593 61
1694436886806 53.247960375056536 62
1694436886835 52.35239004263405 63
1694436886865 51.47510907305389 64
1694436886895 50.61571623782086 65
1694436886924 49.77381952712963 66
1694436886952 48.94903593164019 67
1694436886985 48.14099122953395 68
1694436887019 47.34931977872046 69
1694436887048 46.573664314067116 70
1694436887086 45.81367574952838 71
1694436887122 45.06901298505326 72
1694436887153 44.339342718153716 73
1694436887198 43.624339260018736 74
1694436887229 42.92368435606261 75
1694436887264 42.23706701079803 76
1694436887304 41.564183316927796 77
1694436887336 40.90473628855144 78
1694436887372 40.258435698385725 79
1694436887414 39.624997918900426 80
1694436887445 39.00414576727352 81
1694436887474 38.395608354071896 82
1694436887508 37.79912093556648 83
1694436887538 37.214424769592775 84
1694436887572 36.641266974869794 85
1694436887620 36.07940039369313 86
1694436887649 35.52858345791941 87
1694436887688 34.98858005816166 88
1694436887720 34.45915941611748 89
1694436887748 33.94009595995313 90
1694436887788 33.431169202669274 91
1694436887822 32.9321636233755 92
1694436887854 32.442868551402775 93
1694436887907 31.963078053184738 94
1694436887955 31.49259082184025 95
1694436888033 31.03121006939166 96
1694436888089 30.578743421554517 97
1694436888123 30.13500281503631 98
1694436888162 29.699804397283142 99
1694436888241 29.272968428614977 100
1694436888315 28.854319186691463 101
1694436888345 28.44368487325166 102
1694436888377 28.040897523072708 103
1694436888411 27.645792915093452 104
1694436888439 27.258210485650615 105
1694436888469 26.87799324377648 106
1694436888503 26.50498768850795 107
1694436888534 26.139043728158477 108
1694436888568 25.780014601505354 109
1694436888597 25.427756800845927 110
1694436888630 25.08212999687776 111
1694436888659 24.74299696535863 112
1694436888687 24.410223515503187 113
1694436888726 24.083678420074754 114
1694436888766 23.763233347130928 115
1694436888811 23.44876279338348 116
1694436888839 23.140144019133412 117
1694436888868 22.837256984743295 118
1694436888903 22.539984288609926 119
1694436888935 22.248211106601083 120
1694436888966 21.961825132921206 121
1694436889000 21.68071652237164 122
1694436889031 21.404777833971938 123
1694436889066 21.133903975909387 124
1694436889098 20.86799215178509 125
1694436889133 20.606941808125196 126
1694436889170 20.35065458312718 127
1694436889215 20.099034256611272 128
1694436889255 19.851986701148427 129
1694436889304 19.609419834336375 130
1694436889336 19.371243572196416 131
1694436889371 19.137369783663985 132
1694436889414 18.90771224614699 133
1694436889440 18.682186602126094 134
1694436889473 18.460710316772325 135
1694436889517 18.243202636557413 136
1694436889549 18.029584548833327 137
1694436889605 17.81977874235772 138
1694436889655 17.61370956874284 139
1694436889713 17.411303004805603 140
1694436889779 17.21248661579769 141
1694436889853 17.01718951949431 142
1694436889930 16.825342351121396 143
1694436889998 16.636877229101184 144
1694436890048 16.45172772159659 145
1694436890090 16.269828813835545 146
1694436890129 16.09111687619651 147
1694436890168 15.915529633037224 148
1694436890215 15.743006132248917 149
1694436890251 15.573486715518731 150
1694436890298 15.406912989283596 151
1694436890328 15.243227796359056 152
1694436890363 15.082375188227049 153
1694436890407 14.924300397966961 154
1694436890447 14.768949813814778 155
1694436890498 14.616270953335274 156
1694436890533 14.466212438192915 157
1694436890567 14.318723969507081 158
1694436890623 14.173756303777893 159
1694436890664 14.031261229369107 160
1694436890701 13.8911915435348 161
1694436890732 13.753501029977151 162
1694436890765 13.618144436922528 163
1694436890796 13.485077455703887 164
1694436890823 13.354256699837235 165
1694436890852 13.225639684580752 166
1694436890891 13.099184806964956 167
1694436890930 12.974851326282915 168
1694436890968 12.852599345029635 169
1694436891016 12.732389790279951 170
1694436891049 12.614184395494707 171
1694436891086 12.497945682745009 172
1694436891125 12.383636945344774 173
1694436891153 12.271222230881932 174
1694436891196 12.16066632463893 175
1694436891224 12.051934733393292 176
1694436891254 11.944993669589426 177
1694436891286 11.839810035872812 178
1694436891320 11.736351409978157 179
1694436891349 11.634586029963156 180
1694436891383 11.534482779779738 181
1694436891411 11.436011175174912 182
1694436891439 11.339141349913417 183
1694436891467 11.243844042314699 184
1694436891499 11.15009058209682 185
1694436891529 11.057852877520075 186
1694436891562 10.96710340282332 187
1694436891597 10.877815185946183 188
1694436891626 10.789961796530445 189
1694436891654 10.703517334194043 190
1694436891688 10.61845641707134 191
1694436891722 10.534754170613429 192
1694436891756 10.452386216642463 193
1694436891796 10.371328662653914 194
1694436891834 10.291558091361182 195
1694436891871 10.213051550476733 196
1694436891913 10.135786542724345 197
1694436891945 10.059741016077018 198
1694436891981 9.984893354215343 199
1694436892013 9.911222367201177 200
1694436892045 9.838707282361561 201
1694436892085 9.767327735378075 202
1694436892121 9.697063761576779 203
1694436892151 9.62789578741415 204
1694436892199 9.559804622154376 205
1694436892230 9.492771449733628 206
1694436892269 9.426777820806942 207
1694436892309 9.361805644973497 208
1694436892350 9.29783718317611 209
1694436892393 9.234855040270975 210
1694436892428 9.17284215776361 211
1694436892471 9.111781806707251 212
1694436892544 9.051657580759917 213
1694436892657 8.992453389396395 214
1694436892749 8.9341534512717 215
1694436892818 8.876742287732375 216
1694436892851 8.820204716472308 217
1694436892884 8.764525845329677 218
1694436892924 8.709691066221826 219
1694436892963 8.655686049214808 220
1694436893011 8.602496736724548 221
1694436893049 8.55010933784662 222
1694436893085 8.498510322811562 223
1694436893122 8.447686417563006 224
1694436893152 8.39762459845564 225
1694436893181 8.348312087070338 226
1694436893214 8.299736345143751 227
1694436893241 8.251885069609736 228
1694436893279 8.20474618775 229
1694436893314 8.158307852451545 230
1694436893346 8.112558437568405 231
1694436893387 8.067486533385269 232
1694436893419 8.023080942180732 233
1694436893450 7.979330673887845 234
1694436893484 7.936224941849717 235
1694436893523 7.893753158668023 236
1694436893553 7.85190493214234 237
1694436893585 7.810670061298134 238
1694436893633 7.770038532501494 239
1694436893662 7.730000515658519 240
1694436893701 7.690546360497545 241
1694436893732 7.651666592932196 242
1694436893766 7.613351911503562 243
1694436893810 7.575593183899567 244
1694436893847 7.538381443549914 245
1694436893880 7.5017078862947 246
1694436893923 7.4655638671252875 247
1694436893953 7.429940896995498 248
1694436893986 7.394830639701809 249
1694436894019 7.360224908830778 250
1694436894049 7.326115664772321 251
1694436894082 7.292495011797238 252
1694436894125 7.259355195197605 253
1694436894158 7.226688598488647 254
1694436894189 7.1944877406705645 255
1694436894220 7.162745273549107 256
1694436894249 7.131453979113499 257
1694436894283 7.100606766970416 258
1694436894318 7.070196671832798 259
1694436894348 7.040216851062207 260
1694436894380 7.010660582263584 261
1694436894414 6.98152126093119 262
1694436894441 6.9527923981445765 263
1694436894479 6.924467618313499 264
1694436894513 6.896540656970638 265
1694436894540 6.869005358611082 266
1694436894572 6.8418556745775385 267
1694436894605 6.815085660990183 268
1694436894639 6.788689476720225 269
1694436894672 6.762661381406203 270
1694436894705 6.736995733511987 271
1694436894739 6.71168698842564 272
1694436894774 6.686729696598208 273
1694436894807 6.6621185017214835 274
1694436894836 6.637848138944037 275
1694436894869 6.613913433124419 276
1694436894899 6.590309297120961 277
1694436894930 6.5670307301171915 278
1694436894962 6.54407281598216 279
1694436894989 6.521430721664867 280
1694436895021 6.499099695622031 281
1694436895049 6.477075066278517 282
1694436895080 6.45535224051962 283
1694436895107 6.433926702214564 284
1694436895141 6.4127940107704875 285
1694436895179 6.391949799716305 286
1694436895217 6.3713897753157065 287
1694436895245 6.351109715208697 288
1694436895279 6.331105467081049 289
1694436895315 6.311372947361079 290
1694436895345 6.291908139943085 291
1694436895374 6.2727070949368775 292
1694436895412 6.253765927442921 293
1694436895439 6.235080816352417 294
1694436895466 6.216648003171781 295
1694436895502 6.198463790871124 296
1694436895539 6.180524542756015 297
1694436895568 6.162826681362174 298
1694436895599 6.14536668737253 299
1694436895645 6.128141098556144 300
1694436895679 6.111146508728577 301
1694436895712 6.094379566733199 302
1694436895740 6.077836975442956 303
1694436895772 6.061515490782248 304
1694436895804 6.045411920768376 305
1694436895834 6.029523124572205 306
1694436895863 6.013846011597588 307
1694436895896 5.998377540579196 308
1694436895926 5.983114718698277 309
1694436895956 5.968054600716078 310
1694436895987 5.953194288124395 311
1694436896021 5.9385309283130425 312
1694436896051 5.924061713753751 313
1694436896081 5.909783881200217 314
1694436896121 5.895694710903966 315
1694436896152 5.8817915258456095 316
1694436896184 5.868071690981255 317
1694436896247 5.854532612503687 318
1694436896291 5.841171737118059 319
1694436896325 5.827986551331751 320
1694436896357 5.814974580758056 321
1694436896399 5.802133389433521 322
1694436896431 5.789460579148493 323
1694436896472 5.776953788790739 324
1694436896503 5.7646106937017665 325
1694436896532 5.752429005045628 326
1694436896564 5.740406469189874 327
1694436896596 5.7285408670985465 328
1694436896628 5.716830013736759 329
1694436896656 5.705271757486814 330
1694436896688 5.693863979575474 331
1694436896719 5.682604593512195 332
1694436896747 5.671491544538175 333
1694436896779 5.660522809085832 334
1694436896806 5.649696394248647 335
1694436896836 5.639010337261045 336
1694436896868 5.628462704988177 337
1694436896901 5.618051593425378 338
1694436896931 5.607775127207063 339
1694436896962 5.597631459124915 340
1694436896989 5.587618769655152 341
1694436897023 5.577735266494671 342
1694436897053 5.567979184105918 343
1694436897088 5.558348783270294 344
1694436897123 5.548842350649878 345
1694436897181 5.539458198357368 346
1694436897246 5.53019466353402 347
1694436897329 5.521050107935416 348
1694436897379 5.512022917524989 349
1694436897414 5.503111502074978 350
1694436897447 5.494314294774852 351
1694436897479 5.485629751846914 352
1694436897507 5.477056352168984 353
1694436897546 5.468592596904037 354
1694436897574 5.460237009136628 355
1694436897621 5.451988133515979 356
1694436897656 5.443844535905571 357
1694436897688 5.435804803039155 358
1694436897720 5.427867542183004 359
1694436897763 5.420031380804318 360
1694436897797 5.412294966245597 361
1694436897848 5.404656965404998 362
1694436897883 5.397116064422365 363
1694436897914 5.389670968370969 364
1694436897946 5.382320400954809 365
1694436897976 5.375063104211286 366
1694436898006 5.367897838219285 367
1694436898041 5.360823380812401 368
1694436898072 5.353838527297319 369
1694436898105 5.346942090177236 370
1694436898141 5.340132898880121 371
1694436898174 5.333409799491893 372
1694436898207 5.326771654494227 373
1694436898240 5.32021734250707 374
1694436898274 5.313745758035649 375
1694436898305 5.307355811221933 376
1694436898338 5.301046427600501 377
1694436898369 5.294816547858626 378
1694436898399 5.2886651276005985 379
1694436898438 5.282591137116156 380
1694436898470 5.276593561152924 381
1694436898501 5.270671398692854 382
1694436898547 5.264823662732467 383
1694436898583 5.259049380066986 384
1694436898623 5.253347591078154 385
1694436898663 5.247717349525691 386
1694436898695 5.2421577223423785 387
1694436898725 5.236667789432634 388
1694436898763 5.231246643474559 389
1694436898789 5.225893389725338 390
1694436898817 5.220607145830013 391
1694436898847 5.215387041633438 392
1694436898879 5.210232218995488 393
1694436898912 5.205141831609408 394
1694436898945 5.200115044823168 395
1694436898973 5.195151035463915 396
1694436899004 5.19024899166532 397
1694436899033 5.185408112697881 398
1694436899069 5.180627608802031 399
1694436899102 5.175906701024067 400
1694436899148 5.171244621054802 401
1694436899189 5.166640611070944 402
1694436899225 5.162093923579065 403
1694436899266 5.157603821262207 404
1694436899301 5.153169576829001 405
1694436899334 5.14879047286531 406
1694436899378 5.1444658016882885 407
1694436899417 5.140194865202872 408
1694436899454 5.135976974760606 409
1694436899485 5.131811451020815 410
1694436899515 5.127697623814043 411
1694436899569 5.123634832007695 412
1694436899599 5.119622423373895 413
1694436899637 5.115659754459499 414
1694436899678 5.111746190458216 415
1694436899706 5.107881105084777 416
1694436899736 5.1040638804511875 417
1694436899779 5.10029390694492 418
1694436899812 5.096570583109118 419
1694436899847 5.092893315524715 420
1694436899881 5.089261518694423 421
1694436899919 5.0856746149286005 422
1694436899969 5.0821320342329415 423
1694436900019 5.078633214197947 424
1694436900058 5.0751775998901625 425
1694436900098 5.071764643745156 426
1694436900133 5.068393805462177 427
1694436900172 5.065064551900467 428
1694436900215 5.061776356977259 429
1694436900257 5.0585287015673295 430
1694436900305 5.055321073404159 431
1694436900357 5.052152966982661 432
1694436900402 5.049023883463375 433
1694436900434 5.04593333057823 434
1694436900473 5.042880822537748 435
1694436900522 5.039865879939661 436
1694436900555 5.036888029679023 437
1694436900591 5.033946804859636 438
1694436900632 5.0310417447069025 439
1694436900666 5.028172394482012 440
1694436900698 5.025338305397452 441
1694436900729 5.0225390345338035 442
1694436900764 5.019774144757844 443
1694436900804 5.017043204641883 444
1694436900888 5.014345788384336 445
1694436900939 5.011681475731535 446
1694436901004 5.009049851900722 447
1694436901051 5.006450507504188 448
1694436901082 5.003883038474586 449
1694436901120 5.001347045991399 450
1694436901156 4.998842136408487 451
1694436901196 4.996367921182744 452
1694436901228 4.99392401680383 453
1694436901271 4.9915100447249605 454
1694436901335 4.989125631294749 455
1694436901389 4.986770407690041 456
1694436901429 4.984444009849804 457
1694436901463 4.98214607840994 458
1694436901535 4.979876258639127 459
1694436901595 4.9776342003756096 460
1694436901661 4.975419557964892 461
1694436901722 4.973231990198403 462
1694436901774 4.971071160253033 463
1694436901837 4.96893673563159 464
1694436901924 4.966828388104125 465
1694436901977 4.964745793650122 466
1694436902036 4.962688632401542 467
1694436902083 4.9606565885866996 468
1694436902146 4.95864935047498 469
1694436902185 4.95666661032233 470
1694436902229 4.954708064317587 471
1694436902288 4.952773412529563 472
1694436902388 4.9508623588549066 473
1694436902439 4.948974610966743 474
1694436902495 4.947109880264011 475
1694436902550 4.945267881821601 476
1694436902600 4.943448334341162 477
1694436902681 4.941650960102635 478
1694436902717 4.939875484916488 479
1694436902757 4.938121638076662 480
1694436902789 4.936389152314139 481
1694436902832 4.93467776375122 482
1694436902881 4.932987211856469 483
1694436902930 4.9313172394002525 484
1694436902996 4.929667592410951 485
1694436903071 4.92803802013179 486
1694436903116 4.9264282749782815 487
1694436903166 4.9248381124962775 488
1694436903210 4.92326729132061 489
1694436903252 4.921715573134312 490
1694436903321 4.920182722628437 491
1694436903369 4.9186685074624386 492
1694436903402 4.917172698225101 493
1694436903442 4.915695068396016 494
1694436903491 4.914235394307637 495
1694436903579 4.912793455107809 496
1694436903676 4.911369032722889 497
1694436903745 4.9099619118213225 498
1694436903832 4.908571879777788 499
