1694444265327 0.00046925909145378863 0
1694444265360 0.0006124716513301598 1
1694444265389 0.0005900369417369822 2
1694444265421 0.00045875924926774836 3
1694444265451 0.0006349150918308899 4
1694444265485 0.0009749030364822886 5
1694444265521 0.0006585087527691824 6
1694444265561 0.000907521990905491 7
1694444265597 0.0006913485007093989 8
1694444265637 0.0008088438469512349 9
1694444265673 0.0010156805340072461 10
1694444265709 0.0006597304613124022 11
1694444265745 0.0008078689390521587 12
1694444265780 0.0009280086315276437 13
1694444265817 0.000786071066377847 14
1694444265852 0.0010025666994605276 15
1694444265886 0.0011384048259175383 16
1694444265918 0.0010226324399273956 17
1694444265952 0.0008960796550697703 18
1694444265986 0.0009779560366841578 19
1694444266016 0.001148479530445834 20
1694444266047 0.0010613494655479228 21
1694444266079 0.0009308077917986601 22
1694444266114 0.001085096899071103 23
1694444266148 0.0007303965780821597 24
1694444266188 0.0010878882088509734 25
1694444266223 0.0011010749231613604 26
1694444266260 0.0012154429874677852 27
1694444266290 0.0012103442188535762 28
1694444266321 0.0008010295795883859 29
1694444266354 0.0008945613897967108 30
1694444266385 0.001126694303760556 31
1694444266416 0.0013178493515757506 32
1694444266451 0.001071309469374504 33
1694444266482 0.0011595024307546886 34
1694444266516 0.0011953528126313895 35
1694444266549 0.0012317000426469438 36
1694444266580 0.00151859240261909 37
1694444266612 0.0014590160130472096 38
1694444266642 0.0014364764092993365 39
1694444266681 0.0011568039918442574 40
1694444266717 0.0015348291037788897 41
1694444266753 0.001456420264488223 42
1694444266789 0.001619449831729125 43
1694444266822 0.0014020315412084372 44
1694444266857 0.00157159551825925 45
1694444266888 0.0018620508900949462 46
1694444266918 0.0013274303056980408 47
1694444266950 0.0012193368998254517 48
1694444266982 0.0019007307798214468 49
1694444267013 0.001535350322281026 50
1694444267044 0.0014002589661701315 51
1694444267076 0.0019144995489414063 52
1694444267106 0.0020198199255773153 53
1694444267137 0.0017664632947504977 54
1694444267171 0.002223776175463432 55
1694444267203 0.0015622756174300534 56
1694444267234 0.00199645530352921 57
1694444267266 0.001751958519430108 58
1694444267298 0.0015954799587261093 59
1694444267329 0.0022179935234153403 60
1694444267362 0.0016340914143234686 61
1694444267394 0.0020792447896631483 62
1694444267427 0.0016474379364813663 63
1694444267457 0.002195853549697202 64
1694444267492 0.0023271766419663553 65
1694444267530 0.0019015115676866978 66
1694444267566 0.001955215903598817 67
1694444267600 0.0025661636665598175 68
1694444267635 0.002283922155651874 69
1694444267671 0.002237759944254014 70
1694444267702 0.002305478962743357 71
1694444267732 0.002451990889502542 72
1694444267764 0.0021379609930831656 73
1694444267795 0.0020656279779099895 74
1694444267824 0.00292217250585014 75
1694444267855 0.0020954262197564466 76
1694444267887 0.0025769652193480264 77
1694444267918 0.002108124665565425 78
1694444267949 0.002518718445653767 79
1694444267982 0.0030026776496452356 80
1694444268015 0.0023880050935093378 81
1694444268047 0.002362415193004841 82
1694444268082 0.0024368356133960267 83
1694444268117 0.0027173844568402217 84
1694444268150 0.002972586815525924 85
1694444268192 0.002589381036930738 86
1694444268225 0.0021974896390445364 87
1694444268259 0.0031100885521457844 88
1694444268290 0.003011848664180805 89
1694444268320 0.0031421935372517584 90
1694444268357 0.0035592954199429316 91
1694444268390 0.00313408615887234 92
1694444268422 0.002691546591115812 93
1694444268455 0.002855278132664063 94
1694444268491 0.002658980485414797 95
1694444268528 0.003041369411674655 96
1694444268565 0.003046591164558965 97
1694444268603 0.002035959391137765 98
1694444268640 0.0034891085356304474 99
1694444268677 0.0025374611010123838 100
1694444268710 0.0035601054409579724 101
1694444268744 0.003077274734140323 102
1694444268778 0.0035459623510063487 103
1694444268812 0.003381933223196354 104
1694444268846 0.002980991988805748 105
1694444268881 0.004080712172970902 106
1694444268916 0.0034036535693322545 107
1694444268946 0.00321862358683489 108
1694444268977 0.0033981415957972105 109
1694444269007 0.00383173993011221 110
1694444269039 0.003152738477613326 111
1694444269071 0.003666714962707762 112
1694444269104 0.002977527317613582 113
1694444269136 0.003286983272316024 114
1694444269168 0.0032907574566123365 115
1694444269204 0.004306897725584902 116
1694444269234 0.0037434726574547827 117
1694444269267 0.003525747075920682 118
1694444269304 0.003994224994494755 119
1694444269338 0.0037051701858801245 120
1694444269372 0.004240747509113296 121
1694444269403 0.003331981268690165 122
1694444269434 0.0033370824356118156 123
1694444269466 0.00374033290342346 124
1694444269500 0.004712318468468757 125
1694444269531 0.003628639550992352 126
1694444269563 0.0038390968296593275 127
1694444269595 0.004603827554768958 128
1694444269633 0.004373507860031101 129
1694444269675 0.0031140388887473947 130
1694444269714 0.0048428569733687254 131
1694444269750 0.0043665529586436325 132
1694444269791 0.004699429841146796 133
1694444269824 0.004926109805474255 134
1694444269858 0.00454797356681691 135
1694444269893 0.004711703422104252 136
1694444269928 0.004386433892324293 137
1694444269959 0.0052209882045773925 138
1694444269993 0.004656147497823171 139
1694444270026 0.004515629579059044 140
1694444270061 0.005631306343468534 141
1694444270097 0.004588526819034766 142
1694444270129 0.005153488781479809 143
1694444270169 0.003974545384857864 144
1694444270206 0.004945328206569788 145
1694444270237 0.005263066708713016 146
1694444270270 0.005164106501695964 147
1694444270301 0.005136136108169209 148
1694444270334 0.00452227644626646 149
1694444270369 0.006742011078576748 150
1694444270402 0.006552600232994088 151
1694444270433 0.006114575372198061 152
1694444270464 0.005956687254639492 153
1694444270495 0.006766986317602752 154
1694444270526 0.006144661116590622 155
1694444270557 0.005388877269456804 156
1694444270587 0.005714634718261391 157
1694444270621 0.005348544916333409 158
1694444270660 0.00589675943188761 159
1694444270690 0.006155211171293251 160
1694444270723 0.006619872298051388 161
1694444270755 0.005848121968233366 162
1694444270787 0.0063024533805843275 163
1694444270819 0.006450505024578113 164
1694444270849 0.005752783948832607 165
1694444270881 0.0071567855926896184 166
1694444270914 0.00756261372990652 167
1694444270946 0.007566362834917739 168
1694444270978 0.006709119114695183 169
1694444271010 0.006437544776529025 170
1694444271040 0.005914292121282583 171
1694444271073 0.0077676010764480274 172
1694444271107 0.007198867577187129 173
1694444271139 0.006791022792157486 174
1694444271171 0.006570282572556985 175
1694444271205 0.006682872061426148 176
1694444271235 0.007635270987529252 177
1694444271268 0.008856096328358931 178
1694444271300 0.007075504541744881 179
1694444271331 0.007405500807707854 180
1694444271365 0.007827848446424701 181
1694444271395 0.007588739428943225 182
1694444271427 0.005822161819962535 183
1694444271457 0.00708293693074169 184
1694444271489 0.007879938621816684 185
1694444271522 0.007551703225543771 186
1694444271554 0.007686273835378898 187
1694444271585 0.0072331303916983725 188
1694444271618 0.008910642473867858 189
1694444271652 0.009065070225868221 190
1694444271686 0.00749691683656073 191
1694444271718 0.008891516947417633 192
1694444271749 0.009720397530709857 193
1694444271780 0.009274037254941914 194
1694444271812 0.006844110744408605 195
1694444271843 0.0074175816885262424 196
1694444271877 0.00818978775719692 197
1694444271912 0.009696603536564652 198
1694444271944 0.00811143334932285 199
1694444271976 0.007721989056252987 200
1694444272007 0.009484626824900033 201
1694444272038 0.009676375322713926 202
1694444272070 0.010665312757342948 203
1694444272102 0.010021607477561423 204
1694444272133 0.009476046760164558 205
1694444272168 0.007576794523283525 206
1694444272202 0.008705762842008413 207
1694444272232 0.011225928410011021 208
1694444272265 0.010651822616972284 209
1694444272296 0.010366553661889877 210
1694444272330 0.010546657513912483 211
1694444272363 0.010549212072985537 212
1694444272396 0.008016533887238664 213
1694444272428 0.011239950236476504 214
1694444272460 0.01058797439368997 215
1694444272492 0.011360024659791024 216
1694444272522 0.011670675838378552 217
1694444272554 0.010322885244567925 218
1694444272586 0.009862022528631886 219
1694444272617 0.013191293148386962 220
1694444272648 0.010835150857324227 221
1694444272680 0.012000985285363197 222
1694444272709 0.009933500512948168 223
1694444272739 0.01221752643621088 224
1694444272769 0.010089629816576462 225
1694444272800 0.011337984893492692 226
1694444272833 0.011618394834338241 227
1694444272863 0.011862168023166197 228
1694444272894 0.011760179354329159 229
1694444272925 0.01046469766570679 230
1694444272955 0.012473752459560838 231
1694444272986 0.013567716731800239 232
1694444273018 0.011909873898915957 233
1694444273049 0.014287601002946682 234
1694444273080 0.012530271370550738 235
1694444273113 0.010611331821294367 236
1694444273142 0.012460517184969211 237
1694444273174 0.012461026869186709 238
1694444273210 0.011044134343224377 239
1694444273241 0.012855227803373337 240
1694444273272 0.012410659726535322 241
1694444273305 0.012064835783898609 242
1694444273336 0.01504612007795858 243
1694444273368 0.013607435706783688 244
1694444273401 0.013299994300024931 245
1694444273431 0.014317278459132221 246
1694444273462 0.013598259015214387 247
1694444273494 0.012424441338553471 248
1694444273524 0.013394724418262505 249
1694444273554 0.014965750046506021 250
1694444273585 0.014361513473885701 251
1694444273616 0.014014811367642044 252
1694444273646 0.01559211246513681 253
1694444273679 0.013117297322472021 254
1694444273710 0.0169769020334396 255
1694444273743 0.014167745496234452 256
1694444273773 0.015601146083278672 257
1694444273805 0.015616353957990325 258
1694444273836 0.014618613445936512 259
1694444273869 0.016212926790114435 260
1694444273901 0.015533146601874548 261
1694444273933 0.01350647000752836 262
1694444273964 0.016767322803205365 263
1694444273994 0.018535227680149147 264
1694444274026 0.014490082346038768 265
1694444274057 0.015193302987704604 266
1694444274087 0.01576890401229547 267
1694444274118 0.01599289659027292 268
1694444274149 0.01937134762276216 269
1694444274182 0.01949135287832804 270
1694444274212 0.0168125388543523 271
1694444274242 0.017580174465148035 272
1694444274271 0.016921470235587655 273
1694444274304 0.02005833611962149 274
1694444274336 0.01815327577448178 275
1694444274368 0.022640007498220815 276
1694444274399 0.019680549830339733 277
1694444274429 0.01912143498413954 278
1694444274459 0.01971996313833657 279
1694444274490 0.01702555003645656 280
1694444274521 0.017078545601581396 281
1694444274554 0.02146036298116838 282
1694444274585 0.018761757095190457 283
1694444274617 0.015950867180583028 284
1694444274649 0.020581170158176287 285
1694444274680 0.019888583153036876 286
1694444274710 0.01995006732293303 287
1694444274740 0.02127227307901658 288
1694444274770 0.01869849510456456 289
1694444274801 0.019561455098916936 290
1694444274831 0.02172961501403048 291
1694444274861 0.017169427813169102 292
1694444274893 0.016827186808974548 293
1694444274923 0.019460497762076368 294
1694444274954 0.01888839561112643 295
1694444274984 0.020983326777276656 296
1694444275015 0.020020857077815646 297
1694444275046 0.019643599491638408 298
1694444275075 0.021839951175361194 299
1694444275105 0.02120766300133836 300
1694444275138 0.025661599159248594 301
1694444275170 0.023484716665454597 302
1694444275202 0.02089587289688022 303
1694444275235 0.027523428289127128 304
1694444275265 0.02499660568653017 305
1694444275297 0.02424451956169038 306
1694444275329 0.01972628618234118 307
1694444275361 0.02075124972940834 308
1694444275391 0.02289249726181919 309
1694444275422 0.02302345770904135 310
1694444275454 0.024872183968326245 311
1694444275486 0.026442943593163126 312
1694444275518 0.02598324755553061 313
1694444275549 0.02408955708604754 314
1694444275580 0.023531719345812885 315
1694444275611 0.026669360449613433 316
1694444275642 0.021806584373090243 317
1694444275676 0.02287076044660663 318
1694444275708 0.026902561115001444 319
1694444275738 0.024372887999627557 320
1694444275771 0.0270902939583616 321
1694444275806 0.027967101177581277 322
1694444275836 0.024388755502706694 323
1694444275869 0.03001184084526043 324
1694444275900 0.025743902958505704 325
1694444275931 0.02496081189595567 326
1694444275961 0.029200785504054805 327
1694444275992 0.029222074213577365 328
1694444276026 0.027162422834884015 329
1694444276057 0.030564637798749072 330
1694444276087 0.0348057227509696 331
1694444276119 0.029129341646956464 332
1694444276151 0.02938861552019545 333
1694444276186 0.02596433872836068 334
1694444276219 0.030475085610471297 335
1694444276252 0.03292334696302457 336
1694444276284 0.029103394921034198 337
1694444276317 0.02998065714088427 338
1694444276348 0.03063718740843968 339
1694444276379 0.0352233432144573 340
1694444276411 0.033944090045756714 341
1694444276444 0.033774554078847885 342
1694444276480 0.03453249563112004 343
1694444276516 0.02842582114714942 344
1694444276549 0.03357291518511074 345
1694444276578 0.025703315217981526 346
1694444276609 0.03231070632257227 347
1694444276642 0.03316954714749487 348
1694444276677 0.03488316496533994 349
1694444276708 0.03288168229239963 350
1694444276737 0.035420735571890405 351
1694444276770 0.03380725313668553 352
1694444276802 0.029150157210110272 353
1694444276833 0.0342594943240041 354
1694444276864 0.03386814142974248 355
1694444276897 0.03265776081806804 356
1694444276929 0.03662891336598639 357
1694444276959 0.03821810476524867 358
1694444276989 0.04234587750389407 359
1694444277021 0.04047510785496622 360
1694444277055 0.04398337944436026 361
1694444277086 0.04102861709932715 362
1694444277117 0.04069238407905995 363
1694444277149 0.041414581292749775 364
1694444277181 0.04190342022164972 365
1694444277212 0.037218468990289466 366
1694444277244 0.036753825066909496 367
1694444277273 0.03544707161989524 368
1694444277304 0.03518699318200025 369
1694444277335 0.04085420423067465 370
1694444277366 0.03832924593212739 371
1694444277396 0.03737568707993555 372
1694444277427 0.03926070410084204 373
1694444277459 0.04173476280543664 374
1694444277489 0.04297460735646108 375
1694444277520 0.04066045042630917 376
1694444277550 0.044094480578683926 377
1694444277581 0.04271179318706353 378
1694444277612 0.046393190680824814 379
1694444277643 0.043399427408583935 380
1694444277677 0.041884781851323716 381
1694444277707 0.04304738102540129 382
1694444277737 0.05485382359195179 383
1694444277769 0.04753794058311411 384
1694444277801 0.04439114870971006 385
1694444277833 0.04285940032186819 386
1694444277863 0.04125077939578681 387
1694444277893 0.04967486627492346 388
1694444277926 0.04858975523527809 389
1694444277956 0.04050778058152127 390
1694444277988 0.04977433414244903 391
1694444278022 0.05310625716352768 392
1694444278054 0.039859595661152825 393
1694444278085 0.04667814485816113 394
1694444278118 0.04755225693938747 395
1694444278154 0.053567355463447264 396
1694444278189 0.04660784513415217 397
1694444278229 0.045863848475418245 398
1694444278265 0.052143666713252546 399
1694444278295 0.05144330095892491 400
1694444278326 0.04611856195169206 401
1694444278358 0.06159814354417692 402
1694444278389 0.05541422644955207 403
1694444278419 0.057875300589404044 404
1694444278452 0.05595818767927674 405
1694444278482 0.04722397656189892 406
1694444278513 0.053586543285822574 407
1694444278545 0.06547636912981714 408
1694444278577 0.05621550124347674 409
1694444278606 0.06057180864116041 410
1694444278638 0.05565409524031417 411
1694444278670 0.05621625226657667 412
1694444278701 0.055762418567439576 413
1694444278732 0.06059060542811501 414
1694444278763 0.06040607163415568 415
1694444278792 0.05291902753312583 416
1694444278824 0.05496021473369328 417
1694444278855 0.04856898701129597 418
1694444278885 0.0568710614005965 419
1694444278917 0.0673522889773066 420
1694444278949 0.06784277441331421 421
1694444278981 0.05406071938095991 422
1694444279011 0.05530743222992385 423
1694444279044 0.06773391734060163 424
1694444279074 0.06327664801911481 425
1694444279104 0.05624571232687281 426
1694444279136 0.05738408501705161 427
1694444279169 0.06603895148203576 428
1694444279204 0.07404515252732691 429
1694444279236 0.06442983917301293 430
1694444279270 0.06819766948471695 431
1694444279302 0.0646039952093671 432
1694444279336 0.07394235277359207 433
1694444279380 0.07058138568561434 434
1694444279410 0.0698106224516124 435
1694444279453 0.07099148979651393 436
1694444279493 0.07102344383963222 437
1694444279526 0.06969103382716957 438
1694444279560 0.07711371821879798 439
1694444279590 0.0673033362943658 440
1694444279623 0.0551178194533003 441
1694444279654 0.07149713878461994 442
1694444279689 0.07397128938621933 443
1694444279720 0.06686605935355394 444
1694444279752 0.06761605885843025 445
1694444279782 0.0685599669030974 446
1694444279814 0.06892644882505428 447
1694444279844 0.07365917602052696 448
1694444279876 0.07171046666936043 449
1694444279907 0.06970857517894335 450
1694444279939 0.08000642408571845 451
1694444279970 0.07627301858535274 452
1694444280006 0.08224223713793166 453
1694444280044 0.07509706228724766 454
1694444280077 0.0750320506717228 455
1694444280110 0.0704019824461608 456
1694444280141 0.07308925486095574 457
1694444280174 0.09124861071833823 458
1694444280207 0.08662086690263637 459
1694444280237 0.06988860320000545 460
1694444280269 0.08409556367200499 461
1694444280299 0.08297033784176766 462
1694444280331 0.09058076411945226 463
1694444280364 0.08293763858703773 464
1694444280396 0.08113820831892937 465
1694444280427 0.0737579946830158 466
1694444280457 0.08362915424408934 467
1694444280488 0.09099485162082266 468
1694444280520 0.09142067250773789 469
1694444280549 0.09354535693185695 470
1694444280580 0.08558204352473309 471
1694444280609 0.08608991652505826 472
1694444280641 0.08684233677367392 473
1694444280676 0.09791952196455334 474
1694444280708 0.09379538111667018 475
1694444280740 0.10025359034110126 476
1694444280773 0.09674235782889307 477
1694444280803 0.08404788805358065 478
1694444280835 0.0903048469148604 479
1694444280869 0.08584755425776669 480
1694444280899 0.10318011179867193 481
1694444280933 0.0956607160629186 482
1694444280964 0.08653566603626706 483
1694444280996 0.09847769659071814 484
1694444281026 0.08308701939106533 485
1694444281056 0.09760381444077348 486
1694444281088 0.09392523479272574 487
1694444281119 0.12472102216126602 488
1694444281149 0.09923313408114998 489
1694444281180 0.09174178465198668 490
1694444281212 0.10232677332206008 491
1694444281243 0.10196267353417088 492
1694444281274 0.10719034117892823 493
1694444281305 0.10864264520476685 494
1694444281335 0.10591738260271011 495
1694444281368 0.08203958655273869 496
1694444281397 0.10498777683500204 497
1694444281429 0.10885581099665298 498
1694444281459 0.11858574182347625 499
