1694440057882 0.0 0
1694440058168 0.0 1
1694440058445 0.0 2
1694440058751 0.0 3
1694440059064 0.0 4
1694440059368 0.0 5
1694440059645 0.0 6
1694440059909 0.0 7
1694440060164 0.0 8
1694440060441 0.0 9
1694440060702 0.0 10
1694440060974 0.0 11
1694440061232 0.0 12
1694440061494 0.0 13
1694440061749 0.0 14
1694440062003 0.0 15
1694440062271 0.0 16
1694440062552 0.0 17
1694440062809 0.0 18
1694440063080 0.0 19
1694440063346 0.0 20
1694440063609 0.0 21
1694440063864 0.0 22
1694440064144 0.0 23
1694440064415 0.0 24
1694440064667 0.0 25
1694440064920 0.0 26
1694440065169 0.0 27
1694440065433 0.0 28
1694440065692 0.0 29
1694440065935 0.0 30
1694440066188 0.0 31
1694440066466 0.0 32
1694440066732 0.0 33
1694440066993 0.0 34
1694440067263 0.0 35
1694440067527 0.0 36
1694440067784 0.0 37
1694440068043 0.0 38
1694440068292 0.0 39
1694440068530 0.0 40
1694440068760 0.0 41
1694440068985 0.0 42
1694440069212 0.0 43
1694440069475 0.0 44
1694440069706 0.0 45
1694440069957 0.0 46
1694440070211 0.0 47
1694440070451 0.0 48
1694440070693 0.0 49
1694440070931 0.0 50
1694440071220 0.0 51
1694440071480 0.0 52
1694440071766 0.0 53
1694440072024 0.0 54
1694440072267 0.0 55
1694440072529 0.0 56
1694440072765 0.0 57
1694440073016 0.0 58
1694440073285 0.0 59
1694440073570 0.0 60
1694440073834 0.0 61
1694440074100 0.0 62
1694440074359 0.0 63
1694440074593 0.0 64
1694440074839 0.0 65
1694440075081 0.0 66
1694440075308 0.0 67
1694440075576 0.0 68
1694440075852 0.0 69
1694440076123 0.0 70
1694440076396 0.0 71
1694440076656 0.0 72
1694440076918 0.0 73
1694440077177 0.0 74
1694440077436 0.0 75
1694440077684 0.0 76
1694440077961 0.0 77
1694440078256 0.0 78
1694440078572 0.0 79
1694440078855 0.0 80
1694440079129 0.0 81
1694440079397 0.0 82
1694440079666 0.0 83
1694440079943 0.0 84
1694440080218 0.0 85
1694440080460 0.0 86
1694440080718 0.0 87
1694440081004 0.0 88
1694440081305 0.0 89
1694440081546 0.0 90
1694440081794 0.0 91
1694440082029 0.0 92
1694440082270 0.0 93
1694440082518 0.0 94
1694440082754 0.0 95
1694440083010 0.0 96
1694440083245 0.0 97
1694440083491 0.0 98
1694440083735 0.0 99
1694440083998 0.0 100
1694440084270 0.0 101
1694440084522 0.0 102
1694440084778 0.0 103
1694440085038 0.0 104
1694440085308 0.0 105
1694440085580 0.0 106
1694440085825 0.0 107
1694440086097 0.0 108
1694440086374 0.0 109
1694440086635 0.0 110
1694440086888 0.0 111
1694440087159 0.0 112
1694440087415 0.0 113
1694440087656 0.0 114
1694440087912 0.0 115
1694440088150 0.0 116
1694440088416 0.0 117
1694440088656 0.0 118
1694440088897 0.0 119
1694440089141 0.0 120
1694440089387 0.0 121
1694440089637 0.0 122
1694440089886 0.0 123
1694440090134 0.0 124
1694440090399 0.0 125
1694440090637 0.0 126
1694440090884 0.0 127
1694440091162 0.0 128
1694440091435 0.0 129
1694440091689 0.0 130
1694440091954 0.0 131
1694440092192 0.0 132
1694440092439 0.0 133
1694440092683 0.0 134
1694440092929 0.0 135
1694440093172 0.0 136
1694440093428 0.0 137
1694440093684 0.0 138
1694440093924 0.0 139
1694440094193 0.0 140
1694440094443 0.0 141
1694440094693 0.0 142
1694440094960 0.0 143
1694440095207 0.0 144
1694440095484 0.0 145
1694440095731 0.0 146
1694440095985 0.0 147
1694440096254 0.0 148
1694440096521 0.0 149
1694440096800 0.0 150
1694440097082 0.0 151
1694440097339 0.0 152
1694440097622 0.0 153
1694440097890 0.0 154
1694440098160 0.0 155
1694440098418 0.0 156
1694440098677 0.0 157
1694440098922 0.0 158
1694440099171 0.0 159
1694440099441 0.0 160
1694440099700 0.0 161
1694440099961 0.0 162
1694440100231 0.0 163
1694440100507 0.0 164
1694440100767 0.0 165
1694440101032 0.0 166
1694440101314 0.0 167
1694440101603 0.0 168
1694440101856 0.0 169
1694440102121 0.0 170
1694440102427 0.0 171
1694440102683 0.0 172
1694440102934 0.0 173
1694440103186 0.0 174
1694440103448 0.0 175
1694440103701 0.0 176
1694440103956 0.0 177
1694440104214 0.0 178
1694440104467 0.0 179
1694440104713 0.0 180
1694440104956 0.0 181
1694440105231 0.0 182
1694440105498 0.0 183
1694440105764 0.0 184
1694440106031 0.0 185
1694440106287 0.0 186
1694440106559 0.0 187
1694440106776 0.0 188
1694440107014 0.0 189
1694440107259 0.0 190
1694440107523 0.0 191
1694440107793 0.0 192
1694440108071 0.0 193
1694440108351 0.0 194
1694440108638 0.0 195
1694440108900 0.0 196
1694440109148 0.0 197
1694440109418 0.0 198
1694440109720 0.0 199
1694440109983 0.0 200
1694440110248 0.0 201
1694440110538 0.0 202
1694440110799 0.0 203
1694440111075 0.0 204
1694440111354 0.0 205
1694440111639 0.0 206
1694440111887 0.0 207
1694440112151 0.0 208
1694440112416 0.0 209
1694440112682 0.0 210
1694440112937 0.0 211
1694440113200 0.0 212
1694440113465 0.0 213
1694440113712 0.0 214
1694440113973 0.0 215
1694440114238 0.0 216
1694440114516 0.0 217
1694440114786 0.0 218
1694440115063 0.0 219
1694440115329 0.0 220
1694440115587 0.0 221
1694440115852 0.0 222
1694440116110 0.0 223
1694440116413 0.0 224
1694440116731 0.0 225
1694440117018 0.0 226
1694440117308 0.0 227
1694440117565 0.0 228
1694440117839 0.0 229
1694440118129 0.0 230
1694440118387 0.0 231
1694440118664 0.0 232
1694440118937 0.0 233
1694440119222 0.0 234
1694440119505 0.0 235
1694440119776 0.0 236
1694440120078 0.0 237
1694440120326 0.0 238
1694440120585 0.0 239
1694440120902 0.0 240
1694440121187 0.0 241
1694440121467 0.0 242
1694440121748 0.0 243
1694440122017 0.0 244
1694440122279 0.0 245
1694440122542 0.0 246
1694440122800 0.0 247
1694440123056 0.0 248
1694440123315 0.0 249
1694440123578 0.0 250
1694440123840 0.0 251
1694440124100 0.0 252
1694440124352 0.0 253
1694440124609 0.0 254
1694440124880 0.0 255
1694440125140 0.0 256
1694440125396 0.0 257
1694440125665 0.0 258
1694440125931 0.0 259
1694440126196 0.0 260
1694440126490 0.0 261
1694440126768 0.0 262
1694440127035 0.0 263
1694440127309 0.0 264
1694440127577 0.0 265
1694440127831 0.0 266
1694440128091 0.0 267
1694440128338 0.0 268
1694440128612 0.0 269
1694440128878 0.0 270
1694440129142 0.0 271
1694440129413 0.0 272
1694440129681 0.0 273
1694440129940 0.0 274
1694440130200 0.0 275
1694440130480 0.0 276
1694440130749 0.0 277
1694440131037 0.0 278
1694440131345 0.0 279
1694440131634 0.0 280
1694440131930 0.0 281
1694440132212 0.0 282
1694440132498 0.0 283
1694440132757 0.0 284
1694440133037 0.0 285
1694440133310 0.0 286
1694440133574 0.0 287
1694440133835 0.0 288
1694440134100 0.0 289
1694440134372 0.0 290
1694440134645 0.0 291
1694440134906 0.0 292
1694440135161 0.0 293
1694440135415 0.0 294
1694440135676 0.0 295
1694440135948 0.0 296
1694440136197 0.0 297
1694440136469 0.0 298
1694440136738 0.0 299
1694440137003 0.0 300
1694440137264 0.0 301
1694440137539 0.0 302
1694440137782 0.0 303
1694440138031 0.0 304
1694440138274 0.0 305
1694440138538 0.0 306
1694440138806 0.0 307
1694440139066 0.0 308
1694440139332 0.0 309
1694440139595 0.0 310
1694440139870 0.0 311
1694440140168 0.0 312
1694440140431 0.0 313
1694440140698 0.0 314
1694440140960 0.0 315
1694440141227 0.0 316
1694440141499 0.0 317
1694440141775 0.0 318
1694440142041 0.0 319
1694440142312 0.0 320
1694440142585 0.0 321
1694440142847 0.0 322
1694440143113 0.0 323
1694440143383 0.0 324
1694440143635 0.0 325
1694440143898 0.0 326
1694440144166 0.0 327
1694440144446 0.0 328
1694440144716 0.0 329
1694440144989 0.0 330
1694440145244 0.0 331
1694440145510 0.0 332
1694440145767 0.0 333
1694440146016 0.0 334
1694440146301 0.0 335
1694440146580 0.0 336
1694440146870 0.0 337
1694440147170 0.0 338
1694440147468 0.0 339
1694440147755 0.0 340
1694440148010 0.0 341
1694440148261 0.0 342
1694440148531 0.0 343
1694440148792 0.0 344
1694440149042 0.0 345
1694440149304 0.0 346
1694440149568 0.0 347
1694440149834 0.0 348
1694440150101 0.0 349
1694440150379 0.0 350
1694440150631 0.0 351
1694440150879 0.0 352
1694440151174 0.0 353
1694440151456 0.0 354
1694440151716 0.0 355
1694440151970 0.0 356
1694440152250 0.0 357
1694440152520 0.0 358
1694440152783 0.0 359
1694440153052 0.0 360
1694440153302 0.0 361
1694440153579 0.0 362
1694440153848 0.0 363
1694440154113 0.0 364
1694440154373 0.0 365
1694440154639 0.0 366
1694440154904 0.0 367
1694440155164 0.0 368
1694440155430 0.0 369
1694440155694 0.0 370
1694440155949 0.0 371
1694440156216 0.0 372
1694440156481 0.0 373
1694440156743 0.0 374
1694440157013 0.0 375
1694440157272 0.0 376
1694440157524 0.0 377
1694440157781 0.0 378
1694440158029 0.0 379
1694440158300 0.0 380
1694440158578 0.0 381
1694440158846 0.0 382
1694440159102 0.0 383
1694440159391 0.0 384
1694440159647 0.0 385
1694440159899 0.0 386
1694440160148 0.0 387
1694440160424 0.0 388
1694440160682 0.0 389
1694440160948 0.0 390
1694440161227 0.0 391
1694440161518 0.0 392
1694440161785 0.0 393
1694440162054 0.0 394
1694440162315 0.0 395
1694440162575 0.0 396
1694440162833 0.0 397
1694440163091 0.0 398
1694440163354 0.0 399
1694440163628 0.0 400
1694440163883 0.0 401
1694440164132 0.0 402
1694440164389 0.0 403
1694440164640 0.0 404
1694440164904 0.0 405
1694440165160 0.0 406
1694440165425 0.0 407
1694440165683 0.0 408
1694440165946 0.0 409
1694440166214 0.0 410
1694440166478 0.0 411
1694440166751 0.0 412
1694440167016 0.0 413
1694440167298 0.0 414
1694440167571 0.0 415
1694440167834 0.0 416
1694440168098 0.0 417
1694440168350 0.0 418
1694440168620 0.0 419
1694440168932 0.0 420
1694440169205 0.0 421
1694440169482 0.0 422
1694440169718 0.0 423
1694440169972 0.0 424
1694440170224 0.0 425
1694440170486 0.0 426
1694440170736 0.0 427
1694440170989 0.0 428
1694440171269 0.0 429
1694440171539 0.0 430
1694440171789 0.0 431
1694440172064 0.0 432
1694440172322 0.0 433
1694440172588 0.0 434
1694440172835 0.0 435
1694440173106 0.0 436
1694440173364 0.0 437
1694440173629 0.0 438
1694440173872 0.0 439
1694440174123 0.0 440
1694440174380 0.0 441
1694440174642 0.0 442
1694440174901 0.0 443
1694440175152 0.0 444
1694440175407 0.0 445
1694440175689 0.0 446
1694440175946 0.0 447
1694440176221 0.0 448
1694440176520 0.0 449
1694440176822 0.0 450
1694440177087 0.0 451
1694440177361 0.0 452
1694440177624 0.0 453
1694440177892 0.0 454
1694440178153 0.0 455
1694440178427 0.0 456
1694440178686 0.0 457
1694440178944 0.0 458
1694440179213 0.0 459
1694440179474 0.0 460
1694440179736 0.0 461
1694440179989 0.0 462
1694440180266 0.0 463
1694440180530 0.0 464
1694440180797 0.0 465
1694440181047 0.0 466
1694440181315 0.0 467
1694440181580 0.0 468
1694440181829 0.0 469
1694440182082 0.0 470
1694440182402 0.0 471
1694440182688 0.0 472
1694440182954 0.0 473
1694440183252 0.0 474
1694440183546 0.0 475
1694440183796 0.0 476
1694440184104 0.0 477
1694440184372 0.0 478
1694440184641 0.0 479
1694440184910 0.0 480
1694440185200 0.0 481
1694440185454 0.0 482
1694440185752 0.0 483
1694440186019 0.0 484
1694440186297 0.0 485
1694440186563 0.0 486
1694440186861 0.0 487
1694440187129 0.0 488
1694440187402 0.0 489
1694440187676 0.0 490
1694440187916 0.0 491
1694440188168 0.0 492
1694440188421 0.0 493
1694440188675 0.0 494
1694440188939 0.0 495
1694440189209 0.0 496
1694440189465 0.0 497
1694440189720 0.0 498
1694440189980 0.0 499
