1694444316250 162.9287513802623 0
1694444316282 164.05540583510546 1
1694444316313 161.95238509582782 2
1694444316343 164.17517731433506 3
1694444316375 164.36310010567072 4
1694444316410 167.21901732798358 5
1694444316443 164.00036692436504 6
1694444316478 164.28404216987423 7
1694444316507 162.1606426254963 8
1694444316543 168.01531960159048 9
1694444316581 164.08353059332237 10
1694444316612 163.48198144800892 11
1694444316645 163.30097806231885 12
1694444316678 162.46319162717253 13
1694444316710 162.4244965606474 14
1694444316743 162.30057930643707 15
1694444316775 162.99062896578818 16
1694444316807 161.81598396375563 17
1694444316838 162.25506078933165 18
1694444316868 163.18416641432745 19
1694444316901 162.5961682981352 20
1694444316932 161.42690097125825 21
1694444316963 163.4472185756509 22
1694444316995 164.40286357258952 23
1694444317027 161.52383528928044 24
1694444317057 163.59326296969414 25
1694444317090 162.05529909219504 26
1694444317128 161.8294460793133 27
1694444317163 161.98326443228927 28
1694444317197 163.40345419641866 29
1694444317231 161.12503035288054 30
1694444317264 161.31300757247533 31
1694444317295 163.2135742648255 32
1694444317327 160.28368910273065 33
1694444317359 162.03274296748953 34
1694444317391 161.3725432884815 35
1694444317424 159.68189469850196 36
1694444317458 159.53249070493098 37
1694444317490 160.57769918557733 38
1694444317522 160.26351695244725 39
1694444317555 159.2198686310709 40
1694444317587 159.44097867665423 41
1694444317618 159.43313515093703 42
1694444317649 157.68464204107713 43
1694444317681 158.98418833939115 44
1694444317711 158.97997276741225 45
1694444317742 160.93527987190367 46
1694444317772 159.45043136836082 47
1694444317803 158.87660725587864 48
1694444317835 157.1054084366352 49
1694444317867 157.7068039439788 50
1694444317898 157.20280932698478 51
1694444317930 157.44311014090547 52
1694444317964 159.11780840760977 53
1694444317994 157.27573183759588 54
1694444318026 160.92995843848703 55
1694444318059 158.80289794370717 56
1694444318089 157.47012163727447 57
1694444318124 159.69330939793178 58
1694444318159 156.01505639254918 59
1694444318194 155.09358761326837 60
1694444318228 156.51908911276735 61
1694444318261 160.23218763361388 62
1694444318293 157.35287620445146 63
1694444318323 154.46795942229053 64
1694444318353 154.52760880806613 65
1694444318386 156.72746855309148 66
1694444318418 155.97228529832827 67
1694444318450 156.37394415640242 68
1694444318480 157.93766730085326 69
1694444318513 156.11528950478942 70
1694444318543 155.6064571243097 71
1694444318579 155.19429078441772 72
1694444318616 156.6663503956574 73
1694444318652 156.12835226157253 74
1694444318686 154.26123425468558 75
1694444318718 155.7016384847482 76
1694444318750 155.83055239537129 77
1694444318783 154.8298306359157 78
1694444318815 156.5385548712777 79
1694444318847 155.95526760370822 80
1694444318880 156.58192951069006 81
1694444318913 155.49225015238665 82
1694444318945 156.17379539365726 83
1694444318976 154.84276051942607 84
1694444319009 154.21033888826526 85
1694444319041 155.17885358400054 86
1694444319071 154.06474813756697 87
1694444319103 153.6289850453547 88
1694444319135 152.22676227939266 89
1694444319168 153.66375058817223 90
1694444319204 153.2474479202095 91
1694444319238 154.6281690076079 92
1694444319269 152.5545221645573 93
1694444319302 154.735650013204 94
1694444319335 153.77911924885814 95
1694444319368 151.95778275137545 96
1694444319401 153.21406177259163 97
1694444319434 153.005582450766 98
1694444319469 151.47960520948934 99
1694444319500 152.08002275754896 100
1694444319533 153.05202510098425 101
1694444319563 153.47477718449355 102
1694444319594 153.0091842685551 103
1694444319626 149.732009358396 104
1694444319657 151.63957439346456 105
1694444319692 152.06334649719747 106
1694444319723 154.1234842122934 107
1694444319756 151.6355291373842 108
1694444319788 150.92678142235164 109
1694444319820 149.54872984654605 110
1694444319850 149.1397228160142 111
1694444319883 153.7984735408136 112
1694444319915 150.52301776934362 113
1694444319948 149.0490815557397 114
1694444319979 150.28820336335556 115
1694444320010 150.01596722276406 116
1694444320043 151.77075028745182 117
1694444320076 151.41366466848717 118
1694444320107 150.16016602064116 119
1694444320138 150.7505851163213 120
1694444320170 149.44286584848237 121
1694444320205 151.46340516182485 122
1694444320236 147.9338314323017 123
1694444320267 149.21661630946187 124
1694444320298 148.57065889232092 125
1694444320330 147.94312344735846 126
1694444320361 148.6132418223666 127
1694444320393 149.40411741534132 128
1694444320424 148.5303625955058 129
1694444320455 148.7247526667546 130
1694444320485 150.6600185385172 131
1694444320520 146.9786143914343 132
1694444320552 148.1943351470587 133
1694444320584 147.27011079284162 134
1694444320616 147.0383131415121 135
1694444320648 148.0549197293586 136
1694444320681 147.25324320798663 137
1694444320714 146.4807536302298 138
1694444320747 146.97480750273743 139
1694444320779 148.34200901475 140
1694444320812 147.75074069461232 141
1694444320844 149.8715538896418 142
1694444320873 147.81866902285952 143
1694444320908 146.35686888385783 144
1694444320939 146.82517662091817 145
1694444320971 146.0315057728421 146
1694444321004 146.57161870998817 147
1694444321035 146.8304707928573 148
1694444321067 146.2499007303823 149
1694444321099 146.1762079525237 150
1694444321130 146.33385399949626 151
1694444321162 147.04683241505938 152
1694444321194 146.48293530510475 153
1694444321229 145.68382338145506 154
1694444321260 144.4388975747217 155
1694444321293 146.09380534989933 156
1694444321327 144.9849641339426 157
1694444321359 146.77804913483695 158
1694444321389 145.62310142632364 159
1694444321420 144.902879036902 160
1694444321452 143.71041967833455 161
1694444321481 146.15805414701077 162
1694444321517 143.1220321931571 163
1694444321548 144.10858431347685 164
1694444321579 144.0280389279139 165
1694444321611 143.27053855148995 166
1694444321644 145.45358921307297 167
1694444321676 143.09939959585702 168
1694444321706 143.35517206835155 169
1694444321738 144.5523084587781 170
1694444321770 143.09225493313875 171
1694444321801 144.90129725041174 172
1694444321832 143.95130902755764 173
1694444321868 144.02101623147442 174
1694444321900 145.34001478500224 175
1694444321936 143.7948584441012 176
1694444321970 142.29756630372157 177
1694444322002 143.51003001256186 178
1694444322035 143.2135732137677 179
1694444322071 143.75087569435232 180
1694444322104 141.73747284642633 181
1694444322137 142.76006266475585 182
1694444322171 141.3035710371075 183
1694444322201 140.14745372407484 184
1694444322234 143.28403609609748 185
1694444322266 143.3060321647269 186
1694444322298 142.32113310387902 187
1694444322329 141.42154066100832 188
1694444322363 140.712205180733 189
1694444322395 141.25447331834687 190
1694444322425 143.1571436516414 191
1694444322456 140.22749588498525 192
1694444322488 141.5556123239612 193
1694444322521 140.81313618207537 194
1694444322551 141.36912326180058 195
1694444322584 140.12465758386625 196
1694444322615 141.17433646824568 197
1694444322647 138.43635190771704 198
1694444322682 141.85099521160822 199
1694444322717 140.2430828396996 200
1694444322748 141.6528212211732 201
1694444322780 141.08727276387668 202
1694444322810 139.1640711028575 203
1694444322842 138.24854444255863 204
1694444322873 140.26185316715708 205
1694444322904 141.55167874610487 206
1694444322935 140.91018608440464 207
1694444322966 140.0751170819285 208
1694444322997 138.68571642447395 209
1694444323028 139.4378545656258 210
1694444323061 138.3866511234778 211
1694444323091 140.30363860780238 212
1694444323123 140.002271561599 213
1694444323154 138.38238094484922 214
1694444323188 139.76992891802593 215
1694444323221 139.5254340847818 216
1694444323251 140.02904803239917 217
1694444323283 140.05824930072765 218
1694444323313 139.32943205391427 219
1694444323345 136.76188052845723 220
1694444323379 139.7765181148636 221
1694444323410 137.60613775361662 222
1694444323440 137.7839747297576 223
1694444323472 138.775178006501 224
1694444323504 137.86788409806735 225
1694444323536 139.46117536935776 226
1694444323568 136.46830228972652 227
1694444323602 136.12821162078717 228
1694444323634 137.5288861578023 229
1694444323667 135.17189484882414 230
1694444323701 137.80601614039085 231
1694444323732 136.909756016346 232
1694444323763 138.74429240342084 233
1694444323796 136.56768546641408 234
1694444323827 137.00029770753872 235
1694444323858 138.0464942733437 236
1694444323888 135.88384993624055 237
1694444323921 138.0892311605434 238
1694444323952 135.68907369596278 239
1694444323984 138.0260672906778 240
1694444324015 134.52505906019746 241
1694444324048 135.37599206569996 242
1694444324081 136.96261511107264 243
1694444324115 133.7142997064971 244
1694444324146 136.17626515841206 245
1694444324180 134.5625841824572 246
1694444324211 134.97875602297714 247
1694444324243 135.92361629596684 248
1694444324274 136.2088679923368 249
1694444324304 136.5772366214441 250
1694444324335 134.87121024446276 251
1694444324370 134.6153177249191 252
1694444324402 134.53535020197614 253
1694444324435 134.4543113662262 254
1694444324467 136.805881607855 255
1694444324498 135.5158101653448 256
1694444324530 134.59725043392905 257
1694444324562 134.98243557184344 258
1694444324595 134.16734542740406 259
1694444324629 135.11043145373947 260
1694444324661 132.56760728042872 261
1694444324693 133.33531396350025 262
1694444324723 132.54039776236905 263
1694444324752 133.89532631713874 264
1694444324783 133.13833824790382 265
1694444324814 132.82196556982825 266
1694444324846 132.8440288706578 267
1694444324879 131.95939170217446 268
1694444324911 132.1992658332372 269
1694444324942 133.59347449991492 270
1694444324975 133.2831977873492 271
1694444325007 133.98787932671016 272
1694444325040 132.18031090650587 273
1694444325070 132.8385920343921 274
1694444325101 132.2718411002023 275
1694444325133 132.9122844854038 276
1694444325164 133.44070268505692 277
1694444325201 132.94482850354717 278
1694444325236 133.60316190296226 279
1694444325275 131.54114362899224 280
1694444325306 131.23829883123378 281
1694444325339 132.84133203600973 282
1694444325370 130.44289899104444 283
1694444325403 132.3406896818114 284
1694444325436 131.4795687957977 285
1694444325467 131.65783695075322 286
1694444325501 131.7349105153299 287
1694444325533 132.55051292841074 288
1694444325564 132.79982205014272 289
1694444325596 132.48364929965157 290
1694444325627 130.46451027033024 291
1694444325658 130.06500801652592 292
1694444325691 130.31741433572898 293
1694444325721 130.32278265517593 294
1694444325751 129.11405444308917 295
1694444325781 129.01036848841534 296
1694444325811 129.36283840310776 297
1694444325843 130.97583560527187 298
1694444325872 130.37446204467273 299
1694444325903 130.73844718703657 300
1694444325937 131.6626334839456 301
1694444325968 130.47113304624125 302
1694444326000 129.8878219790252 303
1694444326033 128.67581155922014 304
1694444326064 130.40294137902993 305
1694444326095 128.8232839173464 306
1694444326130 129.15881960793067 307
1694444326163 129.51521030068903 308
1694444326195 130.9633573967354 309
1694444326227 129.9316300722375 310
1694444326258 130.9322763638038 311
1694444326289 127.45008448184281 312
1694444326321 127.71670047102276 313
1694444326353 127.05135151077171 314
1694444326385 127.43497333971816 315
1694444326416 128.87746060140532 316
1694444326448 127.75008359937756 317
1694444326480 128.59369596815796 318
1694444326513 126.37798669967779 319
1694444326547 127.89819806005853 320
1694444326579 125.99717279447361 321
1694444326610 129.4206387481067 322
1694444326641 128.05570740083974 323
1694444326674 128.35205963349563 324
1694444326704 126.23954835158509 325
1694444326735 127.34255306385482 326
1694444326766 125.74141621092546 327
1694444326796 126.75366317944057 328
1694444326828 126.51906569372991 329
1694444326859 125.58475785790102 330
1694444326889 126.61492863192026 331
1694444326921 125.71186480765633 332
1694444326952 126.27712905312352 333
1694444326986 126.29712325699072 334
1694444327018 126.48130354395433 335
1694444327051 127.73771554369941 336
1694444327086 127.8152112978718 337
1694444327120 125.89436278087089 338
1694444327152 128.91083233013103 339
1694444327184 126.22450892627776 340
1694444327219 125.28061738843593 341
1694444327251 126.99339983911729 342
1694444327283 124.69999614684372 343
1694444327314 124.6683114771717 344
1694444327347 124.73255639069717 345
1694444327378 126.75617498849934 346
1694444327411 125.35759395221757 347
1694444327441 124.30247591546294 348
1694444327472 124.26318734301351 349
1694444327503 123.55100256745472 350
1694444327535 124.3500040627043 351
1694444327564 123.82516107100896 352
1694444327597 124.94309387927187 353
1694444327628 124.02382903085643 354
1694444327660 124.24437097655783 355
1694444327693 124.02928190092456 356
1694444327724 123.30323624830974 357
1694444327755 125.2861279167961 358
1694444327786 122.92356106678547 359
1694444327817 124.25284358250276 360
1694444327849 123.65242784417623 361
1694444327882 123.67893208967237 362
1694444327914 122.58633359155067 363
1694444327945 124.9197589176803 364
1694444327977 122.17701129617676 365
1694444328011 122.48852965141002 366
1694444328043 122.2731399462131 367
1694444328073 122.35811458786058 368
1694444328105 120.86514450449445 369
1694444328137 122.13958937068764 370
1694444328170 122.14453503155265 371
1694444328203 123.23276814703983 372
1694444328233 122.23525025740389 373
1694444328264 121.17137962029182 374
1694444328296 122.02864615447281 375
1694444328326 122.59412051727597 376
1694444328358 123.95579038466725 377
1694444328390 121.59718171852987 378
1694444328423 121.28486504871563 379
1694444328456 121.93035505740302 380
1694444328487 121.6167549891449 381
1694444328519 119.31930718009332 382
1694444328552 122.86296701778939 383
1694444328584 123.39402298943077 384
1694444328619 122.45530551462213 385
1694444328659 119.35822505506627 386
1694444328707 122.10207881079153 387
1694444328749 120.51124745717489 388
1694444328787 121.67013695317294 389
1694444328820 120.8000456108517 390
1694444328855 121.0896782025222 391
1694444328892 119.4737215322848 392
1694444328926 120.3046703367981 393
1694444328963 120.76543905469521 394
1694444328995 120.23407673087941 395
1694444329027 120.17727517691635 396
1694444329062 120.33565468753658 397
1694444329095 121.04656749083186 398
1694444329126 121.72081534989466 399
1694444329161 119.638534510596 400
1694444329196 120.32941307354145 401
1694444329232 120.71132633797934 402
1694444329265 118.0835143895644 403
1694444329298 121.08092048650427 404
1694444329332 120.64953430323723 405
1694444329369 118.9908905109249 406
1694444329402 119.07489654133197 407
1694444329435 119.40051338244805 408
1694444329469 117.35841256137311 409
1694444329505 118.99426080140819 410
1694444329537 117.79272556783232 411
1694444329573 118.31417306116234 412
1694444329609 118.20251406299344 413
1694444329697 118.71509700931142 414
1694444329730 118.22531616662444 415
1694444329768 118.54386797957679 416
1694444329801 119.33028596412892 417
1694444329832 118.79289341377083 418
1694444329866 117.81659446307668 419
1694444329897 118.7803251601672 420
1694444329932 118.42072803790994 421
1694444329969 116.91557419512739 422
1694444330002 117.29688260136646 423
1694444330035 118.9080795608367 424
1694444330068 118.08150384069603 425
1694444330101 116.74784316650343 426
1694444330135 117.239436738161 427
1694444330169 117.25781100336187 428
1694444330201 117.03949057809761 429
1694444330231 117.72974717770246 430
1694444330263 117.02373993011045 431
1694444330296 117.16585382107314 432
1694444330328 116.06130854192939 433
1694444330363 118.36914811640513 434
1694444330395 116.91515720448785 435
1694444330428 117.18032771287378 436
1694444330460 116.57265460551787 437
1694444330493 116.95875224436315 438
1694444330526 116.64570299996349 439
1694444330557 116.4910231101599 440
1694444330588 115.4342051153441 441
1694444330619 115.71950630423588 442
1694444330650 115.13142078427104 443
1694444330684 114.82074836002901 444
1694444330719 115.55290425837195 445
1694444330751 116.10641214796502 446
1694444330785 115.17628819164567 447
1694444330820 116.2223184184251 448
1694444330850 115.64514151332712 449
1694444330881 114.3938350538142 450
1694444330910 115.26412342967909 451
1694444330942 114.63060689683638 452
1694444330971 116.44515028263994 453
1694444331001 115.20944877016409 454
1694444331033 113.04786179260843 455
1694444331066 114.26984118609099 456
1694444331097 113.77895207365187 457
1694444331128 114.09825143586808 458
1694444331162 114.77659124402071 459
1694444331196 113.13381349994175 460
1694444331232 114.62479160439402 461
1694444331267 114.34937262206424 462
1694444331299 113.83782474475383 463
1694444331334 114.23532505153378 464
1694444331367 114.23406221830452 465
1694444331397 112.2651372804395 466
1694444331428 113.46104388203275 467
1694444331458 112.65832307245016 468
1694444331491 113.5529726969459 469
1694444331522 113.79357235005428 470
1694444331556 112.84068236359195 471
1694444331588 113.02115055180887 472
1694444331620 113.16000425166114 473
1694444331662 112.46387911368682 474
1694444331699 113.01006462353575 475
1694444331734 112.39297600839936 476
1694444331770 113.35563936162369 477
1694444331803 111.27594113930046 478
1694444331837 112.85511204459587 479
1694444331871 113.05821882563382 480
1694444331904 112.73386827794647 481
1694444331938 112.92854084368928 482
1694444331973 111.48849762710863 483
1694444332007 111.62109587959195 484
1694444332041 111.2248857157695 485
1694444332076 111.63057989140901 486
1694444332110 111.01399431554236 487
1694444332141 112.12963970093688 488
1694444332176 111.97141224919903 489
1694444332213 112.20313068158517 490
1694444332250 109.85922455891861 491
1694444332286 112.1751861408144 492
1694444332321 112.90933131615722 493
1694444332356 111.31823260758654 494
1694444332389 112.06807276685329 495
1694444332421 108.8576558581262 496
1694444332454 110.45230552226084 497
1694444332485 110.64408099607903 498
1694444332517 111.83703413333058 499
