1694439217810 0.00010889492117560629 0
1694439217839 0.00011203959978356437 1
1694439217873 0.00011519149743244306 2
1694439217905 0.00011835062963561072 3
1694439217935 0.00012151701193729991 4
1694439217967 0.00012469065991471684 5
1694439218029 0.0001278715891769311 6
1694439218069 0.0001310598153656528 7
1694439218111 0.0001342553541551217 8
1694439218154 0.00013745822125121876 9
1694439218186 0.00014066843239324278 10
1694439218224 0.0001438860033523559 11
1694439218259 0.0001471109499335821 12
1694439218290 0.00015034328797303154 13
1694439218320 0.00015358303334056522 14
1694439218352 0.0001568302019386847 15
1694439218387 0.00016008480970297612 16
1694439218433 0.00016334687260111114 17
1694439218466 0.0001666164066351783 18
1694439218502 0.0001698934278400177 19
1694439218545 0.00017317795228188881 20
1694439218586 0.00017646999606235614 21
1694439218633 0.00017976957531673499 22
1694439218670 0.00018307670621076078 23
1694439218705 0.00018639140494614015 24
1694439218746 0.0001897136877572203 25
1694439218790 0.00019304357091209923 26
1694439218834 0.00019638107071207056 27
1694439218904 0.0001997262034925118 28
1694439218998 0.00020307898562255122 29
1694439219047 0.0002064394335046238 30
1694439219084 0.0002098075635755814 31
1694439219137 0.00021318339230635974 32
1694439219179 0.00021656693620120127 33
1694439219232 0.00021995821179898734 34
1694439219281 0.00022335723567223909 35
1694439219353 0.0002267640244285607 36
1694439219390 0.00023017859470886304 37
1694439219429 0.000233600963188918 38
1694439219468 0.00023703114657891433 39
1694439219499 0.00024046916162323573 40
1694439219565 0.00024391502510101581 41
1694439219641 0.0002473687538255831 42
1694439219687 0.0002508303646466814 43
1694439219736 0.00025429987444591795 44
1694439219765 0.0002577773001418704 45
1694439219797 0.00026126265868675613 46
1694439219827 0.0002647559670690969 47
1694439219858 0.0002682572423116092 48
1694439219889 0.0002717665014715376 49
1694439219920 0.0002752837616420978 50
1694439219952 0.0002788090399518106 51
1694439219984 0.0002823423535639469 52
1694439220016 0.00028588371967741555 53
1694439220046 0.0002894331555266527 54
1694439220077 0.00029299067838117754 55
1694439220108 0.00029655630554625834 56
1694439220138 0.00030013005436313467 57
1694439220169 0.0003037119422083512 58
1694439220200 0.0003073019864940907 59
1694439220231 0.0003109002046689513 60
1694439220266 0.00031450661421739134 61
1694439220299 0.00031812123265861914 62
1694439220334 0.0003217440775498126 63
1694439220368 0.0003253751664822335 64
1694439220399 0.0003290145170851133 65
1694439220431 0.0003326621470235436 66
1694439220465 0.00033631807399781 67
1694439220499 0.0003399823157456128 68
1694439220533 0.00034365489004117844 69
1694439220565 0.00034733581469470476 70
1694439220593 0.00035102510755247174 71
1694439220620 0.0003547227865002833 72
1694439220653 0.00035842886945713914 73
1694439220684 0.0003621433743807856 74
1694439220717 0.0003658663192650513 75
1694439220747 0.0003695977221412905 76
1694439220786 0.0003733376010783829 77
1694439220820 0.00037708597418051326 78
1694439220853 0.0003808428595909463 79
1694439220884 0.0003846082754895841 80
1694439220917 0.00038838224009285494 81
1694439220952 0.0003921647716553789 82
1694439220984 0.0003959558884693015 83
1694439221016 0.00039975560886429395 84
1694439221058 0.00040356395120666466 85
1694439221097 0.000407380933901913 86
1694439221128 0.00041120657539217564 87
1694439221168 0.000415040894157892 88
1694439221207 0.00041888390871736014 89
1694439221244 0.0004227356376266256 90
1694439221287 0.00042659609948014765 91
1694439221317 0.00043046531290980017 92
1694439221354 0.00043434329658664783 93
1694439221394 0.0004382300692195029 94
1694439221428 0.00044212564955536937 95
1694439221480 0.0004460300563797759 96
1694439221517 0.00044994330851699793 97
1694439221550 0.0004538654248292806 98
1694439221594 0.00045779642421850397 99
1694439221625 0.00046173632562418465 100
1694439221662 0.00046568514802514116 101
1694439221702 0.0004696429104390498 102
1694439221736 0.00047360963192244476 103
1694439221770 0.000477585331571051 104
1694439221803 0.00048157002851922925 105
1694439221842 0.00048556374194075325 106
1694439221887 0.0004895664910491426 107
1694439221917 0.0004935782950961087 108
1694439221951 0.000497599173373664 109
1694439221990 0.0005016291452134558 110
1694439222026 0.0005056682299854343 111
1694439222059 0.0005097164471004056 112
1694439222096 0.0005137738160081451 113
1694439222131 0.0005178403561986178 114
1694439222160 0.0005219160872014239 115
1694439222195 0.0005260010285853545 116
1694439222234 0.0005300951999619441 117
1694439222285 0.0005341986209789207 118
1694439222330 0.0005383113113264226 119
1694439222371 0.0005424332907348894 120
1694439222405 0.0005465645789740625 121
1694439222442 0.0005507051958547615 122
1694439222475 0.0005548551612283292 123
1694439222510 0.0005590144949855214 124
1694439222541 0.0005631832170605033 125
1694439222575 0.0005673613474243 126
1694439222609 0.0005715489060911239 127
1694439222642 0.0005757459131159326 128
1694439222682 0.000579952388593763 129
1694439222710 0.000584168352661063 130
1694439222738 0.0005883938254954701 131
1694439222770 0.0005926288273159219 132
1694439222798 0.0005968733783818791 133
1694439222827 0.000601127498994547 134
1694439222857 0.000605391209496986 135
1694439222892 0.000609664530273113 136
1694439222925 0.000613947481748256 137
1694439222957 0.0006182400843901537 138
1694439222985 0.0006225423587071788 139
1694439223016 0.0006268543252507808 140
1694439223049 0.0006311760046131543 141
1694439223078 0.0006355074174289044 142
1694439223110 0.0006398485843747137 143
1694439223143 0.0006441995261694533 144
1694439223175 0.0006485602635735166 145
1694439223211 0.0006529308173907067 146
1694439223245 0.000657311208465905 147
1694439223285 0.0006617014576874025 148
1694439223325 0.000664135049269543 149
1694439223359 0.0006665741846567652 150
1694439223394 0.0006690188762906724 151
1694439223426 0.000671469136638736 152
1694439223453 0.000673924978195739 153
1694439223486 0.0006763864134824438 154
1694439223518 0.0006788534550473679 155
1694439223548 0.0006813261154648975 156
1694439223579 0.0006838044073365079 157
1694439223606 0.000686288343290653 158
1694439223636 0.000688777935982765 159
1694439223670 0.0006912731980952547 160
1694439223702 0.000693774142337733 161
1694439223732 0.0006962807814463456 162
1694439223761 0.0006987931281851045 163
1694439223791 0.0007013111953445561 164
1694439223822 0.0007038349957433354 165
1694439223853 0.0007063645422268339 166
1694439223882 0.0007088998476678654 167
1694439223910 0.0007114409249666664 168
1694439223938 0.00071398778705134 169
1694439223969 0.0007165404468768566 170
1694439224003 0.0007190989174262752 171
1694439224035 0.0007216632117104105 172
1694439224072 0.0007242333427673886 173
1694439224102 0.0007268093236633133 174
1694439224132 0.0007293911674920439 175
1694439224160 0.0007319788873745292 176
1694439224188 0.0007345724964624711 177
1694439224217 0.0007371720079317745 178
1694439224247 0.0007397774349885422 179
1694439224280 0.0007423887908667437 180
1694439224311 0.000745006088827993 181
1694439224341 0.000747629342162548 182
1694439224373 0.0007502585641888659 183
1694439224403 0.0007528937682533821 184
1694439224435 0.0007555349677317302 185
1694439224469 0.0007581821760267449 186
1694439224503 0.0007608354065700151 187
1694439224536 0.0007634946728238834 188
1694439224569 0.000766159988275672 189
1694439224602 0.0007688313664436786 190
1694439224630 0.0007715088208741783 191
1694439224658 0.0007741923651427562 192
1694439224688 0.0007768820128529752 193
1694439224719 0.0007795777776381518 194
1694439224748 0.0007822796731598025 195
1694439224781 0.0007849877131090865 196
1694439224813 0.000787701911205696 197
1694439224847 0.0007904222811985218 198
1694439224876 0.0007931488368657647 199
1694439224907 0.0007958815920150464 200
1694439224934 0.0007986205604826324 201
1694439224970 0.0008013657561345422 202
1694439225005 0.0008041171928662161 203
1694439225036 0.0008068748846027374 204
1694439225071 0.0008096388452980552 205
1694439225111 0.0008124090889357616 206
1694439225150 0.0008151856295302018 207
1694439225194 0.0008179684811241428 208
1694439225228 0.0008207576577903275 209
1694439225268 0.000823553173631586 210
1694439225303 0.0008263550427806132 211
1694439225334 0.0008291632793999693 212
1694439225369 0.0008319778976820791 213
1694439225403 0.0008347989118492327 214
1694439225435 0.0008376263361542513 215
1694439225466 0.000840460184879821 216
1694439225502 0.000843300472338937 217
1694439225533 0.0008461472128749037 218
1694439225564 0.0008490004208607793 219
1694439225602 0.0008518601107013746 220
1694439225631 0.000854726296830588 221
1694439225664 0.0008575989937131823 222
1694439225702 0.0008604782158448954 223
1694439225733 0.0008633639777507751 224
1694439225766 0.0008662562939902863 225
1694439225804 0.0008691551791482066 226
1694439225834 0.000872060647844286 227
1694439225871 0.0008749727147269182 228
1694439225911 0.0008778913944769151 229
1694439225941 0.000880816701805176 230
1694439225970 0.0008837486514537973 231
1694439226012 0.0008866872581958507 232
1694439226041 0.0008896325368362712 233
1694439226069 0.0008925845022103029 234
1694439226111 0.0008955431691852755 235
1694439226139 0.0008985085526592718 236
1694439226168 0.0009014806675621267 237
1694439226209 0.0009044595288548729 238
1694439226241 0.0009074451515305171 239
1694439226284 0.0009104375506130413 240
1694439226323 0.0009134367411591793 241
1694439226359 0.0009164427382559737 242
1694439226402 0.0009194555570233298 243
1694439226433 0.0009224752126124613 244
1694439226463 0.0009255017202064453 245
1694439226502 0.0009285350950209992 246
1694439226534 0.0009315753523027048 247
1694439226565 0.0009346225073314507 248
1694439226610 0.0009376765754189886 249
1694439226644 0.0009407375719084898 250
1694439226684 0.0009438055121760991 251
1694439226720 0.0009468804116302687 252
1694439226751 0.0009499622857122025 253
1694439226788 0.0009530511498946348 254
1694439226822 0.0009561470196830513 255
1694439226852 0.0009592499106169106 256
1694439226886 0.0009623598382659804 257
1694439226920 0.0009654768182344453 258
1694439226950 0.0009686008661603518 259
1694439226985 0.0009717319977109451 260
1694439227020 0.0009748702285895527 261
1694439227049 0.0009780155745314767 262
1694439227084 0.0009811680513048815 263
1694439227123 0.0009843276747106833 264
1694439227153 0.0009874944605858804 265
1694439227197 0.000990668424795449 266
1694439227227 0.0009938495832416683 267
1694439227260 0.0009970379518590144 268
1694439227328 0.0010002335466159362 269
1694439227370 0.0010034363835133009 270
1694439227402 0.0010066464785857265 271
1694439227434 0.0010098638479036914 272
1694439227465 0.0010130885075667617 273
1694439227495 0.0010163204737143605 274
1694439227528 0.0010195597625134445 275
1694439227561 0.001022806390169051 276
1694439227591 0.0010260603729189688 277
1694439227621 0.0010293217270346267 278
1694439227653 0.001032590468821537 279
1694439227686 0.0010358666146206286 280
1694439227720 0.0010391501808058035 281
1694439227750 0.0010424411837851588 282
1694439227781 0.0010457396400018748 283
1694439227819 0.0010490455659332154 284
1694439227849 0.0010523589780903064 285
1694439227879 0.0010556798930201339 286
1694439227908 0.0010590083273031015 287
1694439227937 0.0010623442975555841 288
1694439227970 0.0010656878204267084 289
1694439228003 0.0010690389126022382 290
1694439228034 0.0010723975908024652 291
1694439228065 0.0010757638717818763 292
1694439228099 0.0010791377723304851 293
1694439228130 0.0010825193092733887 294
1694439228161 0.0010859084994707668 295
1694439228190 0.0010893053598183267 296
1694439228225 0.001092709907246081 297
1694439228255 0.0010961221587202363 298
1694439228286 0.001099542131243969 299
1694439228319 0.0011029698418520972 300
1694439228349 0.0011064053076169644 301
1694439228384 0.0011098485456493279 302
1694439228418 0.00111329957309092 303
1694439228444 0.0011167584071215542 304
1694439228474 0.0011202250649570145 305
1694439228506 0.0011236995638483904 306
1694439228535 0.0011271819210831868 307
1694439228565 0.0011306721539849907 308
1694439228602 0.001134170279912916 309
1694439228633 0.0011376763162627146 310
1694439228669 0.001141190280466442 311
1694439228708 0.0011447121899920143 312
1694439228744 0.0011482420623439848 313
1694439228777 0.0011517799150640995 314
1694439228819 0.001155325765728854 315
1694439228850 0.001158879631953491 316
1694439228883 0.0011624415313881142 317
1694439228925 0.0011660114817203526 318
1694439228953 0.001169589500675361 319
1694439228985 0.001173175606013377 320
1694439229019 0.001176769815533052 321
1694439229048 0.0011803721470687867 322
1694439229081 0.0011839826184953939 323
1694439229123 0.0011876012477197717 324
1694439229153 0.0011912280526896746 325
1694439229184 0.0011948630513891612 326
1694439229228 0.0011985062618389275 327
1694439229259 0.0012021577020986385 328
1694439229290 0.0012058173902643743 329
1694439229322 0.0012094853444697407 330
1694439229352 0.0012131615828860909 331
1694439229385 0.0012168461237247463 332
1694439229419 0.001220538985230557 333
1694439229448 0.0012242401856895624 334
1694439229478 0.001227949743423884 335
1694439229513 0.0012316676767955004 336
1694439229546 0.0012353940042033607 337
1694439229577 0.0012391287440840504 338
1694439229609 0.001242871914913346 339
1694439229639 0.0012466235352053268 340
1694439229669 0.0012503836235120414 341
1694439229700 0.0012541521984240633 342
1694439229734 0.001257929278570158 343
1694439229768 0.0012617148826189473 344
1694439229800 0.001265509029276135 345
1694439229837 0.00126931173728706 346
1694439229872 0.0012731230254363624 347
1694439229907 0.0012769429125457643 348
1694439229937 0.001280771417478177 349
1694439229969 0.0012846085591342593 350
1694439230005 0.0012884543564538609 351
1694439230035 0.0012923088284165773 352
1694439230065 0.0012961719940405292 353
1694439230095 0.0013000438723840269 354
1694439230126 0.0013039244825440166 355
1694439230156 0.0013078138436571907 356
1694439230188 0.0013117119749005424 357
1694439230219 0.0013156188954894787 358
1694439230260 0.00131953462467993 359
1694439230290 0.0013234591817671282 360
1694439230331 0.0013273925860866065 361
1694439230368 0.0013313348570138661 362
1694439230402 0.0013352860139638212 363
1694439230437 0.0013392460763929082 364
1694439230465 0.001343215063795089 365
1694439230493 0.0013471929957079576 366
1694439230522 0.001351179891706411 367
1694439230553 0.0013551757714075352 368
1694439230584 0.0013591806544683838 369
1694439230615 0.0013631945605864226 370
1694439230645 0.001367217509500307 371
1694439230675 0.001371249520988549 372
1694439230704 0.001375290614870739 373
1694439230737 0.0013793408110077676 374
1694439230769 0.001383400129301271 375
1694439230800 0.0013874685896938521 376
1694439230836 0.0013915462121685263 377
1694439230866 0.0013956330167507192 378
1694439230902 0.0013997290235062687 379
1694439230939 0.0014038342525426462 380
1694439230969 0.001407948724008512 381
1694439231007 0.0014120724580943822 382
1694439231039 0.0014162054750309627 383
1694439231087 0.0014203477950934795 384
1694439231138 0.0014244994385962384 385
1694439231172 0.0014286604258957336 386
1694439231223 0.001432830777391536 387
1694439231275 0.001437010513524184 388
1694439231319 0.0014411996547764039 389
1694439231377 0.001445398221673333 390
1694439231436 0.0014496062347819638 391
1694439231482 0.0014538237147113664 392
1694439231520 0.0014580506821139094 393
1694439231559 0.001462287157683373 394
1694439231603 0.0014665331621568356 395
1694439231642 0.0014707887163126765 396
1694439231686 0.0014750538409734615 397
1694439231741 0.001479328557004389 398
1694439231787 0.0014836128853117359 399
1694439231828 0.0014879068468469647 400
1694439231878 0.0014922104626023946 401
1694439231911 0.0014965237536154197 402
1694439231949 0.0015008467409654003 403
1694439231983 0.0015051794457748846 404
1694439232017 0.0015095218892101636 405
1694439232050 0.001513874092480716 406
1694439232083 0.001518236076839874 407
1694439232117 0.0015226078635840468 408
1694439232149 0.0015269894740530532 409
1694439232177 0.001531380929631232 410
1694439232208 0.0015357822517462205 411
1694439232239 0.0015401934618696211 412
1694439232274 0.0015446145815164458 413
1694439232303 0.0015490456322471147 414
1694439232353 0.0015534866356646804 415
1694439232394 0.0015579376134174927 416
1694439232438 0.0015623985871975332 417
1694439232470 0.0015668695787419695 418
1694439232500 0.0015713506098307128 419
1694439232532 0.0015758417022905258 420
1694439232562 0.0015803428779908035 421
1694439232589 0.0015848541588469045 422
1694439232620 0.001589375566818152 423
1694439232649 0.0015939071239094993 424
1694439232682 0.0015984488521704199 425
1694439232714 0.001603000773695018 426
1694439232740 0.0016075629106235834 427
1694439232771 0.0016121352851409254 428
1694439232805 0.0016167179194765957 429
1694439232836 0.0016213108359068862 430
1694439232871 0.0016259140567524977 431
1694439232905 0.0016305276043802053 432
1694439232936 0.0016351515012018591 433
1694439232966 0.0016397857696756057 434
1694439233000 0.0016444304323052217 435
1694439233034 0.0016490855116398917 436
1694439233065 0.00165375103027543 437
1694439233100 0.0016584270108536137 438
1694439233133 0.0016631134760619615 439
1694439233166 0.0016678104486346212 440
1694439233199 0.001672517951351371 441
1694439233244 0.0016772360070393955 442
1694439233287 0.0016819646385717313 443
1694439233326 0.0016867038688678226 444
1694439233355 0.0016914537208942981 445
1694439233389 0.0016962142176643047 446
1694439233420 0.0017009853822376186 447
1694439233448 0.0017057672377212008 448
1694439233477 0.0017105598072687522 449
1694439233506 0.0017153631140811587 450
1694439233536 0.0017201771814069344 451
1694439233566 0.00172500203254089 452
1694439233600 0.0017298376908260193 453
1694439233633 0.0017346841796523904 454
1694439233663 0.0017395415224578104 455
1694439233692 0.001744409742727271 456
1694439233720 0.0017492888639940585 457
1694439233753 0.001754178909838755 458
1694439233782 0.001759079903889571 459
1694439233811 0.001763991869824011 460
1694439233842 0.0017689148313658754 461
1694439233872 0.001773848812288592 462
1694439233901 0.001778793836412329 463
1694439233929 0.0017837499276071034 464
1694439233958 0.0017887171097905608 465
1694439233986 0.0017936954069285305 466
1694439234020 0.0017986848430362468 467
1694439234050 0.0018036854421767945 468
1694439234080 0.0018086972284624414 469
1694439234109 0.0018137202260546381 470
1694439234137 0.001818754459163019 471
1694439234166 0.001823799952046623 472
1694439234195 0.0018288567290127844 473
1694439234224 0.0018339248144214615 474
1694439234254 0.0018390042326756895 475
1694439234285 0.001844095008235569 476
1694439234322 0.0018491971656035 477
1694439234357 0.0018543107293355066 478
1694439234390 0.0018594357240357962 479
1694439234425 0.0018645721743609789 480
1694439234459 0.001869720105013184 481
1694439234490 0.0018748795407473873 482
1694439234526 0.0018800505063679696 483
1694439234560 0.0018852330267294937 484
1694439234589 0.0018904271267363715 485
1694439234627 0.001895632831343641 486
1694439234660 0.0019008501655566334 487
1694439234687 0.001906079154431306 488
1694439234730 0.0019113198230740203 489
1694439234770 0.0019165721966413196 490
1694439234802 0.001921836300341817 491
1694439234836 0.0019271121594335305 492
1694439234874 0.0019323997992263253 493
1694439234902 0.001937699245081026 494
1694439234934 0.0019430105224091943 495
1694439234970 0.0019483336566736842 496
1694439235005 0.0019536686733893083 497
1694439235036 0.001959015598121394 498
1694439235069 0.001964374456487339 499
