1694439217801 163.03631681498007 0
1694439217832 162.71329161371298 1
1694439217866 162.39090990156635 2
1694439217899 162.0691703929765 3
1694439217929 161.74807180495407 4
1694439217960 161.42761285707843 5
1694439218019 161.10779227149257 6
1694439218060 160.78860877289816 7
1694439218101 160.4700610885501 8
1694439218146 160.15214794825172 9
1694439218179 159.8348680843494 10
1694439218216 159.5182202317276 11
1694439218248 159.20220312780384 12
1694439218281 158.88681551252338 13
1694439218314 158.57205612835438 14
1694439218346 158.25792372028272 15
1694439218380 157.94441703580696 16
1694439218419 157.6315348249334 17
1694439218458 157.3192758401708 18
1694439218495 157.00763883652556 19
1694439218536 156.69662257149687 20
1694439218578 156.38622580507123 21
1694439218619 156.07644729971784 22
1694439218659 155.76728582038353 23
1694439218696 155.45874013448773 24
1694439218733 155.15080901191763 25
1694439218779 154.84349122502297 26
1694439218820 154.53678554861145 27
1694439218880 154.2306907599435 28
1694439218970 153.92520563872756 29
1694439219035 153.62032896711509 30
1694439219076 153.31605952969556 31
1694439219120 153.01239611349175 32
1694439219168 152.70933750795476 33
1694439219217 152.4068825049591 34
1694439219264 152.10502989879805 35
1694439219337 151.80377848617846 36
1694439219382 151.5031270662161 37
1694439219421 151.20307444043098 38
1694439219460 150.90361941274216 39
1694439219492 150.60476078946334 40
1694439219556 150.3064973792976 41
1694439219622 150.00882799333306 42
1694439219678 149.7117514450378 43
1694439219729 149.4152665502552 44
1694439219759 149.11937212719926 45
1694439219790 148.82406699644952 46
1694439219819 148.52934998094668 47
1694439219850 148.2352199059876 48
1694439219882 147.94167559922084 49
1694439219913 147.64871589064168 50
1694439219945 147.3563396125875 51
1694439219976 147.06454559973312 52
1694439220009 146.77333268908617 53
1694439220038 146.48269971998218 54
1694439220069 146.19264553408016 55
1694439220100 145.90316897535783 56
1694439220131 145.61426889010693 57
1694439220162 145.32594412692862 58
1694439220194 145.038193536729 59
1694439220224 144.75101597271404 60
1694439220259 144.4644102903855 61
1694439220291 144.17837534753608 62
1694439220324 143.89291000424458 63
1694439220362 143.60801312287194 64
1694439220392 143.32368356805597 65
1694439220424 143.03992020670717 66
1694439220454 142.75672190800427 67
1694439220490 142.4740875433893 68
1694439220524 142.19201598656323 69
1694439220558 141.91050611348172 70
1694439220586 141.62955680235007 71
1694439220614 141.34916693361916 72
1694439220646 141.06933538998058 73
1694439220675 140.79006105636253 74
1694439220709 140.51134281992498 75
1694439220738 140.23317957005534 76
1694439220778 139.95557019836406 77
1694439220813 139.67851359868004 78
1694439220846 139.40200866704623 79
1694439220878 139.12605430171521 80
1694439220909 138.85064940314476 81
1694439220945 138.5757928739934 82
1694439220978 138.30148361911597 83
1694439221009 138.0277205455593 84
1694439221049 137.75450256255772 85
1694439221087 137.48182858152873 86
1694439221120 137.20969751606862 87
1694439221160 136.93810828194802 88
1694439221198 136.66705979710767 89
1694439221230 136.39655098165397 90
1694439221280 136.12658075785467 91
1694439221310 135.85714805013455 92
1694439221346 135.588251785071 93
1694439221387 135.3198908913899 94
1694439221419 135.05206429996105 95
1694439221463 134.78477094379406 96
1694439221509 134.51800975803408 97
1694439221543 134.25177967995734 98
1694439221586 133.98607964896695 99
1694439221618 133.72090860658878 100
1694439221650 133.456265496467 101
1694439221693 133.19214926435993 102
1694439221728 132.92855885813577 103
1694439221763 132.66549322776845 104
1694439221796 132.4029513253332 105
1694439221834 132.1409321050026 106
1694439221880 131.8794345230422 107
1694439221911 131.61845753780636 108
1694439221943 131.3580001097341 109
1694439221981 131.0980612013448 110
1694439222017 130.83863977723425 111
1694439222051 130.57973480407023 112
1694439222086 130.3213452505886 113
1694439222124 130.06347008758888 114
1694439222153 129.80610828793036 115
1694439222186 129.54925882652785 116
1694439222225 129.29292068034755 117
1694439222271 129.03709282840296 118
1694439222320 128.78177425175087 119
1694439222364 128.526963933487 120
1694439222398 128.27266085874223 121
1694439222433 128.01886401467826 122
1694439222467 127.76557239048374 123
1694439222499 127.51278497737002 124
1694439222532 127.26050076856723 125
1694439222565 127.00871875932016 126
1694439222599 126.75743794688428 127
1694439222633 126.50665733052162 128
1694439222669 126.25637591149686 129
1694439222702 126.00659269307322 130
1694439222730 125.75730668050845 131
1694439222762 125.5085168810509 132
1694439222792 125.26022230393549 133
1694439222820 125.01242196037975 134
1694439222850 124.76511486357975 135
1694439222884 124.51830002870626 136
1694439222917 124.27197647290077 137
1694439222950 124.0261432152714 138
1694439222979 123.78079927688916 139
1694439223009 123.53594368078383 140
1694439223041 123.29157545194016 141
1694439223070 123.0476936172939 142
1694439223102 122.8042972057279 143
1694439223134 122.56138524806818 144
1694439223166 122.31895677708005 145
1694439223201 122.07701082746422 146
1694439223234 121.83554643585296 147
1694439223278 121.59456264080613 148
1694439223315 121.35415245947497 149
1694439223350 121.11422062787014 150
1694439223385 120.87476619157326 151
1694439223418 120.6357881980734 152
1694439223446 120.39728569676322 153
1694439223479 120.15925773893518 154
1694439223511 119.92170337777763 155
1694439223542 119.68462166837118 156
1694439223572 119.44801166768487 157
1694439223600 119.21187243457224 158
1694439223630 118.97620302976783 159
1694439223663 118.74100251588312 160
1694439223695 118.506269957403 161
1694439223725 118.27200442068197 162
1694439223753 118.03820497394025 163
1694439223782 117.80487068726032 164
1694439223814 117.57200063258293 165
1694439223846 117.33959388370354 166
1694439223876 117.10764951626857 167
1694439223903 116.87616660777162 168
1694439223932 116.64514423754996 169
1694439223962 116.41458148678065 170
1694439223996 116.1844774384769 171
1694439224028 115.95483117748452 172
1694439224064 115.72564179047814 173
1694439224096 115.49690836595748 174
1694439224126 115.26862999424391 175
1694439224152 115.04080576747664 176
1694439224182 114.81343477960917 177
1694439224211 114.58651612640551 178
1694439224241 114.36004890543681 179
1694439224271 114.13403221607747 180
1694439224303 113.90846515950183 181
1694439224334 113.68334683868022 182
1694439224364 113.45867635837568 183
1694439224396 113.23445282514018 184
1694439224428 113.01067534731112 185
1694439224462 112.78734303500777 186
1694439224496 112.56445500012764 187
1694439224529 112.34201035634298 188
1694439224562 112.12000821909722 189
1694439224595 111.89844770560134 190
1694439224624 111.67732793483053 191
1694439224650 111.45664802752044 192
1694439224681 111.23640710616382 193
1694439224713 111.0166042950069 194
1694439224741 110.79723872004597 195
1694439224774 110.57830950902374 196
1694439224806 110.35981579142606 197
1694439224840 110.14175669847822 198
1694439224869 109.9241313631416 199
1694439224899 109.70693892011013 200
1694439224928 109.4901785058069 201
1694439224963 109.27384925838061 202
1694439224996 109.05795031770218 203
1694439225029 108.84248082536126 204
1694439225063 108.62743992466285 205
1694439225101 108.41282676062382 206
1694439225141 108.19864047996946 207
1694439225183 107.98488023113013 208
1694439225220 107.77154516423788 209
1694439225261 107.5586344311229 210
1694439225295 107.34614718531023 211
1694439225327 107.13408258201633 212
1694439225361 106.92243977814579 213
1694439225397 106.71121793228781 214
1694439225428 106.50041620471289 215
1694439225459 106.2900337573695 216
1694439225494 106.08006975388066 217
1694439225526 105.8705233595407 218
1694439225558 105.6613937413118 219
1694439225596 105.45268006782062 220
1694439225625 105.24438150935516 221
1694439225654 105.03649723786131 222
1694439225695 104.82902642693946 223
1694439225727 104.62196825184134 224
1694439225758 104.41532188946661 225
1694439225798 104.20908651835968 226
1694439225828 104.00326131870627 227
1694439225863 103.79784547233021 228
1694439225903 103.59283816269019 229
1694439225933 103.38823857487642 230
1694439225964 103.18404589560744 231
1694439226003 102.98025931322677 232
1694439226034 102.77687801769972 233
1694439226062 102.57390120061018 234
1694439226102 102.37132805515729 235
1694439226132 102.16915777615228 236
1694439226162 101.9673895600152 237
1694439226201 101.76602260477179 238
1694439226233 101.5650561100501 239
1694439226269 101.36448927707748 240
1694439226315 101.16432130867722 241
1694439226351 100.96455140926544 242
1694439226395 100.76517878484792 243
1694439226426 100.56620264301685 244
1694439226455 100.36762219294772 245
1694439226496 100.16943664539613 246
1694439226525 99.97164521269458 247
1694439226558 99.77424710874944 248
1694439226600 99.5772415490376 249
1694439226635 99.3806277506036 250
1694439226670 99.18440493205624 251
1694439226713 98.98857231356561 252
1694439226743 98.79312911685986 253
1694439226780 98.59807456522216 254
1694439226815 98.40340788348765 255
1694439226845 98.20912829804006 256
1694439226878 98.01523503680902 257
1694439226914 97.82172732926657 258
1694439226944 97.62860440642437 259
1694439226978 97.4358655008305 260
1694439227014 97.2435098465663 261
1694439227043 97.05153667924345 262
1694439227071 96.85994523600091 263
1694439227115 96.66873475550172 264
1694439227147 96.47790447793005 265
1694439227182 96.28745364498825 266
1694439227219 96.09738149989356 267
1694439227250 95.90768728737535 268
1694439227316 95.71837025367188 269
1694439227362 95.52942964652743 270
1694439227395 95.34086471518926 271
1694439227426 95.15267471040453 272
1694439227458 94.96485888441735 273
1694439227487 94.77741649096578 274
1694439227520 94.5903467852789 275
1694439227553 94.40364902407367 276
1694439227584 94.21732246555216 277
1694439227615 94.03136636939843 278
1694439227646 93.84577999677559 279
1694439227679 93.66056261032287 280
1694439227712 93.4757134741527 281
1694439227743 93.29123185384769 282
1694439227771 93.1071170164577 283
1694439227812 92.92336823049698 284
1694439227841 92.73998476594113 285
1694439227870 92.55696589422429 286
1694439227900 92.37431088823614 287
1694439227929 92.19201902231897 288
1694439227962 92.01008957226493 289
1694439227995 91.82852181531293 290
1694439228027 91.6473150301458 291
1694439228058 91.46646849688759 292
1694439228091 91.28598149710041 293
1694439228123 91.10585331378168 294
1694439228154 90.92608323136132 295
1694439228182 90.74667053569877 296
1694439228218 90.56761451408023 297
1694439228246 90.3889144552157 298
1694439228279 90.21056964923625 299
1694439228311 90.03257938769107 300
1694439228342 89.8549429635447 301
1694439228376 89.67765967117421 302
1694439228410 89.50072880636627 303
1694439228437 89.32414966631451 304
1694439228466 89.14792154961653 305
1694439228497 88.97204375627115 306
1694439228529 88.79651558767569 307
1694439228558 88.62133634662302 308
1694439228593 88.44650533729896 309
1694439228625 88.27202186527924 310
1694439228663 88.09788523752701 311
1694439228700 87.92409476238986 312
1694439228734 87.75064974959709 313
1694439228768 87.57754951025697 314
1694439228812 87.40479335685406 315
1694439228843 87.23238060324624 316
1694439228875 87.06031056466226 317
1694439228918 86.88858255769871 318
1694439228947 86.71719590031745 319
1694439228978 86.54614991184287 320
1694439229013 86.37544391295914 321
1694439229042 86.20507722570741 322
1694439229071 86.03504917348327 323
1694439229116 85.86535908103389 324
1694439229146 85.69600627445536 325
1694439229177 85.52699008119005 326
1694439229221 85.35830983002384 327
1694439229249 85.1899648510835 328
1694439229282 85.02195447583387 329
1694439229315 84.85427803707539 330
1694439229345 84.68693486894128 331
1694439229379 84.51992430689491 332
1694439229409 84.35324568772717 333
1694439229442 84.18689834955379 334
1694439229469 84.0208816318127 335
1694439229502 83.85519487526135 336
1694439229537 83.68983742197403 337
1694439229570 83.52480861533952 338
1694439229600 83.36010780005805 339
1694439229632 83.19573432213892 340
1694439229662 83.03168752889785 341
1694439229694 82.86796676895436 342
1694439229727 82.70457139222917 343
1694439229760 82.5415007499415 344
1694439229793 82.37875419460669 345
1694439229831 82.21633108003331 346
1694439229864 82.05423076132085 347
1694439229898 81.89245259485702 348
1694439229930 81.73099593831513 349
1694439229962 81.56986015065159 350
1694439229996 81.40904459210333 351
1694439230029 81.24854862418519 352
1694439230058 81.08837160968743 353
1694439230087 80.92851291267318 354
1694439230119 80.76897189847581 355
1694439230149 80.60974793369653 356
1694439230182 80.45084038620163 357
1694439230212 80.29224862512025 358
1694439230249 80.13397202084158 359
1694439230284 79.97600994501254 360
1694439230321 79.81836177053508 361
1694439230360 79.66102687156386 362
1694439230393 79.50400462350365 363
1694439230429 79.34729440300671 364
1694439230459 79.19089558797062 365
1694439230486 79.03480755753539 366
1694439230515 78.87902969208133 367
1694439230546 78.72356137322632 368
1694439230576 78.56840198382348 369
1694439230608 78.41355090795861 370
1694439230637 78.25900753094776 371
1694439230667 78.1047712393348 372
1694439230697 77.95084142088892 373
1694439230730 77.79721746460224 374
1694439230762 77.64389876068724 375
1694439230793 77.49088470057444 376
1694439230829 77.33817467690996 377
1694439230859 77.18576808355299 378
1694439230892 77.03366431557345 379
1694439230930 76.88186276924957 380
1694439230963 76.73036284206542 381
1694439230998 76.57916393270852 382
1694439231031 76.42826544106754 383
1694439231080 76.27766676822961 384
1694439231131 76.12736731647827 385
1694439231165 75.97736648929086 386
1694439231212 75.82766369133618 387
1694439231264 75.67825832847217 388
1694439231304 75.52914980774345 389
1694439231364 75.38033753737896 390
1694439231414 75.23182092678962 391
1694439231475 75.083599386566 392
1694439231514 74.93567232847582 393
1694439231552 74.78803916546178 394
1694439231594 74.64069931163911 395
1694439231635 74.49365218229322 396
1694439231680 74.34689719387735 397
1694439231733 74.20043376401028 398
1694439231780 74.05426131147406 399
1694439231820 73.90837925621149 400
1694439231868 73.76278701932397 401
1694439231903 73.61748402306912 402
1694439231941 73.47246969085847 403
1694439231975 73.32774344725516 404
1694439232009 73.18330471797165 405
1694439232042 73.03915292986736 406
1694439232076 72.89528751094649 407
1694439232109 72.7517078903556 408
1694439232142 72.60841349838144 409
1694439232170 72.46540376644857 410
1694439232201 72.32267812711716 411
1694439232232 72.18023601408068 412
1694439232266 72.03807686216366 413
1694439232296 71.89620010731944 414
1694439232342 71.75460518662781 415
1694439232385 71.61329153829291 416
1694439232431 71.47225860164086 417
1694439232462 71.33150581711759 418
1694439232492 71.19103262628654 419
1694439232526 71.05083847182647 420
1694439232553 70.91092279752927 421
1694439232583 70.77128504829759 422
1694439232613 70.63192467014278 423
1694439232643 70.4928411101826 424
1694439232675 70.35403381663895 425
1694439232705 70.2155022388358 426
1694439232734 70.07724582719685 427
1694439232764 69.93926403324343 428
1694439232798 69.80155630959229 429
1694439232829 69.66412210995325 430
1694439232861 69.52696088912734 431
1694439232896 69.39007210300429 432
1694439232930 69.25345520856051 433
1694439232959 69.11710966385698 434
1694439232994 68.98103492803688 435
1694439233026 68.84523046132361 436
1694439233058 68.70969572501862 437
1694439233092 68.57443018149905 438
1694439233127 68.43943329421586 439
1694439233159 68.3047045276915 440
1694439233191 68.17024334751781 441
1694439233234 68.0360492203539 442
1694439233277 67.90212161392402 443
1694439233317 67.7684599970154 444
1694439233348 67.63506383947612 445
1694439233382 67.50193261221304 446
1694439233413 67.36906578718965 447
1694439233442 67.23646283742396 448
1694439233469 67.10412323698634 449
1694439233500 66.97204646099755 450
1694439233530 66.84023198562647 451
1694439233559 66.70867928808816 452
1694439233593 66.57738784664167 453
1694439233626 66.44635714058798 454
1694439233656 66.31558665026787 455
1694439233684 66.18507585705999 456
1694439233715 66.0548242433786 457
1694439233747 65.9248312926716 458
1694439233775 65.79509648941848 459
1694439233804 65.66561931912815 460
1694439233831 65.53639926833705 461
1694439233866 65.4074358246069 462
1694439233894 65.27872847652283 463
1694439233923 65.15027671369121 464
1694439233950 65.02208002673764 465
1694439233980 64.89413790730498 466
1694439234013 64.7664498480512 467
1694439234044 64.63901534264741 468
1694439234073 64.51183388577589 469
1694439234102 64.38490497312795 470
1694439234131 64.258228101402 471
1694439234160 64.13180276830151 472
1694439234187 64.00562847253302 473
1694439234217 63.87970471380406 474
1694439234246 63.754030992821285 475
1694439234278 63.62860681128829 476
1694439234314 63.50343167190383 477
1694439234348 63.378505078359666 478
1694439234381 63.25382653533861 479
1694439234417 63.12939554851264 480
1694439234451 63.005211624540806 481
1694439234482 62.88127427106731 482
1694439234519 62.75758299671953 483
1694439234552 62.63413731110604 484
1694439234582 62.51093672481469 485
1694439234619 62.38798074941059 486
1694439234653 62.265268897434204 487
1694439234680 62.142800682399375 488
1694439234719 62.02057561879137 489
1694439234762 61.898593222065 490
1694439234795 61.776853008642554 491
1694439234829 61.65535449591202 492
1694439234865 61.53409720222504 493
1694439234894 61.41308064689502 494
1694439234927 61.29230435019524 495
1694439234964 61.17176783335685 496
1694439234998 61.051470618567066 497
1694439235030 60.93141222896718 498
1694439235062 60.811592188650636 499
