1694445147962 0.007648835055393252 0
1694445148253 0.06700791788669279 1
1694445148537 0.0004230965087805576 2
1694445148826 2.784073599452381e-05 3
1694445149124 0.9800040463125569 4
1694445149431 0.2543467878122188 5
1694445149695 0.06720664029713322 6
1694445149956 0.3013994697489535 7
1694445150207 0.06113183234617726 8
1694445150470 0.7593089593467659 9
1694445150720 0.0005343431308944677 10
1694445150980 0.025108003961562427 11
1694445151235 0.22602001516202935 12
1694445151499 0.0003570074857776189 13
1694445151760 0.22390706660505919 14
1694445152079 0.08763629845954513 15
1694445152341 0.162837945937531 16
1694445152641 0.13264795588188388 17
1694445152902 0.009174790175542293 18
1694445153171 0.11612120113965474 19
1694445153488 1.557184733067956 20
1694445153827 0.09260859137200998 21
1694445154086 0.1262023882397525 22
1694445154341 0.11909585472970913 23
1694445154590 0.0006259167172226002 24
1694445154847 0.02719291324366283 25
1694445155095 0.013299173640358012 26
1694445155355 0.0004636781560086193 27
1694445155616 0.2327847199866746 28
1694445155881 0.15900148180748003 29
1694445156145 0.20559158290273652 30
1694445156402 0.07930739474958388 31
1694445156664 0.16508916120023487 32
1694445156919 0.03100271700843052 33
1694445157178 0.3553047722592367 34
1694445157459 0.0038360759542900224 35
1694445157745 0.05325669979416427 36
1694445158005 0.027370466424991025 37
1694445158269 0.0020787004750162062 38
1694445158537 0.04837352224862312 39
1694445158794 0.0038694761562919973 40
1694445159047 0.07369280742958079 41
1694445159305 0.001332835439265712 42
1694445159572 0.029817197277378894 43
1694445159825 0.003050280983763258 44
1694445160096 0.1872980307198635 45
1694445160387 0.20324467597966903 46
1694445160638 0.4650740935334241 47
1694445160903 0.11518992568507265 48
1694445161152 0.0025098134301583873 49
1694445161423 0.048398402108253906 50
1694445161677 0.17700514681738452 51
1694445161932 0.07297629343989714 52
1694445162189 0.039652809622905384 53
1694445162454 0.213036011263898 54
1694445162708 0.00036053058012713044 55
1694445162958 0.06951226648566712 56
1694445163229 0.019684212302125272 57
1694445163505 0.007079793216940976 58
1694445163753 3.0739401549130605e-06 59
1694445164016 0.06682746316848151 60
1694445164282 3.3416562786074355e-05 61
1694445164543 0.0414888818276839 62
1694445164812 0.03347243813370571 63
1694445165075 0.0007044998094202609 64
1694445165321 0.05721689672821062 65
1694445165576 9.807232240799648e-06 66
1694445165806 0.243945139818104 67
1694445166053 0.032286805954527424 68
1694445166313 0.1198635179911532 69
1694445166565 0.07523947657700843 70
1694445166815 0.1624434538180289 71
1694445167071 0.06838819758736035 72
1694445167340 0.0075366271488062 73
1694445167637 0.029453728885058712 74
1694445167928 0.03254102489178556 75
1694445168206 0.06791431400613329 76
1694445168469 0.00022047077222695253 77
1694445168727 0.03916271595352857 78
1694445168989 0.005925592798074434 79
1694445169252 0.09611373316028683 80
1694445169522 0.005298632355810844 81
1694445169776 0.00290011905582403 82
1694445170033 0.03408738925263504 83
1694445170304 0.04448282803436332 84
1694445170595 0.039889819317010834 85
1694445170863 0.01953939614695881 86
1694445171134 0.09047108054410906 87
1694445171407 0.013394455119810751 88
1694445171643 0.00200202729775781 89
1694445171919 0.03654051702133905 90
1694445172184 0.011516278204907894 91
1694445172454 0.08052473723163875 92
1694445172719 0.38629951010104957 93
1694445172955 0.12812646641378242 94
1694445173223 0.009130860575104227 95
1694445173480 0.05604294711690038 96
1694445173712 0.03607558310625383 97
1694445173971 0.025473073154013655 98
1694445174261 0.03218762831725382 99
1694445174522 1.5722971562901623e-05 100
1694445174773 0.014481965780712074 101
1694445175019 0.5056951695220051 102
1694445175274 0.013389310223783073 103
1694445175523 0.0015908288563702855 104
1694445175769 0.016832507388754067 105
1694445176006 0.061492342658678506 106
1694445176281 0.0035635020947917227 107
1694445176550 0.011134457843114688 108
1694445176607 0.06686842028879057 109
1694445177022 0.003232806705489522 110
1694445177271 0.08033196749810727 111
1694445177548 0.06681607880455107 112
1694445177839 0.019774012128950177 113
1694445178087 0.09638842930050756 114
1694445178337 0.014039891313708067 115
1694445178612 0.018912417342583872 116
1694445178890 0.0018027015499762645 117
1694445179147 0.004967688336092094 118
1694445179408 0.01853408022466825 119
1694445179666 0.14525073266340513 120
1694445179926 0.05629309451401943 121
1694445180198 0.03468329180760043 122
1694445180447 0.003721729617164134 123
1694445180708 0.08844499047890898 124
1694445180963 0.003264592876786412 125
1694445181215 0.0006603276465395029 126
1694445181474 0.5145456997374911 127
1694445181634 0.014309360748590988 128
1694445182005 0.0042645969148599515 129
1694445182263 0.07385305934937947 130
1694445182538 0.0014464945707529956 131
1694445182822 0.9422141751830314 132
1694445183141 0.2668599497435498 133
1694445183420 0.007736129075071926 134
1694445183689 0.05378971499367197 135
1694445183950 0.001945458271841373 136
1694445184247 0.0018775105652358666 137
1694445184511 0.03943305847409338 138
1694445184761 0.01122270489804166 139
1694445184999 0.0018263266411226848 140
1694445185239 0.04921432567138169 141
1694445185478 0.5002126542221232 142
1694445185715 0.0093120099377868 143
1694445185956 0.04622703195597432 144
1694445186224 0.04804507487720988 145
1694445186470 0.01061878215570531 146
1694445186731 0.00017991844057923555 147
1694445187000 0.015483230900747191 148
1694445187238 0.02317701731488644 149
1694445187520 0.036752232599760896 150
1694445187780 0.1676775467213891 151
1694445188078 0.14525170758303635 152
1694445188344 0.022649031734058845 153
1694445188609 0.14585817805279025 154
1694445188876 0.3769166982495533 155
1694445189134 0.2079722113791338 156
1694445189404 0.07837601119632426 157
1694445189691 6.584785944891501e-05 158
1694445189994 0.032348447737248494 159
1694445190286 0.07113925980461545 160
1694445190563 0.049021075299176944 161
1694445190865 0.00796140376460899 162
1694445191090 0.01375437302040908 163
1694445191381 0.0006823568530331732 164
1694445191676 0.0123623217591932 165
1694445191925 0.024107863241773213 166
1694445192171 0.12864796331731645 167
1694445192472 0.005363997460683263 168
1694445192740 0.0036530213866774815 169
1694445193003 0.41763292046622336 170
1694445193254 0.004844391483304468 171
1694445193504 0.1424869563170027 172
1694445193794 0.06979093891861261 173
1694445194054 0.03480986479370413 174
1694445194367 0.05911771625820139 175
1694445194621 0.1156107701722777 176
1694445194906 0.125835804346482 177
1694445195172 0.00228344204733183 178
1694445195429 7.602377279008327e-05 179
1694445195690 0.12021290766790682 180
1694445195948 0.36956361259427645 181
1694445196212 0.08186667412244782 182
1694445196468 0.35937274153544135 183
1694445196707 0.30838388749054635 184
1694445196976 0.0352366400103218 185
1694445197250 0.01221983559648723 186
1694445197537 0.4146340265612493 187
1694445197828 0.026126723051315668 188
1694445198136 0.021301896895463735 189
1694445198423 0.0007114273368737789 190
1694445198690 0.25958272842341323 191
1694445198952 0.034078890559357415 192
1694445199210 0.012867003228978909 193
1694445199486 0.18588103699462413 194
1694445199766 2.570587810784037e-05 195
1694445200051 0.0010398112746170382 196
1694445200316 0.031054147458409412 197
1694445200575 0.13279282184001864 198
1694445200846 0.01443347175590761 199
1694445201113 0.3017729780027502 200
1694445201383 0.02145719071769083 201
1694445201662 0.19097046886933097 202
1694445201923 0.018436681417032235 203
1694445202185 0.019211306586132897 204
1694445202441 0.10655690623339399 205
1694445202707 0.01202409629611293 206
1694445202952 0.4307985536168974 207
1694445203216 0.47357461468445977 208
1694445203484 0.7631215657127395 209
1694445203757 0.04001766605380983 210
1694445204025 0.0018461730295228059 211
1694445204296 3.2496428243834785e-08 212
1694445204590 0.04579608385662158 213
1694445204840 1.2623552675989036 214
1694445205098 0.0002575203431219266 215
1694445205356 0.07739630966608005 216
1694445205621 0.05795513053703585 217
1694445205875 0.13736413764750202 218
1694445206130 0.06586679858264138 219
1694445206393 0.45263217242714227 220
1694445206653 0.014794971740545223 221
1694445206923 0.00015505091312731478 222
1694445207183 0.14268628513859763 223
1694445207444 0.21219637122280066 224
1694445207702 0.0430301712430207 225
1694445207949 1.2778175168138355 226
1694445208223 0.017753473882910493 227
1694445208477 2.5397991755240135 228
1694445208690 0.0020626092342237467 229
1694445208980 0.004400143106253619 230
1694445209232 0.003845174964252104 231
1694445209500 0.0668649864261178 232
1694445209774 0.1985130478579599 233
1694445210033 0.06951928155100182 234
1694445210296 0.4312456596743446 235
1694445210559 0.19217331970382123 236
1694445210820 0.10659166340937912 237
1694445211069 0.026877527675203943 238
1694445211342 0.008884930034931291 239
1694445211608 0.16696622145050685 240
1694445211872 0.07820033996008963 241
1694445212158 0.009481450265007806 242
1694445212453 0.04046492767314526 243
1694445212732 0.07932063643741483 244
1694445212986 0.27769798237734006 245
1694445213238 0.05386457047639179 246
1694445213515 0.0078021112024235315 247
1694445213777 0.005160135683429014 248
1694445214036 0.003659031125977384 249
1694445214294 0.006203565117123138 250
1694445214612 0.003249869954802394 251
1694445214884 0.26096113562909845 252
1694445215143 0.14393952028152535 253
1694445215413 0.01843134561458934 254
1694445215672 0.0057898204932808495 255
1694445215936 0.03796046339069944 256
1694445216179 0.0203934388710765 257
1694445216426 0.026267878325670267 258
1694445216669 0.06815409467398112 259
1694445216931 0.05543592912312383 260
1694445217193 0.18913597399953816 261
1694445217448 0.14949483206314046 262
1694445217711 0.47725510338891625 263
1694445217968 0.32754450166505256 264
1694445218257 0.07097879047905577 265
1694445218497 0.0002598374092745242 266
1694445218755 0.027945505946858983 267
1694445219014 0.0004138562312436024 268
1694445219274 0.11099421842066517 269
1694445219535 0.3606859223869425 270
1694445219788 0.6121644903005581 271
1694445220044 0.009350063518172056 272
1694445220304 7.229795878147496e-08 273
1694445220569 0.012361666800382441 274
1694445220833 0.040393136736802886 275
1694445221017 0.004210041959144401 276
1694445221351 0.010627493420003574 277
1694445221623 0.2716366029889148 278
1694445221899 0.009130027375496568 279
1694445222158 0.03915156262919433 280
1694445222423 0.16294770997142033 281
1694445222681 4.899327581408018e-05 282
1694445222935 0.830770095923806 283
1694445223208 0.16606487162343603 284
1694445223465 0.10729830819544253 285
1694445223727 0.14077160610222916 286
1694445223983 0.04175102643205916 287
1694445224271 0.014427260696621686 288
1694445224546 2.4711093888496273e-05 289
1694445224895 0.13936436840605507 290
1694445225180 0.017699371068864878 291
1694445225486 0.1832458405415815 292
1694445225788 0.058524525071106566 293
1694445226049 0.01732202135995611 294
1694445226312 0.024026443090404758 295
1694445226584 0.16108179294215438 296
1694445226854 0.020175280040637962 297
1694445227124 0.38720090406266117 298
1694445227457 0.018591173133139828 299
1694445227711 0.0064789869315456106 300
1694445227956 0.09172457413574953 301
1694445228226 0.02271642859166447 302
1694445228520 0.08691598082347192 303
1694445228775 0.002241169953716741 304
1694445229045 0.008637201389706434 305
1694445229296 0.05870812015782186 306
1694445229561 6.95093989286306e-05 307
1694445229816 0.18666613300613996 308
1694445230078 0.21966253190630064 309
1694445230360 0.37735900942214207 310
1694445230612 0.0046760844918984695 311
1694445230876 0.06650869381621029 312
1694445231150 0.013975147185393043 313
1694445231439 0.2042661899073463 314
1694445231708 4.0340263107195305e-06 315
1694445231964 0.23068667848258395 316
1694445232220 0.025589996689631415 317
1694445232480 0.0010305186431540045 318
1694445232735 0.0008544608378839012 319
1694445232997 0.07736150011324604 320
1694445233238 0.001448780472277474 321
1694445233501 0.058422184321493396 322
1694445233752 0.07485753379891533 323
1694445233987 0.09104609305286622 324
1694445234254 0.16098210817306105 325
1694445234517 0.14361097264977407 326
1694445234782 0.10449195826381939 327
1694445235058 0.11235334803722764 328
1694445235321 0.026022531385791397 329
1694445235598 0.04377586518027864 330
1694445235857 0.00567469649538 331
1694445236126 0.3671518589938203 332
1694445236384 0.016143158075042977 333
1694445236646 0.00022308714603528392 334
1694445236900 2.40612596887895e-05 335
1694445237161 0.9187472530558153 336
1694445237422 0.00035676118912956854 337
1694445237671 7.394072495836153e-05 338
1694445237922 0.24939475355195737 339
1694445238181 0.003912162504716102 340
1694445238483 0.05942917643820553 341
1694445238742 0.01521880731255056 342
1694445239013 0.17988454268720416 343
1694445239258 0.014661173320162993 344
1694445239506 0.05502559895068965 345
1694445239774 0.2040427302164887 346
1694445240040 0.007879852286055707 347
1694445240311 0.01141128408154428 348
1694445240578 0.002136595128872073 349
1694445240841 0.008383501379878524 350
1694445241110 0.023540639463565067 351
1694445241382 0.019820278250796766 352
1694445241636 0.07995828611824916 353
1694445241907 0.022673402529063608 354
1694445242188 0.00295595658711822 355
1694445242455 0.22647063849039187 356
1694445242732 0.0002570919016538638 357
1694445242988 0.005816741486980484 358
1694445243285 0.13297502621068646 359
1694445243550 0.36700208289632624 360
1694445243804 0.029458704212168896 361
1694445244055 0.26599238430128297 362
1694445244324 0.0006741253819611653 363
1694445244589 0.06879732442720887 364
1694445244860 0.13459852101406286 365
1694445245118 0.017584022883555938 366
1694445245373 0.0616944581455701 367
1694445245638 0.11737582103154111 368
1694445245898 0.0627005557293428 369
1694445246158 0.1682098829681861 370
1694445246418 0.002281609873628963 371
1694445246664 0.01983706562775733 372
1694445246913 0.1898232388675674 373
1694445247142 0.00946167992248948 374
1694445247376 0.004773920563681492 375
1694445247632 0.013974188457536101 376
1694445247885 0.04094609261878731 377
1694445248132 0.037532779383633766 378
1694445248385 0.4442303195062991 379
1694445248672 0.07045423429455294 380
1694445248937 0.01039981290597617 381
1694445249186 0.03332171029216129 382
1694445249457 0.015777956837859347 383
1694445249731 0.07624309957552829 384
1694445249989 0.31272385216178733 385
1694445250250 0.013236488147300331 386
1694445250516 0.00010237486330721308 387
1694445250779 0.007193706571724953 388
1694445251061 0.15277784249584872 389
1694445251315 0.026416438275440372 390
1694445251581 0.029664457079669134 391
1694445251805 0.003643741835822913 392
1694445252107 0.027760840579642326 393
1694445252367 0.015768902275050824 394
1694445252635 0.09295233796490161 395
1694445252896 0.009248001031532825 396
1694445253141 0.0008128960831489756 397
1694445253399 0.1963581174170395 398
1694445253654 0.05494320314190528 399
1694445253902 0.055003750038676844 400
1694445254158 0.04734839207637144 401
1694445254422 3.6375278186528597e-07 402
1694445254680 1.9056906321931234e-06 403
1694445254985 0.5532403832668623 404
1694445255254 0.023018321026412467 405
1694445255553 1.9071596689054216e-05 406
1694445255858 0.19419513804296595 407
1694445256108 0.006949921739588333 408
1694445256405 0.04390062006422156 409
1694445256700 0.007556615987821073 410
1694445256959 0.0003594351257389497 411
1694445257258 0.3786610756257161 412
1694445257522 0.1659873536169757 413
1694445257806 0.1576159223003739 414
1694445258116 0.019919828788405456 415
1694445258377 0.007287856704111839 416
1694445258653 0.09264108763163995 417
1694445258923 0.1482105369185892 418
1694445259204 0.0007787742247777696 419
1694445259470 0.021595526528831264 420
1694445259724 0.001948529812061076 421
1694445259984 0.04704886369264167 422
1694445260226 0.00989703683785123 423
1694445260504 0.5074487773610401 424
1694445260767 0.018247963179223867 425
1694445261022 0.04944933334617028 426
1694445261266 0.008795654666003808 427
1694445261525 0.014531693075422064 428
1694445261784 0.07149905520468733 429
1694445262027 0.06061586273134626 430
1694445262270 0.13318713541034552 431
1694445262526 0.004268966042873997 432
1694445262775 0.23755920349418422 433
1694445263024 0.00938216672897462 434
1694445263267 0.12256846473259596 435
1694445263541 0.1782278311349159 436
1694445263804 0.2995469201808447 437
1694445264063 0.008690815451314731 438
1694445264305 0.30613272214905496 439
1694445264569 0.023013140289744098 440
1694445264838 0.09867068732453814 441
1694445265075 0.07653129903458727 442
1694445265339 0.015312644910409968 443
1694445265602 0.15673271962317661 444
1694445265854 0.0997222800167585 445
1694445266102 0.14234689611646975 446
1694445266368 0.048054875658114636 447
1694445266605 0.014239551275106977 448
1694445266842 0.05238362489481173 449
1694445267093 0.2988636065413937 450
1694445267351 0.05029639779865435 451
1694445267606 0.3574920417994376 452
1694445267853 0.305314686730475 453
1694445268118 0.0029840894092921727 454
1694445268391 0.06307891246273688 455
1694445268642 0.09576299790972365 456
1694445268934 0.045527032772425834 457
1694445269192 0.05071813208370291 458
1694445269454 0.04524650267858728 459
1694445269696 0.13650891767453044 460
1694445269940 0.03778147662436548 461
1694445270172 0.026961579028856406 462
1694445270400 0.11567402408508325 463
1694445270621 0.09263872570967828 464
1694445270846 0.06061755924305574 465
1694445271092 0.031640058488593366 466
1694445271339 0.004886311425632189 467
1694445271576 0.3031856470149277 468
1694445271812 0.003563834992358335 469
1694445272079 0.20441692158426927 470
1694445272346 0.015405220581618424 471
1694445272584 0.071722764503971 472
1694445272813 0.05213269904865171 473
1694445273086 0.0001567370659596209 474
1694445273344 0.2104013800070771 475
1694445273607 3.3185858834406523e-07 476
1694445273875 3.088776460571075e-06 477
1694445274132 0.07114519478610921 478
1694445274398 0.41839543276261615 479
1694445274652 0.19045128483816398 480
1694445274909 0.0018266387637693481 481
1694445275158 0.1214653996155677 482
1694445275408 0.06792951335391084 483
1694445275671 1.443445438025216 484
1694445275959 0.0005332037110869755 485
1694445276237 0.1273885589242617 486
1694445276514 0.019270445664450613 487
1694445276654 0.09175235652794203 488
1694445276975 0.0007173732655273506 489
1694445277226 0.14308640990167984 490
1694445277483 0.02959936989980199 491
1694445277740 0.055811765972849335 492
1694445278002 0.06434184684009048 493
1694445278254 0.9168198257952211 494
1694445278505 0.005815842076464562 495
1694445278761 0.012015343947653969 496
1694445279014 0.9582112889606323 497
1694445279259 0.0038636901757781463 498
1694445279540 0.04470571070349923 499
