1694445279869 0.5928200659433429 0
1694445280169 0.06045858513717836 1
1694445280442 0.6305549359097468 2
1694445280731 0.031154078998191538 3
1694445281023 0.0002953267650776016 4
1694445281319 0.0808900106659063 5
1694445281555 0.0025869192362095637 6
1694445281811 0.011121394748202985 7
1694445282066 0.035656559834252456 8
1694445282333 0.1761681414446556 9
1694445282593 0.07868286010047836 10
1694445282857 0.02495734471657445 11
1694445283126 0.004643519609352056 12
1694445283396 0.11441480670874653 13
1694445283657 0.4795557033075803 14
1694445283916 0.003825340420427133 15
1694445284186 0.00010482063369953171 16
1694445284451 0.00172422434022354 17
1694445284727 0.2909730704007795 18
1694445285006 0.2684731694672744 19
1694445285254 0.04947154496919844 20
1694445285522 0.0057199054367354524 21
1694445285762 0.044817289475599126 22
1694445286020 0.08878619724382461 23
1694445286270 0.12689391098107067 24
1694445286530 0.007705757111808034 25
1694445286786 0.0029285445939326265 26
1694445287071 0.0399753909138835 27
1694445287337 0.005283676509506196 28
1694445287598 0.00015989207277547078 29
1694445287867 0.0036432705651030994 30
1694445288127 0.011326258221093836 31
1694445288384 0.3433950355695611 32
1694445288676 0.003544480365440874 33
1694445289024 0.0038377040101783043 34
1694445289271 0.018835077793619665 35
1694445289525 0.12272577025289952 36
1694445289780 0.30778818249837164 37
1694445290056 0.003614630605254543 38
1694445290302 0.0024086529720320155 39
1694445290560 0.11571039695746295 40
1694445290813 0.03492417159761551 41
1694445291073 0.3291951725732483 42
1694445291343 0.0058749605585280236 43
1694445291591 0.08257686613627348 44
1694445291836 0.004229823769567742 45
1694445292078 0.04361806760743276 46
1694445292330 0.18145884750451857 47
1694445292591 0.12914408644448522 48
1694445292870 0.06511788671779452 49
1694445293119 0.08587240266986569 50
1694445293378 0.19413810392655764 51
1694445293626 0.0012844583184084312 52
1694445293901 0.0002553979861684001 53
1694445294173 0.10805712156746292 54
1694445294424 0.24151853870689988 55
1694445294671 0.14677271579284265 56
1694445294912 0.008377414280801646 57
1694445295160 0.11126671766911964 58
1694445295413 0.0686344859078564 59
1694445295662 0.006363087691736236 60
1694445295928 0.14857982026060695 61
1694445296202 0.047051243119974835 62
1694445296474 0.8858983141122697 63
1694445296731 0.001073061912895097 64
1694445296975 0.00859089194051039 65
1694445297221 0.34260850791767355 66
1694445297470 0.024105589147637493 67
1694445297717 0.1863123569420895 68
1694445297992 0.010142624022170622 69
1694445298258 0.004695883587923748 70
1694445298502 0.01392794944472075 71
1694445298742 4.88381841770259e-05 72
1694445298978 0.13273836800822222 73
1694445299209 0.005139263976641779 74
1694445299480 0.0613367604465213 75
1694445299723 0.06656615728600002 76
1694445299977 0.07625687167369373 77
1694445300244 0.0565253714286192 78
1694445300498 0.24947224071376858 79
1694445300779 0.013481399889817476 80
1694445301009 0.0007235720387917297 81
1694445301234 0.09067444815673205 82
1694445301470 0.03279571745257525 83
1694445301711 0.10776336714136607 84
1694445302009 0.05736225411338186 85
1694445302281 0.01689317398545332 86
1694445302552 0.08804458298948538 87
1694445302816 0.08986995266215556 88
1694445303070 0.07093763155615236 89
1694445303352 0.0004424936944363872 90
1694445303615 6.324957931075052e-06 91
1694445303867 0.5638745652834953 92
1694445304131 0.5459168481222064 93
1694445304403 0.0583761758630212 94
1694445304659 0.2154537042480657 95
1694445304889 0.00020426782111307047 96
1694445305230 0.36662479265416853 97
1694445305505 0.12887389303876626 98
1694445305758 0.0037737862449472577 99
1694445305986 0.05539721967087897 100
1694445306229 0.004405067036769289 101
1694445306478 0.036989604222289287 102
1694445306729 0.021909404046553112 103
1694445306988 0.007314330668652638 104
1694445307238 0.04391079126086479 105
1694445307508 0.26294483956905634 106
1694445307779 0.09642832526525028 107
1694445308041 0.04740755467453166 108
1694445308303 0.010143352642335198 109
1694445308564 0.05788142472328513 110
1694445308820 0.24571727838778556 111
1694445309054 0.28601574960760023 112
1694445309337 0.01805929994191743 113
1694445309598 0.0023357474641686497 114
1694445309842 0.027034779913271845 115
1694445310100 0.19861962378806877 116
1694445310359 0.19022436890931718 117
1694445310621 0.0004408842235255364 118
1694445310897 3.124738145060373e-07 119
1694445311144 0.30881602962608057 120
1694445311401 0.02300954857517476 121
1694445311660 0.02297120223406154 122
1694445311922 11.517015542011908 123
1694445312160 0.015374382808017124 124
1694445312401 0.050627027834302875 125
1694445312649 0.05026890227756962 126
1694445312868 0.0005898876550950453 127
1694445313103 0.00010456086803804459 128
1694445313341 0.013718586892380718 129
1694445313587 0.39566265512067766 130
1694445313822 0.0254808982473478 131
1694445314071 0.0024327748902446106 132
1694445314315 0.0009064572829765102 133
1694445314575 0.15643165979390145 134
1694445314812 0.02486112782425972 135
1694445315067 0.0758840953255619 136
1694445315347 0.42466971312428853 137
1694445315608 0.24719726855896637 138
1694445315876 0.001134997303708734 139
1694445316160 0.007792315111095942 140
1694445316422 0.18118290257658132 141
1694445316660 0.11016670746364152 142
1694445316971 0.30176257886406777 143
1694445317234 0.2914594398206389 144
1694445317558 0.005189411229680849 145
1694445317831 0.036369577401494255 146
1694445318097 0.2266002204603971 147
1694445318370 0.04317979304015983 148
1694445318630 0.005860240785689819 149
1694445318869 0.0012830794567505407 150
1694445319139 0.10946916117715974 151
1694445319417 0.0003716857888429108 152
1694445319679 0.015171783823898803 153
1694445319943 0.19055105913589976 154
1694445320184 0.7640247024595064 155
1694445320441 0.08095461206539246 156
1694445320676 0.0625086410225848 157
1694445320961 0.0004498017454661182 158
1694445321260 0.001273849108504289 159
1694445321545 0.026141573824401115 160
1694445321787 0.18564656242132294 161
1694445322067 0.09760262784220913 162
1694445322322 0.01686799904884761 163
1694445322572 0.00023954160373862711 164
1694445322868 0.0002382004848794087 165
1694445323118 0.0017197635791303667 166
1694445323399 0.43326304186661385 167
1694445323699 0.20006989802067593 168
1694445323937 0.041830991005244164 169
1694445324184 0.1222453172723157 170
1694445324439 0.058298656470958096 171
1694445324694 0.05656358640427297 172
1694445324995 0.016557330665869244 173
1694445325328 0.07081713395816222 174
1694445325603 0.4996096111343745 175
1694445325891 0.008848492840734194 176
1694445326156 0.12829642573970362 177
1694445326417 0.044880528473056076 178
1694445326674 0.29392441961675303 179
1694445326934 0.28071761909774645 180
1694445327185 0.08365889081992833 181
1694445327451 0.000282666996987769 182
1694445327690 0.023600840270718657 183
1694445327940 0.19196588765428307 184
1694445328186 0.011846194819202027 185
1694445328456 0.014607902106954956 186
1694445328715 0.05776539623459455 187
1694445328959 0.034390857542416 188
1694445329220 0.06120257360148078 189
1694445329499 0.024875458362139075 190
1694445329734 0.00679650869021279 191
1694445329968 0.18128856561468512 192
1694445330197 0.01796970315335921 193
1694445330442 0.3963721043748619 194
1694445330674 0.03663142002274683 195
1694445330914 0.002946570002056759 196
1694445331134 7.037605552378907e-06 197
1694445331359 0.1321963280186296 198
1694445331597 0.02590863840759988 199
1694445331826 0.006841073321335882 200
1694445332071 0.20504172822140276 201
1694445332310 0.007167966567080599 202
1694445332568 0.20294417332243148 203
1694445332841 0.7365988100176658 204
1694445333185 0.004379134414168039 205
1694445333488 0.6238552003143149 206
1694445333741 0.09132902957507023 207
1694445333989 0.1488741179427089 208
1694445334221 0.027527012827968548 209
1694445334474 0.018978565762071607 210
1694445334732 0.003407748710233647 211
1694445334998 0.049660712442061404 212
1694445335273 0.4272746538052626 213
1694445335543 0.0011967210463368844 214
1694445335786 0.005183689314622311 215
1694445336021 0.02454402962868888 216
1694445336246 0.0035175026969913466 217
1694445336483 0.004853958032718596 218
1694445336743 0.00020878444327021955 219
1694445336973 0.18191774061951932 220
1694445337201 0.17918774981809435 221
1694445337442 0.0338312936166737 222
1694445337671 0.03437154487473953 223
1694445337914 0.0007312936938189303 224
1694445338168 0.014818507969751288 225
1694445338428 0.09607177764100207 226
1694445338677 0.01375974329603937 227
1694445338927 0.24556280686955 228
1694445339174 0.00017209600982681615 229
1694445339443 0.09441609194333381 230
1694445339715 0.0503837764127577 231
1694445339959 0.02661860901052227 232
1694445340189 0.0013193131050779278 233
1694445340447 0.0020781846628243022 234
1694445340695 0.21420919107825495 235
1694445340919 0.16988594576539506 236
1694445341214 0.0024739714801488575 237
1694445341490 0.05989939136078227 238
1694445341773 0.00711403826939591 239
1694445342026 0.07764517209524735 240
1694445342289 0.041468038254545966 241
1694445342548 0.020435164675976978 242
1694445342820 0.049207090768803446 243
1694445343093 0.028157708152458348 244
1694445343356 0.011099348640565962 245
1694445343621 0.0016722589456412552 246
1694445343884 0.25852054125695895 247
1694445344143 0.038567356777488744 248
1694445344426 0.0897107280847208 249
1694445344707 0.18688110398571467 250
1694445344971 0.10488767444624836 251
1694445345232 0.0006189648820256192 252
1694445345517 0.032422958454099586 253
1694445345803 0.016022672548319353 254
1694445346068 0.03886853509456978 255
1694445346313 0.10628328924288417 256
1694445346579 0.1312824253791319 257
1694445346836 0.030530701338405304 258
1694445347077 0.09214964060659421 259
1694445347378 0.10738528177167127 260
1694445347650 0.5814991805347467 261
1694445347924 0.07153791125788418 262
1694445348172 0.5916534373595411 263
1694445348445 0.02886694640513574 264
1694445348695 0.044331786360112896 265
1694445348947 0.025633844936582544 266
1694445349199 0.042966507849814733 267
1694445349458 0.014849130975828188 268
1694445349724 0.04371864676133367 269
1694445349976 0.043762093897201086 270
1694445350245 0.14898641607308774 271
1694445350499 0.015881356411489026 272
1694445350724 0.0015690465757195117 273
1694445350963 0.06997012647201441 274
1694445351204 0.3805972056150754 275
1694445351445 0.009853205453512214 276
1694445351694 0.3263988029312009 277
1694445351926 0.27550996419459245 278
1694445352180 0.0679812143472165 279
1694445352450 0.009499795268520338 280
1694445352717 0.009195007403412789 281
1694445352991 0.001286995274477389 282
1694445353263 0.1639282649859648 283
1694445353528 0.0005582006814487661 284
1694445353760 0.17225764187316714 285
1694445353910 0.049979432205042924 286
1694445354299 0.24585827826207807 287
1694445354567 0.12335779268269564 288
1694445354850 0.9137611793480123 289
1694445355129 0.00654515304870505 290
1694445355382 0.07668122401313325 291
1694445355629 0.2966925609411633 292
1694445355883 0.0006188056844850983 293
1694445356152 0.00031713456021431667 294
1694445356407 0.01066034688322367 295
1694445356669 0.039410797918203684 296
1694445356916 0.1880723077795518 297
1694445357158 0.004725108166700118 298
1694445357444 0.04610266355886878 299
1694445357694 0.02706164981276801 300
1694445357943 0.0939245826991076 301
1694445358207 0.252179377752754 302
1694445358473 0.03138309157080788 303
1694445358728 0.6651972414059208 304
1694445358985 0.0657470359183497 305
1694445359234 0.05993851266264935 306
1694445359490 0.0036909667046194773 307
1694445359783 0.009690204056460754 308
1694445360048 0.00027185884697305304 309
1694445360291 0.0009570310326138405 310
1694445360522 0.021837476939426875 311
1694445360774 0.004713042651315652 312
1694445361021 0.03031873415274334 313
1694445361301 0.7093995426703933 314
1694445361575 0.0019260566851266841 315
1694445361823 0.3220163085489893 316
1694445362064 0.2561537715153978 317
1694445362306 0.006725209683505289 318
1694445362582 0.02146504423952575 319
1694445362868 0.02944655843708304 320
1694445363138 0.10908569031870469 321
1694445363390 0.027036571759549443 322
1694445363653 0.21273586569789413 323
1694445363906 0.05474647907625625 324
1694445364157 0.017157123123901732 325
1694445364408 0.056951102610576156 326
1694445364655 0.056312244746690596 327
1694445364922 0.10371328121683306 328
1694445365188 0.023894604273330743 329
1694445365477 0.0008188237106290313 330
1694445365711 0.46241437715489897 331
1694445365987 0.35172754630792225 332
1694445366261 0.00016005720019291678 333
1694445366513 0.21566623886703049 334
1694445366770 0.025122317377239373 335
1694445367036 0.7553551739529408 336
1694445367290 0.003552788184383437 337
1694445367534 0.01212641705829428 338
1694445367785 0.05789907707509215 339
1694445368027 0.2636993962690609 340
1694445368288 0.03841471981954625 341
1694445368537 0.006634013208080212 342
1694445368808 0.00030899619505514014 343
1694445369092 0.0021770364079766896 344
1694445369357 0.015528998978875715 345
1694445369621 0.031991167317360424 346
1694445369903 0.3211328308935798 347
1694445370176 0.04647851724961837 348
1694445370436 0.0921860606893678 349
1694445370691 0.03613882715581189 350
1694445370937 0.05168820816986547 351
1694445371193 0.049413573931179865 352
1694445371462 0.023443778230893136 353
1694445371699 4.974563849409579e-05 354
1694445371911 0.019374502480918522 355
1694445372190 0.08158340321925496 356
1694445372464 0.1193502149894349 357
1694445372712 0.4733004688121728 358
1694445372982 1.1293306207198095 359
1694445373260 0.28319312629423826 360
1694445373519 0.051976614246512745 361
1694445373755 0.08766556812800178 362
1694445374005 0.08816255256186976 363
1694445374299 0.0011152945138531733 364
1694445374613 0.0021552351000192903 365
1694445374865 0.023565704735010806 366
1694445375113 0.03338480865896106 367
1694445375369 0.034644682366771685 368
1694445375648 0.003459120353395467 369
1694445375913 0.055372165057747266 370
1694445376175 0.11414573383544149 371
1694445376437 0.07579682875873207 372
1694445376698 0.12147156346001346 373
1694445376969 0.13668150532719803 374
1694445377246 0.0004488594022918991 375
1694445377529 0.04409235537279246 376
1694445377793 0.056164397750072974 377
1694445378058 0.017538323293105212 378
1694445378321 0.003323270145259479 379
1694445378578 0.050728183998067035 380
1694445378842 0.036549974099562725 381
1694445379100 0.21476976051018368 382
1694445379339 0.08874305554467934 383
1694445379590 0.0015021307854428618 384
1694445379854 0.0011221857056298243 385
1694445380131 0.0012191904512429273 386
1694445380397 0.1446511575160962 387
1694445380642 0.0616068626308956 388
1694445380902 0.06301700077242904 389
1694445381164 0.3142173652037738 390
1694445381461 0.01048598433851951 391
1694445381820 0.22534015037402244 392
1694445382081 0.3550208705685115 393
1694445382356 0.1064086817507148 394
1694445382626 0.14595882570630603 395
1694445382880 0.005632384529473505 396
1694445383137 0.01653404872441607 397
1694445383395 0.07209244162045661 398
1694445383648 0.004964717606772727 399
1694445383911 1.3321524592315546e-06 400
1694445384170 0.005203537834340134 401
1694445384424 0.18242581895107202 402
1694445384677 0.2354085093266096 403
1694445384930 0.17767376608954702 404
1694445385201 0.16389511532181927 405
1694445385455 0.08111055989263417 406
1694445385709 0.06390849522910934 407
1694445385979 0.027610313539059045 408
1694445386236 0.0019747903551414377 409
1694445386509 0.05265876886776082 410
1694445386773 0.17294350437518038 411
1694445387054 0.028591876422594587 412
1694445387334 0.007582470166799409 413
1694445387608 0.04628871168743068 414
1694445387854 0.0014969947768340424 415
1694445388125 0.08338440369458983 416
1694445388377 0.014048564572296389 417
1694445388639 0.062043485285219586 418
1694445388904 0.17515853884490773 419
1694445389154 0.006003208719696799 420
1694445389416 0.11235980843989726 421
1694445389671 0.5984118985914709 422
1694445389970 0.32646228039309283 423
1694445390247 0.021162556867729432 424
1694445390485 0.013057563273753877 425
1694445390746 0.08880401415068699 426
1694445391037 0.021515694695694036 427
1694445391294 0.0622665195848187 428
1694445391592 0.29810636224148285 429
1694445391858 0.008073983213079106 430
1694445392134 0.000800010120369639 431
1694445392420 0.0024309207115852122 432
1694445392699 0.04478230620333798 433
1694445392990 0.025046394430081807 434
1694445393283 0.009944604164416806 435
1694445393557 0.02781065804816787 436
1694445393814 0.05095653113599387 437
1694445394049 0.12101335469819184 438
1694445394312 0.0018319702521235755 439
1694445394597 0.002526608215433622 440
1694445394865 0.1149856069482961 441
1694445395123 0.6814194458694958 442
1694445395393 0.014039535371295334 443
1694445395730 0.12461533787919864 444
1694445395996 0.06745637339656668 445
1694445396260 0.18574304619961426 446
1694445396515 0.11616620074157663 447
1694445396783 1.0451184051769378e-05 448
1694445397049 0.773062192632082 449
1694445397305 0.025134455450206823 450
1694445397561 0.17502003877022418 451
1694445397816 0.003893980802424964 452
1694445398094 0.16075552030317514 453
1694445398378 0.037852988492942274 454
1694445398621 0.005805404759760263 455
1694445398867 0.08617034669021785 456
1694445399119 1.0923441814860673 457
1694445399355 0.05839483627884355 458
1694445399591 0.003051890743923258 459
1694445399841 0.0082536373099471 460
1694445400078 0.045271859504493604 461
1694445400318 0.07221561530431633 462
1694445400560 0.22185874397032684 463
1694445400778 1.8990673454505073e-05 464
1694445401014 0.37341264098775545 465
1694445401247 0.007775853455500172 466
1694445401483 0.14182500833424594 467
1694445401725 2.783918773812528e-05 468
1694445401990 0.13400015991910588 469
1694445402235 0.2983115823173127 470
1694445402509 2.499268129725989 471
