1694439003149 163.94147741413224 0
1694439003179 163.49173444593876 1
1694439003210 161.73284335106177 2
1694439003239 162.776486350571 3
1694439003271 163.26494999740711 4
1694439003299 162.75849305578393 5
1694439003332 163.72225884929023 6
1694439003374 162.76365755263112 7
1694439003420 163.35544221145426 8
1694439003460 160.71802818396506 9
1694439003493 162.46643296173613 10
1694439003527 159.4151752456883 11
1694439003557 161.11381312347547 12
1694439003588 159.6321706031654 13
1694439003619 161.0914918175305 14
1694439003648 162.56128492773956 15
1694439003677 160.71158554672556 16
1694439003707 162.81184948704103 17
1694439003738 162.68904945447164 18
1694439003768 160.07967218325422 19
1694439003798 161.3230660833571 20
1694439003829 160.81221848457014 21
1694439003861 159.88612595961993 22
1694439003894 161.86098642955898 23
1694439003931 161.13038740996197 24
1694439003965 159.02284593978084 25
1694439003997 158.32811065828892 26
1694439004036 160.29690159876645 27
1694439004069 158.36304986604452 28
1694439004101 158.33035530583328 29
1694439004136 159.68601894091415 30
1694439004172 159.0606097809473 31
1694439004201 159.98866616043065 32
1694439004239 158.141783327016 33
1694439004271 158.76727031193258 34
1694439004304 158.2101504849359 35
1694439004345 159.0345146795178 36
1694439004397 158.73885482670337 37
1694439004435 155.56944360296296 38
1694439004474 157.1527330699305 39
1694439004513 160.8383928918536 40
1694439004552 156.0550246017287 41
1694439004590 156.6164132565052 42
1694439004626 157.6718265236777 43
1694439004666 157.99431420028546 44
1694439004707 156.44903564852513 45
1694439004738 156.00516698591818 46
1694439004770 157.522801625221 47
1694439004799 156.58515632765858 48
1694439004830 156.99690151599893 49
1694439004860 156.95739574515574 50
1694439004890 157.15601619995672 51
1694439004920 156.62485863881855 52
1694439004949 156.9840419925273 53
1694439004980 156.13632900464404 54
1694439005010 156.19893144762824 55
1694439005038 155.80059253432012 56
1694439005069 158.0459922637897 57
1694439005098 153.57191415391551 58
1694439005128 154.3514964773718 59
1694439005158 155.14000843798922 60
1694439005188 156.93066488069425 61
1694439005218 156.06582581283254 62
1694439005248 152.13610006619362 63
1694439005279 155.48794665251583 64
1694439005310 154.24121095916655 65
1694439005339 155.17945699713923 66
1694439005372 155.27125454209892 67
1694439005400 155.14201433367424 68
1694439005434 154.39893118676235 69
1694439005471 154.3820568535763 70
1694439005503 151.52395980827907 71
1694439005533 154.5350483797129 72
1694439005562 154.9512870857705 73
1694439005593 153.8548053561006 74
1694439005624 156.10688044288548 75
1694439005653 153.9155597640505 76
1694439005682 153.58436394743092 77
1694439005712 151.10364834798546 78
1694439005745 153.853273363789 79
1694439005775 152.09772106912706 80
1694439005803 153.08663815198017 81
1694439005832 155.12240007387382 82
1694439005863 154.43697551766394 83
1694439005893 150.71535781426687 84
1694439005922 151.77191005528337 85
1694439005952 153.93832242278577 86
1694439005981 152.04136426754846 87
1694439006016 154.1202292148643 88
1694439006048 148.7659364755041 89
1694439006079 149.95034229731849 90
1694439006110 150.9295708450897 91
1694439006142 151.3471786722383 92
1694439006172 152.62809629010926 93
1694439006206 151.8511379689304 94
1694439006240 150.83371488597146 95
1694439006276 151.65042623216817 96
1694439006307 150.66828652663833 97
1694439006338 148.90475415664437 98
1694439006374 151.75975754808772 99
1694439006407 149.71263695476134 100
1694439006438 149.21192048229204 101
1694439006470 150.12082939177648 102
1694439006501 150.72021732880864 103
1694439006533 148.89880956621906 104
1694439006567 150.3348593836699 105
1694439006598 150.801646984864 106
1694439006629 150.03619209977538 107
1694439006660 150.64113299571903 108
1694439006690 149.76142235586252 109
1694439006718 152.0428335759222 110
1694439006748 150.9468690667675 111
1694439006780 149.28914084923846 112
1694439006810 148.3672540238912 113
1694439006840 151.21818290023495 114
1694439006872 149.36214157408975 115
1694439006902 147.11876188204266 116
1694439006931 147.12896146748923 117
1694439006962 148.00050268861432 118
1694439006993 148.2529123072809 119
1694439007025 150.27800602936833 120
1694439007056 147.32179644109692 121
1694439007086 146.26823328042184 122
1694439007115 147.76008743964084 123
1694439007146 147.13538573562758 124
1694439007176 148.20101035291657 125
1694439007207 147.81316535445598 126
1694439007239 147.13873893300212 127
1694439007269 147.01967649838278 128
1694439007297 145.56372721701223 129
1694439007329 146.90427529086438 130
1694439007359 146.8950391750585 131
1694439007389 145.68020749929505 132
1694439007419 146.50816719180045 133
1694439007447 146.30448375235767 134
1694439007479 147.03449848857295 135
1694439007508 146.85726569403587 136
1694439007538 144.79013461730545 137
1694439007566 147.34318477321477 138
1694439007597 146.2959839331996 139
1694439007626 146.49999757840393 140
1694439007656 147.12459021013623 141
1694439007687 146.1599341778534 142
1694439007715 145.72220841020388 143
1694439007748 145.77791355067356 144
1694439007781 145.33629986861175 145
1694439007810 146.73168750955494 146
1694439007839 145.707705869313 147
1694439007871 144.2952377631562 148
1694439007901 144.04772474361246 149
1694439007932 146.2318872356823 150
1694439007962 143.96222804477546 151
1694439007992 146.13921768014535 152
1694439008024 144.62313027821858 153
1694439008055 144.0632643124918 154
1694439008084 144.29365505451838 155
1694439008113 143.3474302496367 156
1694439008145 143.41683465111603 157
1694439008178 144.63410772209622 158
1694439008206 143.28040719765113 159
1694439008238 143.40795484935668 160
1694439008270 141.86989476037883 161
1694439008301 145.52764391893112 162
1694439008330 144.87917254858763 163
1694439008360 143.85115344887896 164
1694439008393 144.32502249650727 165
1694439008421 141.74260431213295 166
1694439008450 143.7831304420545 167
1694439008479 142.2183319078548 168
1694439008509 143.66719418080643 169
1694439008538 143.37164317447002 170
1694439008569 142.94205178216004 171
1694439008599 142.26730956629657 172
1694439008629 143.7923736641806 173
1694439008659 142.2971919558698 174
1694439008691 141.92872554160903 175
1694439008721 142.3504839330623 176
1694439008755 143.17641759885137 177
1694439008783 141.5319333982367 178
1694439008812 141.3487081770281 179
1694439008842 142.95305288888292 180
1694439008872 141.39239392469148 181
1694439008903 140.25154243549184 182
1694439008933 140.97604128020555 183
1694439008962 141.05263663830266 184
1694439008993 141.02912750138307 185
1694439009025 141.02330155198013 186
1694439009055 141.56389300588216 187
1694439009083 140.482973153742 188
1694439009112 139.2604507502594 189
1694439009143 142.01966779570444 190
1694439009172 140.035638208673 191
1694439009202 139.3018591399558 192
1694439009234 139.54036609805675 193
1694439009266 139.66986878204594 194
1694439009297 138.4767769800979 195
1694439009328 140.02063401082353 196
1694439009359 138.3486484638772 197
1694439009390 139.02765030058916 198
1694439009421 139.3431843536902 199
1694439009451 139.04456401661142 200
1694439009480 140.45070898990886 201
1694439009510 140.82784613479507 202
1694439009540 139.0126161297983 203
1694439009570 139.9997811443405 204
1694439009599 138.50421644571838 205
1694439009629 138.12554030536913 206
1694439009660 138.2647346680404 207
1694439009691 136.74711415432336 208
1694439009720 137.42794371587593 209
1694439009751 137.24374745183596 210
1694439009781 138.9175400181241 211
1694439009812 136.7618410834217 212
1694439009842 138.33631150443887 213
1694439009871 137.46602414514328 214
1694439009904 138.26466017014238 215
1694439009934 137.5275699695399 216
1694439009973 136.65045192403994 217
1694439010005 137.60652484028446 218
1694439010034 137.9888733431253 219
1694439010064 137.47394788474685 220
1694439010095 137.87343892383103 221
1694439010126 136.40559998069256 222
1694439010158 137.85150836070707 223
1694439010187 136.88242587687287 224
1694439010218 137.2059578576167 225
1694439010247 137.5357776090098 226
1694439010280 135.21618547860857 227
1694439010309 136.76134109238765 228
1694439010338 134.48241127281437 229
1694439010370 137.03946766229083 230
1694439010400 137.3203446346012 231
1694439010430 135.073922665401 232
1694439010460 135.95571129801837 233
1694439010490 135.49862143544215 234
1694439010520 134.91502686750397 235
1694439010549 134.94023427033554 236
1694439010580 133.682844304922 237
1694439010609 135.42880304388112 238
1694439010639 134.38448915265334 239
1694439010670 134.1925018490716 240
1694439010699 135.6441030735324 241
1694439010729 135.7660176726853 242
1694439010759 133.46984308453025 243
1694439010788 134.00898654114428 244
1694439010818 132.9580300176533 245
1694439010847 133.32583541258862 246
1694439010878 133.1498179928455 247
1694439010908 132.63997024259533 248
1694439010938 132.87612832551005 249
1694439010967 132.7463837660783 250
1694439010997 133.56903107671175 251
1694439011028 134.21086542336707 252
1694439011058 132.51266609483875 253
1694439011087 132.88620634537108 254
1694439011117 133.70951245106718 255
1694439011147 133.57903662405067 256
1694439011177 132.3373019737443 257
1694439011207 133.71594689612388 258
1694439011238 133.6968438583652 259
1694439011269 133.97979574929752 260
1694439011299 131.79896589071143 261
1694439011329 133.23661313673043 262
1694439011359 133.047452920843 263
1694439011390 130.85155775060136 264
1694439011420 134.66123316312675 265
1694439011450 131.95053550409642 266
1694439011479 131.65204484340128 267
1694439011510 131.36036523761402 268
1694439011541 133.38725025259328 269
1694439011573 131.95190811908304 270
1694439011603 130.62943637000538 271
1694439011631 131.28537661395185 272
1694439011667 130.8171845531034 273
1694439011698 130.5056038661407 274
1694439011725 131.6222514664041 275
1694439011758 130.39584240017112 276
1694439011788 130.23817117810677 277
1694439011816 130.7464317677432 278
1694439011846 130.79510704424442 279
1694439011876 131.76595439352712 280
1694439011906 130.03882104066102 281
1694439011934 130.24353656305618 282
1694439011963 130.33313329731857 283
1694439011993 130.2675547479035 284
1694439012025 131.3783455037793 285
1694439012052 131.07978624928705 286
1694439012082 129.3390031793286 287
1694439012112 128.9555658017461 288
1694439012141 131.8901250412552 289
1694439012171 130.05267646988742 290
1694439012201 129.08434127649028 291
1694439012232 129.2041708560816 292
1694439012262 128.70122965111022 293
1694439012291 129.7377496505919 294
1694439012321 129.34801607503104 295
1694439012349 130.2508807326194 296
1694439012380 129.59568142440781 297
1694439012410 128.2029517412154 298
1694439012440 128.40465670739155 299
1694439012471 128.16064982814999 300
1694439012500 129.63319300204984 301
1694439012531 127.13445831566794 302
1694439012563 128.17803669013378 303
1694439012593 127.95889694366988 304
1694439012622 129.5956232966826 305
1694439012655 128.1492198193076 306
1694439012687 128.4221689710534 307
1694439012717 128.62886531377302 308
1694439012746 128.17924810902196 309
1694439012775 126.92927783112309 310
1694439012805 127.31808426300084 311
1694439012835 128.13212214497335 312
1694439012863 125.74184765059589 313
1694439012893 127.33829808224834 314
1694439012924 125.36223098253807 315
1694439012955 127.05158157285338 316
1694439012985 126.50006505359232 317
1694439013017 125.24895919393052 318
1694439013046 126.02568118467337 319
1694439013076 125.70049844866439 320
1694439013107 126.45320074563543 321
1694439013137 126.86465178185819 322
1694439013168 125.25790003447744 323
1694439013198 125.10940597575977 324
1694439013229 124.25592782392114 325
1694439013259 126.42987139268227 326
1694439013289 125.84156867728281 327
1694439013319 125.86300092217097 328
1694439013347 125.85613445189291 329
1694439013379 124.39673387376847 330
1694439013411 126.00486697068091 331
1694439013440 125.34112393278056 332
1694439013469 125.56257555887231 333
1694439013499 124.9218608932581 334
1694439013530 125.96527149116862 335
1694439013563 124.58229250592045 336
1694439013601 124.98618885181415 337
1694439013632 123.47205768433969 338
1694439013662 124.21975394823913 339
1694439013691 125.62019536786104 340
1694439013722 126.27624002273123 341
1694439013750 124.04722996822866 342
1694439013781 124.75792961081783 343
1694439013810 124.59723893311309 344
1694439013841 122.29692449001651 345
1694439013870 125.20359286205907 346
1694439013899 124.53804751675038 347
1694439013929 124.39686035293938 348
1694439013960 123.73290673804901 349
1694439013991 123.41320689051196 350
1694439014022 123.6839958066626 351
1694439014050 123.18285462960067 352
1694439014082 122.86852374825585 353
1694439014111 124.37131907969015 354
1694439014141 123.07896762043437 355
1694439014171 121.31669062867903 356
1694439014200 122.98662949868914 357
1694439014232 122.17861523950765 358
1694439014263 122.4389789655843 359
1694439014293 123.51590759609263 360
1694439014323 123.58736331459872 361
1694439014351 120.76143404876288 362
1694439014383 123.08784883066973 363
1694439014414 121.99252276728743 364
1694439014444 121.03533700200813 365
1694439014474 121.83115317591849 366
1694439014503 122.58359777007621 367
1694439014533 122.76792521892736 368
1694439014564 121.24973624410475 369
1694439014595 120.66898561956859 370
1694439014625 119.92225559304421 371
1694439014655 121.48915934687456 372
1694439014686 120.82637280078046 373
1694439014716 120.98813601468525 374
1694439014747 121.66755352078702 375
1694439014777 121.47165532510499 376
1694439014806 122.08909771020433 377
1694439014835 120.30840832171404 378
1694439014864 120.73034461977194 379
1694439014895 119.00041113013263 380
1694439014925 120.11078282146184 381
1694439014955 120.44390014957762 382
1694439014984 120.66560351667384 383
1694439015014 122.08983855088107 384
1694439015044 119.67624804193079 385
1694439015072 120.9110839861415 386
1694439015102 121.83881236467823 387
1694439015133 120.59990995059935 388
1694439015163 119.69182069532756 389
1694439015195 119.59083752131343 390
1694439015225 119.69959591841611 391
1694439015255 118.88449825598848 392
1694439015285 118.54373033019729 393
1694439015314 118.8140855554442 394
1694439015343 119.28791320909511 395
1694439015373 118.28632486560224 396
1694439015402 117.83941280119562 397
1694439015430 120.56018592359914 398
1694439015461 119.00465594308935 399
1694439015491 119.2449334045169 400
1694439015520 119.27033286223588 401
1694439015548 118.25308214925641 402
1694439015579 117.86945618658304 403
1694439015607 119.48925949872331 404
1694439015634 118.98960107816704 405
1694439015662 117.35378667968565 406
1694439015692 118.06859551934092 407
1694439015718 117.90556736571578 408
1694439015749 117.26672487451943 409
1694439015779 116.89687396521792 410
1694439015810 118.48112667715893 411
1694439015839 116.88232764317961 412
1694439015868 117.29377479542734 413
1694439015899 116.94023673464777 414
1694439015928 116.95849474118417 415
1694439015960 116.96644420814182 416
1694439015993 117.64173986355377 417
1694439016029 118.22917345790849 418
1694439016066 117.17736393275807 419
1694439016098 115.16332802918404 420
1694439016126 117.08849080316826 421
1694439016158 116.96519546825029 422
1694439016188 116.26813178252212 423
1694439016219 116.08199463842286 424
1694439016250 116.06276940776912 425
1694439016280 117.22098543537865 426
1694439016309 116.53827773592214 427
1694439016340 117.05676647993498 428
1694439016371 116.07691186917435 429
1694439016399 115.04420664762861 430
1694439016428 115.5304781543951 431
1694439016457 115.78674920623591 432
1694439016487 115.88124145048715 433
1694439016515 115.90724792810768 434
1694439016545 115.57410309650008 435
1694439016575 115.69627021681049 436
1694439016604 114.78236708814504 437
1694439016633 114.80810744830704 438
1694439016663 116.40481693119114 439
1694439016693 114.4138258769683 440
1694439016721 114.27411196370315 441
1694439016752 114.29827336366387 442
1694439016780 114.65214549141362 443
1694439016809 113.62923660434177 444
1694439016840 115.48477130846976 445
1694439016872 114.89791923688188 446
1694439016901 114.7288552798947 447
1694439016930 113.17811967324522 448
1694439016962 115.03054459584685 449
1694439016991 113.6688129888983 450
1694439017020 112.70510557669121 451
1694439017050 113.38196427940149 452
1694439017083 113.03661937901688 453
1694439017112 114.11157588425425 454
1694439017142 114.01474683058377 455
1694439017171 112.9261463378562 456
1694439017199 114.40371186953746 457
1694439017228 113.71581242403379 458
1694439017259 111.89928904185173 459
1694439017287 113.84163091234164 460
1694439017315 112.21894800725592 461
1694439017346 112.69453101685481 462
1694439017376 112.59647604422051 463
1694439017405 112.31283014299798 464
1694439017434 112.22195167941167 465
1694439017464 112.95131398545118 466
1694439017494 111.94284202056117 467
1694439017521 112.71134504278514 468
1694439017551 111.69658045434552 469
1694439017581 111.84127286706006 470
1694439017609 111.90814149379361 471
1694439017639 112.47785095325256 472
1694439017670 111.25973191519851 473
1694439017700 112.63212549523278 474
1694439017729 110.9356703405862 475
1694439017759 110.49790045969313 476
1694439017789 112.2152863989567 477
1694439017817 111.05450996115565 478
1694439017847 111.04301629395307 479
1694439017875 111.12180267636562 480
1694439017905 111.90842296291267 481
1694439017934 110.2193437112844 482
1694439017964 112.11748433608638 483
1694439017994 112.143699824 484
1694439018024 111.09291675111314 485
1694439018054 111.3925962339417 486
1694439018083 110.4323556453993 487
1694439018113 110.30169990329448 488
1694439018142 110.4354184888809 489
1694439018172 110.96034567206915 490
1694439018201 110.83637053190618 491
1694439018229 109.75951953962907 492
1694439018259 110.82845364237218 493
1694439018289 110.25143335073331 494
1694439018319 109.95801932877593 495
1694439018348 109.92969745693688 496
1694439018379 110.19613610855866 497
1694439018408 110.46329968847236 498
1694439018436 110.15323989564475 499
