1694444367403 156.4354876356338 0
1694444367436 158.4123953769789 1
1694444367467 154.72347342774793 2
1694444367499 156.2038906456135 3
1694444367532 156.25730175584323 4
1694444367565 156.69857551469798 5
1694444367598 155.8365411999721 6
1694444367635 154.32442672007167 7
1694444367671 156.43556728690245 8
1694444367707 155.7907129494716 9
1694444367743 156.2447561416566 10
1694444367777 155.88508270569855 11
1694444367809 155.2460684265475 12
1694444367840 154.61043873886027 13
1694444367871 156.91705271822005 14
1694444367904 154.99791382325722 15
1694444367934 155.77489695629257 16
1694444367967 152.76651641321666 17
1694444367998 153.03933502665026 18
1694444368030 154.63614864902317 19
1694444368062 153.0740355404358 20
1694444368094 154.80935469621085 21
1694444368125 154.81016758603505 22
1694444368159 154.94776048913798 23
1694444368193 153.11963046758788 24
1694444368223 153.952719256559 25
1694444368256 155.7249162272543 26
1694444368288 154.20038829296308 27
1694444368317 154.70431374413866 28
1694444368350 153.68322458265467 29
1694444368381 152.2171832663857 30
1694444368413 152.01236210384172 31
1694444368447 155.47306433242025 32
1694444368479 153.8097494186855 33
1694444368508 152.9745633603558 34
1694444368540 151.46411969313715 35
1694444368572 152.6117631939646 36
1694444368607 152.68746350117001 37
1694444368640 151.7162785341758 38
1694444368672 152.98662011489228 39
1694444368722 153.69194340253947 40
1694444368755 153.11735025679482 41
1694444368786 152.37452623093534 42
1694444368818 151.77730019477713 43
1694444368851 152.50485475114374 44
1694444368881 152.63615288438447 45
1694444368913 150.88283513944475 46
1694444368943 150.8614412455886 47
1694444368973 151.68499271096186 48
1694444369006 150.8813021413775 49
1694444369037 152.96393874826515 50
1694444369073 150.13945124412479 51
1694444369111 151.4928184848004 52
1694444369148 150.72665979235103 53
1694444369185 150.75417018387574 54
1694444369219 150.2589528801281 55
1694444369253 150.43571937399875 56
1694444369284 149.9056852594441 57
1694444369315 148.9686038480528 58
1694444369347 147.86888532296183 59
1694444369380 150.58911781654461 60
1694444369412 148.64119010305222 61
1694444369444 149.20923967125592 62
1694444369475 150.20182760091103 63
1694444369505 149.03645472801847 64
1694444369535 149.92898180649303 65
1694444369567 148.06188063746214 66
1694444369599 147.95886100442513 67
1694444369631 148.19907508114656 68
1694444369664 147.5950040958582 69
1694444369695 149.45822447697915 70
1694444369727 148.51267145508297 71
1694444369761 148.55410143680456 72
1694444369794 146.95377251257085 73
1694444369824 148.0375982613446 74
1694444369858 147.74732211008254 75
1694444369891 148.3860476246777 76
1694444369923 148.33204927427093 77
1694444369955 147.9502352967127 78
1694444369987 148.64615785349557 79
1694444370018 148.01147893737107 80
1694444370051 146.540451746372 81
1694444370084 146.53999588492533 82
1694444370114 148.35674895374558 83
1694444370145 147.2506358848709 84
1694444370178 148.50989127117987 85
1694444370211 145.4789952236793 86
1694444370241 145.42291913153193 87
1694444370275 146.14659157482515 88
1694444370306 145.46859068313512 89
1694444370336 146.0682828729815 90
1694444370370 146.05808291418236 91
1694444370401 146.7180417762032 92
1694444370432 145.73545855399064 93
1694444370463 145.98753174772338 94
1694444370495 146.02955381540056 95
1694444370526 146.4115106187442 96
1694444370558 145.0829496582919 97
1694444370590 146.54966653987114 98
1694444370622 143.38819941042638 99
1694444370655 145.26874780095594 100
1694444370688 145.04899968613847 101
1694444370721 144.9507795245825 102
1694444370751 144.18212153664388 103
1694444370786 144.78370402921192 104
1694444370817 145.61200437491004 105
1694444370847 143.17179292778377 106
1694444370880 145.3292158361166 107
1694444370909 143.90909497149815 108
1694444370940 144.23052207375304 109
1694444370974 144.47550282724626 110
1694444371007 143.40947030777764 111
1694444371041 143.0850820700189 112
1694444371074 144.9986140905832 113
1694444371106 143.19128826761195 114
1694444371138 143.51093238202398 115
1694444371172 143.57765378565205 116
1694444371204 141.921082104947 117
1694444371236 142.69428363372455 118
1694444371268 141.96689808533614 119
1694444371299 142.22014486991247 120
1694444371331 142.65325402564676 121
1694444371363 142.8734514088224 122
1694444371395 142.33106632971658 123
1694444371426 141.22617398067118 124
1694444371457 142.191196328501 125
1694444371490 142.20082980946754 126
1694444371521 141.5386882405791 127
1694444371552 142.6674908076385 128
1694444371584 140.7949267878957 129
1694444371614 141.4951593987003 130
1694444371644 140.39206153536924 131
1694444371677 141.51014095924057 132
1694444371708 142.63371008611165 133
1694444371738 139.7630268142129 134
1694444371772 142.26185281524042 135
1694444371803 140.8320590647468 136
1694444371836 142.6325408807342 137
1694444371869 141.7257644907385 138
1694444371901 139.2540276925287 139
1694444371931 139.07078251501994 140
1694444371963 139.92029474828993 141
1694444371994 140.02780619860917 142
1694444372026 139.6515724715757 143
1694444372056 141.09936329212465 144
1694444372091 140.7744720735194 145
1694444372123 141.0063760698908 146
1694444372158 139.47230108906436 147
1694444372192 137.33242425661314 148
1694444372223 139.79633791655831 149
1694444372254 139.85687561260644 150
1694444372286 138.21749597320093 151
1694444372318 139.684992419707 152
1694444372350 139.31558537251078 153
1694444372383 138.98233962305923 154
1694444372414 138.37149257796003 155
1694444372445 138.61449618423882 156
1694444372478 137.41599644603218 157
1694444372510 138.7099045345942 158
1694444372542 137.9401151602797 159
1694444372576 138.26756339997365 160
1694444372609 139.24874657334087 161
1694444372640 138.37648126733885 162
1694444372672 138.84007570697148 163
1694444372703 137.77646492660662 164
1694444372736 137.44153854542122 165
1694444372767 138.55758289326542 166
1694444372800 137.49584151679375 167
1694444372831 138.11652183811103 168
1694444372863 136.8314254992783 169
1694444372897 136.76508540315797 170
1694444372929 137.17035361318898 171
1694444372959 137.52803905598094 172
1694444372991 136.46569410886252 173
1694444373023 137.6179883276329 174
1694444373053 138.20848311065166 175
1694444373085 136.84348796691145 176
1694444373117 137.5086446085251 177
1694444373148 136.03049824391346 178
1694444373180 136.792847646375 179
1694444373212 135.39808436681017 180
1694444373244 136.64669373331532 181
1694444373275 136.3245160521275 182
1694444373306 135.6085974366114 183
1694444373338 136.12954163888818 184
1694444373369 135.29718038705428 185
1694444373401 135.94704144271438 186
1694444373432 134.51251397760532 187
1694444373463 134.4715050107477 188
1694444373494 135.85029505008035 189
1694444373525 135.35070876155143 190
1694444373557 135.3385360578787 191
1694444373591 135.15918925351903 192
1694444373624 135.8563771755161 193
1694444373658 134.90933292890105 194
1694444373695 133.91083081879262 195
1694444373730 135.05455356397843 196
1694444373763 133.41047398295905 197
1694444373802 133.68470088140313 198
1694444373836 136.60545644232644 199
1694444373873 133.8278755473874 200
1694444373907 134.7611938829452 201
1694444373947 132.93883573722385 202
1694444373982 133.41831793961813 203
1694444374015 134.87831237033052 204
1694444374049 133.59439471102164 205
1694444374084 132.1375740297717 206
1694444374118 133.15088267274749 207
1694444374152 133.73964810116843 208
1694444374187 133.15672125958102 209
1694444374223 132.58132611583417 210
1694444374253 133.56742863733965 211
1694444374285 131.33465354450047 212
1694444374317 131.60411074715282 213
1694444374351 132.58322602706767 214
1694444374387 132.06691096462447 215
1694444374421 131.98780158214956 216
1694444374453 132.74844416380438 217
1694444374487 131.7478141052235 218
1694444374520 132.55458468333484 219
1694444374554 132.45934980271414 220
1694444374586 131.26064338939892 221
1694444374619 131.21328022163448 222
1694444374653 130.73430381256352 223
1694444374689 130.40296606711414 224
1694444374720 132.60757591658785 225
1694444374752 131.4022987239625 226
1694444374787 130.59515674824303 227
1694444374820 131.58115480156255 228
1694444374853 130.30540717503828 229
1694444374887 131.9863227827007 230
1694444374926 129.4945159572467 231
1694444374956 130.6327211736353 232
1694444374988 131.17523821517494 233
1694444375023 128.7372278270378 234
1694444375057 130.51141900108888 235
1694444375088 129.92083221591596 236
1694444375119 130.02466249593814 237
1694444375153 129.0380927773189 238
1694444375185 129.09736741141518 239
1694444375218 129.9998648106758 240
1694444375251 130.1726229051894 241
1694444375281 129.2140087971672 242
1694444375315 127.78057677527019 243
1694444375348 129.36635624616514 244
1694444375378 128.62774965578333 245
1694444375413 128.00000041895893 246
1694444375443 129.69952591495507 247
1694444375473 130.1597036050046 248
1694444375505 128.37062291860624 249
1694444375539 127.68509032154742 250
1694444375570 129.2606074457802 251
1694444375601 128.92925723176188 252
1694444375632 128.59326825957487 253
1694444375665 128.6849496916472 254
1694444375697 128.65451376858533 255
1694444375729 127.94040340410469 256
1694444375760 127.116491267702 257
1694444375792 127.60603251728094 258
1694444375825 127.20483286258019 259
1694444375855 128.2865911264478 260
1694444375886 127.88084972646922 261
1694444375917 126.81398350671166 262
1694444375948 127.86686255911037 263
1694444375981 127.94557621241725 264
1694444376014 126.57659945557556 265
1694444376045 127.84858363025232 266
1694444376076 126.85213300521063 267
1694444376107 126.31323343124122 268
1694444376139 127.61291100881672 269
1694444376173 126.33231064063048 270
1694444376208 126.18095608951955 271
1694444376239 126.68164751836773 272
1694444376271 126.1619473111488 273
1694444376302 124.81991958130209 274
1694444376334 126.61776374286218 275
1694444376367 126.88558413571373 276
1694444376397 126.31834911667025 277
1694444376430 125.07652941150921 278
1694444376461 126.5232060425557 279
1694444376491 125.88413889086274 280
1694444376523 125.26532905710228 281
1694444376556 123.87123644532102 282
1694444376586 126.54058341975352 283
1694444376618 125.18701518607749 284
1694444376650 125.21964287694666 285
1694444376682 125.46502815255515 286
1694444376714 124.45801086363237 287
1694444376745 125.45043508425785 288
1694444376777 123.60878113731286 289
1694444376808 124.17364658516355 290
1694444376842 123.82007918086131 291
1694444376872 123.2481456024291 292
1694444376904 124.85567899822013 293
1694444376936 123.6648401140479 294
1694444376967 123.57584185365661 295
1694444376999 123.49608457337989 296
1694444377032 122.80303180749445 297
1694444377065 124.58060359880753 298
1694444377100 123.0575438933787 299
1694444377132 123.19825141011272 300
1694444377165 123.00510956369844 301
1694444377197 123.3150471862106 302
1694444377231 124.30508151532746 303
1694444377263 122.91445171487031 304
1694444377296 123.14479817379767 305
1694444377328 124.09560206866117 306
1694444377362 122.32472443762468 307
1694444377392 123.17008693032426 308
1694444377423 122.01028640191093 309
1694444377455 122.28963062994836 310
1694444377486 121.50452981215011 311
1694444377519 122.43649546785424 312
1694444377550 122.14783466822584 313
1694444377582 122.62786244144189 314
1694444377613 121.57229470748243 315
1694444377645 122.36872050647581 316
1694444377679 122.33244184742706 317
1694444377709 122.09756667978426 318
1694444377745 121.83248487256137 319
1694444377778 121.99748844697984 320
1694444377807 122.45443808832447 321
1694444377840 120.42690028163331 322
1694444377873 121.48392632900669 323
1694444377903 121.81004836172669 324
1694444377937 120.5122867794718 325
1694444377970 121.1517262670007 326
1694444378001 121.48928290368123 327
1694444378035 121.12043935719538 328
1694444378066 121.67573471047228 329
1694444378096 120.1118378574461 330
1694444378130 120.00863967473573 331
1694444378166 120.19058964930007 332
1694444378198 119.7349756332573 333
1694444378233 120.02644984106203 334
1694444378265 121.31904683024185 335
1694444378298 120.54393097229865 336
1694444378330 119.43312416558375 337
1694444378362 119.39555290836586 338
1694444378395 120.15177864589819 339
1694444378427 118.3960168656557 340
1694444378459 120.12375530007216 341
1694444378489 118.86242057595032 342
1694444378520 118.5100416376451 343
1694444378553 118.90605190187425 344
1694444378585 119.85756694842767 345
1694444378617 118.64589041393332 346
1694444378650 119.69885978979032 347
1694444378680 118.33061229297418 348
1694444378711 117.96616628223043 349
1694444378743 118.99275732615939 350
1694444378773 118.58079100023318 351
1694444378806 117.93279786995619 352
1694444378838 119.52431494806777 353
1694444378870 117.99682664785392 354
1694444378903 118.2950376645895 355
1694444378939 118.4618377915416 356
1694444378969 117.70966016777008 357
1694444379001 118.58854376747475 358
1694444379033 119.06699914177936 359
1694444379065 117.3428458533511 360
1694444379096 116.70392378782098 361
1694444379126 116.79563911562211 362
1694444379164 117.72077819032518 363
1694444379202 116.96312780363864 364
1694444379239 117.20365529845931 365
1694444379275 117.52267560018656 366
1694444379309 116.29289577729092 367
1694444379344 117.3326432994355 368
1694444379380 117.60660096642619 369
1694444379413 117.11630177433842 370
1694444379443 117.88169192068345 371
1694444379474 116.81054740340021 372
1694444379504 116.4819453826262 373
1694444379535 116.80264415588798 374
1694444379567 116.45941529442038 375
1694444379598 115.90938791191034 376
1694444379631 115.93927570931567 377
1694444379665 116.72778628315982 378
1694444379696 116.64110863252606 379
1694444379729 115.79127508637616 380
1694444379763 114.47852109701077 381
1694444379794 116.23737597468833 382
1694444379826 114.70190531298898 383
1694444379860 115.36337361817586 384
1694444379890 115.95657663589357 385
1694444379920 114.5550612804903 386
1694444379954 114.61715048658945 387
1694444379985 115.81114445430356 388
1694444380016 114.63665546099884 389
1694444380049 113.60486221399013 390
1694444380079 115.13872501597072 391
1694444380109 114.13733070848004 392
1694444380140 116.15986232959767 393
1694444380173 114.42281050148345 394
1694444380207 114.07342992603914 395
1694444380239 113.52676534854538 396
1694444380271 114.12466495871547 397
1694444380302 114.24083597038515 398
1694444380334 114.73648965126854 399
1694444380367 113.80605346235475 400
1694444380398 114.18669369353212 401
1694444380429 112.9032206432272 402
1694444380460 114.38741594000481 403
1694444380489 113.01679151549378 404
1694444380520 112.5664148123572 405
1694444380554 113.88772310915292 406
1694444380586 113.92715156783675 407
1694444380619 113.71154379248411 408
1694444380651 113.01463238402822 409
1694444380684 113.22453262499545 410
1694444380716 112.5209492418532 411
1694444380748 113.02803108732338 412
1694444380781 112.47811693744181 413
1694444380812 112.0643693095496 414
1694444380846 112.73884466401428 415
1694444380878 113.73098822827868 416
1694444380909 112.46735638542096 417
1694444380943 111.80892579240214 418
1694444380975 113.29180024200872 419
1694444381006 112.08457142403228 420
1694444381037 111.9428828532557 421
1694444381069 111.98768613238943 422
1694444381101 111.3234444063079 423
1694444381135 111.40646578210263 424
1694444381169 112.40298485658107 425
1694444381203 111.92443181602911 426
1694444381236 111.10453215371305 427
1694444381269 111.17494099313174 428
1694444381305 110.92417553971627 429
1694444381342 111.95120038843619 430
1694444381381 110.31217998301858 431
1694444381416 111.31541564344967 432
1694444381452 110.01698539853173 433
1694444381485 111.92689729692474 434
1694444381519 110.30972807758857 435
1694444381555 110.50294490181295 436
1694444381592 110.27832271518731 437
1694444381628 110.34043675324033 438
1694444381665 110.74600328667313 439
1694444381698 109.75934750486863 440
1694444381730 110.09766327898448 441
1694444381763 109.92774327012184 442
1694444381797 110.82007758185668 443
1694444381830 110.01524085685605 444
1694444381863 109.51711439109751 445
1694444381898 109.52414929215342 446
1694444381932 109.91085780135157 447
1694444381968 110.59638890069874 448
1694444382003 109.36770389894052 449
1694444382036 109.24064408001016 450
1694444382072 109.2924132292915 451
1694444382107 108.98859422958523 452
1694444382143 108.33542955865232 453
1694444382180 110.38845480193064 454
1694444382212 108.28729711250058 455
1694444382244 108.4828611236282 456
1694444382275 108.05376676967296 457
1694444382306 108.54901625351722 458
1694444382341 108.4447481854733 459
1694444382374 108.28000229656068 460
1694444382404 108.42318166494657 461
1694444382438 109.28197769694467 462
1694444382467 109.22334954065302 463
1694444382500 107.75284012506964 464
1694444382532 107.81201008795242 465
1694444382565 108.57159948346184 466
1694444382596 109.03790267563816 467
1694444382626 109.16513275386792 468
1694444382663 108.90558762084933 469
1694444382701 107.59760294661456 470
1694444382736 107.8684017245887 471
1694444382768 108.4033111778208 472
1694444382807 107.46256293649297 473
1694444382838 107.42191393664534 474
1694444382870 107.87683067305397 475
1694444382903 107.16122993469665 476
1694444382937 106.26148018216404 477
1694444382975 107.24269422535244 478
1694444383007 106.88381220423398 479
1694444383040 107.01057290902189 480
1694444383075 106.62516439129068 481
1694444383107 106.69361597663398 482
1694444383140 107.88354183893783 483
1694444383176 106.40306293617532 484
1694444383209 105.41192376222878 485
1694444383241 106.51322595010457 486
1694444383274 106.72284939933223 487
1694444383306 105.43675371518609 488
1694444383338 105.97972569883883 489
1694444383372 106.29579361982823 490
1694444383404 105.87439193733655 491
1694444383436 105.51202755963818 492
1694444383467 106.39281218205983 493
1694444383499 106.41883852576065 494
1694444383530 105.54455055112467 495
1694444383563 105.74488533907346 496
1694444383594 104.89240725286992 497
1694444383624 105.10898567588802 498
1694444383658 105.63376458091156 499
