1694436729975 0.0029511433124875808 0
1694436730003 0.003037516478743729 1
1694436730034 0.0029640623633314656 2
1694436730063 0.0030739367288072916 3
1694436730093 0.00315292261842548 4
1694436730121 0.0031225204144047503 5
1694436730156 0.003080158662566168 6
1694436730191 0.002733869460480265 7
1694436730223 0.0031796098800355166 8
1694436730258 0.003079511223102127 9
1694436730294 0.0031397554030676567 10
1694436730326 0.0034838100261055382 11
1694436730355 0.0032315335399003553 12
1694436730384 0.0033695390380856782 13
1694436730415 0.0033539678335311462 14
1694436730446 0.0026103688322265395 15
1694436730478 0.003308125801745998 16
1694436730508 0.002887153595015235 17
1694436730536 0.003214219722170064 18
1694436730566 0.0036084073086407598 19
1694436730597 0.003316008404924853 20
1694436730627 0.0032194071386485446 21
1694436730657 0.003674418514346467 22
1694436730687 0.0030487444479451176 23
1694436730725 0.003932576841098379 24
1694436730757 0.003867087625983756 25
1694436730792 0.003826904235945894 26
1694436730828 0.0032122548540014506 27
1694436730861 0.003806585449280031 28
1694436730897 0.0035216293015496447 29
1694436730932 0.0037246183652248632 30
1694436730972 0.003974075372200403 31
1694436731008 0.0034295529976450245 32
1694436731045 0.003278628501810932 33
1694436731080 0.003210472125138808 34
1694436731121 0.003927789504769352 35
1694436731156 0.0034214818947845282 36
1694436731208 0.0040027058921633385 37
1694436731246 0.003854204952736695 38
1694436731286 0.0036110603650983952 39
1694436731319 0.004204140744037521 40
1694436731356 0.0037386043303742067 41
1694436731391 0.0040750433855113455 42
1694436731425 0.0036913274962294684 43
1694436731462 0.004106234310582435 44
1694436731495 0.003851633908222296 45
1694436731531 0.0035953337428049625 46
1694436731567 0.004097372291266499 47
1694436731599 0.0038592445188789792 48
1694436731628 0.004190893124685013 49
1694436731657 0.004301832580556386 50
1694436731687 0.004579987096381188 51
1694436731719 0.003780738570294817 52
1694436731750 0.003987330490697327 53
1694436731781 0.004338234281788589 54
1694436731811 0.0038775358409076643 55
1694436731842 0.003947933578477336 56
1694436731871 0.003988715587074365 57
1694436731902 0.0036363259001302994 58
1694436731930 0.004380347722616085 59
1694436731959 0.004458351958304574 60
1694436731992 0.004615327557512927 61
1694436732023 0.00403121344221169 62
1694436732053 0.003783134947270228 63
1694436732084 0.004437103078786864 64
1694436732115 0.003880795004291948 65
1694436732145 0.00429580118367745 66
1694436732175 0.004861723588401645 67
1694436732204 0.004528265411750776 68
1694436732234 0.004412473881600709 69
1694436732262 0.004817705916482451 70
1694436732293 0.004718952175175706 71
1694436732325 0.004470484030636213 72
1694436732355 0.004600512501048093 73
1694436732387 0.004591482386576695 74
1694436732417 0.00456012495865743 75
1694436732448 0.004705103536835176 76
1694436732479 0.004917615476379922 77
1694436732509 0.004672881390210604 78
1694436732547 0.005278288382372542 79
1694436732582 0.0049316513004372675 80
1694436732621 0.0043058764000755145 81
1694436732655 0.004988401220122007 82
1694436732688 0.0046140167760346795 83
1694436732722 0.004769680815469024 84
1694436732753 0.004877693385824888 85
1694436732783 0.005634696021134089 86
1694436732812 0.004717046923310764 87
1694436732844 0.004797847472911898 88
1694436732877 0.005544125860509008 89
1694436732906 0.004972260750669255 90
1694436732938 0.004983658881161146 91
1694436732970 0.0047225973236685315 92
1694436733000 0.0057177148896816465 93
1694436733030 0.00545454810658863 94
1694436733058 0.0053558069518711005 95
1694436733090 0.005481306251432283 96
1694436733129 0.005362554602320713 97
1694436733163 0.005484410245137239 98
1694436733201 0.004748299916311538 99
1694436733237 0.005521682454829757 100
1694436733279 0.005831832111388713 101
1694436733312 0.0059537814566554825 102
1694436733345 0.005328193500633738 103
1694436733379 0.00538546395491768 104
1694436733411 0.0055786110005543454 105
1694436733438 0.0059761889179491545 106
1694436733468 0.004926993990466366 107
1694436733501 0.005528033494791695 108
1694436733534 0.005418620940412899 109
1694436733566 0.006832851173800059 110
1694436733598 0.005916898875757193 111
1694436733633 0.0058599655625447555 112
1694436733670 0.005814637206173812 113
1694436733704 0.0056061093398932504 114
1694436733734 0.0057077886016024815 115
1694436733769 0.005919334282262323 116
1694436733802 0.0060363001078989065 117
1694436733832 0.006336578633961865 118
1694436733864 0.006506048702437317 119
1694436733892 0.005809290407779999 120
1694436733920 0.006311960782639625 121
1694436733951 0.006651901665985727 122
1694436733981 0.006958277427021153 123
1694436734014 0.006258926674228782 124
1694436734043 0.006092053324847746 125
1694436734074 0.006601907023396469 126
1694436734105 0.006027763453114177 127
1694436734135 0.006296207804196374 128
1694436734167 0.006117437356535249 129
1694436734200 0.005694980178701847 130
1694436734231 0.0066652076941997596 131
1694436734265 0.0059785581929079346 132
1694436734296 0.005613254600370876 133
1694436734326 0.0066907965899496435 134
1694436734364 0.007357104594193475 135
1694436734396 0.006552279528082461 136
1694436734427 0.006574902824848627 137
1694436734458 0.006401501289447387 138
1694436734490 0.0061338647080055875 139
1694436734527 0.0069517919512789295 140
1694436734560 0.006057757348262305 141
1694436734589 0.006829070590791297 142
1694436734621 0.007679153756895429 143
1694436734654 0.007235068701525904 144
1694436734688 0.006396495873344343 145
1694436734724 0.006916526308759163 146
1694436734758 0.007739036411532063 147
1694436734790 0.007385658007320384 148
1694436734823 0.008384548773081812 149
1694436734856 0.00761909957566409 150
1694436734889 0.007286813245595214 151
1694436734926 0.007376623735742327 152
1694436734962 0.006897305329850778 153
1694436735004 0.007377804929950771 154
1694436735040 0.007127607977919337 155
1694436735072 0.008270971427531748 156
1694436735110 0.0070407115229154105 157
1694436735146 0.0074864436214485686 158
1694436735179 0.008031612040060199 159
1694436735213 0.007307174769687563 160
1694436735242 0.007668801236178746 161
1694436735271 0.007189891476924393 162
1694436735301 0.008218887445072598 163
1694436735332 0.007657768007498067 164
1694436735364 0.006669047627652525 165
1694436735395 0.007674735590681436 166
1694436735427 0.0074996503039368445 167
1694436735457 0.008899268155303841 168
1694436735488 0.007906517364918653 169
1694436735518 0.008592448860248902 170
1694436735546 0.008143365582282791 171
1694436735579 0.009070126661629985 172
1694436735620 0.008325803217500205 173
1694436735658 0.007918036410072493 174
1694436735698 0.008032382611806388 175
1694436735740 0.008428444829142179 176
1694436735781 0.007915027641847261 177
1694436735820 0.008092949619882495 178
1694436735858 0.007901688106268123 179
1694436735906 0.008712296869470504 180
1694436735956 0.008300010485429388 181
1694436735991 0.007649900895984052 182
1694436736034 0.009318541240215028 183
1694436736069 0.00769390640392098 184
1694436736102 0.009166332663847365 185
1694436736136 0.009060189619772285 186
1694436736168 0.009303328308751802 187
1694436736198 0.007970596349027415 188
1694436736230 0.008044710600224714 189
1694436736264 0.009642372211719041 190
1694436736294 0.009277490343018835 191
1694436736327 0.009278155307596125 192
1694436736361 0.008446980917079072 193
1694436736392 0.008567871493613377 194
1694436736424 0.009101189362803574 195
1694436736456 0.008092259765230647 196
1694436736488 0.011224969420123965 197
1694436736522 0.009722742344311475 198
1694436736555 0.009254715154399129 199
1694436736587 0.011501363534315412 200
1694436736620 0.009841105045067633 201
1694436736650 0.008229506012721322 202
1694436736680 0.009762438548575725 203
1694436736714 0.009332048350713995 204
1694436736746 0.01012968516415147 205
1694436736779 0.009852846274486793 206
1694436736810 0.008908046224017196 207
1694436736842 0.010420177760588345 208
1694436736874 0.009906173291648557 209
1694436736905 0.01080902870210243 210
1694436736936 0.012131474528602193 211
1694436736968 0.010174920377094887 212
1694436737006 0.01103095427508094 213
1694436737050 0.011068569592842414 214
1694436737088 0.00945387314292745 215
1694436737124 0.010228518370676398 216
1694436737160 0.010774952131423321 217
1694436737196 0.010092898003712936 218
1694436737228 0.011239777084169345 219
1694436737256 0.009338632044319395 220
1694436737289 0.00870501514865274 221
1694436737320 0.011129600770808601 222
1694436737352 0.01122424671184441 223
1694436737385 0.01236654232155765 224
1694436737418 0.010392118420682883 225
1694436737448 0.01079561837435905 226
1694436737478 0.01146356784398006 227
1694436737507 0.010397437932381237 228
1694436737538 0.010717523298225062 229
1694436737572 0.012013334148266441 230
1694436737602 0.01176445895946221 231
1694436737635 0.011247447117519349 232
1694436737667 0.012022738876846906 233
1694436737702 0.01351235131323103 234
1694436737734 0.011296500198650028 235
1694436737765 0.01205914185354795 236
1694436737794 0.012023787950792952 237
1694436737827 0.01200919364001074 238
1694436737857 0.012599257832044186 239
1694436737893 0.012471200267300198 240
1694436737926 0.012530521924419613 241
1694436737958 0.010621694495041467 242
1694436737996 0.013856737914688444 243
1694436738037 0.012961863075679814 244
1694436738077 0.011732614196457103 245
1694436738118 0.012379727317470501 246
1694436738154 0.013313349455364998 247
1694436738192 0.012181965635904568 248
1694436738229 0.012264136145920035 249
1694436738263 0.012471834756900058 250
1694436738300 0.012402345291413042 251
1694436738337 0.012561147143037021 252
1694436738371 0.012346099505241459 253
1694436738403 0.0128883808644642 254
1694436738436 0.013533506617493418 255
1694436738470 0.013722971285877072 256
1694436738505 0.0130166947425161 257
1694436738539 0.01178316601867424 258
1694436738578 0.014663750402281295 259
1694436738617 0.013933957321786261 260
1694436738652 0.011846096825476105 261
1694436738682 0.0124642639621525 262
1694436738718 0.013251800236860123 263
1694436738753 0.012201993248371235 264
1694436738795 0.013139532071547833 265
1694436738840 0.014511617007444744 266
1694436738885 0.01304238537783775 267
1694436738920 0.012440593368959307 268
1694436738959 0.012725971970525718 269
1694436738999 0.014380495330226672 270
1694436739040 0.011658174497485962 271
1694436739080 0.014138862000167673 272
1694436739118 0.01456373175341763 273
1694436739157 0.012483451209111873 274
1694436739195 0.014837091694433258 275
1694436739228 0.01433007919627527 276
1694436739261 0.015595657127057239 277
1694436739296 0.015499532601374044 278
1694436739331 0.015540133748203844 279
1694436739370 0.014355229630352295 280
1694436739404 0.01594379209375818 281
1694436739436 0.015859338111127497 282
1694436739473 0.016098865758774172 283
1694436739511 0.015572345907519547 284
1694436739550 0.015236326517106269 285
1694436739583 0.01464336856989712 286
1694436739617 0.01667742767770186 287
1694436739646 0.01516101014538096 288
1694436739677 0.016124300181971973 289
1694436739727 0.01688952300117741 290
1694436739774 0.012930940958684412 291
1694436739816 0.014735224234801336 292
1694436739869 0.014995322773344033 293
1694436739905 0.014640164485536733 294
1694436739941 0.01525925798112171 295
1694436739977 0.019209251779909953 296
1694436740010 0.01369970153139144 297
1694436740041 0.014337163199071301 298
1694436740072 0.017045018733450323 299
1694436740105 0.016886008463954938 300
1694436740148 0.015464946519004319 301
1694436740188 0.016578798543190998 302
1694436740229 0.01466786456153324 303
1694436740270 0.016423465365092427 304
1694436740306 0.01803429829563752 305
1694436740344 0.015688519923811706 306
1694436740382 0.017380720181238374 307
1694436740418 0.017284881852417056 308
1694436740448 0.014431841124636358 309
1694436740477 0.016169832337791457 310
1694436740508 0.015402804373667034 311
1694436740539 0.017208350295619068 312
1694436740570 0.016172842664433862 313
1694436740602 0.017388170842218775 314
1694436740633 0.020067795383729492 315
1694436740664 0.020102023999753915 316
1694436740696 0.016328466807400854 317
1694436740728 0.017568436158011513 318
1694436740763 0.018402895139914555 319
1694436740799 0.018429903442432893 320
1694436740839 0.014844834189177258 321
1694436740875 0.01750408369577572 322
1694436740911 0.018343756805651812 323
1694436740950 0.017398841876652194 324
1694436740978 0.018551482619863835 325
1694436741013 0.014184709734953449 326
1694436741047 0.019282957577561044 327
1694436741079 0.015938146817923493 328
1694436741121 0.016753189989521133 329
1694436741163 0.01869479623769621 330
1694436741207 0.015778663962215722 331
1694436741243 0.01969005692262127 332
1694436741276 0.018808534455486248 333
1694436741313 0.019259224741451364 334
1694436741353 0.01919635967573563 335
1694436741397 0.018568045622097462 336
1694436741436 0.01830568062115312 337
1694436741472 0.018989287134978716 338
1694436741507 0.01857299768525622 339
1694436741543 0.022010610398288222 340
1694436741576 0.02362658292423181 341
1694436741610 0.01952021853524699 342
1694436741644 0.021040425124866258 343
1694436741674 0.018811448310021683 344
1694436741707 0.01784777253768166 345
1694436741744 0.019870503648049653 346
1694436741780 0.02094131846680225 347
1694436741814 0.019410881724049145 348
1694436741846 0.018898506812094706 349
1694436741876 0.019761200034071225 350
1694436741909 0.02072755661763115 351
1694436741946 0.021270178735265488 352
1694436741981 0.02237773457595771 353
1694436742018 0.023413540777109998 354
1694436742058 0.023150945058333594 355
1694436742094 0.021549775090811574 356
1694436742133 0.01959677035101559 357
1694436742170 0.023168474334912426 358
1694436742202 0.020769877990185814 359
1694436742245 0.025018451013668508 360
1694436742285 0.020590417918420756 361
1694436742327 0.01895111087297696 362
1694436742375 0.01912218086656703 363
1694436742433 0.0218867584566802 364
1694436742494 0.020999027474476017 365
1694436742556 0.022649712198437588 366
1694436742624 0.01932620602515933 367
1694436742672 0.021494141551971935 368
1694436742712 0.022027266867735484 369
1694436742747 0.02245441512719948 370
1694436742785 0.021399300128383425 371
1694436742822 0.021240736951069872 372
1694436742869 0.023887577260590542 373
1694436742911 0.021637952207601008 374
1694436742952 0.020528646543984563 375
1694436742984 0.027505522141316296 376
1694436743021 0.022389161738370467 377
1694436743056 0.021719282326549516 378
1694436743089 0.018741960914040345 379
1694436743124 0.021459382469223964 380
1694436743162 0.022563034378724423 381
1694436743194 0.022904314722172248 382
1694436743231 0.023988961383295537 383
1694436743271 0.02389733526195248 384
1694436743303 0.021873764659090966 385
1694436743341 0.023635194576371865 386
1694436743377 0.025647066404164365 387
1694436743411 0.028136268372260242 388
1694436743447 0.02409867755897621 389
1694436743477 0.022803754022310274 390
1694436743506 0.02334279915237103 391
1694436743538 0.02275577198190004 392
1694436743567 0.023673207738464264 393
1694436743597 0.024252771152023178 394
1694436743627 0.025664568229794793 395
1694436743658 0.023959976402828653 396
1694436743686 0.024410687886079696 397
1694436743718 0.02735396414022606 398
1694436743753 0.021089754611902545 399
1694436743788 0.02558634720114894 400
1694436743822 0.02571815715142267 401
1694436743852 0.021218154048072813 402
1694436743887 0.024808042869288838 403
1694436743933 0.027903442272999346 404
1694436743983 0.023575535821435567 405
1694436744031 0.02793763134613103 406
1694436744079 0.024720948952732136 407
1694436744123 0.026158664710915325 408
1694436744166 0.021591725717268306 409
1694436744210 0.023101386518850964 410
1694436744251 0.026041363357091285 411
1694436744290 0.02421593498704233 412
1694436744330 0.02728905413104621 413
1694436744364 0.02950855499283811 414
1694436744394 0.023704528463232788 415
1694436744427 0.02947630936010348 416
1694436744460 0.02447509127129799 417
1694436744488 0.02860730595019667 418
1694436744521 0.024480821189791002 419
1694436744550 0.027979797956855568 420
1694436744586 0.026938073850519606 421
1694436744629 0.027427190474220597 422
1694436744674 0.026946789178126762 423
1694436744706 0.026188171830954454 424
1694436744738 0.02383000240401545 425
1694436744769 0.025825705130201215 426
1694436744797 0.025207207296374934 427
1694436744830 0.02348447585462421 428
1694436744860 0.02621518320847016 429
1694436744891 0.03274592211069782 430
1694436744922 0.02873566768563185 431
1694436744952 0.02850871767604035 432
1694436744984 0.02928810905007273 433
1694436745019 0.028261316813972148 434
1694436745052 0.031085755555200767 435
1694436745084 0.028201048339514645 436
1694436745114 0.03160212636355397 437
1694436745144 0.03090892772567444 438
1694436745175 0.03073402073147835 439
1694436745205 0.02549974171426661 440
1694436745236 0.03084799198570376 441
1694436745267 0.02943978392564517 442
1694436745299 0.030560326232618173 443
1694436745330 0.0328541893195794 444
1694436745367 0.03398625300031288 445
1694436745398 0.03167357909815971 446
1694436745431 0.025668011938558832 447
1694436745462 0.03126125658913148 448
1694436745492 0.030773538365999942 449
1694436745524 0.030366571499070294 450
1694436745554 0.03279105813799332 451
1694436745585 0.030759916031650847 452
1694436745617 0.028549807934848404 453
1694436745651 0.0287172960406612 454
1694436745678 0.030346634879046874 455
1694436745708 0.02878784529921985 456
1694436745740 0.032535092656304054 457
1694436745772 0.030889761660958137 458
1694436745802 0.031168124529204477 459
1694436745832 0.028028833829771282 460
1694436745862 0.029496205327793512 461
1694436745890 0.030706541700070256 462
1694436745923 0.033573846354774006 463
1694436745958 0.030524069532615217 464
1694436745986 0.029743545222291834 465
1694436746024 0.03249001837241483 466
1694436746061 0.030038977859194516 467
1694436746092 0.03146884313370735 468
1694436746131 0.028222707043547235 469
1694436746166 0.031159413082109455 470
1694436746201 0.033985740302788336 471
1694436746240 0.03338180882230646 472
1694436746280 0.037760832760281415 473
1694436746314 0.035604042238656985 474
1694436746354 0.032097062831710765 475
1694436746389 0.03205813453667128 476
1694436746423 0.03185965233936394 477
1694436746457 0.03207638245933797 478
1694436746490 0.029576103816364996 479
1694436746546 0.03724867120250819 480
1694436746622 0.03664444667038602 481
1694436746665 0.03585951118247621 482
1694436746699 0.029150407210002616 483
1694436746733 0.03486402720548798 484
1694436746763 0.02720289503543516 485
1694436746793 0.031768554225985235 486
1694436746822 0.03572528468410208 487
1694436746852 0.035394578711460456 488
1694436746882 0.035728708273002785 489
1694436746910 0.036298728800561175 490
1694436746939 0.03384892487148605 491
1694436746967 0.03673880879462432 492
1694436746996 0.03183595876629408 493
1694436747028 0.033210040979802846 494
1694436747058 0.03598558193383372 495
1694436747090 0.035637740683788 496
1694436747119 0.03607745438872012 497
1694436747149 0.0341887519798052 498
1694436747175 0.03867112766917613 499
