1694441484950 -0.005724107413877855 0
1694441484990 -0.005903709891790232 1
1694441485029 -0.005733327630008667 2
1694441485068 -0.006032162547451092 3
1694441485107 -0.005753870476915335 4
1694441485171 -0.006178090804931147 5
1694441485230 -0.005704672832461455 6
1694441485289 -0.007024987050687104 7
1694441485356 -0.005956645248835102 8
1694441485399 -0.0052961247168479275 9
1694441485438 -0.006078155813159958 10
1694441485476 -0.006224114895063915 11
1694441485517 -0.005784807240970746 12
1694441485553 -0.005277524045498083 13
1694441485596 -0.005788004528059831 14
1694441485633 -0.005988118098469997 15
1694441485677 -0.006268473055623502 16
1694441485731 -0.005737443311619295 17
1694441485786 -0.0059206314285358275 18
1694441485845 -0.006057795202661254 19
1694441485899 -0.005584151871466547 20
1694441485945 -0.006722295777347176 21
1694441485999 -0.00639642352107872 22
1694441486050 -0.0060547092654212875 23
1694441486108 -0.0054561054210773285 24
1694441486172 -0.005865967208037448 25
1694441486232 -0.005712281904159733 26
1694441486295 -0.005986235096405057 27
1694441486351 -0.005228595009894033 28
1694441486412 -0.005663248769404161 29
1694441486464 -0.005826926917595676 30
1694441486510 -0.005284584105494483 31
1694441486550 -0.006113051985498608 32
1694441486594 -0.005992389599087877 33
1694441486632 -0.00542101225637559 34
1694441486674 -0.005551667510786729 35
1694441486718 -0.005461273957205748 36
1694441486758 -0.005563282102862832 37
1694441486797 -0.005816468471413261 38
1694441486837 -0.005988027908724991 39
1694441486876 -0.0058197876483248034 40
1694441486913 -0.006640192684388202 41
1694441486952 -0.005938307268010812 42
1694441486995 -0.005637140487922521 43
1694441487035 -0.005151294222709213 44
1694441487075 -0.005605796897362403 45
1694441487114 -0.005775761410263591 46
1694441487157 -0.006263975613655992 47
1694441487194 -0.005593355733140903 48
1694441487238 -0.005360597111132348 49
1694441487278 -0.005432068299964676 50
1694441487315 -0.005766788763032604 51
1694441487360 -0.0056675149087488386 52
1694441487400 -0.005223053515460929 53
1694441487440 -0.004964811381243495 54
1694441487479 -0.005061662066226269 55
1694441487519 -0.004394461209153988 56
1694441487556 -0.005761776834300569 57
1694441487598 -0.005559592976167149 58
1694441487637 -0.005665548511401219 59
1694441487677 -0.005621325955681655 60
1694441487718 -0.005828529617267764 61
1694441487758 -0.005075971903569787 62
1694441487798 -0.005360237087965958 63
1694441487837 -0.00548734580672483 64
1694441487878 -0.005870032962344673 65
1694441487928 -0.004058775898630573 66
1694441487971 -0.0054650778778340126 67
1694441488013 -0.004510616704109571 68
1694441488063 -0.0052390910884247965 69
1694441488124 -0.005059924381365821 70
1694441488160 -0.005207989485717546 71
1694441488197 -0.005510751462536767 72
1694441488238 -0.005713584780024483 73
1694441488275 -0.005124582753798013 74
1694441488316 -0.004748057710309839 75
1694441488356 -0.005118865926099003 76
1694441488397 -0.0045639164358555195 77
1694441488438 -0.0046690173615986375 78
1694441488478 -0.005500939896661228 79
1694441488519 -0.004392759708056859 80
1694441488558 -0.00490043509869631 81
1694441488599 -0.0046626926230985966 82
1694441488642 -0.004737305032707084 83
1694441488681 -0.005099319985187423 84
1694441488724 -0.005171329779964262 85
1694441488766 -0.00488234824297451 86
1694441488810 -0.004770198350311894 87
1694441488850 -0.005358865721395878 88
1694441488891 -0.005105396258644257 89
1694441488927 -0.004952160039789044 90
1694441488966 -0.004340402609781524 91
1694441489003 -0.0054652330700641905 92
1694441489042 -0.0048090950113575115 93
1694441489079 -0.004434391848172181 94
1694441489116 -0.004430870648105545 95
1694441489158 -0.004500866829945327 96
1694441489197 -0.004318140378497981 97
1694441489239 -0.004648042573426769 98
1694441489280 -0.004683728723448688 99
1694441489322 -0.004741710734268212 100
1694441489363 -0.0041921410685619165 101
1694441489401 -0.0053815473544776005 102
1694441489441 -0.004044130508826349 103
1694441489484 -0.0049115575085734164 104
1694441489528 -0.004362575918473777 105
1694441489565 -0.004448394742514461 106
1694441489605 -0.004661990000069061 107
1694441489646 -0.005032753673519741 108
1694441489688 -0.004454980556127808 109
1694441489735 -0.004658560135490042 110
1694441489775 -0.00412680849035274 111
1694441489812 -0.0044420320028941696 112
1694441489854 -0.004012565726140727 113
1694441489892 -0.004465053533989627 114
1694441489929 -0.00434076445578202 115
1694441489968 -0.004163613457524473 116
1694441490003 -0.004887859177565623 117
1694441490042 -0.003946143838396088 118
1694441490079 -0.0041436815523860915 119
1694441490116 -0.0042062838874961095 120
1694441490155 -0.00450226884687055 121
1694441490195 -0.004623888632925732 122
1694441490231 -0.004360734950945355 123
1694441490275 -0.0037298533416558755 124
1694441490314 -0.003866769645288537 125
1694441490358 -0.0036287637443179754 126
1694441490396 -0.0038365871064456325 127
1694441490436 -0.0036806786215664022 128
1694441490474 -0.0034410094764742993 129
1694441490514 -0.003970708774675202 130
1694441490554 -0.004547319331403399 131
1694441490594 -0.004130166549903169 132
1694441490634 -0.0031458630083658345 133
1694441490673 -0.004243548362071969 134
1694441490710 -0.0035957295956865476 135
1694441490753 -0.004382520162909964 136
1694441490793 -0.0029300655799571196 137
1694441490833 -0.0034634643079256566 138
1694441490873 -0.0035060691949757583 139
1694441490911 -0.00395575246838753 140
1694441490949 -0.003842145389108209 141
1694441490989 -0.003315954554441669 142
1694441491030 -0.003620503414114795 143
1694441491066 -0.0036401189573980197 144
1694441491106 -0.0031784360256112976 145
1694441491142 -0.002824009307556885 146
1694441491182 -0.003445080267636458 147
1694441491220 -0.0035605736196266946 148
1694441491263 -0.003143999791899388 149
1694441491301 -0.003518530052301738 150
1694441491342 -0.0032326311679049535 151
1694441491376 -0.003175174786673063 152
1694441491415 -0.0030015041482960303 153
1694441491457 -0.0035410094165908568 154
1694441491496 -0.0030643714423002066 155
1694441491537 -0.0032481706265383714 156
1694441491578 -0.003010079632396412 157
1694441491619 -0.0024321385153383 158
1694441491660 -0.0032829451065576887 159
1694441491700 -0.0038751101591882886 160
1694441491740 -0.002180268542303576 161
1694441491781 -0.0035987359400739827 162
1694441491821 -0.002309774332873493 163
1694441491862 -0.0022316605658907473 164
1694441491901 -0.002803971362043134 165
1694441491944 -0.0031061176303268656 166
1694441491984 -0.0030722494862667205 167
1694441492024 -0.002617366963266754 168
1694441492066 -0.0026701957523240782 169
1694441492109 -0.002817702147580814 170
1694441492149 -0.002848482417361131 171
1694441492192 -0.0025643706643392328 172
1694441492229 -0.0030362765103781886 173
1694441492270 -0.003155199154936117 174
1694441492308 -0.002480824904821155 175
1694441492350 -0.0029425245627026086 176
1694441492395 -0.0030324135037316235 177
1694441492440 -0.0024678288453405806 178
1694441492482 -0.0020947137371676305 179
1694441492526 -0.002756261706154284 180
1694441492563 -0.00248070814684187 181
1694441492607 -0.00223752616568329 182
1694441492648 -0.002375352234755601 183
1694441492687 -0.0023667524281163477 184
1694441492727 -0.002551024548338221 185
1694441492769 -0.0017738671910672021 186
1694441492804 -0.0017363845665889777 187
1694441492846 -0.001799590598677403 188
1694441492882 -0.0015538429040913293 189
1694441492924 -0.0023632330664473677 190
1694441492962 -0.0012473133304802264 191
1694441493002 -0.0014117169249185935 192
1694441493044 -0.0015420503960301701 193
1694441493080 -0.0024398365771296504 194
1694441493121 -0.0014997838597103907 195
1694441493163 -0.0009609522459743669 196
1694441493204 -0.0005569713223581019 197
1694441493240 -0.0003610022688720349 198
1694441493279 -0.001533496061441264 199
1694441493318 -0.0012326648351210778 200
1694441493363 -0.0020956523839132934 201
1694441493407 -4.12963896871954e-05 202
1694441493451 -0.0001591236073357205 203
1694441493491 -0.0011528092758841257 204
1694441493525 -0.0007443710890291388 205
1694441493566 -0.0011734731430332879 206
1694441493602 -0.0005361886611909839 207
1694441493640 0.0012296768820089232 208
1694441493678 -0.0008783817509443459 209
1694441493717 1.6942751686954693e-05 210
1694441493754 -0.0008110117750899093 211
1694441493796 -0.000230754987406101 212
1694441493834 1.1644372343688758e-05 213
1694441493880 -6.035609493815208e-05 214
1694441493920 -0.00012981017715607557 215
1694441493959 0.0004585016209701642 216
1694441493997 -0.00017374894403676677 217
1694441494041 0.0006589291420950882 218
1694441494079 -0.00023125226142273192 219
1694441494115 7.518147372342909e-05 220
1694441494157 -0.0008173833435767275 221
1694441494199 0.0016026474459656104 222
1694441494239 -0.00033505066799355276 223
1694441494276 -0.00024178672513830435 224
1694441494323 -0.0001128207037819351 225
1694441494373 0.00013223400973394472 226
1694441494414 0.0004934384118014945 227
1694441494455 -0.0007297692752550322 228
1694441494493 -0.00014163858343363422 229
1694441494529 0.0016690244996875325 230
1694441494567 0.0011047158674263313 231
1694441494606 0.0012853782493944532 232
1694441494647 0.0005623828066386727 233
1694441494689 0.0020149577192440926 234
1694441494732 0.00037258487058078327 235
1694441494775 0.001199594633827572 236
1694441494819 0.0014559635666794302 237
1694441494857 0.0010207011126381893 238
1694441494897 0.00242505626825662 239
1694441494938 0.0025751711011163803 240
1694441494985 0.0009493918539849044 241
1694441495024 0.001896270199065131 242
1694441495063 0.002637207241990014 243
1694441495104 0.0006626322826503994 244
1694441495144 0.001780938356348294 245
1694441495210 0.0016741820083666648 246
1694441495254 0.0016381550286428403 247
1694441495308 0.0018948980423691975 248
1694441495355 0.0019133246533354908 249
1694441495393 0.002833543847348574 250
1694441495434 0.0031769571778114125 251
1694441495473 0.0027416733512803937 252
1694441495514 0.0029496435694842393 253
1694441495551 0.0024064745883696226 254
1694441495591 0.003746555051882594 255
1694441495628 0.003297000167604258 256
1694441495665 0.0026008004635172943 257
1694441495701 0.00328273030885351 258
1694441495742 0.004762000686042045 259
1694441495781 0.0037141497877298812 260
1694441495819 0.0021272471950677385 261
1694441495860 0.0038196330643646137 262
1694441495903 0.0033856065575678107 263
1694441495943 0.0036837213203754215 264
1694441495981 0.0031665124803975653 265
1694441496017 0.005284574682953624 266
1694441496058 0.0041618141190699065 267
1694441496098 0.004001863437879227 268
1694441496140 0.003692652653130679 269
1694441496175 0.004378400463805554 270
1694441496215 0.0032119805767458764 271
1694441496258 0.004968123835941807 272
1694441496301 0.0028349418471423915 273
1694441496337 0.006439798924057216 274
1694441496382 0.003923647096647165 275
1694441496423 0.0037738510304232697 276
1694441496465 0.004247264500629289 277
1694441496508 0.0034488546129882725 278
1694441496551 0.005120081473752203 279
1694441496591 0.006543374269165403 280
1694441496631 0.00487480193403822 281
1694441496671 0.00490926480573417 282
1694441496711 0.004513640818221032 283
1694441496751 0.006575429372582264 284
1694441496793 0.006972481469303293 285
1694441496836 0.007480955343147633 286
1694441496875 0.005863506516309291 287
1694441496913 0.005651961473134515 288
1694441496956 0.006720823426543676 289
1694441497002 0.007743838659695634 290
1694441497043 0.0070173680171002895 291
1694441497084 0.006344381918578557 292
1694441497124 0.007501682144717581 293
1694441497164 0.008622766747954258 294
1694441497208 0.009673762150671728 295
1694441497245 0.007443654896141516 296
1694441497289 0.007956226263723276 297
1694441497328 0.008073738514568052 298
1694441497368 0.007323452218499837 299
1694441497407 0.007030167452405256 300
1694441497446 0.007887124217929253 301
1694441497487 0.0057320249313382865 302
1694441497522 0.008017979709277312 303
1694441497559 0.008417375973400198 304
1694441497600 0.008839097288090292 305
1694441497638 0.008520403875099891 306
1694441497678 0.009154132033465934 307
1694441497714 0.009256785294239789 308
1694441497751 0.007509345622688124 309
1694441497790 0.00990462139446091 310
1694441497829 0.009064920866959536 311
1694441497867 0.011749436775141175 312
1694441497905 0.008773884179703484 313
1694441497943 0.01150224781381981 314
1694441497986 0.009906041624374917 315
1694441498028 0.0068541457394304395 316
1694441498071 0.009689424140930991 317
1694441498109 0.009487967191913915 318
1694441498147 0.011828468132492942 319
1694441498187 0.010740677264557852 320
1694441498228 0.011516949285578226 321
1694441498265 0.009922065721908457 322
1694441498306 0.010973265365808671 323
1694441498342 0.010870912978057756 324
1694441498384 0.012250255440231173 325
1694441498423 0.011281453967233568 326
1694441498460 0.014537950617409034 327
1694441498498 0.009973624470852926 328
1694441498532 0.01210931931523751 329
1694441498569 0.0090680345496984 330
1694441498606 0.011460163072857354 331
1694441498647 0.014360119935358462 332
1694441498685 0.012490157470496421 333
1694441498721 0.012498834917556212 334
1694441498760 0.01332635640109725 335
1694441498796 0.010409294089035348 336
1694441498836 0.013071745185173733 337
1694441498875 0.015002071838014719 338
1694441498911 0.010570413037383708 339
1694441498952 0.01211754357806838 340
1694441498995 0.014209881640418032 341
1694441499039 0.014011460564951728 342
1694441499080 0.015315047081103428 343
1694441499121 0.014187103614384577 344
1694441499159 0.014817602482990022 345
1694441499200 0.018481963068716634 346
1694441499239 0.015896547154097163 347
1694441499281 0.013705876910150128 348
1694441499322 0.013875916383009335 349
1694441499363 0.013524138111163375 350
1694441499404 0.01521205558685379 351
1694441499441 0.01579638340899292 352
1694441499483 0.01999628324890912 353
1694441499520 0.013736814589244029 354
1694441499559 0.018514324388491654 355
1694441499597 0.013579438329290983 356
1694441499638 0.015891502124675605 357
1694441499675 0.01573339047111222 358
1694441499711 0.020553650516181854 359
1694441499753 0.01742555299720161 360
1694441499793 0.02097029353495472 361
1694441499831 0.016771663932265812 362
1694441499874 0.016345118462987696 363
1694441499912 0.015073480098763636 364
1694441499951 0.02051668010365737 365
1694441499992 0.017530022720587124 366
1694441500033 0.017318613718965814 367
1694441500074 0.018809148413006183 368
1694441500114 0.013777222392885702 369
1694441500151 0.020465070615373282 370
1694441500195 0.017789841445273513 371
1694441500240 0.019845289298503377 372
1694441500286 0.024242308048216366 373
1694441500328 0.022920217664539222 374
1694441500368 0.019425662694154577 375
1694441500407 0.026737816319819863 376
1694441500448 0.021444565624825773 377
1694441500483 0.023197265264234046 378
1694441500523 0.023205794619558406 379
1694441500564 0.0239070365451185 380
1694441500607 0.02032016724347352 381
1694441500657 0.02179420352710093 382
1694441500702 0.023347067265704347 383
1694441500744 0.023745093742869816 384
1694441500783 0.024837854821426975 385
1694441500823 0.022601043802530585 386
1694441500861 0.022828033757653854 387
1694441500903 0.020800407062781412 388
1694441500942 0.019751837225792657 389
1694441500981 0.020822582617702645 390
1694441501021 0.022940321484514192 391
1694441501057 0.023157419201493834 392
1694441501097 0.025117030490397263 393
1694441501136 0.02409857460653897 394
1694441501181 0.03036323623618986 395
1694441501227 0.02254111484683341 396
1694441501275 0.024119220707195743 397
1694441501317 0.028753371988817777 398
1694441501355 0.024529244609158174 399
1694441501399 0.0266469125776031 400
1694441501435 0.027530573804779745 401
1694441501473 0.024021052933996145 402
1694441501511 0.025595716097343457 403
1694441501545 0.02539075240575628 404
1694441501582 0.027284199447189184 405
1694441501621 0.025465256573126926 406
1694441501658 0.028490765222775716 407
1694441501696 0.029684059752956182 408
1694441501739 0.02799516786286005 409
1694441501778 0.03744895740019061 410
1694441501818 0.025214317314044332 411
1694441501854 0.026526720659139413 412
1694441501894 0.0259678903866285 413
1694441501931 0.0353150893784866 414
1694441501974 0.0287010270596757 415
1694441502023 0.02749353653744191 416
1694441502067 0.02890097272614145 417
1694441502115 0.03392040349651182 418
1694441502168 0.0313918751262976 419
1694441502210 0.027466157187083118 420
1694441502246 0.024916344089610076 421
1694441502285 0.03233367600658965 422
1694441502322 0.03479361241661583 423
1694441502363 0.030883565733607288 424
1694441502400 0.03535869238619804 425
1694441502443 0.040218123895826685 426
1694441502490 0.03587239001818565 427
1694441502534 0.032606788203604964 428
1694441502576 0.029198004391287502 429
1694441502614 0.046116738882659214 430
1694441502652 0.030191119848174353 431
1694441502691 0.033987731237924645 432
1694441502726 0.03446382913405854 433
1694441502763 0.0426715640831874 434
1694441502806 0.03594185126679861 435
1694441502843 0.03617682115087395 436
1694441502883 0.031721154048734546 437
1694441502920 0.04096774833851169 438
1694441502964 0.038302175840771 439
1694441503010 0.03382408063268694 440
1694441503054 0.03439326246544072 441
1694441503099 0.030623218617731096 442
1694441503138 0.03727911324774413 443
1694441503180 0.04019396269001341 444
1694441503219 0.04154900453798571 445
1694441503262 0.041213543224268956 446
1694441503298 0.04163812631798347 447
1694441503334 0.04002835682509709 448
1694441503375 0.03690486537843485 449
1694441503411 0.04168343507658556 450
1694441503452 0.04571819855410486 451
1694441503491 0.043373206926101804 452
1694441503531 0.03544370277036579 453
1694441503574 0.04365812466973695 454
1694441503612 0.045181449828643694 455
1694441503652 0.04202266167149926 456
1694441503693 0.04170616981757591 457
1694441503730 0.03654087863343025 458
1694441503768 0.05054680002637768 459
1694441503807 0.04145737450191922 460
1694441503843 0.036572195964801324 461
1694441503882 0.042093975939499595 462
1694441503919 0.03572981258509611 463
1694441503958 0.045992589052259336 464
1694441503998 0.04782103597258458 465
1694441504039 0.035662689895420985 466
1694441504079 0.04602148196291078 467
1694441504125 0.04359772138474949 468
1694441504188 0.044929236290277896 469
1694441504237 0.044400541646637426 470
1694441504292 0.04061797929639299 471
1694441504334 0.04376852799226294 472
1694441504408 0.05079058441854323 473
1694441504456 0.03784373655383377 474
1694441504508 0.0373816382532739 475
1694441504569 0.048909465420180154 476
1694441504620 0.049924440148640836 477
1694441504669 0.05203079032233349 478
1694441504712 0.0559297262719215 479
1694441504758 0.045268149031550964 480
1694441504799 0.0515644672120843 481
1694441504837 0.052755509854740756 482
1694441504877 0.03999319449889027 483
1694441504914 0.04711327549643507 484
1694441504956 0.049758477642303234 485
1694441505001 0.055694330490921096 486
1694441505045 0.05498988361642698 487
1694441505092 0.04365297894362341 488
1694441505134 0.05380764774500024 489
1694441505172 0.055780707636947424 490
1694441505208 0.05452477019700386 491
1694441505247 0.04975206424603129 492
1694441505284 0.05605829296995146 493
1694441505323 0.06299771632022477 494
1694441505367 0.04952322797537245 495
1694441505406 0.049596721892616435 496
1694441505443 0.06078221195544031 497
1694441505486 0.05347365215292166 498
1694441505524 0.05889984055201014 499
