1694442081567 -0.005661297303594548 0
1694442081626 -0.005661087073895343 1
1694442081721 -0.005660876738700971 2
1694442081825 -0.0056606662979903355 3
1694442081929 -0.005660455751740345 4
1694442082037 -0.00566024509992924 5
1694442082121 -0.00566003434253326 6
1694442082183 -0.005659823479530202 7
1694442082238 -0.005659612510897638 8
1694442082283 -0.005659401436612477 9
1694442082364 -0.0056591902566538455 10
1694442082434 -0.005658978970996875 11
1694442082531 -0.005658767579621804 12
1694442082634 -0.005658556082503541 13
1694442082727 -0.005658344479619881 14
1694442082812 -0.005658132770949953 15
1694442082909 -0.005657920956469331 16
1694442082982 -0.0056577090361564775 17
1694442083070 -0.0056574970099891875 18
1694442083138 -0.005657284877943258 19
1694442083186 -0.005657072639997374 20
1694442083267 -0.005656860296127775 21
1694442083314 -0.005656647846313589 22
1694442083382 -0.005656435290531059 23
1694442083449 -0.005656222628757979 24
1694442083503 -0.005656009860971034 25
1694442083548 -0.005655796987148909 26
1694442083619 -0.005655584007266956 27
1694442083666 -0.005655370921304748 28
1694442083707 -0.005655157729238747 29
1694442083742 -0.005654944431046527 30
1694442083803 -0.005654731026704107 31
1694442083869 -0.005654517516190838 32
1694442083912 -0.005654303899483182 33
1694442083953 -0.0056540901765582685 34
1694442084023 -0.0056538763473938936 35
1694442084063 -0.005653662411966964 36
1694442084105 -0.005653448370255498 37
1694442084149 -0.005653234222236403 38
1694442084194 -0.00565301996788703 39
1694442084247 -0.00565280560718362 40
1694442084301 -0.005652591140105967 41
1694442084353 -0.0056523765666294246 42
1694442084407 -0.005652161886731566 43
1694442084460 -0.005651947100389743 44
1694442084509 -0.00565173220758286 45
1694442084562 -0.005651517208285606 46
1694442084626 -0.005651302102477329 47
1694442084683 -0.005651086890133605 48
1694442084734 -0.005650871571234006 49
1694442084792 -0.005650656145754329 50
1694442084856 -0.005650440613671037 51
1694442084933 -0.00565022497496348 52
1694442084998 -0.0056500092296074556 53
1694442085054 -0.005649793377580092 54
1694442085126 -0.0056495774188602965 55
1694442085183 -0.005649361353423421 56
1694442085242 -0.005649145181247706 57
1694442085284 -0.005648928902310502 58
1694442085332 -0.005648712516589605 59
1694442085382 -0.005648496024061034 60
1694442085449 -0.005648279424701919 61
1694442085504 -0.00564806271848961 62
1694442085561 -0.005647845905403459 63
1694442085607 -0.00564762898541793 64
1694442085660 -0.00564741195851215 65
1694442085704 -0.0056471948246625825 66
1694442085753 -0.0056469775838454694 67
1694442085793 -0.005646760236039716 68
1694442085839 -0.005646542781222008 69
1694442085880 -0.0056463252193690305 70
1694442085951 -0.005646107550459245 71
1694442085996 -0.005645889774468005 72
1694442086038 -0.005645671891373549 73
1694442086080 -0.005645453901154118 74
1694442086112 -0.005645235803785065 75
1694442086151 -0.005645017599243962 76
1694442086186 -0.00564479928750905 77
1694442086222 -0.005644580868555904 78
1694442086262 -0.005644362342363651 79
1694442086311 -0.005644143708908089 80
1694442086350 -0.005643924968166347 81
1694442086388 -0.005643706120115777 82
1694442086446 -0.005643487164734173 83
1694442086488 -0.005643268101998666 84
1694442086536 -0.005643048931884609 85
1694442086577 -0.005642829654371573 86
1694442086618 -0.0056426102694364655 87
1694442086662 -0.005642390777054418 88
1694442086707 -0.005642171177204336 89
1694442086762 -0.005641951469862461 90
1694442086819 -0.0056417316550059216 91
1694442086876 -0.005641511732612514 92
1694442086919 -0.005641291702659368 93
1694442086963 -0.005641071565122946 94
1694442087019 -0.00564085131998171 95
1694442087064 -0.005640630967209903 96
1694442087119 -0.005640410506787319 97
1694442087178 -0.005640189938690421 98
1694442087226 -0.005639969262896782 99
1694442087274 -0.00563974847938109 100
1694442087329 -0.005639527588124027 101
1694442087388 -0.005639306589099391 102
1694442087436 -0.00563908548228631 103
1694442087480 -0.005638864267661692 104
1694442087540 -0.005638642945201555 105
1694442087595 -0.005638421514883696 106
1694442087684 -0.005638199976685021 107
1694442087728 -0.005637978330582882 108
1694442087786 -0.005637756576553743 109
1694442087871 -0.005637534714574732 110
1694442087963 -0.005637312744623646 111
1694442088001 -0.005637090666676947 112
1694442088050 -0.005636868480712431 113
1694442088090 -0.005636646186706118 114
1694442088138 -0.005636423784635802 115
1694442088182 -0.005636201274477504 116
1694442088230 -0.0056359786562092395 117
1694442088274 -0.005635755929806807 118
1694442088334 -0.005635533095249556 119
1694442088425 -0.005635310152512396 120
1694442088517 -0.005635087101572234 121
1694442088603 -0.005634863942408419 122
1694442088644 -0.005634640674995195 123
1694442088701 -0.005634417299311023 124
1694442088741 -0.005634193815333033 125
1694442088783 -0.0056339702230374655 126
1694442088836 -0.005633746522402339 127
1694442088880 -0.005633522713403005 128
1694442088945 -0.005633298796017705 129
1694442088997 -0.005633074770223345 130
1694442089056 -0.005632850635996611 131
1694442089128 -0.005632626393315299 132
1694442089198 -0.0056324020421545384 133
1694442089262 -0.00563217758249257 134
1694442089335 -0.005631953014306301 135
1694442089398 -0.005631728337571751 136
1694442089432 -0.005631503552267381 137
1694442089463 -0.005631278658369876 138
1694442089500 -0.005631053655855256 139
1694442089544 -0.005630828544700206 140
1694442089598 -0.005630603324883188 141
1694442089656 -0.005630377996380886 142
1694442089703 -0.005630152559168211 143
1694442089756 -0.0056299270132238455 144
1694442089819 -0.005629701358525363 145
1694442089870 -0.005629475595048117 146
1694442089919 -0.005629249722768792 147
1694442089963 -0.005629023741666073 148
1694442090001 -0.005628797651715756 149
1694442090053 -0.00562857145289497 150
1694442090107 -0.005628345145179958 151
1694442090174 -0.0056281187285482925 152
1694442090233 -0.005627892202977547 153
1694442090303 -0.005627665568443074 154
1694442090352 -0.005627438824922892 155
1694442090399 -0.00562721197239302 156
1694442090437 -0.005626985010830365 157
1694442090492 -0.005626757940213167 158
1694442090552 -0.005626530760517001 159
1694442090621 -0.005626303471718996 160
1694442090678 -0.005626076073795172 161
1694442090715 -0.005625848566724434 162
1694442090751 -0.005625620950481469 163
1694442090815 -0.005625393225045627 164
1694442090863 -0.005625165390390485 165
1694442090909 -0.005624937446495837 166
1694442090959 -0.005624709393336369 167
1694442091021 -0.005624481230890321 168
1694442091072 -0.005624252959133935 169
1694442091133 -0.00562402457804434 170
1694442091201 -0.005623796087598443 171
1694442091252 -0.005623567487771819 172
1694442091318 -0.005623338778543152 173
1694442091372 -0.005623109959887351 174
1694442091422 -0.005622881031782212 175
1694442091460 -0.00562265199420553 176
1694442091504 -0.0056224228471324356 177
1694442091555 -0.005622193590540059 178
1694442091602 -0.005621964224405529 179
1694442091646 -0.005621734748705753 180
1694442091686 -0.005621505163417417 181
1694442091731 -0.005621275468517428 182
1694442091770 -0.005621045663980917 183
1694442091855 -0.0056208157497870115 184
1694442091914 -0.005620585725911953 185
1694442091958 -0.005620355592331094 186
1694442092000 -0.0056201253490226755 187
1694442092055 -0.0056198949959633815 188
1694442092109 -0.00561966453312901 189
1694442092184 -0.005619433960496467 190
1694442092258 -0.005619203278042217 191
1694442092331 -0.0056189724857445 192
1694442092394 -0.005618741583579334 193
1694442092454 -0.005618510571522073 194
1694442092508 -0.005618279449551844 195
1694442092554 -0.005618048217643334 196
1694442092607 -0.005617816875774118 197
1694442092645 -0.005617585423921323 198
1694442092708 -0.005617353862060304 199
1694442092768 -0.005617122190169521 200
1694442092843 -0.005616890408224107 201
1694442092915 -0.0056166585162011895 202
1694442092959 -0.005616426514077899 203
1694442093003 -0.005616194401831143 204
1694442093041 -0.0056159621794360515 205
1694442093084 -0.005615729846871531 206
1694442093125 -0.0056154974041122685 207
1694442093167 -0.005615264851136503 208
1694442093217 -0.0056150321879191445 209
1694442093252 -0.00561479941443932 210
1694442093311 -0.00561456653067105 211
1694442093365 -0.005614333536592353 212
1694442093423 -0.005614100432179914 213
1694442093467 -0.005613867217410862 214
1694442093510 -0.005613633892259662 215
1694442093551 -0.00561340045670522 216
1694442093601 -0.005613166910723333 217
1694442093647 -0.00561293325429113 218
1694442093741 -0.005612699487384187 219
1694442093797 -0.005612465609979855 220
1694442093850 -0.00561223162205482 221
1694442093895 -0.0056119975235853214 222
1694442093953 -0.00561176331454849 223
1694442094002 -0.005611528994919679 224
1694442094083 -0.005611294564677793 225
1694442094149 -0.005611060023796632 226
1694442094193 -0.0056108253722544355 227
1694442094243 -0.005610590610027888 228
1694442094298 -0.005610355737093453 229
1694442094344 -0.005610120753426928 230
1694442094455 -0.0056098856590058865 231
1694442094522 -0.005609650453805903 232
1694442094566 -0.005609415137804774 233
1694442094625 -0.005609179710978296 234
1694442094668 -0.005608944173302044 235
1694442094719 -0.005608708524755368 236
1694442094770 -0.005608472765311623 237
1694442094838 -0.005608236894949714 238
1694442094929 -0.005608000913644551 239
1694442095014 -0.005607764821373928 240
1694442095066 -0.00560752861811431 241
1694442095110 -0.005607292303841271 242
1694442095153 -0.005607055878531941 243
1694442095221 -0.005606819342163005 244
1694442095271 -0.005606582694709816 245
1694442095323 -0.005606345936151058 246
1694442095389 -0.005606109066461862 247
1694442095462 -0.0056058720856186905 248
1694442095504 -0.0056056349935975636 249
1694442095625 -0.0056053977903767205 250
1694442095689 -0.005605160475930848 251
1694442095806 -0.00560492305023752 252
1694442095890 -0.005604685513272978 253
1694442095926 -0.005604447865013018 254
1694442095983 -0.005604210105434992 255
1694442096047 -0.005603972234516252 256
1694442096128 -0.005603734252231041 257
1694442096169 -0.005603496158556931 258
1694442096210 -0.005603257953470608 259
1694442096250 -0.005603019636948092 260
1694442096305 -0.005602781208966512 261
1694442096358 -0.005602542669501442 262
1694442096410 -0.005602304018530013 263
1694442096465 -0.005602065256028244 264
1694442096517 -0.0056018263819719305 265
1694442096581 -0.005601587396339758 266
1694442096631 -0.00560134829910619 267
1694442096686 -0.005601109090247913 268
1694442096733 -0.005600869769742056 269
1694442096794 -0.00560063033756375 270
1694442096831 -0.0056003907936910124 271
1694442096892 -0.005600151138099196 272
1694442096977 -0.005599911370765431 273
1694442097059 -0.00559967149166507 274
1694442097111 -0.005599431500776131 275
1694442097165 -0.005599191398072856 276
1694442097210 -0.005598951183533929 277
1694442097247 -0.005598710857133593 278
1694442097308 -0.005598470418850532 279
1694442097344 -0.005598229868658322 280
1694442097391 -0.0055979892065360914 281
1694442097435 -0.005597748432458083 282
1694442097491 -0.005597507546402758 283
1694442097542 -0.0055972665483443595 284
1694442097606 -0.005597025438260683 285
1694442097679 -0.005596784216126638 286
1694442097763 -0.005596542881921129 287
1694442097847 -0.005596301435617956 288
1694442097918 -0.005596059877193804 289
1694442098004 -0.005595818206626246 290
1694442098056 -0.005595576423891968 291
1694442098114 -0.00559533452896499 292
1694442098202 -0.0055950925218233305 293
1694442098276 -0.005594850402442786 294
1694442098327 -0.00559460817079982 295
1694442098376 -0.005594365826871561 296
1694442098430 -0.005594123370632698 297
1694442098488 -0.00559388080206058 298
1694442098542 -0.005593638121132338 299
1694442098580 -0.005593395327821549 300
1694442098623 -0.005593152422107783 301
1694442098672 -0.005592909403963953 302
1694442098713 -0.005592666273369407 303
1694442098763 -0.00559242303029972 304
1694442098808 -0.005592179674729358 305
1694442098856 -0.005591936206635895 306
1694442098895 -0.005591692625996014 307
1694442098932 -0.005591448932785736 308
1694442098972 -0.005591205126981302 309
1694442099011 -0.005590961208557621 310
1694442099059 -0.005590717177493598 311
1694442099117 -0.005590473033763477 312
1694442099172 -0.005590228777343054 313
1694442099211 -0.005589984408210569 314
1694442099285 -0.005589739926341375 315
1694442099348 -0.005589495331710825 316
1694442099416 -0.0055892506242964934 317
1694442099479 -0.005589005804073732 318
1694442099535 -0.005588760871019671 319
1694442099588 -0.005588515825108775 320
1694442099645 -0.005588270666319284 321
1694442099695 -0.005588025394626328 322
1694442099748 -0.005587780010006593 323
1694442099798 -0.005587534512435655 324
1694442099848 -0.005587288901889531 325
1694442099901 -0.005587043178345352 326
1694442099950 -0.005586797341779803 327
1694442100011 -0.005586551392166461 328
1694442100063 -0.005586305329484231 329
1694442100113 -0.005586059153708689 330
1694442100160 -0.005585812864814965 331
1694442100218 -0.005585566462779967 332
1694442100281 -0.005585319947579048 333
1694442100349 -0.005585073319190226 334
1694442100411 -0.005584826577588409 335
1694442100454 -0.005584579722748506 336
1694442100514 -0.0055843327546487576 337
1694442100571 -0.005584085673264738 338
1694442100619 -0.005583838478572689 339
1694442100670 -0.0055835911705477415 340
1694442100728 -0.005583343749167469 341
1694442100783 -0.005583096214407668 342
1694442100849 -0.00558284856624347 343
1694442100909 -0.005582600804650895 344
1694442100965 -0.005582352929608181 345
1694442101013 -0.005582104941089128 346
1694442101065 -0.0055818568390708645 347
1694442101116 -0.005581608623528966 348
1694442101173 -0.005581360294440785 349
1694442101237 -0.005581111851781673 350
1694442101312 -0.005580863295527205 351
1694442101368 -0.005580614625653402 352
1694442101416 -0.0055803658421376134 353
1694442101488 -0.0055801169449549715 354
1694442101525 -0.005579867934081717 355
1694442101570 -0.005579618809494757 356
1694442101622 -0.0055793695711678915 357
1694442101659 -0.005579120219079359 358
1694442101707 -0.005578870753204956 359
1694442101753 -0.005578621173519593 360
1694442101793 -0.005578371480000177 361
1694442101846 -0.005578121672622949 362
1694442101885 -0.0055778717513634835 363
1694442101922 -0.005577621716197356 364
1694442101958 -0.005577371567102585 365
1694442101992 -0.0055771213040518575 366
1694442102027 -0.005576870927024968 367
1694442102077 -0.005576620435994606 368
1694442102118 -0.005576369830939232 369
1694442102184 -0.005576119111833533 370
1694442102270 -0.005575868278654417 371
1694442102317 -0.005575617331377014 372
1694442102375 -0.005575366269979121 373
1694442102420 -0.005575115094433203 374
1694442102459 -0.0055748638047183885 375
1694442102506 -0.0055746124008095865 376
1694442102550 -0.005574360882682816 377
1694442102593 -0.005574109250314985 378
1694442102635 -0.005573857503680113 379
1694442102696 -0.005573605642755108 380
1694442102742 -0.005573353667516434 381
1694442102793 -0.0055731015779407755 382
1694442102841 -0.005572849374001487 383
1694442102889 -0.005572597055677253 384
1694442102944 -0.005572344622942316 385
1694442103006 -0.005572092075772694 386
1694442103050 -0.005571839414145963 387
1694442103105 -0.005571586638035919 388
1694442103166 -0.005571333747419915 389
1694442103243 -0.0055710807422737485 390
1694442103309 -0.005570827622572994 391
1694442103346 -0.005570574388293448 392
1694442103403 -0.005570321039410908 393
1694442103450 -0.005570067575902504 394
1694442103528 -0.005569813997742479 395
1694442103577 -0.005569560304908183 396
1694442103621 -0.00556930649737386 397
1694442103665 -0.005569052575117084 398
1694442103719 -0.005568798538113651 399
1694442103767 -0.005568544386338026 400
1694442103814 -0.0055682901197673385 401
1694442103860 -0.005568035738376942 402
1694442103912 -0.005567781242143743 403
1694442103955 -0.00556752663104132 404
1694442104004 -0.005567271905048354 405
1694442104052 -0.005567017064138202 406
1694442104110 -0.005566762108288437 407
1694442104157 -0.005566507037474633 408
1694442104217 -0.005566251851672588 409
1694442104272 -0.005565996550857433 410
1694442104324 -0.005565741135004965 411
1694442104369 -0.005565485604092313 412
1694442104419 -0.005565229958095053 413
1694442104468 -0.005564974196987649 414
1694442104511 -0.005564718320747675 415
1694442104548 -0.005564462329349151 416
1694442104595 -0.00556420622276943 417
1694442104642 -0.005563950000984308 418
1694442104690 -0.00556369366396825 419
1694442104749 -0.0055634372116988295 420
1694442104802 -0.005563180644150512 421
1694442104859 -0.005562923961298649 422
1694442104897 -0.005562667163120816 423
1694442104933 -0.005562410249592364 424
1694442104978 -0.005562153220687538 425
1694442105036 -0.005561896076383244 426
1694442105077 -0.005561638816655501 427
1694442105115 -0.005561381441480329 428
1694442105159 -0.005561123950832414 429
1694442105205 -0.005560866344688886 430
1694442105242 -0.005560608623023766 431
1694442105278 -0.005560350785814183 432
1694442105338 -0.0055600928330357124 433
1694442105392 -0.005559834764664373 434
1694442105453 -0.005559576580673964 435
1694442105527 -0.005559318281042724 436
1694442105618 -0.005559059865746008 437
1694442105674 -0.0055588013347571685 438
1694442105741 -0.0055585426880548905 439
1694442105794 -0.005558283925614083 440
1694442105868 -0.005558025047408988 441
1694442105959 -0.005557766053416957 442
1694442106046 -0.005557506943613344 443
1694442106098 -0.005557247717973279 444
1694442106174 -0.005556988376474115 445
1694442106226 -0.0055567289190894265 446
1694442106287 -0.005556469345795012 447
1694442106349 -0.005556209656569111 448
1694442106392 -0.005555949851384634 449
1694442106468 -0.00555568993021871 450
1694442106519 -0.005555429893046027 451
1694442106562 -0.005555169739843269 452
1694442106596 -0.005554909470585789 453
1694442106635 -0.005554649085250052 454
1694442106672 -0.005554388583809411 455
1694442106714 -0.005554127966242106 456
1694442106767 -0.00555386723252238 457
1694442106809 -0.0055536063826251425 458
1694442106850 -0.005553345416528632 459
1694442106887 -0.005553084334206648 460
1694442106939 -0.005552823135634544 461
1694442106983 -0.005552561820789226 462
1694442107025 -0.0055523003896453815 463
1694442107067 -0.005552038842178364 464
1694442107119 -0.005551777178365747 465
1694442107163 -0.005551515398180218 466
1694442107199 -0.005551253501600462 467
1694442107232 -0.005550991488599166 468
1694442107278 -0.005550729359154127 469
1694442107321 -0.005550467113240032 470
1694442107380 -0.005550204750832899 471
1694442107420 -0.005549942271908304 472
1694442107464 -0.005549679676440933 473
1694442107508 -0.00554941696440725 474
1694442107579 -0.005549154135782608 475
1694442107627 -0.00554889119054347 476
1694442107718 -0.005548628128663191 477
1694442107800 -0.0055483649501197885 478
1694442107906 -0.005548101654887283 479
1694442107984 -0.005547838242941694 480
1694442108030 -0.005547574714258596 481
1694442108072 -0.005547311068814453 482
1694442108120 -0.005547047306583064 483
1694442108161 -0.005546783427540669 484
1694442108206 -0.005546519431663732 485
1694442108243 -0.005546255318926052 486
1694442108290 -0.005545991089305202 487
1694442108344 -0.005545726742775425 488
1694442108403 -0.0055454622793122965 489
1694442108445 -0.005545197698890947 490
1694442108502 -0.0055449330014880616 491
1694442108571 -0.005544668187078994 492
1694442108618 -0.0055444032556388745 493
1694442108671 -0.005544138207142391 494
1694442108710 -0.005543873041566227 495
1694442108754 -0.005543607758886182 496
1694442108800 -0.005543342359076275 497
1694442108851 -0.005543076842113193 498
1694442108896 -0.005542811207972065 499
