1694439087962 -0.007633172565436164 0
1694439088004 -0.007622038430622702 1
1694439088035 -0.0076098456526692 2
1694439088073 -0.007596568223779299 3
1694439088108 -0.00758217959841323 4
1694439088172 -0.00756665268322787 5
1694439088226 -0.007549959826846697 6
1694439088271 -0.007532072809466328 7
1694439088305 -0.007512962832290082 8
1694439088341 -0.007492600506801228 9
1694439088373 -0.0074709558438486035 10
1694439088405 -0.007447998242576359 11
1694439088438 -0.007423696479160968 12
1694439088476 -0.0073980186953857 13
1694439088505 -0.00737093238702502 14
1694439088534 -0.007342404392056023 15
1694439088567 -0.007312400878678904 16
1694439088603 -0.007280887333169783 17
1694439088634 -0.007247828547528368 18
1694439088664 -0.0072131886069535245 19
1694439088710 -0.007176930877122789 20
1694439088756 -0.007139017991289132 21
1694439088800 -0.007099411837182323 22
1694439088840 -0.007058073543717347 23
1694439088907 -0.007014963467514068 24
1694439088984 -0.006970041179220621 25
1694439089044 -0.006923265449639615 26
1694439089092 -0.006874594235662723 27
1694439089175 -0.006823984666004312 28
1694439089251 -0.0067713930267401246 29
1694439089306 -0.006716774746645893 30
1694439089384 -0.006660084382334119 31
1694439089435 -0.006601275603204115 32
1694439089483 -0.006540301176172436 33
1694439089524 -0.006477112950222352 34
1694439089555 -0.00641166184074482 35
1694439089585 -0.006343897813674504 36
1694439089619 -0.006273769869440615 37
1694439089652 -0.006201226026704365 38
1694439089686 -0.006126213305901684 39
1694439089716 -0.006048677712599204 40
1694439089751 -0.005968564220630634 41
1694439089782 -0.005885816755059059 42
1694439089814 -0.00580037817493495 43
1694439089850 -0.005712190255852123 44
1694439089880 -0.0056211936723313816 45
1694439089913 -0.005563500745008998 46
1694439089950 -0.005503869578719955 47
1694439089981 -0.0054422587379820975 48
1694439090013 -0.005378626009330922 49
1694439090043 -0.005312928388528038 50
1694439090079 -0.005245122067623953 51
1694439090108 -0.0051751624218709935 52
1694439090139 -0.005103003996484556 53
1694439090169 -0.005028600493239832 54
1694439090207 -0.004951904756945957 55
1694439090245 -0.004872868761743199 56
1694439090282 -0.004791443597269351 57
1694439090317 -0.00470757945468292 58
1694439090358 -0.0046212256125235385 59
1694439090393 -0.004532330422449382 60
1694439090424 -0.004440841294829578 61
1694439090461 -0.004346704684177638 62
1694439090495 -0.0042498660744885175 63
1694439090530 -0.004150269964395603 64
1694439090573 -0.004047859852234437 65
1694439090606 -0.003942578220955895 66
1694439090644 -0.003834366522923016 67
1694439090676 -0.00372316516458171 68
1694439090718 -0.0036089134910224363 69
1694439090761 -0.003491549770407998 70
1694439090822 -0.0033710111783200603 71
1694439090875 -0.0032472337819737795 72
1694439090916 -0.0031201525243391703 73
1694439090956 -0.0029897012081796515 74
1694439090995 -0.0028558124799864526 75
1694439091030 -0.0027184178138210946 76
1694439091066 -0.0025774474951079096 77
1694439091101 -0.002432830604315317 78
1694439091147 -0.0022844950006084552 79
1694439091201 -0.002132367305414329 80
1694439091261 -0.0019763728859560903 81
1694439091302 -0.0018164358387282586 82
1694439091335 -0.0016524789729437384 83
1694439091373 -0.0014844237939590776 84
1694439091414 -0.0013121904866741918 85
1694439091457 -0.001135697898924537 86
1694439091492 -0.0009548635248868287 87
1694439091525 -0.0007696034884721037 88
1694439091563 -0.0005798325267789561 89
1694439091597 -0.00038546397354233264 90
1694439091626 -0.00018640974266048715 91
1694439091663 1.741968823076867e-05 92
1694439091696 0.00022611529412253084 93
1694439091724 0.00043976951888824445 94
1694439091764 0.0006584762914521036 95
1694439091806 0.000882331041845652 96
1694439091846 0.0011114307171249393 97
1694439091878 0.0013458737971488999 98
1694439091911 0.0015857603101793183 99
1694439091946 0.0018311918483226997 100
1694439091979 0.002082271582761752 101
1694439092014 0.002339104278754056 102
1694439092048 0.0026017963104333353 103
1694439092080 0.0028704556753044175 104
1694439092114 0.0031451920085092677 105
1694439092152 0.0034261165967538476 106
1694439092188 0.003713342391930996 107
1694439092224 0.004006984024410465 108
1694439092261 0.004307157815925833 109
1694439092296 0.004613981792106148 110
1694439092325 0.00492757569456026 111
1694439092352 0.005248060992526726 112
1694439092383 0.005575560894057863 113
1694439092413 0.005910200356681328 114
1694439092443 0.006252106097548338 115
1694439092474 0.0065011975032680525 116
1694439092506 0.006858160469527141 117
1694439092534 0.007118720999606087 118
1694439092567 0.007385234199592583 119
1694439092598 0.007657810730244963 120
1694439092629 0.007936562880550557 121
1694439092661 0.008333853547139003 122
1694439092697 0.008625157191082145 123
1694439092733 0.008922977518868613 124
1694439092766 0.009227433370633142 125
1694439092796 0.009538645263151624 126
1694439092829 0.009980040994972739 127
1694439092866 0.010304963350772467 128
1694439092897 0.01063700704498538 129
1694439092925 0.01097629930550259 130
1694439092954 0.011322969070620914 131
1694439092986 0.01167714699370248 132
1694439093018 0.012176889824315196 133
1694439093049 0.01254627435782163 134
1694439093087 0.01292356196797162 135
1694439093129 0.013308890121604966 136
1694439093167 0.013702398011404049 137
1694439093197 0.01410422655527055 138
1694439093240 0.01466865755306379 139
1694439093279 0.015087301306620837 140
1694439093308 0.015514690307551482 141
1694439093336 0.015950972263290675 142
1694439093370 0.01639629658758779 143
1694439093398 0.01685081439314373 144
1694439093432 0.017314678482957535 145
1694439093467 0.017963316804405438 146
1694439093499 0.018446014511962927 147
1694439093534 0.01893851693467663 148
1694439093571 0.01944098343111711 149
1694439093604 0.01995357498684458 150
1694439093635 0.02047645419714561 151
1694439093667 0.02100978524809205 152
1694439093699 0.021752745417995434 153
1694439093731 0.022307069006301194 154
1694439093767 0.022872334528963423 155
1694439093798 0.023448712213195888 156
1694439093829 0.024036373757658436 157
1694439093860 0.024635492302826023 158
1694439093889 0.025246242399343477 159
1694439093921 0.025868799974327783 160
1694439093951 0.02673299478713853 161
1694439093981 0.027379165400918892 162
1694439094016 0.028037664977936694 163
1694439094046 0.028708674467962658 164
1694439094075 0.029392375998527287 165
1694439094107 0.030088952827987514 166
1694439094136 0.030798589296167633 167
1694439094168 0.03152147077251266 168
1694439094199 0.03225778360178788 169
1694439094246 0.033276751265740034 170
1694439094280 0.034039770297274674 171
1694439094316 0.03481676760649466 172
1694439094362 0.03560793274136498 173
1694439094398 0.03641345591763978 174
1694439094430 0.03723352794856927 175
1694439094468 0.03806834017177885 176
1694439094500 0.038918084373277595 177
1694439094534 0.03978295270855048 178
1694439094566 0.04066313762066032 179
1694439094597 0.041558831755400316 180
1694439094630 0.042470227873433575 181
1694439094667 0.04372802886973726 182
1694439094698 0.044670348431606444 183
1694439094732 0.04562892550654918 184
1694439094767 0.04660395229326619 185
1694439094798 0.04759562062605027 186
1694439094830 0.048604121868457195 187
1694439094873 0.04962964680390569 188
1694439094925 0.05067238552304976 189
1694439094974 0.05173252730801481 190
1694439095009 0.05281026051348414 191
1694439095042 0.05390577244460648 192
1694439095075 0.055019249231798906 193
1694439095106 0.056150875702397074 194
1694439095138 0.057300835249258886 195
1694439095173 0.05888570659576908 196
1694439095206 0.0600712361236998 197
1694439095243 0.06127560924276243 198
1694439095277 0.06249900222857396 199
1694439095312 0.06374158923099638 200
1694439095345 0.06500354212521176 201
1694439095388 0.06628503036003408 202
1694439095422 0.0675862208035114 203
1694439095452 0.06890727758588977 204
1694439095484 0.07024836194007589 205
1694439095517 0.07160963203964665 206
1694439095548 0.07299124283450842 207
1694439095579 0.07439334588435687 208
1694439095619 0.07581608919001426 209
1694439095653 0.07725961702273998 210
1694439095685 0.07872406975176938 211
1694439095719 0.08020958367005482 212
1694439095750 0.08171629081849896 213
1694439095784 0.08324431880874084 214
1694439095819 0.08479379064473991 215
1694439095851 0.08636482454326955 216
1694439095884 0.08795753375349302 217
1694439095917 0.08957202637590378 218
1694439095947 0.09120840518072837 219
1694439095976 0.09286676742602751 220
1694439096007 0.0951577983375268 221
1694439096067 0.0968569829458954 222
1694439096112 0.09857836445157031 223
1694439096164 0.10032201665499996 224
1694439096217 0.10208800696202613 225
1694439096267 0.10387639620511713 226
1694439096299 0.10568723846589845 227
1694439096342 0.10752058089937044 228
1694439096384 0.10937646355988129 229
1694439096432 0.11125491922936015 230
1694439096483 0.11315597324787896 231
1694439096520 0.1150796433469653 232
1694439096561 0.11702593948592543 233
1694439096605 0.11899486369144585 234
1694439096649 0.1209864099007677 235
1694439096696 0.12300056380877034 236
1694439096739 0.12503730271925872 237
1694439096789 0.12709659540073914 238
1694439096828 0.1291784019469755 239
1694439096867 0.13128267364269253 240
1694439096907 0.13340935283466004 241
1694439096955 0.13555837280854022 242
1694439096993 0.13772965767171808 243
1694439097032 0.13992312224247727 244
1694439097066 0.14213867194581875 245
1694439097103 0.14437620271613338 246
1694439097139 0.1466356009071914 247
1694439097166 0.14891674320950044 248
1694439097203 0.15121949657553735 249
1694439097245 0.1535437181529825 250
1694439097281 0.15588925522622143 251
1694439097312 0.15825594516648478 252
1694439097347 0.16064361539072625 253
1694439097385 0.16305208332958732 254
1694439097417 0.16548115640455496 255
1694439097451 0.1679306320146945 256
1694439097490 0.17040029753295138 257
1694439097517 0.17288993031235267 258
1694439097549 0.1753992977022668 259
1694439097582 0.17792815707476484 260
1694439097616 0.18047625586136362 261
1694439097652 0.1830433316001827 262
1694439097690 0.18562911199365162 263
1694439097726 0.1882333149768537 264
1694439097756 0.1908556487965476 265
1694439097797 0.19349581210100553 266
1694439097836 0.19615349404053084 267
1694439097868 0.19882837437887246 268
1694439097905 0.20152012361534866 269
1694439097941 0.20422840311777868 270
1694439097975 0.20695286526604473 271
1694439098005 0.20969315360636465 272
1694439098040 0.2124489030160589 273
1694439098068 0.21521973987872378 274
1694439098105 0.21800528226972804 275
1694439098147 0.22080514015179842 276
1694439098178 0.2236189155805991 277
1694439098212 0.2264462029200187 278
1694439098256 0.22928658906700383 279
1694439098293 0.232139653685694 280
1694439098329 0.23500496945055016 281
1694439098367 0.23788210229823958 282
1694439098400 0.24077061168801261 283
1694439098440 0.2436700508701225 284
1694439098472 0.24657996716210318 285
1694439098506 0.24949990223243246 286
1694439098540 0.2524293923913238 287
1694439098577 0.2553679688881183 288
1694439098613 0.2583151582149964 289
1694439098650 0.2612704824165559 290
1694439098687 0.2642334594048128 291
1694439098716 0.26720360327917236 292
1694439098753 0.2701804246509547 293
1694439098787 0.2731634309720422 294
1694439098818 0.2761521268670384 295
1694439098858 0.27914601446865805 296
1694439098892 0.28214459375569567 297
1694439098925 0.28514736289319487 298
1694439098959 0.2881538185742375 299
1694439098995 0.29116345636293695 300
1694439099038 0.29417577103809034 301
1694439099067 0.297190256936978 302
1694439099104 0.30020640829889866 303
1694439099140 0.30322371960780714 304
1694439099180 0.3062416859336796 305
1694439099212 0.3092598032721129 306
1694439099250 0.3122775688815538 307
1694439099286 0.3152944816178678 308
1694439099319 0.3183100422656392 309
1694439099348 0.3213237538657854 310
1694439099383 0.3243351220390782 311
1694439099415 0.3273436553050648 312
1694439099448 0.3303488653960669 313
1694439099483 0.33335026756571196 314
1694439099520 0.33634738089171035 315
1694439099548 0.33933972857249206 316
1694439099582 0.3423268382172232 317
1694439099617 0.34530824212901745 318
1694439099650 0.34828347758088885 319
1694439099681 0.35125208708415856 320
1694439099713 0.3542136186490551 321
1694439099744 0.3571676260371731 322
1694439099781 0.36011366900562025 323
1694439099814 0.3630513135424591 324
1694439099848 0.3659801320934122 325
1694439099882 0.3688997037794668 326
1694439099915 0.3718096146053188 327
1694439099949 0.3747094576583724 328
1694439099980 0.3775988332982988 329
1694439100014 0.38047734933692245 330
1694439100049 0.3833446212083549 331
1694439100080 0.38620027212931973 332
1694439100114 0.3890439332496376 333
1694439100144 0.3918752437927123 334
1694439100175 0.39469385118611233 335
1694439100207 0.3974994111822281 336
1694439100236 0.40029158796890474 337
1694439100272 0.40307005427025755 338
1694439100305 0.4058344914375769 339
1694439100335 0.4085845895304362 340
1694439100372 0.4113200473881198 341
1694439100403 0.4140405726913753 342
1694439100431 0.41674588201474727 343
1694439100460 0.4194357008694283 344
1694439100489 0.4221097637369705 345
1694439100523 0.42476781409381736 346
1694439100552 0.4274096044270008 347
1694439100585 0.4300348962410213 348
1694439100618 0.432643460056213 349
1694439100651 0.4352350753987344 350
1694439100686 0.4378095307824069 351
1694439100718 0.44036662368261914 352
1694439100751 0.4429061605025011 353
1694439100786 0.44542795653166156 354
1694439100821 0.447931835897597 355
1694439100851 0.45041763151019676 356
1694439100886 0.45288518499940833 357
1694439100929 0.4553343466464347 358
1694439100976 0.45776497530870885 359
1694439101010 0.4601769383388108 360
1694439101037 0.4625701114977282 361
1694439101065 0.4649443788626132 362
1694439101100 0.46729963272933217 363
1694439101132 0.46963577351009855 364
1694439101165 0.47195270962640523 365
1694439101201 0.47425035739758525 366
1694439101234 0.4765286409251748 367
1694439101267 0.4787874919734182 368
1694439101310 0.4810268498461232 369
1694439101340 0.4832466612601608 370
1694439101370 0.48544688021582616 371
1694439101400 0.4876274678643038 372
1694439101428 0.48978839237254956 373
1694439101458 0.49192962878573776 374
1694439101490 0.4940511588875778 375
1694439101522 0.4961529710586897 376
1694439101552 0.49823506013330743 377
1694439101586 0.5002974272544725 378
1694439101616 0.5023400797279829 379
1694439101650 0.5043630308752962 380
1694439101684 0.5063662998855769 381
1694439101713 0.5083499116670629 382
1694439101743 0.5103138966980277 383
1694439101773 0.5122582908773984 384
1694439101803 0.5141831353753397 385
1694439101833 0.5160884764838419 386
1694439101864 0.517974365467613 387
1694439101898 0.5198408584153066 388
1694439101931 0.5216880160913336 389
1694439101965 0.5235159037883488 390
1694439102002 0.5253245911805626 391
1694439102032 0.5271141521780327 392
1694439102063 0.5288846647820266 393
1694439102092 0.5306362109415804 394
1694439102123 0.5323688764113947 395
1694439102154 0.5340827506111389 396
1694439102185 0.5357779264862714 397
1694439102217 0.5374545003705087 398
1694439102250 0.5391125718499397 399
1694439102280 0.540752243628986 400
1694439102314 0.5423736213981718 401
1694439102341 0.5439768137038521 402
1694439102373 0.5455619318199254 403
1694439102403 0.5471290896215909 404
1694439102432 0.5486784034612386 405
1694439102462 0.5502099920464584 406
1694439102492 0.5517239763202759 407
1694439102521 0.5532204793436164 408
1694439102555 0.5546996261800332 409
1694439102593 0.5561615437827561 410
1694439102628 0.5576063608840593 411
1694439102666 0.5590342078869535 412
1694439102710 0.5604452167592993 413
1694439102739 0.5618395209302434 414
1694439102776 0.5632172551890728 415
1694439102809 0.5645785555864841 416
1694439102838 0.5659235593381946 417
1694439102875 0.5672524047310137 418
1694439102910 0.5685652310312881 419
1694439102939 0.5698621783957151 420
1694439102978 0.5711433877845739 421
1694439103029 0.5724090008773005 422
1694439103075 0.5736591599904404 423
1694439103119 0.574894007997923 424
1694439103151 0.5761136882536761 425
1694439103190 0.5773183445165249 426
1694439103221 0.5785081208773817 427
1694439103257 0.5796831616887037 428
1694439103294 0.5808436114961617 429
1694439103327 0.5819896149725126 430
1694439103361 0.5831213168536831 431
1694439103396 0.5842388618769423 432
1694439103428 0.5853423947212512 433
1694439103463 0.586432059949649 434
1694439103497 0.5875080019537153 435
1694439103531 0.5885703649000369 436
1694439103565 0.5896192926786756 437
1694439103598 0.5906549288535601 438
1694439103632 0.5916774166148058 439
1694439103669 0.5926868987329084 440
1694439103703 0.593683517514771 441
1694439103734 0.5946674147615366 442
1694439103767 0.5956387317281884 443
1694439103797 0.5965976090848679 444
1694439103827 0.5975441868798983 445
1694439103857 0.598478604504431 446
1694439103896 0.5994010006587402 447
1694439103929 0.6003115133200696 448
1694439103968 0.6012102797120178 449
1694439104003 0.6020974362754348 450
1694439104034 0.6029731186407732 451
1694439104074 0.603837461601858 452
1694439104105 0.6046905990910609 453
1694439104135 0.6055326641558141 454
1694439104178 0.6063637889364282 455
1694439104219 0.6071841046452109 456
1694439104249 0.6079937415468147 457
1694439104281 0.6087928289397861 458
1694439104320 0.6095814951392907 459
1694439104350 0.6103598674609856 460
1694439104392 0.6111280722059808 461
1694439104422 0.6118862346468698 462
1694439104450 0.6126344790148027 463
1694439104481 0.6133729284875633 464
1694439104508 0.6141017051786043 465
1694439104535 0.6148209301270384 466
1694439104569 0.6155307232885328 467
1694439104598 0.6162312035270661 468
1694439104627 0.6169224886075628 469
1694439104656 0.6176046951893155 470
1694439104684 0.6182779388202218 471
1694439104719 0.6189423339317677 472
1694439104749 0.6195979938347478 473
1694439104780 0.6202450307157055 474
1694439104818 0.6208835556340337 475
1694439104850 0.6215136785197497 476
1694439104884 0.622135508171884 477
1694439104920 0.6227491522574926 478
1694439104949 0.6233547173112328 479
1694439104989 0.6239523087355041 480
1694439105024 0.6245420308011377 481
1694439105051 0.6251239866485758 482
1694439105083 0.6256982782895596 483
1694439105119 0.6262650066092748 484
1694439105149 0.6268242713689691 485
1694439105185 0.6273761712089712 486
1694439105219 0.627920803652138 487
1694439105260 0.6284582651076944 488
1694439105298 0.628988650875435 489
1694439105342 0.6295120551502948 490
1694439105382 0.630028571027245 491
1694439105425 0.6305382905065202 492
1694439105456 0.6310413044991449 493
1694439105486 0.6315377028327597 494
1694439105517 0.6320275742576986 495
1694439105546 0.6325110064533567 496
1694439105580 0.632988086034777 497
1694439105618 0.6334588985594847 498
1694439105647 0.6339235285345213 499
