1694441529088 -0.005037182124097983 0
1694441529132 -0.004725282821850474 1
1694441529173 -0.004857393484390071 2
1694441529210 -0.004993545528072962 3
1694441529249 -0.005080273996591833 4
1694441529303 -0.005173177861022671 5
1694441529365 -0.0053947954848458934 6
1694441529434 -0.0055414851416812905 7
1694441529485 -0.005543006038966958 8
1694441529522 -0.0056390040676415065 9
1694441529559 -0.005126769170553214 10
1694441529598 -0.004616662803546445 11
1694441529639 -0.005104299090058495 12
1694441529680 -0.004972223991968283 13
1694441529723 -0.004676381245189987 14
1694441529765 -0.00509682177757198 15
1694441529803 -0.004944473165215291 16
1694441529853 -0.00440299550546408 17
1694441529900 -0.005246265097276437 18
1694441529951 -0.005591501046239067 19
1694441530008 -0.004904862048532799 20
1694441530062 -0.00475210566353268 21
1694441530120 -0.00543832365271002 22
1694441530172 -0.004922745349024371 23
1694441530222 -0.004371857831104942 24
1694441530289 -0.004755661823374169 25
1694441530340 -0.00523128468379741 26
1694441530392 -0.004529680826125926 27
1694441530445 -0.005055165159083774 28
1694441530494 -0.004893152598556494 29
1694441530544 -0.004438689499836279 30
1694441530595 -0.005125367740596909 31
1694441530643 -0.0049373312083940135 32
1694441530682 -0.004610942757940828 33
1694441530724 -0.004729465824042212 34
1694441530762 -0.004597031940353213 35
1694441530800 -0.0051933695258084 36
1694441530843 -0.005585739796584832 37
1694441530885 -0.004607295439617465 38
1694441530926 -0.004758303551728682 39
1694441530962 -0.00428058083280991 40
1694441531005 -0.0051243564058158775 41
1694441531042 -0.0043228986941292735 42
1694441531083 -0.005269330995482102 43
1694441531124 -0.004875295702392535 44
1694441531162 -0.004940154194349233 45
1694441531201 -0.0047080943326918145 46
1694441531238 -0.004602005252289709 47
1694441531275 -0.004390658319284313 48
1694441531315 -0.004117834860557723 49
1694441531364 -0.004710875111808122 50
1694441531407 -0.004136010581524019 51
1694441531446 -0.004701045491470213 52
1694441531490 -0.004384011726298986 53
1694441531524 -0.004178082870932132 54
1694441531560 -0.00453616170036697 55
1694441531600 -0.00492335176895442 56
1694441531641 -0.00433325626299963 57
1694441531679 -0.004766857233298172 58
1694441531717 -0.004851773688815619 59
1694441531755 -0.00449775298033761 60
1694441531795 -0.004105822699342454 61
1694441531835 -0.0045037058373620376 62
1694441531877 -0.00450691206338405 63
1694441531916 -0.004129496730147064 64
1694441531957 -0.004128212679471943 65
1694441531993 -0.004056900137330066 66
1694441532036 -0.004773498672594689 67
1694441532079 -0.0042191723960731675 68
1694441532120 -0.004735041648465277 69
1694441532162 -0.0044220625916864265 70
1694441532200 -0.004092369907843008 71
1694441532236 -0.004306272170021996 72
1694441532274 -0.00492575318400168 73
1694441532317 -0.0046146916281146755 74
1694441532355 -0.004572854014183392 75
1694441532394 -0.004186123049576773 76
1694441532430 -0.004070316223373727 77
1694441532469 -0.004282664915768342 78
1694441532509 -0.004182971132358659 79
1694441532544 -0.004710366255340714 80
1694441532581 -0.004492396674043331 81
1694441532619 -0.004055340894117743 82
1694441532663 -0.003827489485070501 83
1694441532705 -0.004666223402331804 84
1694441532744 -0.0042673430639526 85
1694441532784 -0.003689547149394734 86
1694441532828 -0.0042859094036156176 87
1694441532865 -0.0041753558869246366 88
1694441532909 -0.004000742307843419 89
1694441532950 -0.004405039487023199 90
1694441532992 -0.0035967516380255304 91
1694441533028 -0.003848046598996069 92
1694441533065 -0.003644649679006129 93
1694441533104 -0.0038451718724352713 94
1694441533143 -0.003910070816403044 95
1694441533185 -0.004028670449119254 96
1694441533223 -0.0034064353529950075 97
1694441533266 -0.003685021028945634 98
1694441533305 -0.004053418652662177 99
1694441533341 -0.003774937840199444 100
1694441533382 -0.0032705774400958454 101
1694441533419 -0.003937673406737119 102
1694441533455 -0.003956386143477264 103
1694441533494 -0.003933865713235507 104
1694441533532 -0.0037480958666520348 105
1694441533572 -0.004059448630367335 106
1694441533612 -0.003523382156193966 107
1694441533652 -0.0037083499166516987 108
1694441533690 -0.0032545277055997524 109
1694441533730 -0.003395168959956063 110
1694441533767 -0.0036090084688737978 111
1694441533807 -0.0036644170820732125 112
1694441533848 -0.0035610365462090954 113
1694441533887 -0.004049710607237689 114
1694441533928 -0.003725238753680582 115
1694441533968 -0.003511196994079535 116
1694441534011 -0.002961495931280922 117
1694441534056 -0.0037201204346972716 118
1694441534094 -0.0031733612147075707 119
1694441534134 -0.0032462827690373786 120
1694441534170 -0.0032319484826237588 121
1694441534206 -0.0033742648057997204 122
1694441534249 -0.003078469972792597 123
1694441534288 -0.003523442896314455 124
1694441534331 -0.0032659836652513263 125
1694441534378 -0.0028846864321290244 126
1694441534424 -0.0032035118229654103 127
1694441534473 -0.0031721959258765864 128
1694441534511 -0.003164042173504855 129
1694441534554 -0.0034600231353152378 130
1694441534591 -0.003153346071300689 131
1694441534637 -0.0033233306857136657 132
1694441534678 -0.00270092171802383 133
1694441534722 -0.002719490964862903 134
1694441534764 -0.002954897885893537 135
1694441534801 -0.002874382949540122 136
1694441534843 -0.003475152850616725 137
1694441534884 -0.0028941281110339556 138
1694441534921 -0.0031185507237907473 139
1694441534961 -0.0026862336231019412 140
1694441535001 -0.0028709376498785577 141
1694441535044 -0.002733356599134096 142
1694441535089 -0.002879958616736733 143
1694441535130 -0.0025643871959433184 144
1694441535174 -0.002789196997033949 145
1694441535213 -0.0022939171601557007 146
1694441535257 -0.0023065726875759474 147
1694441535297 -0.0028001781502513534 148
1694441535337 -0.0026044157028497494 149
1694441535376 -0.0023250991882863836 150
1694441535416 -0.002161154339252125 151
1694441535459 -0.0018948470661990235 152
1694441535502 -0.0024838343120963113 153
1694441535542 -0.0024129080079080545 154
1694441535581 -0.002418751313214562 155
1694441535621 -0.002596014300384031 156
1694441535658 -0.0026340120679888557 157
1694441535698 -0.0019644651755257314 158
1694441535740 -0.002345137851752055 159
1694441535779 -0.002264427511678102 160
1694441535819 -0.0019697124014073086 161
1694441535855 -0.0015422157467133157 162
1694441535892 -0.0020526575451160767 163
1694441535931 -0.0021899463650911777 164
1694441535969 -0.001345711200673838 165
1694441536009 -0.0011285377558505338 166
1694441536044 -0.0021922908326794666 167
1694441536084 -0.0021542956610365316 168
1694441536124 -0.0015864104203207052 169
1694441536165 -0.001988313888555915 170
1694441536204 -0.0020183885201054963 171
1694441536246 -0.0018529694645910144 172
1694441536282 -0.0016016335388298053 173
1694441536318 -0.0012759901921577388 174
1694441536357 -0.0017489179676202227 175
1694441536395 -0.0010344486144133747 176
1694441536436 -0.0009410667407079298 177
1694441536472 -0.0012371522913050548 178
1694441536510 -0.0011741743820452566 179
1694441536547 -0.0009967636390719736 180
1694441536587 -0.0019011254450980175 181
1694441536626 -0.0005910864026055229 182
1694441536667 -0.0003751457530376534 183
1694441536708 -0.0007079739510713612 184
1694441536752 -0.0001245437909203062 185
1694441536792 -0.0005739333491496801 186
1694441536832 -0.0007821660906215389 187
1694441536872 -0.0015853205803055825 188
1694441536913 -0.000908251465691956 189
1694441536955 -8.585014572037863e-05 190
1694441536995 -0.001126388204227835 191
1694441537033 -0.0004012130624835297 192
1694441537073 -0.0007990231310281981 193
1694441537112 -0.0009528810119185938 194
1694441537152 0.0004620475115363343 195
1694441537196 -0.0007750912969863855 196
1694441537231 -0.00035411934086981844 197
1694441537266 -0.0006486952493207632 198
1694441537302 -0.0007111386507905326 199
1694441537341 0.00025181596757595237 200
1694441537381 0.00044337119978243855 201
1694441537424 -0.00027724765668146745 202
1694441537465 0.00021140035087907627 203
1694441537512 -0.00031007475365418813 204
1694441537553 0.00019949685361420055 205
1694441537589 0.0006893539687515826 206
1694441537627 -8.446196476641354e-05 207
1694441537664 0.0006301620992960055 208
1694441537707 0.0004712136391959998 209
1694441537747 0.0007140316168099403 210
1694441537785 0.0001274390222892885 211
1694441537822 0.0005273895277053686 212
1694441537862 0.000780928881397025 213
1694441537902 0.0009364603178757536 214
1694441537942 0.00032857333199398653 215
1694441537981 0.0015647528132956001 216
1694441538023 0.0006813902415375717 217
1694441538060 0.000986595680491198 218
1694441538102 0.0005157076350982281 219
1694441538144 0.0021030927833262103 220
1694441538182 0.001201686909082622 221
1694441538226 0.0015744160490053227 222
1694441538267 0.0008077017253365071 223
1694441538308 0.0015317930283887948 224
1694441538348 0.000983778032131677 225
1694441538390 0.0013196982833642013 226
1694441538432 0.0019501814911464521 227
1694441538473 0.0025505027258077018 228
1694441538514 0.001076985261626695 229
1694441538557 0.0013470685974501517 230
1694441538599 0.0019359123626473407 231
1694441538643 0.0028564038526370794 232
1694441538685 0.001925773793268526 233
1694441538733 0.0011895270000438218 234
1694441538772 0.0015247859704363709 235
1694441538812 0.0027957477399545017 236
1694441538858 0.0027942593348015965 237
1694441538899 0.0027941010924589227 238
1694441538937 0.002448067723932912 239
1694441538976 0.0027119173863443535 240
1694441539014 0.002083157092289678 241
1694441539052 0.0017853475362803461 242
1694441539091 0.003575677475128547 243
1694441539129 0.0037502023424292874 244
1694441539166 0.0019391817828141589 245
1694441539207 0.001544560283696872 246
1694441539247 0.0035520325791225105 247
1694441539288 0.003673686983245994 248
1694441539327 0.0031924469063850935 249
1694441539368 0.003990677969916923 250
1694441539409 0.0034835488822024807 251
1694441539450 0.0039222546145702974 252
1694441539489 0.0031742790903094287 253
1694441539528 0.004180838223056371 254
1694441539566 0.004331258916231651 255
1694441539602 0.0034338820178058116 256
1694441539640 0.004725369393241641 257
1694441539676 0.005358941200037548 258
1694441539716 0.004269702701456546 259
1694441539755 0.004865211192683572 260
1694441539794 0.0029146507745065886 261
1694441539832 0.005072705962306467 262
1694441539872 0.004025044126614641 263
1694441539909 0.003228289168199505 264
1694441539949 0.006095583083574496 265
1694441539990 0.003952136529527972 266
1694441540026 0.00559990555988954 267
1694441540066 0.00432880477985087 268
1694441540106 0.004818387316475103 269
1694441540143 0.00509430498629726 270
1694441540180 0.0066206073811272415 271
1694441540222 0.006311756796582357 272
1694441540261 0.006276453368568302 273
1694441540299 0.0049616530714579055 274
1694441540335 0.006459581149360294 275
1694441540375 0.004954962582160549 276
1694441540411 0.0055663961436160925 277
1694441540450 0.0065169517127737775 278
1694441540489 0.005884848551444222 279
1694441540570 0.006582180186657793 280
1694441540613 0.0069281833375594015 281
1694441540650 0.007664845915713592 282
1694441540690 0.008708632229768365 283
1694441540729 0.007031553035411919 284
1694441540770 0.007304694196329842 285
1694441540805 0.0076330194497941095 286
1694441540839 0.006060145593483668 287
1694441540874 0.006824487737383089 288
1694441540907 0.00815229108227078 289
1694441540942 0.006621749837680269 290
1694441540977 0.006013883253030872 291
1694441541014 0.006107322021221551 292
1694441541053 0.008470708385399539 293
1694441541090 0.009298068153231753 294
1694441541124 0.0069524286989476325 295
1694441541164 0.009268082346361117 296
1694441541208 0.008175387060732064 297
1694441541244 0.006656266957996371 298
1694441541288 0.008961317845109784 299
1694441541328 0.007308102422231566 300
1694441541373 0.008166832625106757 301
1694441541411 0.007579154321426973 302
1694441541453 0.009830391315808984 303
1694441541497 0.009988034305603688 304
1694441541537 0.010481297244331444 305
1694441541582 0.007602363010385638 306
1694441541619 0.012412365918569424 307
1694441541659 0.010267427328736423 308
1694441541698 0.010069365465461999 309
1694441541740 0.010320171915803034 310
1694441541788 0.009672477865237505 311
1694441541826 0.01073318472033713 312
1694441541867 0.01319970851773311 313
1694441541906 0.008186903262660472 314
1694441541945 0.013386153471015794 315
1694441541989 0.009613425495778594 316
1694441542030 0.010845959046179576 317
1694441542069 0.009361091780312969 318
1694441542108 0.009048375250640506 319
1694441542141 0.00953702388006561 320
1694441542180 0.011453674222938415 321
1694441542216 0.011530558434937443 322
1694441542256 0.011578059738888369 323
1694441542299 0.009161703236772123 324
1694441542339 0.008762524436763619 325
1694441542377 0.013432251642629844 326
1694441542412 0.012167768772100018 327
1694441542452 0.01513762954719955 328
1694441542498 0.015337812453121158 329
1694441542539 0.010554735657518965 330
1694441542577 0.01371523529325469 331
1694441542615 0.011042589947555581 332
1694441542650 0.012598146391173404 333
1694441542688 0.014241895877161959 334
1694441542726 0.012247345365288043 335
1694441542762 0.014523494610852339 336
1694441542803 0.013355498837198998 337
1694441542837 0.01313179680352472 338
1694441542877 0.015597994710367824 339
1694441542915 0.01386187585876364 340
1694441542954 0.013477111473068737 341
1694441542988 0.014782496301007364 342
1694441543027 0.014447764917298378 343
1694441543069 0.01594818066423087 344
1694441543107 0.013804388391457256 345
1694441543147 0.016901160246064695 346
1694441543185 0.0151440741370229 347
1694441543229 0.013315642548215267 348
1694441543275 0.01703261345607121 349
1694441543321 0.01314402747160437 350
1694441543357 0.013743737608355788 351
1694441543395 0.016541767265425 352
1694441543432 0.018541820724073732 353
1694441543471 0.01641588222697621 354
1694441543512 0.01833246640385411 355
1694441543551 0.013655781152205226 356
1694441543595 0.016118209616667545 357
1694441543631 0.018360186407718526 358
1694441543670 0.019318014851591903 359
1694441543707 0.016568883552006586 360
1694441543748 0.017822377790656985 361
1694441543789 0.017267332964484683 362
1694441543829 0.019060674543261324 363
1694441543870 0.020857886827992833 364
1694441543911 0.019806916851138223 365
1694441543949 0.019268205660308846 366
1694441543986 0.018936604705130033 367
1694441544022 0.019656145845588835 368
1694441544058 0.02233977356564365 369
1694441544098 0.019713322655025456 370
1694441544135 0.019802674763179984 371
1694441544180 0.01829631694430678 372
1694441544215 0.01959642187809818 373
1694441544258 0.02029479280808455 374
1694441544299 0.016797551723995663 375
1694441544336 0.02355791907098559 376
1694441544374 0.02004715547832081 377
1694441544414 0.022702840878719432 378
1694441544450 0.021039145496612455 379
1694441544487 0.019894326371104776 380
1694441544527 0.023723887598380622 381
1694441544565 0.020387798153384096 382
1694441544603 0.0213948983287211 383
1694441544643 0.02006322404126404 384
1694441544680 0.022496659798134644 385
1694441544726 0.021901641616619227 386
1694441544763 0.023600506998487814 387
1694441544800 0.025090437290014256 388
1694441544832 0.021865709823656987 389
1694441544871 0.022359032605919094 390
1694441544909 0.023601444553594808 391
1694441544947 0.02932180255743333 392
1694441544985 0.02083304207258807 393
1694441545020 0.02469551606887499 394
1694441545058 0.023726594821096292 395
1694441545100 0.026423110273580686 396
1694441545138 0.026133443714695503 397
1694441545177 0.028127073622498555 398
1694441545215 0.024399474462999282 399
1694441545254 0.02528274940780939 400
1694441545295 0.02752458776564526 401
1694441545333 0.025413783686640268 402
1694441545371 0.028483476447300426 403
1694441545411 0.0279133564140277 404
1694441545450 0.0272750725679497 405
1694441545490 0.026617066806756795 406
1694441545529 0.023846786581299018 407
1694441545568 0.029570971708820837 408
1694441545609 0.028250019786042024 409
1694441545646 0.033633229145638044 410
1694441545682 0.025013936971135187 411
1694441545723 0.021597039086125314 412
1694441545761 0.027893201284920233 413
1694441545799 0.03297147958248503 414
1694441545838 0.032112277590819915 415
1694441545878 0.029782464908042483 416
1694441545917 0.025572078635193174 417
1694441545952 0.024716730038824908 418
1694441545992 0.0316748616789605 419
1694441546032 0.030604970985008473 420
1694441546072 0.03295694743159294 421
1694441546112 0.031937981970026286 422
1694441546150 0.030759281040255382 423
1694441546190 0.03327918085509862 424
1694441546234 0.031281385984975985 425
1694441546274 0.0381849826416345 426
1694441546314 0.02735670703467097 427
1694441546352 0.03017365842464903 428
1694441546391 0.03252352649160373 429
1694441546428 0.038109649483240915 430
1694441546465 0.038584141349046974 431
1694441546502 0.03669118963184459 432
1694441546546 0.033673860679701795 433
1694441546587 0.033875316133339606 434
1694441546622 0.03204274547518304 435
1694441546662 0.030917461911175503 436
1694441546700 0.03241453619399215 437
1694441546738 0.04057683263609879 438
1694441546781 0.034470545529331376 439
1694441546822 0.035462564300572486 440
1694441546864 0.03883327839615425 441
1694441546900 0.03899456648691002 442
1694441546939 0.03934888500235001 443
1694441546980 0.03793944652405967 444
1694441547019 0.03661331590035577 445
1694441547060 0.03362652683060452 446
1694441547094 0.038599211247427045 447
1694441547136 0.038873237486685364 448
1694441547172 0.03905175300738528 449
1694441547214 0.04529588964769993 450
1694441547250 0.0387167735710372 451
1694441547290 0.03720110909068264 452
1694441547328 0.038304298000668036 453
1694441547370 0.04062774741161057 454
1694441547408 0.03743839616762934 455
1694441547445 0.03830727703723069 456
1694441547484 0.03611209748633737 457
1694441547520 0.03814238852218088 458
1694441547560 0.04248956999350939 459
1694441547597 0.037470228966545394 460
1694441547633 0.04268268019760646 461
1694441547670 0.045778049008700195 462
1694441547710 0.05211361162703276 463
1694441547750 0.04383550219474153 464
1694441547788 0.04593960088982352 465
1694441547824 0.041466470610341366 466
1694441547864 0.04352507009639206 467
1694441547900 0.03979698978378132 468
1694441547935 0.04197878864276883 469
1694441547975 0.047082288961543095 470
1694441548015 0.04857836828855189 471
1694441548056 0.050582791157881446 472
1694441548096 0.04603702597322057 473
1694441548133 0.039931686580060965 474
1694441548174 0.047286439060690744 475
1694441548209 0.0463324093154992 476
1694441548246 0.052292174689411386 477
1694441548285 0.041385610594003586 478
1694441548326 0.047095771571250555 479
1694441548368 0.046827498586476723 480
1694441548408 0.05079871427152327 481
1694441548445 0.04622752403943731 482
1694441548482 0.04663947816155056 483
1694441548518 0.046274145728656624 484
1694441548558 0.05268238876532705 485
1694441548599 0.048006256063156005 486
1694441548641 0.053778381462190716 487
1694441548683 0.05062334397005552 488
1694441548726 0.052429530078948794 489
1694441548766 0.05462775590701352 490
1694441548809 0.052509058466058356 491
1694441548851 0.054571666471020186 492
1694441548888 0.0587032817641715 493
1694441548924 0.050254078993439144 494
1694441548965 0.04780845305162973 495
1694441549004 0.057895671214624245 496
1694441549044 0.0605574032956816 497
1694441549085 0.06010455919912383 498
1694441549120 0.0561065853025412 499
