1694442026494 161.13104069709468 0
1694442026550 160.81047060564077 1
1694442026604 160.49055759697026 2
1694442026661 160.17130030235887 3
1694442026750 159.85269735596734 4
1694442026819 159.5347473948354 5
1694442026919 159.21744905887527 6
1694442027018 158.90080099086595 7
1694442027072 158.58480183644687 8
1694442027139 158.26945024411177 9
1694442027207 157.95474486520285 10
1694442027274 157.6406843539043 11
1694442027342 157.32726736723674 12
1694442027399 157.0144925650506 13
1694442027471 156.7023586100206 14
1694442027516 156.3908641676395 15
1694442027569 156.08000790621207 16
1694442027624 155.76978849684906 17
1694442027737 155.46020461346137 18
1694442027813 155.15125493275403 19
1694442027880 154.84293813422013 20
1694442027954 154.53525290013502 21
1694442028006 154.22819791555034 22
1694442028059 153.92177186828798 23
1694442028098 153.61608445667105 24
1694442028151 153.3110227710393 25
1694442028199 153.00658551005077 26
1694442028241 152.70277137510047 27
1694442028286 152.39957907031416 28
1694442028335 152.09700730254275 29
1694442028410 151.79505478135655 30
1694442028473 151.49372021903937 31
1694442028548 151.19300233058277 32
1694442028600 150.89289983368045 33
1694442028643 150.5934114487223 34
1694442028699 150.29453589878875 35
1694442028742 149.9962719096452 36
1694442028802 149.69861820973603 37
1694442028857 149.40157353017923 38
1694442028910 149.10513660476042 39
1694442028968 148.8093061699273 40
1694442029021 148.51408096478426 41
1694442029069 148.21945973108615 42
1694442029135 147.92544121323323 43
1694442029205 147.63202415826518 44
1694442029268 147.3392073158557 45
1694442029358 147.04698943830684 46
1694442029416 146.75536928054325 47
1694442029488 146.46434560010712 48
1694442029558 146.1739171571519 49
1694442029628 145.88408271443734 50
1694442029717 145.59484103732368 51
1694442029783 145.30619089376623 52
1694442029830 145.01813105430975 53
1694442029871 144.7306602920831 54
1694442029911 144.44377738279363 55
1694442029965 144.15748110472168 56
1694442030015 143.87177023871536 57
1694442030059 143.5866435681847 58
1694442030117 143.3020998790967 59
1694442030187 143.0181379599693 60
1694442030288 142.73475660186654 61
1694442030381 142.45195459839283 62
1694442030433 142.16973074568764 63
1694442030472 141.8880838424201 64
1694442030514 141.60701268978366 65
1694442030559 141.3265160914907 66
1694442030614 141.04659285376724 67
1694442030665 140.76724178534752 68
1694442030710 140.48846169746867 69
1694442030764 140.2102514038655 70
1694442030813 139.93260972076516 71
1694442030859 139.65553546688176 72
1694442030918 139.37902746341123 73
1694442031006 139.10308453402592 74
1694442031065 138.82770550486947 75
1694442031105 138.55288920455143 76
1694442031180 138.2786344641422 77
1694442031234 138.0049401171676 78
1694442031307 137.7318049996038 79
1694442031383 137.45922794987214 80
1694442031458 137.18720780883382 81
1694442031518 136.91574341978477 82
1694442031589 136.6448336284506 83
1694442031652 136.37447728298125 84
1694442031722 136.104673233946 85
1694442031774 135.83542033432823 86
1694442031820 135.5667174395204 87
1694442031866 135.29856340731882 88
1694442031908 135.03095709791867 89
1694442031964 134.76389737390886 90
1694442032005 134.4973831002669 91
1694442032052 134.23141314435392 92
1694442032091 133.96598637590952 93
1694442032143 133.70110166704683 94
1694442032200 133.4367578922474 95
1694442032253 133.1729539283562 96
1694442032301 132.90968865457666 97
1694442032339 132.64696095246546 98
1694442032388 132.38476970592788 99
1694442032442 132.12311380121247 100
1694442032497 131.86199212690633 101
1694442032546 131.60140357393004 102
1694442032590 131.34134703553272 103
1694442032636 131.0818214072871 104
1694442032686 130.8228255870846 105
1694442032722 130.56435847513038 106
1694442032774 130.30641897393852 107
1694442032846 130.049005988327 108
1694442032890 129.79211842541292 109
1694442032935 129.53575519460756 110
1694442032982 129.27991520761157 111
1694442033042 129.02459737841002 112
1694442033091 128.76980062326766 113
1694442033141 128.51552386072402 114
1694442033202 128.26176601158872 115
1694442033240 128.0085259989364 116
1694442033284 127.75580274810211 117
1694442033347 127.50359518667656 118
1694442033404 127.25190224450115 119
1694442033447 127.0007228536634 120
1694442033506 126.75005594849195 121
1694442033555 126.49990046555207 122
1694442033599 126.25025534364082 123
1694442033674 126.00111952378217 124
1694442033721 125.7524919492225 125
1694442033792 125.50437156542579 126
1694442033852 125.25675732006891 127
1694442033898 125.00964816303693 128
1694442033937 124.76304304641847 129
1694442033975 124.51694092450107 130
1694442034019 124.27134075376637 131
1694442034065 124.02624149288567 132
1694442034102 123.78164210271511 133
1694442034153 123.53754154629117 134
1694442034204 123.29393878882591 135
1694442034254 123.05083279770257 136
1694442034292 122.80822254247073 137
1694442034344 122.56610699484189 138
1694442034393 122.32448512868487 139
1694442034439 122.08335592002108 140
1694442034485 121.84271834702018 141
1694442034525 121.6025713899954 142
1694442034569 121.36291403139904 143
1694442034615 121.12374525581794 144
1694442034671 120.88506404996886 145
1694442034709 120.64686940269414 146
1694442034766 120.4091603049571 147
1694442034819 120.17193574983746 148
1694442034888 119.93519473252708 149
1694442034936 119.6989362503253 150
1694442034989 119.4631593026345 151
1694442035056 119.22786289095569 152
1694442035109 118.99304601888414 153
1694442035155 118.75870769210475 154
1694442035192 118.52484691838774 155
1694442035238 118.29146270758429 156
1694442035287 118.05855407162204 157
1694442035333 117.82612002450068 158
1694442035373 117.59415958228763 159
1694442035415 117.36267176311362 160
1694442035464 117.13165558716838 161
1694442035514 116.90111007669616 162
1694442035560 116.6710342559915 163
1694442035608 116.4414271513948 164
1694442035655 116.2122877912881 165
1694442035706 115.9836152060906 166
1694442035754 115.75540842825446 167
1694442035805 115.52766649226048 168
1694442035856 115.30038843461377 169
1694442035901 115.07357329383953 170
1694442035940 114.84722011047863 171
1694442035985 114.62132792708354 172
1694442036027 114.39589578821393 173
1694442036089 114.17092274043246 174
1694442036177 113.94640783230057 175
1694442036231 113.72235011437412 176
1694442036288 113.4987486391994 177
1694442036339 113.27560246130874 178
1694442036390 113.05291063721631 179
1694442036428 112.83067222541399 180
1694442036480 112.60888628636717 181
1694442036522 112.38755188251054 182
1694442036577 112.16666807824397 183
1694442036618 111.94623393992829 184
1694442036671 111.72624853588121 185
1694442036709 111.50671093637312 186
1694442036756 111.28762021362299 187
1694442036804 111.06897544179421 188
1694442036844 110.85077569699054 189
1694442036885 110.6330200572519 190
1694442036932 110.41570760255044 191
1694442036987 110.19883741478624 192
1694442037038 109.9824085777834 193
1694442037087 109.7664201772859 194
1694442037142 109.55087130095355 195
1694442037200 109.33576103835787 196
1694442037237 109.12108848097819 197
1694442037284 108.90685272219748 198
1694442037325 108.69305285729838 199
1694442037365 108.47968798345919 200
1694442037401 108.26675719974978 201
1694442037439 108.05425960712775 202
1694442037486 107.84219430843424 203
1694442037531 107.63056040839011 204
1694442037572 107.41935701359182 205
1694442037622 107.2085832325076 206
1694442037677 106.99823817547347 207
1694442037725 106.7883209546891 208
1694442037803 106.57883068421414 209
1694442037858 106.3697664799641 210
1694442037909 106.16112745970652 211
1694442037958 105.95291274305697 212
1694442038007 105.74512145147526 213
1694442038048 105.53775270826141 214
1694442038090 105.3308056385518 215
1694442038172 105.12427936931536 216
1694442038281 104.9181730293496 217
1694442038369 104.7124857492768 218
1694442038447 104.50721666154006 219
1694442038486 104.30236490039964 220
1694442038549 104.09792960192888 221
1694442038614 103.89390990401057 222
1694442038658 103.69030494633299 223
1694442038704 103.48711387038612 224
1694442038754 103.28433581945792 225
1694442038797 103.0819699386304 226
1694442038847 102.88001537477585 227
1694442038891 102.67847127655317 228
1694442038946 102.47733679440398 229
1694442038989 102.27661108054886 230
1694442039040 102.07629328898366 231
1694442039092 101.87638257547559 232
1694442039137 101.67687809755972 233
1694442039184 101.47777901453503 234
1694442039225 101.27908448746074 235
1694442039266 101.08079367915268 236
1694442039308 100.88290575417939 237
1694442039359 100.68541987885864 238
1694442039401 100.48833522125354 239
1694442039450 100.29165095116899 240
1694442039499 100.09536624014788 241
1694442039540 99.89948026146752 242
1694442039595 99.70399219013589 243
1694442039643 99.50890120288805 244
1694442039697 99.31420647818247 245
1694442039741 99.11990719619733 246
1694442039791 98.92600253882699 247
1694442039861 98.7324916896783 248
1694442039920 98.5393738340669 249
1694442040004 98.34664815901382 250
1694442040060 98.15431385324167 251
1694442040110 97.96237010717118 252
1694442040162 97.77081611291754 253
1694442040213 97.5796510642868 254
1694442040268 97.38887415677239 255
1694442040317 97.19848458755143 256
1694442040362 97.00848155548134 257
1694442040407 96.81886426109614 258
1694442040442 96.62963190660294 259
1694442040477 96.44078369587845 260
1694442040522 96.25231883446541 261
1694442040570 96.06423652956913 262
1694442040621 95.87653599005387 263
1694442040674 95.68921642643943 264
1694442040742 95.50227705089765 265
1694442040793 95.31571707724886 266
1694442040856 95.12953572095843 267
1694442040908 94.94373219913331 268
1694442040959 94.75830573051854 269
1694442041028 94.5732555354938 270
1694442041069 94.38858083606999 271
1694442041119 94.20428085588566 272
1694442041166 94.02035482020369 273
1694442041218 93.8368019559079 274
1694442041267 93.65362149149952 275
1694442041302 93.4708126570938 276
1694442041354 93.28837468441658 277
1694442041393 93.10630680680096 278
1694442041450 92.92469513506752 279
1694442041492 92.7434517947772 280
1694442041551 92.56257602465412 281
1694442041589 92.38206706501428 282
1694442041629 92.20192415776233 283
1694442041670 92.0221465463882 284
1694442041718 91.84273347596361 285
1694442041786 91.66368419313893 286
1694442041836 91.48499794613971 287
1694442041874 91.30667398476338 288
1694442041914 91.12871156037605 289
1694442041950 90.95110992590898 290
1694442041992 90.77386833585552 291
1694442042035 90.59698604626763 292
1694442042080 90.42046231475268 293
1694442042121 90.24429640047016 294
1694442042172 90.06848756412836 295
1694442042225 89.89303506798115 296
1694442042273 89.71793817582474 297
1694442042323 89.54319615299437 298
1694442042390 89.36880826636106 299
1694442042487 89.1947737843284 300
1694442042548 89.02109197682938 301
1694442042590 88.84776211532302 302
1694442042639 88.67478347279123 303
1694442042680 88.50215532373568 304
1694442042720 88.3298769441744 305
1694442042776 88.15794761163875 306
1694442042832 87.98636660517018 307
1694442042873 87.81513320531701 308
1694442042912 87.64424669413125 309
1694442042956 87.47370635516556 310
1694442042997 87.30351147346983 311
1694442043038 87.1336613355883 312
1694442043083 86.9641552295562 313
1694442043129 86.79499244489675 314
1694442043170 86.62617227261791 315
1694442043209 86.45769400520933 316
1694442043244 86.28955693663914 317
1694442043282 86.12176036235095 318
1694442043322 85.95430357926068 319
1694442043365 85.78718588575335 320
1694442043452 85.62040658168019 321
1694442043506 85.45396496835538 322
1694442043594 85.28786034855304 323
1694442043649 85.12209202650419 324
1694442043685 84.95665930789353 325
1694442043737 84.79156149985651 326
1694442043775 84.62679791097628 327
1694442043825 84.46236785128052 328
1694442043870 84.29827063223848 329
1694442043916 84.13450556675801 330
1694442043966 83.97107196918226 331
1694442044008 83.80796915528704 332
1694442044058 83.64519644227745 333
1694442044103 83.48275314878508 334
1694442044160 83.32063859486493 335
1694442044201 83.15885210199238 336
1694442044240 82.99739299306032 337
1694442044293 82.83626059237595 338
1694442044334 82.67545422565802 339
1694442044374 82.51497322003368 340
1694442044420 82.35481690403569 341
1694442044462 82.19498460759925 342
1694442044513 82.0354756620592 343
1694442044560 81.87628940014704 344
1694442044609 81.71742515598793 345
1694442044672 81.55888226509778 346
1694442044717 81.40066006438039 347
1694442044766 81.24275789212439 348
1694442044823 81.08517508800043 349
1694442044871 80.92791099305825 350
1694442044922 80.77096494972373 351
1694442044987 80.61433630179603 352
1694442045035 80.45802439444465 353
1694442045074 80.3020285742066 354
1694442045126 80.1463481889835 355
1694442045180 79.9909825880387 356
1694442045232 79.83593112199438 357
1694442045291 79.68119314282876 358
1694442045337 79.52676800387313 359
1694442045390 79.37265505980915 360
1694442045451 79.21885366666584 361
1694442045503 79.06536318181689 362
1694442045558 78.91218296397774 363
1694442045603 78.75931237320272 364
1694442045649 78.60675077088237 365
1694442045698 78.45449751974049 366
1694442045737 78.30255198383138 367
1694442045781 78.15091352853703 368
1694442045840 77.99958152056435 369
1694442045884 77.84855532794234 370
1694442045975 77.69783432001933 371
1694442046041 77.54741786746018 372
1694442046096 77.39730534224357 373
1694442046134 77.24749611765911 374
1694442046171 77.0979895683047 375
1694442046208 76.94878507008372 376
1694442046244 76.7998820002023 377
1694442046287 76.65127973716652 378
1694442046334 76.50297766077969 379
1694442046387 76.35497515213977 380
1694442046435 76.20727159363638 381
1694442046486 76.05986636894829 382
1694442046529 75.91275886304061 383
1694442046567 75.7659484621621 384
1694442046602 75.61943455384244 385
1694442046639 75.47321652688963 386
1694442046685 75.32729377138715 387
1694442046732 75.1816656786914 388
1694442046783 75.03633164142897 389
1694442046838 74.89129105349397 390
1694442046877 74.74654331004531 391
1694442046937 74.60208780750412 392
1694442046986 74.45792394355108 393
1694442047029 74.31405111712371 394
1694442047066 74.17046872841378 395
1694442047099 74.02717617886461 396
1694442047137 73.8841728711685 397
1694442047171 73.74145820926407 398
1694442047207 73.5990315983337 399
1694442047253 73.45689244480073 400
1694442047303 73.31504015632703 401
1694442047350 73.17347414181032 402
1694442047396 73.03219381138163 403
1694442047447 72.89119857640256 404
1694442047493 72.75048784946286 405
1694442047543 72.61006104437772 406
1694442047597 72.46991757618525 407
1694442047650 72.33005686114393 408
1694442047701 72.19047831672988 409
1694442047741 72.05118136163459 410
1694442047788 71.91216541576203 411
1694442047834 71.77342990022642 412
1694442047891 71.63497423734937 413
1694442047951 71.49679785065757 414
1694442048010 71.35890016488018 415
1694442048061 71.22128060594629 416
1694442048099 71.08393860098239 417
1694442048139 70.94687357830978 418
1694442048184 70.81008496744228 419
1694442048226 70.67357219908347 420
1694442048270 70.53733470512431 421
1694442048303 70.40137191864063 422
1694442048339 70.26568327389066 423
1694442048383 70.13026820631244 424
1694442048420 69.99512615252144 425
1694442048457 69.86025655030805 426
1694442048489 69.72565883863513 427
1694442048542 69.59133245763546 428
1694442048583 69.45727684860941 429
1694442048621 69.32349145402233 430
1694442048656 69.18997571750224 431
1694442048692 69.05672908383731 432
1694442048754 68.92375099897339 433
1694442048796 68.7910409100117 434
1694442048850 68.65859826520621 435
1694442048889 68.5264225139614 436
1694442048935 68.39451310682976 437
1694442048972 68.2628694955093 438
1694442049016 68.13149113284128 439
1694442049066 68.00037747280773 440
1694442049142 67.869527970529 441
1694442049198 67.7389420822615 442
1694442049276 67.60861926539523 443
1694442049319 67.47855897845136 444
1694442049358 67.34876068107987 445
1694442049405 67.21922383405725 446
1694442049450 67.08994789928406 447
1694442049487 66.96093233978254 448
1694442049530 66.8321766196944 449
1694442049621 66.70368020427819 450
1694442049687 66.57544255990727 451
1694442049728 66.44746315406725 452
1694442049771 66.31974145535368 453
1694442049811 66.19227693346983 454
1694442049863 66.06506905922421 455
1694442049917 65.93811730452835 456
1694442049967 65.81142114239442 457
1694442050050 65.68498004693299 458
1694442050109 65.55879349335058 459
1694442050157 65.43286095794755 460
1694442050193 65.3071819181156 461
1694442050238 65.18175585233568 462
1694442050283 65.05658224017546 463
1694442050326 64.93166056228726 464
1694442050379 64.80699030040567 465
1694442050424 64.68257093734529 466
1694442050467 64.55840195699841 467
1694442050517 64.43448284433285 468
1694442050566 64.31081308538961 469
1694442050616 64.18739216728065 470
1694442050663 64.06421957818662 471
1694442050714 63.94129480735462 472
1694442050773 63.81861734509601 473
1694442050845 63.696186682784045 474
1694442050893 63.57400231285178 475
1694442050947 63.452063728789774 476
1694442050985 63.33037042514384 477
1694442051038 63.20892189751291 478
1694442051087 63.08771764254673 479
1694442051139 62.966757157943725 480
1694442051186 62.846039942448755 481
1694442051248 62.72556549585092 482
1694442051308 62.60533331898137 483
1694442051359 62.485342913711115 484
1694442051402 62.36559378294884 485
1694442051453 62.2460854306387 486
1694442051493 62.12681736175821 487
1694442051556 62.00778908231597 488
1694442051601 61.889000099349595 489
1694442051687 61.77044992092348 490
1694442051759 61.65213805612671 491
1694442051825 61.53406401507086 492
1694442051889 61.41622730888783 493
1694442051942 61.29862744972774 494
1694442052007 61.181263950756794 495
1694442052075 61.064136326155115 496
1694442052160 60.94724409111464 497
1694442052239 60.83058676183695 498
1694442052310 60.71416385553119 499
