1694442654701 0.16935603466826776 0
1694442655004 0.8121916150173815 1
1694442655295 0.7508578440680242 2
1694442655582 0.4596073827645666 3
1694442655865 0.31962553609109734 4
1694442656147 0.36135883515200223 5
1694442656427 0.2637656221041304 6
1694442656708 0.2808626453513611 7
1694442656978 0.2415613086582121 8
1694442657251 0.681297797556729 9
1694442657538 0.9622705263485896 10
1694442657828 1.2115327698317693 11
1694442658103 0.7424633213626181 12
1694442658394 0.37901986370088653 13
1694442658672 0.7539191573173233 14
1694442658970 0.2636207393248016 15
1694442659256 0.0816364019852955 16
1694442659536 0.20927203706498854 17
1694442659805 0.760151678987182 18
1694442660073 1.6163903682501155 19
1694442660361 0.7144557484504281 20
1694442660639 0.7831802256725051 21
1694442660926 0.707837883105026 22
1694442661190 1.014563180703694 23
1694442661503 2.2854399659662192 24
1694442661783 0.4510406265955612 25
1694442662058 0.49255304395807165 26
1694442662336 0.1466593921312601 27
1694442662625 0.9453736424276034 28
1694442662903 0.6363184084118838 29
1694442663179 0.6322240284795586 30
1694442663459 0.31513840155444633 31
1694442663738 1.0275970092380957 32
1694442664043 0.1465535102782195 33
1694442664324 1.262077697547079 34
1694442664634 1.1207025192237814 35
1694442664985 0.7041203271558867 36
1694442665261 0.0168734543476484 37
1694442665553 0.8000299392634725 38
1694442665826 0.5032956363406771 39
1694442666121 0.7894874305817635 40
1694442666409 1.6273717136408619 41
1694442666689 0.21667350779114586 42
1694442666983 0.07487258389845595 43
1694442667283 0.4373703584088268 44
1694442667552 0.014570038297302792 45
1694442667829 0.7431325131144871 46
1694442668076 1.699083339633567 47
1694442668371 0.07912911308320401 48
1694442668650 0.6221141910030823 49
1694442668922 0.14306348664659416 50
1694442669188 1.0516028486924585 51
1694442669483 0.291465725112717 52
1694442669767 0.3106408627497592 53
1694442670056 0.880108246904595 54
1694442670354 0.21462693518408837 55
1694442670613 1.248568323546995 56
1694442670885 0.3773373508078619 57
1694442671177 0.2194810594325622 58
1694442671467 0.4286853116509475 59
1694442671745 0.2667055646173944 60
1694442672022 0.1374150884361358 61
1694442672295 0.11872247097412751 62
1694442672591 0.046064581989542136 63
1694442672885 0.4592271814644074 64
1694442673155 0.14285462846248323 65
1694442673433 0.3347745614972292 66
1694442673734 0.632422401432088 67
1694442674073 1.2052837035707908 68
1694442674360 0.9790634397665903 69
1694442674644 0.14719966272853285 70
1694442674957 0.19522759669404652 71
1694442675303 1.2133750691684653 72
1694442675565 1.251108951964668 73
1694442675845 0.5949451403926881 74
1694442676124 0.22623883000166412 75
1694442676399 1.7841511829888788 76
1694442676674 1.0878293300954385 77
1694442676952 0.25507994183865135 78
1694442677228 0.31935784865713435 79
1694442677521 0.13065244169604512 80
1694442677802 0.2627503702043581 81
1694442678073 0.7421458497112823 82
1694442678352 0.6456117780938447 83
1694442678630 0.7397200758247275 84
1694442678951 0.39745940571985744 85
1694442679266 0.898072694667695 86
1694442679546 0.9347217330737723 87
1694442679773 0.020433467733885637 88
1694442680115 0.4255636839319922 89
1694442680447 0.5687749842582461 90
1694442680730 0.4062153908006801 91
1694442681022 0.11625054441021605 92
1694442681306 0.47682886805762814 93
1694442681590 0.6131646696937957 94
1694442681862 1.3281186299283672 95
1694442682166 0.3405428697177609 96
1694442682450 0.7772059783133051 97
1694442682730 0.4732032762587165 98
1694442682987 0.25904166100747844 99
1694442683299 0.13094692316949655 100
1694442683578 0.7212224380143478 101
1694442683866 1.0499441272070513 102
1694442684154 0.29731200330513824 103
1694442684438 0.729054191450872 104
1694442684731 0.3290927652707287 105
1694442685020 0.8427901884199108 106
1694442685336 0.5216056359163823 107
1694442685653 1.1919569390432674 108
1694442685971 0.5503282872879712 109
1694442686265 0.6188686041189263 110
1694442686547 0.062832266154835 111
1694442686810 0.9472955450526389 112
1694442687094 0.08121673255536821 113
1694442687412 0.3051651908150451 114
1694442687702 0.2114120961344239 115
1694442687996 0.1075698255069254 116
1694442688278 0.047304005877877725 117
1694442688593 0.09882669292925204 118
1694442688884 0.10869964753195713 119
1694442689186 1.2945533294321672 120
1694442689468 2.6240511337474097 121
1694442689808 0.02305226079132773 122
1694442690124 1.2458019566975602 123
1694442690494 0.34869510977771095 124
1694442690787 0.364141557032995 125
1694442691072 0.003809165812083173 126
1694442691335 3.936459111930776e-05 127
1694442691603 1.894697511214665 128
1694442691883 0.31191066248923494 129
1694442692180 1.2783359944520307 130
1694442692482 0.21858660316879364 131
1694442692756 0.19795373495384969 132
1694442693035 0.24949856831754663 133
1694442693325 0.5804503855239328 134
1694442693621 0.1491337276813498 135
1694442693938 0.3052750221758542 136
1694442694237 0.41205163188734584 137
1694442694516 1.2301159339828502 138
1694442694767 2.20012614017582 139
1694442695041 0.3813899961279711 140
1694442695312 0.2731652858077971 141
1694442695579 0.5287219862078858 142
1694442695842 0.021346789270810473 143
1694442696147 0.1949784080525245 144
1694442696409 0.21172696246727282 145
1694442696671 0.295748878503491 146
1694442696976 0.2185814874937146 147
1694442697268 0.6942242428561647 148
1694442697548 0.3608752539995261 149
1694442697833 0.3053119001806044 150
1694442698099 0.5459655409212643 151
1694442698391 0.028373757446352815 152
1694442698681 0.7003987852748045 153
1694442698971 1.08828554159258 154
1694442699244 0.12518202618055388 155
1694442699542 0.2628976445002866 156
1694442699823 0.3335168672486241 157
1694442700101 0.01212796262242274 158
1694442700394 0.3511216198292536 159
1694442700660 0.5009657064754172 160
1694442700958 0.8244865359251082 161
1694442701235 1.0774113864394748 162
1694442701522 1.036209070901283 163
1694442701791 0.4005780507924939 164
1694442702079 0.3312267713461703 165
1694442702401 0.18468012714128845 166
1694442702697 0.6869571352595585 167
1694442702965 1.1230947848876145 168
1694442703257 0.3296217467182868 169
1694442703556 0.20578139877991358 170
1694442703843 0.16435174508463288 171
1694442704134 1.6130535969756667 172
1694442704423 0.9410952976195044 173
1694442704710 0.6881633319879754 174
1694442704985 0.012231853208918274 175
1694442705267 0.11086087203779682 176
1694442705548 1.7538353440842407 177
1694442705839 1.0080675810665567 178
1694442706123 0.7489687954211571 179
1694442706414 0.002336944200101999 180
1694442706681 0.7747682811290824 181
1694442706955 0.5405203152670459 182
1694442707231 0.7328673090463352 183
1694442707506 1.2425592453021324 184
1694442707795 0.44605961628509744 185
1694442708074 0.11865007974979842 186
1694442708361 0.8341241202977182 187
1694442708630 1.0435041354697003 188
1694442708917 0.2039905147686536 189
1694442709193 0.8815066897988904 190
1694442709443 0.4599297244415899 191
1694442709733 0.3336810048263373 192
1694442710019 0.8782788685954824 193
1694442710310 0.6920086621255277 194
1694442710601 1.8230498825291968 195
1694442710871 0.8558223963493617 196
1694442711156 2.2545300346831167 197
1694442711432 0.5646565579252232 198
1694442711720 0.8370027614115727 199
1694442711995 0.36881134295639856 200
1694442712299 0.10385776092616524 201
1694442712572 0.2023690809370031 202
1694442712872 0.048149701895205003 203
1694442713156 0.6040066825888134 204
1694442713439 0.6596799494892245 205
1694442713715 0.6153975888727247 206
1694442713957 0.8900406840231642 207
1694442714263 0.5997333261269217 208
1694442714547 0.316352020734981 209
1694442714799 0.4900444598234681 210
1694442715080 0.533266010971413 211
1694442715360 0.5905883941238108 212
1694442715638 0.4664006557086332 213
1694442715930 0.046267668351367766 214
1694442716204 0.2832460292458448 215
1694442716475 1.0540129464213022 216
1694442716755 0.3407138751631163 217
1694442717040 0.5324838697455236 218
1694442717296 0.6202126190485181 219
1694442717563 0.5633221732138848 220
1694442717845 0.007931197281214403 221
1694442718130 0.42197060617450916 222
1694442718414 0.11180939570232919 223
1694442718740 1.075982508832286 224
1694442719034 0.8936421051872422 225
1694442719325 0.9508857377929223 226
1694442719595 0.09294548942355219 227
1694442719887 0.6186985298551936 228
1694442720161 0.543359037757346 229
1694442720456 0.4575713976872831 230
1694442720759 1.2030923974195047 231
1694442721024 0.8701653050234104 232
1694442721331 0.4357204157595035 233
1694442721610 0.0007737044322583091 234
1694442721910 0.6701079149648791 235
1694442722191 0.39401243087219623 236
1694442722490 0.5661673148049193 237
1694442722767 1.2894612253877886 238
1694442723044 0.4473449012770715 239
1694442723325 0.5574610726911495 240
1694442723623 1.1199939978037308 241
1694442723935 0.15870858490974524 242
1694442724239 0.8608870151608338 243
1694442724533 0.07372998835354411 244
1694442724809 0.14229033652553322 245
1694442725096 0.3452140215508279 246
1694442725381 1.9193532327857142e-05 247
1694442725657 0.15648666782192536 248
1694442725929 0.1716672265178597 249
1694442726211 0.4354991258807234 250
1694442726470 0.520715005304701 251
1694442726740 0.3191285464495679 252
1694442726985 0.10914173635097159 253
1694442727272 0.1323146529235108 254
1694442727554 0.7108764186141968 255
1694442727848 1.8348314553748328 256
1694442728139 0.3683938660015561 257
1694442728429 0.11836496244437462 258
1694442728706 1.221275594155905 259
1694442729000 0.1979868104529661 260
1694442729285 0.4415291784068549 261
1694442729583 0.15140618743304235 262
1694442729870 0.7298559849148663 263
1694442730152 0.8658926761942041 264
1694442730462 1.0646227527327647 265
1694442730744 0.28388895449288876 266
1694442731008 0.11059936461938809 267
1694442731274 0.36158723936267767 268
1694442731540 0.4036341304799671 269
1694442731807 0.2595453520953095 270
1694442732077 0.3367242211211543 271
1694442732361 0.3209641021450933 272
1694442732637 0.6714490800320387 273
1694442732912 0.8575932889688243 274
1694442733192 0.04989435486813476 275
1694442733470 0.4495474753175313 276
1694442733730 0.278726280369464 277
1694442734005 0.9044540655051627 278
1694442734264 0.4242479751673347 279
1694442734565 0.6336247659438227 280
1694442734853 0.5497775281183255 281
1694442735134 0.9742081422123099 282
1694442735415 0.0007647342444983254 283
1694442735694 0.7321419755288472 284
1694442735998 0.039026652504958945 285
1694442736299 0.8653006311749456 286
1694442736591 0.3221749705770296 287
1694442736839 0.37185134847122653 288
1694442737157 0.8391274155357628 289
1694442737446 0.8470390074316213 290
1694442737729 0.45153375358845266 291
1694442738021 1.252816084947005 292
1694442738305 1.2441479514243718 293
1694442738574 1.2294721788408285 294
1694442738844 0.9101702725376175 295
1694442739153 0.67141827661248 296
1694442739469 1.0584798430323157 297
1694442739748 0.8857689333388349 298
1694442740025 0.17518309561160225 299
1694442740340 1.3132800830433278 300
1694442740618 0.06731633811401486 301
1694442740898 0.1917497417490925 302
1694442741157 0.48456014499295014 303
1694442741407 2.0821373791814155 304
1694442741663 0.6374363157781114 305
1694442741950 0.5035187825734891 306
1694442742203 0.17620497673600166 307
1694442742465 0.03843646000225835 308
1694442742767 0.500770317343306 309
1694442743050 0.4807280923342255 310
1694442743331 0.4529743862460349 311
1694442743617 0.3613383702636896 312
1694442743888 1.1898729593175166 313
1694442744170 3.0734008484986544 314
1694442744455 0.9654818566639806 315
1694442744722 0.16979199427033656 316
1694442744997 0.7982558735261012 317
1694442745269 1.2455751883062787 318
1694442745548 0.29757914591185375 319
1694442745825 0.7528480662984499 320
1694442746091 0.6699630306871334 321
1694442746382 0.32808436495764265 322
1694442746672 0.48677841118602033 323
1694442746960 0.4780259024683916 324
1694442747191 0.30525047108130837 325
1694442747524 0.18367985101060044 326
1694442747804 0.9096955198750544 327
1694442748087 0.35379282981285387 328
1694442748388 0.852112137070189 329
1694442748668 0.5910448917567401 330
1694442748945 1.1197902077107436 331
1694442749229 0.4249432420768354 332
1694442749487 1.6176330641630847 333
1694442749730 0.7856872377484793 334
1694442749988 0.3820883852452549 335
1694442750260 0.2200502960295147 336
1694442750535 0.457689372227999 337
1694442750802 1.6547203173850324 338
1694442751102 0.13104150696005706 339
1694442751395 0.20592659677168385 340
1694442751699 0.6046632554483742 341
1694442751996 0.29192668763721114 342
1694442752302 0.726353711407982 343
1694442752580 0.5087909065392692 344
1694442752922 0.010535042118350591 345
1694442753222 0.01317704830419967 346
1694442753510 0.5249930663185471 347
1694442753811 0.23283944312523341 348
1694442754126 0.29159932458647725 349
1694442754410 0.08168113701598156 350
1694442754680 0.23387256724865618 351
1694442754952 0.6642305536670436 352
1694442755264 1.0448082260525615 353
1694442755568 1.268137404080183 354
1694442755856 0.9105630733207497 355
1694442756136 0.044128457627840526 356
1694442756436 0.4426424390853226 357
1694442756743 0.39293367269628376 358
1694442757034 0.8187148133456541 359
1694442757289 0.41026990386802437 360
1694442757601 1.9220383830458447 361
1694442757867 0.22797560780206197 362
1694442758152 0.0015116466686718147 363
1694442758428 0.8180965217505071 364
1694442758710 0.3346337097567344 365
1694442758982 0.31358739911337874 366
1694442759250 0.6702941688178298 367
1694442759512 0.5994129133491534 368
1694442759795 0.2961984541936894 369
1694442760078 0.3447639790728998 370
1694442760353 2.0215885702826717 371
1694442760615 0.7654604737727415 372
1694442760887 1.1531500554325511 373
1694442761172 0.07676434125459505 374
1694442761430 0.3661371208487437 375
1694442761724 1.3537538827635776 376
1694442762005 0.20857452895321077 377
1694442762289 0.48534980051408877 378
1694442762538 0.9365656882649537 379
1694442762829 0.4938667450752845 380
1694442763110 1.2900734736276878 381
1694442763379 1.4663835267815832 382
1694442763658 0.035019372403062535 383
1694442763957 0.33053356865083255 384
1694442764251 0.8632547300593743 385
1694442764521 0.002123730488167992 386
1694442764791 0.2864125492013615 387
1694442765066 2.908488609192476 388
1694442765327 0.5193557936073065 389
1694442765602 0.777897079532763 390
1694442765881 0.525314747137689 391
1694442766135 0.9552276254606931 392
1694442766412 0.5420228704263018 393
1694442766679 1.0246469559657032 394
1694442766950 1.5124761536139693 395
1694442767239 1.0646480007795334 396
1694442767519 1.0131845178188754 397
1694442767792 0.5954184734115912 398
1694442768061 0.2691816152945868 399
1694442768327 0.5372589756182402 400
1694442768615 0.4100748738793436 401
1694442768922 0.24036115362136287 402
1694442769205 0.06391291978568805 403
1694442769474 0.27451742194590395 404
1694442769741 0.8192867833634129 405
1694442770001 1.407326818657675 406
1694442770290 1.1966630478840807 407
1694442770556 0.5483023047073875 408
1694442770900 0.31547102915769126 409
1694442771210 0.47811438378131027 410
1694442771495 0.16839600450394457 411
1694442771777 0.6781547376396971 412
1694442772058 0.8846803919136125 413
1694442772353 0.46565959854635863 414
1694442772626 1.5635066335965586 415
1694442772910 0.3171563960085118 416
1694442773175 0.6175387692518618 417
1694442773459 0.49355111066905416 418
1694442773709 0.637967993152709 419
1694442773986 0.9949297221424239 420
1694442774262 0.6002970519801005 421
1694442774528 1.085524228690782 422
1694442774802 0.9774254469241414 423
1694442775091 0.36025848931870863 424
1694442775380 0.7623795435750348 425
1694442775637 0.0642779861989077 426
1694442775886 0.4739984915581688 427
1694442776163 0.32578467551318174 428
1694442776421 0.13972417851703203 429
1694442776625 0.26027943079402394 430
1694442776990 0.465912143670751 431
1694442777232 0.358416035381584 432
1694442777478 0.8267845801098715 433
1694442777723 1.5516032660237125 434
1694442778020 0.16444309164182727 435
1694442778304 1.326229253106193 436
1694442778593 0.7692049509736113 437
1694442778873 0.30170208622901873 438
1694442779191 0.7816088716404215 439
1694442779473 0.9209317421008295 440
1694442779762 0.6147056500374094 441
1694442780055 0.8070448535730456 442
1694442780325 0.5916291808504514 443
1694442780621 1.676649119592846 444
1694442780925 0.7388116874577835 445
1694442781220 1.303353423282681 446
1694442781481 0.0018641387374386806 447
1694442781744 0.14487332444879833 448
1694442782017 1.4101323486511228 449
1694442782296 0.7003264987327557 450
1694442782606 0.5026179226996463 451
1694442782893 0.8053526827012545 452
1694442783189 0.6199139943943415 453
1694442783472 0.005973928678738232 454
1694442783750 0.5832221411861068 455
1694442784049 0.39042804679267223 456
1694442784323 1.0684444374541182 457
1694442784586 1.0233719250807163 458
1694442784824 0.00038780296934886514 459
1694442785092 0.31692413664874447 460
1694442785383 0.07555696028425993 461
1694442785696 0.35780283754078945 462
1694442785993 1.5565047146725524 463
1694442786283 1.1273271965165534 464
1694442786554 0.10215819023277041 465
1694442786851 0.7972707397962301 466
1694442787171 0.13952903138319142 467
1694442787456 0.3198413912621113 468
1694442787727 0.6012552479630554 469
1694442787973 0.03340759963984913 470
1694442788302 0.40922443777380724 471
1694442788573 0.4888795609236611 472
1694442788872 0.7901390917682037 473
1694442789140 0.6268192099940848 474
1694442789438 0.8716882565424634 475
1694442789715 0.011229387873053281 476
1694442789995 0.39052056891065323 477
1694442790262 0.43263921055496696 478
1694442790561 0.18709962661742 479
1694442790786 0.49004168704626483 480
1694442791145 0.29370750585351185 481
1694442791419 0.5326082989315437 482
1694442791697 0.7607625707085921 483
1694442791961 0.4575293078019841 484
1694442792240 0.25734388076185966 485
1694442792523 0.5907999246087345 486
1694442792807 0.08600928631071482 487
1694442793078 0.3011292920522465 488
1694442793349 0.34597745690657633 489
1694442793609 0.048492055665729526 490
1694442793869 0.4705679831254257 491
1694442794126 0.8758787501722791 492
1694442794416 0.5814890921227022 493
1694442794707 0.13348415859420473 494
1694442795001 0.002447263243078949 495
1694442795272 0.7656914204465674 496
1694442795551 0.38716531661556114 497
1694442795825 0.5304373089095341 498
1694442796097 0.14611596408708247 499
