1694444424362 -0.009213998263813528 0
1694444424400 -0.00921866139286287 1
1694444424436 -0.009222702172459352 2
1694444424479 -0.009226103518720441 3
1694444424514 -0.009228847945646157 4
1694444424561 -0.009230917556617202 5
1694444424628 -0.009232294035735666 6
1694444424678 -0.009232958638981659 7
1694444424713 -0.009232892185209174 8
1694444424749 -0.00923207504696033 9
1694444424786 -0.00923048714110175 10
1694444424822 -0.00922810791928197 11
1694444424859 -0.009224916358200774 12
1694444424897 -0.009220890949692029 13
1694444424933 -0.009216009690618865 14
1694444424971 -0.009210250072569481 15
1694444425004 -0.009203589071362206 16
1694444425038 -0.009196003136346942 17
1694444425073 -0.00918746817950189 18
1694444425114 -0.009177959564333316 19
1694444425153 -0.00916745209455283 20
1694444425195 -0.009155920002552609 21
1694444425238 -0.009143336937659674 22
1694444425313 -0.009129675954174132 23
1694444425371 -0.00911490949918159 24
1694444425421 -0.009099009400145297 25
1694444425456 -0.009081946852264933 26
1694444425497 -0.009063692405606893 27
1694444425555 -0.009044215951996337 28
1694444425597 -0.009023486711674522 29
1694444425646 -0.009001473219711231 30
1694444425689 -0.008978143312174947 31
1694444425735 -0.008953464112052112 32
1694444425782 -0.008927402014918817 33
1694444425833 -0.008899922674354688 34
1694444425877 -0.008870990987100313 35
1694444425920 -0.008840571077951775 36
1694444425953 -0.008808626284399157 37
1694444425998 -0.008775119140985055 38
1694444426041 -0.008740011363404188 39
1694444426089 -0.00870326383232256 40
1694444426136 -0.008664836576925738 41
1694444426183 -0.008624688758180676 42
1694444426236 -0.008582778651827994 43
1694444426277 -0.008539063631073152 44
1694444426332 -0.008493500149003408 45
1694444426386 -0.008446043720707008 46
1694444426447 -0.00839664890510261 47
1694444426500 -0.008345269286470947 48
1694444426555 -0.008291857455690499 49
1694444426588 -0.008236364991172085 50
1694444426626 -0.008178742439490572 51
1694444426662 -0.00811893929571128 52
1694444426699 -0.008056903983411745 53
1694444426738 -0.007992583834393496 54
1694444426782 -0.007925925068082096 55
1694444426816 -0.007856872770619416 56
1694444426848 -0.0077853708736383975 57
1694444426878 -0.007711362132725386 58
1694444426908 -0.007634788105565837 59
1694444426940 -0.00755558912977583 60
1694444426979 -0.007473704300412942 61
1694444427011 -0.0073890714471720464 62
1694444427043 -0.0073016271112626985 63
1694444427076 -0.00721130652196722 64
1694444427109 -0.0071180435728850355 65
1694444427142 -0.0070217707978550425 66
1694444427177 -0.006922419346565567 67
1694444427215 -0.0068199189598465715 68
1694444427263 -0.0067141979446512234 69
1694444427308 -0.006605183148724159 70
1694444427342 -0.0064927999349584375 71
1694444427377 -0.006376972155446303 72
1694444427411 -0.00625762212522929 73
1694444427442 -0.006134670595741243 74
1694444427474 -0.006008036727956911 75
1694444427506 -0.005877638065249213 76
1694444427542 -0.005743390505953849 77
1694444427579 -0.005605208275654361 78
1694444427612 -0.005463003899186747 79
1694444427643 -0.005316688172373629 80
1694444427680 -0.0051661701334937415 81
1694444427716 -0.005011357034491848 82
1694444427756 -0.00485215431194308 83
1694444427793 -0.00468846555776703 84
1694444427834 -0.004520192489726904 85
1694444427864 -0.004347234921685539 86
1694444427897 -0.004169490733665571 87
1694444427928 -0.003986855841702663 88
1694444427962 -0.0037992241675128824 89
1694444428000 -0.0036064876079848762 90
1694444428032 -0.0034085360045099655 91
1694444428061 -0.003205257112162352 92
1694444428095 -0.0029965365687636414 93
1694444428136 -0.0027822578638085904 94
1694444428184 -0.00256230230731469 95
1694444428216 -0.0023365489985827104 96
1694444428260 -0.0021048747949035107 97
1694444428299 -0.0018671542802226604 98
1694444428335 -0.0016232597337919596 99
1694444428372 -0.0013730610988267333 100
1694444428405 -0.0011164259511931007 101
1694444428444 -0.0008532194681518668 102
1694444428488 -0.0005833043971874563 103
1694444428523 -0.0003065410249443179 104
1694444428564 -2.2787146306990635e-05 105
1694444428599 0.0002681019663485218 106
1694444428635 0.0005662735937035368 107
1694444428670 0.0008718775998018957 108
1694444428716 0.0011850664620869367 109
1694444428760 0.0015059953011261618 110
1694444428805 0.0018348219099854068 111
1694444428849 0.0021717067832262016 112
1694444428892 0.0025168131454442744 113
1694444428926 0.002870306979368409 114
1694444428965 0.0032323570534114054 115
1694444429007 0.0036031349486667086 116
1694444429040 0.003982815085280533 117
1694444429070 0.004371574748159079 118
1694444429112 0.004769594111950215 119
1694444429152 0.005177056265248892 120
1694444429184 0.005594147233964675 121
1694444429215 0.006021056003795655 122
1694444429251 0.006457974541742684 123
1694444429285 0.0069050978166024235 124
1694444429319 0.007362623818373382 125
1694444429361 0.00783075357650076 126
1694444429401 0.008309691176905387 127
1694444429435 0.00879964377768283 128
1694444429465 0.009300821623461686 129
1694444429495 0.009813438058279278 130
1694444429527 0.010337709536929696 131
1694444429562 0.010873855634692786 132
1694444429594 0.01142209905535363 133
1694444429625 0.011982665637432222 134
1694444429668 0.012555784358525224 135
1694444429704 0.013141687337671959 136
1694444429752 0.013740609835643514 137
1694444429799 0.014352790253063463 138
1694444429847 0.014978470126251642 139
1694444429883 0.015617894120693587 140
1694444429920 0.01627131002202753 141
1694444429956 0.016938968724438452 142
1694444429990 0.017621124216351647 143
1694444430028 0.01831803356331374 144
1694444430063 0.019029956887939736 145
1694444430096 0.019757157346812382 146
1694444430129 0.020499901104216622 147
1694444430170 0.021258457302579692 148
1694444430207 0.022033098029499043 149
1694444430240 0.022824098281227334 150
1694444430274 0.02363173592250134 151
1694444430309 0.02445629164253782 152
1694444430338 0.02529804890714804 153
1694444430379 0.02615729390675159 154
1694444430413 0.027034315500210737 155
1694444430445 0.02792940515432729 156
1694444430482 0.028842856878874668 157
1694444430520 0.02977496715702188 158
1694444430563 0.030726034871016106 159
1694444430604 0.03169636122298558 160
1694444430638 0.03268624965072153 161
1694444430678 0.03369600573830789 162
1694444430719 0.034725937121453554 163
1694444430755 0.03577635338739704 164
1694444430791 0.03684756596924543 165
1694444430828 0.03793988803461168 166
1694444430869 0.03905363436843423 167
1694444430914 0.040189121249797344 168
1694444430964 0.041346666322713554 169
1694444431011 0.04252658846065205 170
1694444431046 0.043729207624746524 171
1694444431075 0.04495484471554889 172
1694444431112 0.046203821418213 173
1694444431144 0.04747646004100403 174
1694444431186 0.048773083347030344 175
1694444431222 0.050094014379092 176
1694444431263 0.0514395762775689 177
1694444431301 0.052810092091246985 178
1694444431333 0.05420588458102038 179
1694444431366 0.05562727601638762 180
1694444431397 0.05707458796469089 181
1694444431428 0.05854814107303974 182
1694444431462 0.06004825484288223 183
1694444431492 0.06157524739718967 184
1694444431525 0.0631294352402334 185
1694444431558 0.06471113300995224 186
1694444431598 0.06632065322290603 187
1694444431640 0.06795830601183739 188
1694444431705 0.06962439885587457 189
1694444431742 0.07131923630341563 190
1694444431780 0.07304311968776078 191
1694444431817 0.07479634683556802 192
1694444431850 0.07657921176822291 193
1694444431886 0.0783920043962345 194
1694444431922 0.08023501020680868 195
1694444431958 0.082108509944674 196
1694444431988 0.08401277928644779 197
1694444432020 0.08594808850860713 198
1694444432052 0.08791470214935226 199
1694444432081 0.08991287866455422 200
1694444432111 0.09194287007805102 201
1694444432169 0.09400492162656116 202
1694444432209 0.09609927139950802 203
1694444432254 0.09822614997407642 204
1694444432291 0.10038578004583698 205
1694444432331 0.10257837605531472 206
1694444432374 0.10480414381087677 207
1694444432415 0.10706328010836519 208
1694444432456 0.10935597234790673 209
1694444432486 0.11168239814836245 210
1694444432523 0.11404272495990486 211
1694444432555 0.11643710967523813 212
1694444432592 0.11886569823998494 213
1694444432624 0.12132862526281762 214
1694444432656 0.12382601362590029 215
1694444432706 0.12635797409625438 216
1694444432737 0.12892460493869873 217
1694444432777 0.1315259915309428 218
1694444432821 0.13416220598162898 219
1694444432856 0.1368333067518921 220
1694444432900 0.13953933828122211 221
1694444432931 0.14228033061836143 222
1694444432970 0.1450562990579124 223
1694444433015 0.147867243783546 224
1694444433054 0.1507131495184666 225
1694444433097 0.15359398518400103 226
1694444433135 0.15650970356708727 227
1694444433178 0.15946024099748535 228
1694444433221 0.1624455170355278 229
1694444433251 0.16546543417124115 230
1694444433288 0.1685198775356621 231
1694444433328 0.17160871462519456 232
1694444433367 0.17473179503982383 233
1694444433408 0.17788895023602969 234
1694444433440 0.18107999329521596 235
1694444433483 0.1843047187084721 236
1694444433525 0.18756290217846994 237
1694444433559 0.1908543004393103 238
1694444433602 0.1941786510950213 239
1694444433642 0.19753567247758652 240
1694444433681 0.20092506352511608 241
1694444433720 0.20434650368094553 242
1694444433756 0.20779965281431367 243
1694444433789 0.2112841511632837 244
1694444433824 0.21479961930052005 245
1694444433856 0.21834565812250872 246
1694444433890 0.22192184886275856 247
1694444433929 0.2255277531294939 248
1694444433959 0.22916291296829105 249
1694444433991 0.2328268509500716 250
1694444434030 0.23651907028481645 251
1694444434066 0.24023905496130948 252
1694444434099 0.24398626991316918 253
1694444434135 0.2477601612113659 254
1694444434173 0.2515601562833729 255
1694444434208 0.25538566415902697 256
1694444434248 0.25923607574312824 257
1694444434285 0.2631107641147331 258
1694444434320 0.2670090848530341 259
1694444434355 0.2709303763896649 260
1694444434401 0.2748739603871835 261
1694444434440 0.2788391421434402 262
1694444434481 0.2828252110214582 263
1694444434518 0.28683144090439583 264
1694444434554 0.2908570906750785 265
1694444434590 0.2949014047195504 266
1694444434625 0.298963613453995 267
1694444434664 0.30304293387434234 268
1694444434701 0.3071385701277918 269
1694444434735 0.3112497141054451 270
1694444434792 0.3153755460551483 271
1694444434837 0.319515235213624 272
1694444434874 0.32366794045688996 273
1694444434915 0.3278328109679216 274
1694444434956 0.33200898692046077 275
1694444435000 0.3361956001778351 276
1694444435039 0.34039177500558615 277
1694444435077 0.34459662879669795 278
1694444435112 0.34880927280815044 279
1694444435155 0.353028812907502 280
1694444435195 0.3572543503281831 281
1694444435238 0.3614849824321378 282
1694444435274 0.3657198034784518 283
1694444435309 0.36995790539657547 284
1694444435343 0.3741983785627351 285
1694444435382 0.37844031257812916 286
1694444435424 0.3826827970474975 287
1694444435464 0.38692492235663944 288
1694444435503 0.3911657804475034 289
1694444435539 0.39540446558938447 290
1694444435570 0.3996400751449436 291
1694444435605 0.40387171032960323 292
1694444435650 0.40809847696297274 293
1694444435680 0.41231948621107084 294
1694444435715 0.41653385531795584 295
1694444435752 0.4207407083255654 296
1694444435780 0.4249391767805416 297
1694444435819 0.42912840042685607 298
1694444435854 0.43330752788311255 299
1694444435882 0.43747571730343326 300
1694444435935 0.44163213702090565 301
1694444435968 0.44577596617259707 302
1694444436004 0.4499063953052226 303
1694444436045 0.4540226269605786 304
1694444436074 0.45812387623995243 305
1694444436104 0.4622093713467402 306
1694444436154 0.46627835410659235 307
1694444436194 0.470330080464462 308
1694444436237 0.47436382095799146 309
1694444436269 0.4783788611667388 310
1694444436304 0.48237450213681543 311
1694444436340 0.4863500607805671 312
1694444436375 0.49030487025098857 313
1694444436410 0.4942382802906429 314
1694444436449 0.49814965755490004 315
1694444436477 0.5020383859093924 316
1694444436511 0.5059038667016266 317
1694444436544 0.5097455190067679 318
1694444436574 0.5135627798476627 319
1694444436610 0.5173551043892286 320
1694444436652 0.521121966107386 321
1694444436687 0.5248628569327768 322
1694444436735 0.5285772873695438 323
1694444436769 0.5322647865895194 324
1694444436804 0.5359249025021976 325
1694444436838 0.5395572018009205 326
1694444436871 0.5431612699857472 327
1694444436906 0.5467367113635093 328
1694444436938 0.5502831490256115 329
1694444436970 0.5538002248041433 330
1694444437008 0.5572875992069143 331
1694444437039 0.5607449513320668 332
1694444437071 0.5641719787629087 333
1694444437106 0.5675683974436774 334
1694444437146 0.5709339415369301 335
1694444437179 0.5742683632632919 336
1694444437214 0.577571432724312 337
1694444437247 0.5808429377091663 338
1694444437285 0.5840826834859904 339
1694444437317 0.5872904925786044 340
1694444437350 0.5904662045294141 341
1694444437392 0.5936096756492675 342
1694444437434 0.5967207787550481 343
1694444437470 0.599799402895789 344
1694444437504 0.6028454530680881 345
1694444437538 0.6058588499215889 346
1694444437570 0.6088395294552977 347
1694444437599 0.6117874427054963 348
1694444437629 0.6147025554259924 349
1694444437660 0.6175848477614418 350
1694444437694 0.620434313914467 351
1694444437730 0.6232509618072717 352
1694444437760 0.6260348127384513 353
1694444437796 0.6287859010356678 354
1694444437828 0.6315042737048362 355
1694444437861 0.6341899900764818 356
1694444437898 0.6368431214498573 357
1694444437932 0.6394637507354405 358
1694444437969 0.6420519720963742 359
1694444438005 0.6446078905894106 360
1694444438039 0.6471316218058902 361
1694444438070 0.6496232915132671 362
1694444438100 0.6520830352976696 363
1694444438130 0.6545109982079658 364
1694444438161 0.65690733440177 365
1694444438197 0.6592722067938223 366
1694444438241 0.6616057867071361 367
1694444438276 0.6639082535272844 368
1694444438308 0.6661797943601919 369
1694444438344 0.6684206036937634 370
1694444438376 0.6706308830636372 371
1694444438407 0.6728108407234021 372
1694444438445 0.6749606913195024 373
1694444438472 0.6770806555710954 374
1694444438508 0.6791709599551035 375
1694444438555 0.6812318363966506 376
1694444438599 0.6832635219650915 377
1694444438653 0.6852662585757912 378
1694444438696 0.687240292697819 379
1694444438738 0.689185875067696 380
1694444438781 0.6911032604093081 381
1694444438815 0.6929927071600983 382
1694444438853 0.69485447720362 383
1694444438888 0.696688835608533 384
1694444438923 0.698496050374096 385
1694444438967 0.7002763921822077 386
1694444439022 0.7020301341560259 387
1694444439062 0.7037575516251859 388
1694444439100 0.7054589218976328 389
1694444439151 0.70713452403806 390
1694444439180 0.7087846386529466 391
1694444439215 0.710409547682165 392
1694444439247 0.712009534197137 393
1694444439277 0.7135848822054867 394
1694444439308 0.7151358764621525 395
1694444439339 0.7166628022868953 396
1694444439375 0.7181659453881415 397
1694444439413 0.7196455916930895 398
1694444439453 0.7211020271840046 399
1694444439492 0.7225355377406252 400
1694444439531 0.7239464089885821 401
1694444439560 0.7253349261537501 402
1694444439596 0.7267013739224294 403
1694444439633 0.7280460363072669 404
1694444439668 0.7293691965187917 405
1694444439704 0.7306711368424872 406
1694444439747 0.7319521385212739 407
1694444439785 0.7332124816432872 408
1694444439820 0.7344524450348533 409
1694444439866 0.7356723061585319 410
1694444439910 0.736872341016123 411
1694444439956 0.7380528240565056 412
1694444439989 0.7392140280882056 413
1694444440022 0.7403562241965576 414
1694444440054 0.7414796816653575 415
1694444440083 0.7425846679028745 416
1694444440114 0.7436714483721066 417
1694444440151 0.7447402865251663 418
1694444440187 0.7457914437416674 419
1694444440223 0.7468251792710034 420
1694444440257 0.7478417501783994 421
1694444440289 0.7488414112946173 422
1694444440320 0.7498244151692051 423
1694444440360 0.7507910120271735 424
1694444440392 0.7517414497289852 425
1694444440427 0.7526759737337552 426
1694444440458 0.7535948270655389 427
1694444440487 0.7544982502826174 428
1694444440522 0.7553864814496564 429
1694444440555 0.7562597561126528 430
1694444440588 0.7571183072765497 431
1694444440622 0.7579623653854352 432
1694444440656 0.7587921583052132 433
1694444440687 0.759607911308662 434
1694444440722 0.7604098470627789 435
1694444440756 0.7611981856183165 436
1694444440788 0.7619731444014365 437
1694444440823 0.7627349382073714 438
1694444440855 0.7634837791960211 439
1694444440885 0.7642198768894058 440
1694444440921 0.7649434381708774 441
1694444440958 0.7656546672860263 442
1694444440988 0.7663537658451973 443
1694444441034 0.7670409328275409 444
1694444441069 0.7677163645865311 445
1694444441101 0.7683802548568727 446
1694444441134 0.7690327947627352 447
1694444441172 0.769674172827244 448
1694444441213 0.7703045749831637 449
1694444441251 0.770924184584706 450
1694444441286 0.7715331824204187 451
1694444441332 0.7721317467270743 452
1694444441372 0.772720053204518 453
1694444441416 0.7732982750314118 454
1694444441461 0.7738665828818256 455
1694444441491 0.7744251449426218 456
1694444441531 0.7749741269315861 457
1694444441565 0.775513692116252 458
1694444441598 0.776044001333381 459
1694444441642 0.7765652130090466 460
1694444441673 0.7770774831792808 461
1694444441711 0.7775809655112467 462
1694444441742 0.778075811324892 463
1694444441771 0.7785621696150491 464
1694444441806 0.779040187073942 465
1694444441839 0.7795100081140676 466
1694444441872 0.7799717748914178 467
1694444441908 0.7804256273290064 468
1694444441943 0.7808717031406742 469
1694444441980 0.7813101378551411 470
1694444442016 0.7817410648402752 471
1694444442051 0.7821646153275525 472
1694444442083 0.7825809184366839 473
1694444442116 0.782990101200381 474
1694444442151 0.7833922885892363 475
1694444442188 0.783787603536701 476
1694444442224 0.7841761669641303 477
1694444442261 0.7845580978058866 478
1694444442293 0.7849335130344656 479
1694444442329 0.785302527685645 480
1694444442366 0.7856652548836193 481
1694444442398 0.7860218058661219 482
1694444442430 0.7863722900095037 483
1694444442463 0.7867168148537615 484
1694444442497 0.7870554861274985 485
1694444442533 0.7873884077728043 486
1694444442571 0.7877156819700419 487
1694444442613 0.7880374091625286 488
1694444442668 0.7883536880811003 489
1694444442710 0.7886646157685464 490
1694444442758 0.7889702876039086 491
1694444442798 0.7892707973266304 492
1694444442835 0.7895662370605517 493
1694444442866 0.7898566973377379 494
1694444442899 0.790142267122134 495
1694444442937 0.7904230338330425 496
1694444442970 0.7906990833684127 497
1694444443002 0.7909705001279346 498
1694444443042 0.7912373670359384 499
