1694438484437 0.0 0
1694438484717 0.0 1
1694438484962 0.0 2
1694438485212 0.0 3
1694438485468 0.0 4
1694438485739 0.0 5
1694438485997 0.0 6
1694438486261 0.0 7
1694438486524 0.0 8
1694438486788 0.0 9
1694438487053 0.0 10
1694438487328 0.0 11
1694438487599 0.0 12
1694438487860 0.0 13
1694438488120 0.0 14
1694438488387 0.0 15
1694438488674 0.0 16
1694438488988 0.0 17
1694438489273 0.0 18
1694438489533 0.0 19
1694438489789 0.0 20
1694438490049 0.0 21
1694438490315 0.0 22
1694438490572 0.0 23
1694438490830 0.0 24
1694438491110 0.0 25
1694438491382 0.0 26
1694438491656 0.0 27
1694438491930 0.0 28
1694438492172 0.0 29
1694438492446 0.0 30
1694438492702 0.0 31
1694438492979 0.0 32
1694438493233 0.0 33
1694438493482 0.0 34
1694438493741 0.0 35
1694438493998 0.0 36
1694438494250 0.0 37
1694438494510 0.0 38
1694438494802 0.0 39
1694438495049 0.0 40
1694438495297 0.0 41
1694438495577 0.0 42
1694438495834 0.0 43
1694438496080 0.0 44
1694438496353 0.0 45
1694438496614 0.0 46
1694438496872 0.0 47
1694438497122 0.0 48
1694438497374 0.0 49
1694438497633 0.0 50
1694438497862 0.0 51
1694438498116 0.0 52
1694438498352 0.0 53
1694438498622 0.0 54
1694438498876 0.0 55
1694438499139 0.0 56
1694438499406 0.0 57
1694438499682 0.0 58
1694438499930 0.0 59
1694438500202 0.0 60
1694438500466 0.0 61
1694438500718 0.0 62
1694438500965 0.0 63
1694438501221 0.0 64
1694438501495 0.0 65
1694438501750 0.0 66
1694438502007 0.0 67
1694438502270 0.0 68
1694438502519 0.0 69
1694438502772 0.0 70
1694438503054 0.0 71
1694438503334 0.0 72
1694438503616 0.0 73
1694438503883 0.0 74
1694438504128 0.0 75
1694438504401 0.0 76
1694438504655 0.0 77
1694438504946 0.0 78
1694438505219 0.0 79
1694438505473 0.0 80
1694438505722 0.0 81
1694438505970 0.0 82
1694438506228 0.0 83
1694438506480 0.0 84
1694438506737 0.0 85
1694438507000 0.0 86
1694438507266 0.0 87
1694438507537 0.0 88
1694438507798 0.0 89
1694438508048 0.0 90
1694438508299 0.0 91
1694438508561 0.0 92
1694438508818 0.0 93
1694438509067 0.0 94
1694438509332 0.0 95
1694438509587 0.0 96
1694438509853 0.0 97
1694438510115 0.0 98
1694438510370 0.0 99
1694438510621 0.0 100
1694438510884 0.0 101
1694438511167 0.0 102
1694438511446 0.0 103
1694438511711 0.0 104
1694438511968 0.0 105
1694438512231 0.0 106
1694438512490 0.0 107
1694438512752 0.0 108
1694438513012 0.0 109
1694438513288 0.0 110
1694438513548 0.0 111
1694438513819 0.0 112
1694438514083 0.0 113
1694438514331 0.0 114
1694438514594 0.0 115
1694438514851 0.0 116
1694438515134 0.0 117
1694438515391 0.0 118
1694438515640 0.0 119
1694438515897 0.0 120
1694438516151 0.0 121
1694438516426 0.0 122
1694438516689 0.0 123
1694438516956 0.0 124
1694438517210 0.0 125
1694438517470 0.0 126
1694438517729 0.0 127
1694438517989 0.0 128
1694438518249 0.0 129
1694438518537 0.0 130
1694438518816 0.0 131
1694438519081 0.0 132
1694438519329 0.0 133
1694438519603 0.0 134
1694438519863 0.0 135
1694438520134 0.0 136
1694438520400 0.0 137
1694438520664 0.0 138
1694438520919 0.0 139
1694438521146 0.0 140
1694438521394 0.0 141
1694438521648 0.0 142
1694438521890 0.0 143
1694438522163 0.0 144
1694438522429 0.0 145
1694438522681 0.0 146
1694438522946 0.0 147
1694438523202 0.0 148
1694438523444 0.0 149
1694438523712 0.0 150
1694438523952 0.0 151
1694438524202 0.0 152
1694438524457 0.0 153
1694438524717 0.0 154
1694438524972 0.0 155
1694438525252 0.0 156
1694438525506 0.0 157
1694438525766 0.0 158
1694438526032 0.0 159
1694438526297 0.0 160
1694438526566 0.0 161
1694438526821 0.0 162
1694438527074 0.0 163
1694438527326 0.0 164
1694438527587 0.0 165
1694438527837 0.0 166
1694438528085 0.0 167
1694438528361 0.0 168
1694438528605 0.0 169
1694438528850 0.0 170
1694438529094 0.0 171
1694438529349 0.0 172
1694438529599 0.0 173
1694438529847 0.0 174
1694438530112 0.0 175
1694438530371 0.0 176
1694438530631 0.0 177
1694438530875 0.0 178
1694438531130 0.0 179
1694438531382 0.0 180
1694438531647 0.0 181
1694438531886 0.0 182
1694438532140 0.0 183
1694438532409 0.0 184
1694438532677 0.0 185
1694438532936 0.0 186
1694438533200 0.0 187
1694438533503 0.0 188
1694438533783 0.0 189
1694438534091 0.0 190
1694438534387 0.0 191
1694438534654 0.0 192
1694438534948 0.0 193
1694438535240 0.0 194
1694438535606 0.0 195
1694438535894 0.0 196
1694438536166 0.0 197
1694438536434 0.0 198
1694438536707 0.0 199
1694438536979 0.0 200
1694438537237 0.0 201
1694438537502 0.0 202
1694438537768 0.0 203
1694438537999 0.0 204
1694438538244 0.0 205
1694438538492 0.0 206
1694438538764 0.0 207
1694438539055 0.0 208
1694438539358 0.0 209
1694438539624 0.0 210
1694438539905 0.0 211
1694438540170 0.0 212
1694438540433 0.0 213
1694438540694 0.0 214
1694438540941 0.0 215
1694438541207 0.0 216
1694438541466 0.0 217
1694438541722 0.0 218
1694438541981 0.0 219
1694438542246 0.0 220
1694438542506 0.0 221
1694438542762 0.0 222
1694438543018 0.0 223
1694438543272 0.0 224
1694438543534 0.0 225
1694438543797 0.0 226
1694438544073 0.0 227
1694438544328 0.0 228
1694438544594 0.0 229
1694438544858 0.0 230
1694438545129 0.0 231
1694438545398 0.0 232
1694438545683 0.0 233
1694438545930 0.0 234
1694438546171 0.0 235
1694438546434 0.0 236
1694438546679 0.0 237
1694438546918 0.0 238
1694438547185 0.0 239
1694438547433 0.0 240
1694438547688 0.0 241
1694438547938 0.0 242
1694438548204 0.0 243
1694438548503 0.0 244
1694438548768 0.0 245
1694438549037 0.0 246
1694438549287 0.0 247
1694438549551 0.0 248
1694438549799 0.0 249
1694438550064 0.0 250
1694438550332 0.0 251
1694438550591 0.0 252
1694438550848 0.0 253
1694438551102 0.0 254
1694438551349 0.0 255
1694438551594 0.0 256
1694438551841 0.0 257
1694438552089 0.0 258
1694438552340 0.0 259
1694438552601 0.0 260
1694438552852 0.0 261
1694438553104 0.0 262
1694438553356 0.0 263
1694438553619 0.0 264
1694438553867 0.0 265
1694438554116 0.0 266
1694438554378 0.0 267
1694438554653 0.0 268
1694438554920 0.0 269
1694438555186 0.0 270
1694438555486 0.0 271
1694438555761 0.0 272
1694438556016 0.0 273
1694438556270 0.0 274
1694438556532 0.0 275
1694438556798 0.0 276
1694438557065 0.0 277
1694438557323 0.0 278
1694438557588 0.0 279
1694438557850 0.0 280
1694438558116 0.0 281
1694438558379 0.0 282
1694438558630 0.0 283
1694438558898 0.0 284
1694438559169 0.0 285
1694438559425 0.0 286
1694438559674 0.0 287
1694438559938 0.0 288
1694438560187 0.0 289
1694438560454 0.0 290
1694438560710 0.0 291
1694438560980 0.0 292
1694438561251 0.0 293
1694438561499 0.0 294
1694438561763 0.0 295
1694438562001 0.0 296
1694438562251 0.0 297
1694438562500 0.0 298
1694438562740 0.0 299
1694438562988 0.0 300
1694438563253 0.0 301
1694438563529 0.0 302
1694438563769 0.0 303
1694438564034 0.0 304
1694438564300 0.0 305
1694438564541 0.0 306
1694438564800 0.0 307
1694438565037 0.0 308
1694438565314 0.0 309
1694438565586 0.0 310
1694438565865 0.0 311
1694438566129 0.0 312
1694438566399 0.0 313
1694438566656 0.0 314
1694438566933 0.0 315
1694438567201 0.0 316
1694438567457 0.0 317
1694438567728 0.0 318
1694438567990 0.0 319
1694438568252 0.0 320
1694438568514 0.0 321
1694438568771 0.0 322
1694438569032 0.0 323
1694438569299 0.0 324
1694438569559 0.0 325
1694438569821 0.0 326
1694438570089 0.0 327
1694438570347 0.0 328
1694438570614 0.0 329
1694438570882 0.0 330
1694438571149 0.0 331
1694438571413 0.0 332
1694438571666 0.0 333
1694438571936 0.0 334
1694438572196 0.0 335
1694438572456 0.0 336
1694438572715 0.0 337
1694438572979 0.0 338
1694438573238 0.0 339
1694438573515 0.0 340
1694438573754 0.0 341
1694438574014 0.0 342
1694438574283 0.0 343
1694438574554 0.0 344
1694438574819 0.0 345
1694438575092 0.0 346
1694438575355 0.0 347
1694438575625 0.0 348
1694438575890 0.0 349
1694438576139 0.0 350
1694438576387 0.0 351
1694438576631 0.0 352
1694438576878 0.0 353
1694438577140 0.0 354
1694438577412 0.0 355
1694438577687 0.0 356
1694438577946 0.0 357
1694438578215 0.0 358
1694438578496 0.0 359
1694438578771 0.0 360
1694438579028 0.0 361
1694438579299 0.0 362
1694438579585 0.0 363
1694438579845 0.0 364
1694438580145 0.0 365
1694438580453 0.0 366
1694438580765 0.0 367
1694438581064 0.0 368
1694438581339 0.0 369
1694438581610 0.0 370
1694438581880 0.0 371
1694438582142 0.0 372
1694438582395 0.0 373
1694438582652 0.0 374
1694438582922 0.0 375
1694438583216 0.0 376
1694438583479 0.0 377
1694438583725 0.0 378
1694438583970 0.0 379
1694438584246 0.0 380
1694438584514 0.0 381
1694438584770 0.0 382
1694438585035 0.0 383
1694438585283 0.0 384
1694438585549 0.0 385
1694438585789 0.0 386
1694438586052 0.0 387
1694438586316 0.0 388
1694438586574 0.0 389
1694438586814 0.0 390
1694438587078 0.0 391
1694438587321 0.0 392
1694438587566 0.0 393
1694438587819 0.0 394
1694438588082 0.0 395
1694438588341 0.0 396
1694438588604 0.0 397
1694438588848 0.0 398
1694438589104 0.0 399
1694438589367 0.0 400
1694438589635 0.0 401
1694438589901 0.0 402
1694438590147 0.0 403
1694438590397 0.0 404
1694438590637 0.0 405
1694438590880 0.0 406
1694438591122 0.0 407
