1694438484427 5.728473618923414 0
1694438484708 4.2004839844556265 1
1694438484955 4.570150441686716 2
1694438485204 2.4337989239167253 3
1694438485461 7.619929944582019 4
1694438485731 4.246183321499534 5
1694438485989 2.8187650688419463 6
1694438486254 5.008963541541296 7
1694438486517 5.331404610675835 8
1694438486782 5.353295285947179 9
1694438487046 4.535882515437335 10
1694438487320 4.76533419962092 11
1694438487591 6.132434242900968 12
1694438487853 4.2761117003368 13
1694438488115 7.449556810618736 14
1694438488379 5.506140031173573 15
1694438488667 5.4801668804539405 16
1694438488978 1.2246747774375017 17
1694438489266 2.3916917346213173 18
1694438489526 7.400724031689275 19
1694438489782 4.858814892497874 20
1694438490041 2.7293830802760137 21
1694438490307 9.124377778811976 22
1694438490564 3.8733231407215207 23
1694438490822 3.6489426830641913 24
1694438491102 2.3994564977219492 25
1694438491375 3.751409408330772 26
1694438491650 5.919912669352992 27
1694438491921 4.048769155483649 28
1694438492165 5.230381903209794 29
1694438492439 3.7064965813356165 30
1694438492695 6.687687497396627 31
1694438492970 4.378169686128584 32
1694438493225 7.60637418468115 33
1694438493474 3.0201570001525546 34
1694438493706 7.529092497705208 35
1694438493990 4.539347677475574 36
1694438494241 7.349024050946972 37
1694438494503 3.586051467621993 38
1694438494794 5.201573957643687 39
1694438495042 4.422005112964167 40
1694438495289 4.739148366741291 41
1694438495569 6.791740514817705 42
1694438495827 8.330886598294605 43
1694438496073 4.918067599572499 44
1694438496346 6.152408955924974 45
1694438496605 3.9150359914234043 46
1694438496866 3.8350605543193126 47
1694438497115 4.215827766207486 48
1694438497367 3.5359301139526367 49
1694438497625 2.788118047604389 50
1694438497854 1.8954667301605332 51
1694438498110 6.138327347089736 52
1694438498344 6.39043777538617 53
1694438498615 5.936082209478425 54
1694438498868 1.7150485210184974 55
1694438499132 6.448532029250437 56
1694438499400 5.536196926186726 57
1694438499675 6.06935221343352 58
1694438499866 7.602140272277987 59
1694438500196 7.603729216565761 60
1694438500459 2.9664683131941203 61
1694438500709 5.430035539185942 62
1694438500957 5.005858666802143 63
1694438501215 1.5087594671576152 64
1694438501487 4.793832241502111 65
1694438501743 3.765034203967883 66
1694438501907 5.520159981993283 67
1694438502262 4.106415558199065 68
1694438502510 3.59100070238269 69
1694438502763 3.5834743367342563 70
1694438503046 5.577349040150155 71
1694438503328 4.522877323601279 72
1694438503607 5.065751289828682 73
1694438503876 2.637523767162566 74
1694438504120 6.188581620182949 75
1694438504393 3.309667268966251 76
1694438504647 5.161108195353944 77
1694438504927 5.05389805760059 78
1694438505212 4.643846208293709 79
1694438505466 5.922662824463405 80
1694438505716 7.076693326034789 81
1694438505962 7.0071505444735 82
1694438506220 3.8206353239169966 83
1694438506473 8.366050962745529 84
1694438506730 3.9577578797587023 85
1694438506993 6.449901482874625 86
1694438507260 4.216296111893184 87
1694438507531 6.6091712096236845 88
1694438507773 4.4669257219683445 89
1694438508042 5.6622872162703315 90
1694438508291 3.23850249385415 91
1694438508554 3.4256246165997517 92
1694438508811 5.325567953583721 93
1694438509061 6.313540342764363 94
1694438509325 5.445159770964692 95
1694438509580 1.897535019630934 96
1694438509840 5.043077197233848 97
1694438510108 3.0613334709076105 98
1694438510364 5.848774080907605 99
1694438510615 5.513199359546171 100
1694438510877 4.317041020594303 101
1694438511160 2.8803768782307406 102
1694438511436 5.179581541849566 103
1694438511704 3.7748735511144673 104
1694438511960 8.142804300130937 105
1694438512224 4.626701652339121 106
1694438512483 5.131278584649329 107
1694438512745 6.506697267114223 108
1694438513003 5.6379582127853745 109
1694438513280 5.285462884659564 110
1694438513540 3.940496281583177 111
1694438513812 4.3048691855473615 112
1694438514075 3.961766334493129 113
1694438514323 4.831924280008622 114
1694438514586 4.910173248316284 115
1694438514845 4.183080337759254 116
1694438515128 4.935033973073402 117
1694438515384 3.5552437145462408 118
1694438515635 4.646219496753317 119
1694438515889 4.683797580265072 120
1694438516145 7.065594506589501 121
1694438516417 5.164687285908527 122
1694438516681 5.331851840065692 123
1694438516950 1.521711827458748 124
1694438517203 3.4604145894728346 125
1694438517463 5.709001177513082 126
1694438517721 6.119468409206773 127
1694438517982 7.264549218660488 128
1694438518242 2.7281097773357423 129
1694438518529 7.385020442356846 130
1694438518809 4.79007209931058 131
1694438519074 8.598812612655745 132
1694438519320 3.77141224090534 133
1694438519596 2.7129195013019776 134
1694438519854 6.802400038635594 135
1694438520106 5.973171596555993 136
1694438520394 9.804131281474573 137
1694438520656 4.5903046670861976 138
1694438520885 3.076704840409707 139
1694438521138 3.183581775310661 140
1694438521386 4.436342017397981 141
1694438521640 3.1696313456518608 142
1694438521873 5.1254029258105325 143
1694438522154 3.7823852242406066 144
1694438522422 6.075448783855348 145
1694438522674 5.30912015383224 146
1694438522939 7.117280074392966 147
1694438523196 3.3658286814943246 148
1694438523390 3.136939848959541 149
1694438523705 4.567107762094885 150
1694438523946 5.515692019195343 151
1694438524195 4.19395702437292 152
1694438524451 2.725956913009254 153
1694438524711 4.696758634643322 154
1694438524965 5.9403148852734216 155
1694438525244 5.303352080921011 156
1694438525499 5.765370098261568 157
1694438525758 5.407377566824585 158
1694438526025 4.720490149407278 159
1694438526289 1.60585107456756 160
1694438526558 4.923045798384934 161
1694438526814 4.299558359942321 162
1694438527068 4.701171345895116 163
1694438527318 6.341064636862816 164
1694438527581 5.307677864048735 165
1694438527830 2.864366788411061 166
1694438528079 4.71619508235275 167
1694438528353 3.674043304861987 168
1694438528599 7.669014967741471 169
1694438528844 5.759810983377639 170
1694438529086 3.079202443004288 171
1694438529342 4.200151954940082 172
1694438529591 5.15742664524716 173
1694438529840 4.8977936280391114 174
1694438530103 5.325088803224732 175
1694438530365 4.5269780912030555 176
1694438530623 4.806986829269451 177
1694438530868 5.169976553503606 178
1694438531121 6.156134292009552 179
1694438531374 4.545756052782217 180
1694438531639 2.6403895467826355 181
1694438531879 3.9678233251563744 182
1694438532133 5.758443858104223 183
1694438532402 4.165090286983171 184
1694438532668 6.035644509918109 185
1694438532929 8.3559859570892 186
1694438533194 3.414492274800833 187
1694438533493 6.5600057495742385 188
1694438533774 4.856588470861042 189
1694438534083 5.641994305060705 190
1694438534379 4.616005154925186 191
1694438534647 5.790373714350231 192
1694438534940 3.4864322314710914 193
1694438535232 6.174104109219479 194
1694438535598 6.472059861983182 195
1694438535885 4.654058177188984 196
1694438536158 5.165566335241874 197
1694438536427 4.193116591887331 198
1694438536699 4.709883914662097 199
1694438536972 3.295913981524768 200
1694438537231 7.629097125358674 201
1694438537495 5.117215824665373 202
1694438537760 4.634906902135875 203
1694438537992 1.7952455852705724 204
1694438538237 5.916360274737721 205
1694438538486 2.5942691873676877 206
1694438538756 5.037020722497622 207
1694438539048 7.706677205921369 208
1694438539349 4.128084753701079 209
1694438539616 5.639661428153322 210
1694438539898 4.608301459844048 211
1694438540162 6.383867430009019 212
1694438540423 5.180420781949324 213
1694438540686 3.085357213376359 214
1694438540934 3.1674414297053612 215
1694438541201 5.6062402726011324 216
1694438541458 3.1718386334562134 217
1694438541716 5.22069723030709 218
1694438541972 4.87593228476059 219
1694438542239 2.7814137047742524 220
1694438542490 5.615988432577174 221
1694438542754 7.460491747686583 222
1694438543011 5.371386597934777 223
1694438543264 6.387250820199255 224
1694438543527 6.568417032829208 225
1694438543790 2.3286818942328864 226
1694438544065 4.821924030468039 227
1694438544318 3.177294272476722 228
1694438544586 6.915703281297037 229
1694438544852 4.318344432787693 230
1694438545121 5.517295471353883 231
1694438545389 4.983175092667995 232
1694438545677 5.060594873194159 233
1694438545923 5.472897788650935 234
1694438546164 3.002104694179187 235
1694438546427 6.168727229239612 236
1694438546672 5.3017337699131275 237
1694438546910 6.840718312126033 238
1694438547177 3.573097206798567 239
1694438547421 2.2793919402641376 240
1694438547681 6.4537850618379204 241
1694438547932 7.495438521555471 242
1694438548197 6.2852092973097795 243
1694438548496 3.6495806274942466 244
1694438548760 4.207263229286979 245
1694438549030 4.069368384673076 246
1694438549279 4.372382268642304 247
1694438549544 6.444304209107994 248
1694438549793 6.794005693914794 249
1694438550058 5.727099344553516 250
1694438550325 5.782178217386317 251
1694438550584 6.016617187957745 252
1694438550841 4.584468741648697 253
1694438551095 5.03693910130012 254
1694438551341 6.55077423234859 255
1694438551587 5.642221520142484 256
1694438551834 4.917435583952839 257
1694438552082 4.813518998701522 258
1694438552333 8.718688771941055 259
1694438552574 5.957768111818371 260
1694438552844 4.13883249896894 261
1694438553097 3.9331684389821993 262
1694438553348 4.211488981232352 263
1694438553613 3.742548857244826 264
1694438553858 4.612125615105141 265
1694438554107 3.2671783989530936 266
1694438554371 4.731904217900368 267
1694438554647 5.225867100896888 268
1694438554913 4.0330042979650225 269
1694438555179 2.100828709192416 270
1694438555479 2.192315966614405 271
1694438555753 4.4649391318312945 272
1694438556007 3.47185269318774 273
1694438556263 3.9655674318386573 274
1694438556526 4.1764784534713595 275
1694438556790 6.188212069697417 276
1694438557055 4.728360912665766 277
1694438557291 2.9476624380540235 278
1694438557581 7.243411502413371 279
1694438557843 5.825788584060355 280
1694438558108 3.9389291350739097 281
1694438558371 5.7589067207264435 282
1694438558623 2.797082220312491 283
1694438558890 5.645101378482286 284
1694438559161 4.798201538864838 285
1694438559419 4.592258050944522 286
1694438559667 3.373411901484004 287
1694438559931 4.566941238129418 288
1694438560180 6.8953294677699555 289
1694438560446 5.737777642671423 290
1694438560702 3.982208934394908 291
1694438560972 8.476555587950072 292
1694438561244 6.144649860597168 293
1694438561491 4.174095231001539 294
1694438561756 6.815918471364478 295
1694438561994 4.132428327434904 296
1694438562243 5.475038394849903 297
1694438562492 4.7917542655581435 298
1694438562733 6.272431215119826 299
1694438562981 4.575752221717594 300
1694438563241 4.130925360566267 301
1694438563521 3.7614606235172565 302
1694438563763 5.1169376064323675 303
1694438564025 5.215805960119024 304
1694438564292 4.011803277866419 305
1694438564536 3.9991267217877136 306
1694438564791 6.584010448426543 307
1694438565030 3.8686519702250135 308
1694438565306 7.209063442809079 309
1694438565579 5.64741136876173 310
1694438565858 4.311219477683306 311
1694438566120 4.491936395736288 312
1694438566391 4.2328922138157346 313
1694438566646 2.9530765379230313 314
1694438566928 6.503550073710406 315
1694438567192 5.428453014583826 316
1694438567451 2.565613925890741 317
1694438567719 4.449603354156691 318
1694438567983 5.878237506063735 319
1694438568244 5.297882568696103 320
1694438568506 5.900042701088703 321
1694438568765 5.591735210986594 322
1694438569025 5.007966528795188 323
1694438569291 4.085547478211774 324
1694438569552 5.265431781451514 325
1694438569815 3.6072795522544614 326
1694438570083 2.9446824269163208 327
1694438570339 3.6355830294649922 328
1694438570607 3.9788122988359294 329
1694438570875 6.968141615900987 330
1694438571142 3.2087636080613695 331
1694438571404 3.483270923569459 332
1694438571658 5.768984776074575 333
1694438571929 5.836272916978772 334
1694438572187 5.7728058749732405 335
1694438572448 4.427703601084342 336
1694438572707 3.886176496122369 337
1694438572972 2.185813351687844 338
1694438573231 5.1693807625375845 339
1694438573508 3.9686503654369893 340
1694438573748 4.388699616255844 341
1694438574007 5.232209152519337 342
1694438574275 4.162343282651225 343
1694438574548 5.224281788180644 344
1694438574812 6.044928572877756 345
1694438575085 4.111337979666819 346
1694438575347 6.097361398490474 347
1694438575618 5.746173563161672 348
1694438575883 5.782076703748855 349
1694438576131 4.1327266856877864 350
1694438576379 5.079094395152633 351
1694438576625 5.292630281630803 352
1694438576870 5.236034551362492 353
1694438577133 4.50663061908616 354
1694438577405 6.3349064021962 355
1694438577680 5.298100958655751 356
1694438577939 3.6207936556266 357
1694438578206 2.9115690716321927 358
1694438578487 5.871459325482528 359
1694438578764 4.3733051520165045 360
1694438579020 4.137652653623565 361
1694438579291 5.868166604768735 362
1694438579579 2.341270780202075 363
1694438579837 4.311330194964403 364
1694438580135 5.767935751190199 365
1694438580444 4.172016875004916 366
1694438580757 7.767344643569581 367
1694438581057 4.920887996210825 368
1694438581332 6.171352763800279 369
1694438581602 6.153399579768122 370
1694438581873 2.9892788720564782 371
1694438582135 3.747676296374856 372
1694438582375 3.946899169813943 373
1694438582645 4.541393438949683 374
1694438582915 2.691241317271364 375
1694438583206 5.942181012223086 376
1694438583472 1.2317501614498967 377
1694438583718 5.560817223930626 378
1694438583962 5.811714839122083 379
1694438584239 4.022249706761928 380
1694438584507 4.080649046992962 381
1694438584763 5.716702992424416 382
1694438585028 3.1755332143743193 383
1694438585276 6.325348124299589 384
1694438585541 2.8070671634102493 385
1694438585651 2.2926887408009042 386
1694438586046 4.473735841975121 387
1694438586308 5.108059562625935 388
1694438586567 5.875153381159881 389
1694438586792 4.000712112978511 390
1694438587070 4.82482918567231 391
1694438587315 4.084528590967983 392
1694438587557 3.7594587506273873 393
1694438587813 5.135001443833049 394
1694438588074 4.105876371520102 395
1694438588333 4.809907835434927 396
1694438588597 6.706892121907686 397
1694438588841 7.933519050660716 398
1694438589097 7.123701834342879 399
1694438589359 5.641257181472861 400
1694438589628 4.079267628455854 401
1694438589894 4.355977387899039 402
1694438590139 3.8719555649748707 403
1694438590389 4.7080108685201 404
1694438590631 5.777497522258384 405
1694438590872 3.5830536008053055 406
1694438591115 4.586092598250217 407
