1694444053069 73.28061950883703 0
1694444053361 44.59538468584887 1
1694444053643 24.513199960743634 2
1694444053923 6.946513859700752 3
1694444054200 7.323531697181782 4
1694444054475 2.4578377261758506 5
1694444054765 3.2221748482822377 6
1694444055042 2.882731440529044 7
1694444055317 0.8885609859768544 8
1694444055621 0.6463818175031759 9
1694444055901 0.8763252404163694 10
1694444056206 0.22830014172714938 11
1694444056501 1.0132392998144562 12
1694444056786 0.7298445969974713 13
1694444057065 0.2957964600881124 14
1694444057367 0.48772908120334274 15
1694444057647 0.0018400449762648091 16
1694444057915 0.4445573911267899 17
1694444058198 0.0007396654048560658 18
1694444058477 0.10603365616022632 19
1694444058753 0.23333162833469553 20
1694444059034 1.5603820194495999 21
1694444059315 0.029471703145041776 22
1694444059620 0.4985495324153832 23
1694444059906 0.6726641314758218 24
1694444060306 0.0003117414150111196 25
1694444060599 0.17599507625162222 26
1694444060880 0.5009202804625547 27
1694444061170 0.2090237670987285 28
1694444061445 0.5162311512997333 29
1694444061732 1.4094331363889798 30
1694444062020 0.31301346212809666 31
1694444062317 2.933649604123486 32
1694444062593 0.398028748097111 33
1694444062882 0.8122135877793536 34
1694444063155 0.6020164823150274 35
1694444063442 0.7645018602747221 36
1694444063711 0.687414620410551 37
1694444063981 0.41749631406564286 38
