1694444386055 -0.0005413938338354463 0
1694444386091 -0.00048634815941950293 1
1694444386124 -0.0004300105447965219 2
1694444386162 -0.0003723546809168976 3
1694444386197 -0.00031335374037810837 4
1694444386244 -0.0002529803676116771 5
1694444386284 -0.00019120666889893556 6
1694444386334 -0.00012800420221092956 7
1694444386370 -6.334396687579513e-05 8
1694444386401 2.803606932610947e-06 9
1694444386440 7.046866888693604e-05 10
1694444386475 0.00013968195938018901 11
1694444386510 0.00021047482058433875 12
1694444386543 0.0002828792076970954 13
1694444386574 0.0003569277003768745 14
1694444386606 0.0004326535143704957 15
1694444386638 0.0005100905133346156 16
1694444386675 0.0005892732208528928 17
1694444386715 0.0006702368326523267 18
1694444386751 0.0007530172290221016 19
1694444386789 0.0008376509874317151 20
1694444386832 0.0009241753953577181 21
1694444386866 0.0010126284633157345 22
1694444386903 0.001103048938104867 23
1694444386940 0.0011954763162599358 24
1694444386973 0.0012899508577202123 25
1694444387007 0.0013865135997128686 26
1694444387039 0.0014852063708561403 27
1694444387074 0.001586071805475875 28
1694444387108 0.001689153358153228 29
1694444387142 0.0017944953184859669 30
1694444387178 0.0019021428260825868 31
1694444387213 0.002012141885776475 32
1694444387263 0.002124539383074331 33
1694444387297 0.002239383099829295 34
1694444387335 0.00235672173014867 35
1694444387371 0.0024766048965312315 36
1694444387402 0.0025990831662439096 37
1694444387446 0.0027242080679217295 38
1694444387483 0.002852032108418334 39
1694444387518 0.0029826087898838782 40
1694444387556 0.003115992627078734 41
1694444387591 0.003252239164934778 42
1694444387624 0.003391404996345715 43
1694444387667 0.003533547780199875 44
1694444387702 0.0036787262596550407 45
1694444387738 0.00382700028064753 46
1694444387770 0.003978430810643974 47
1694444387804 0.004133079957628016 48
1694444387842 0.004291010989329491 49
1694444387874 0.00445228835268674 50
1694444387905 0.004616977693548074 51
1694444387941 0.00478514587660861 52
1694444387974 0.004956861005576685 53
1694444388005 0.0051321924435776545 54
1694444388042 0.005311210833784941 55
1694444388071 0.005493988120278903 56
1694444388104 0.00568059756913275 57
1694444388140 0.005871113789717719 58
1694444388174 0.006065612756231298 59
1694444388209 0.006264171829441945 60
1694444388241 0.006466869778637752 61
1694444388274 0.006673786803796822 62
1694444388308 0.006885004557947494 63
1694444388352 0.007100606169736956 64
1694444388388 0.00732067626618782 65
1694444388422 0.007545300995643767 66
1694444388457 0.007774568050895825 67
1694444388489 0.008008566692484731 68
1694444388520 0.008247387772168158 69
1694444388554 0.00849112375654959 70
1694444388600 0.008739868750858748 71
1694444388633 0.00899371852287334 72
1694444388684 0.00925277052697493 73
1694444388738 0.009517123928330151 74
1694444388777 0.009786879627181388 75
1694444388815 0.010062140283244592 76
1694444388852 0.010343010340190917 77
1694444388899 0.010629596050212298 78
1694444388964 0.01092200549864819 79
1694444389031 0.011220348628663612 80
1694444389073 0.01152473726596348 81
1694444389147 0.011835285143527496 82
1694444389189 0.012152107926350464 83
1694444389222 0.012475323236166957 84
1694444389255 0.012805050676151786 85
1694444389295 0.013141411855559948 86
1694444389350 0.013484530414310636 87
1694444389393 0.013834532047471315 88
1694444389429 0.014191544529635669 89
1694444389463 0.01455569773916321 90
1694444389498 0.014927123682264898 91
1694444389540 0.01530595651690303 92
1694444389597 0.01569233257648428 93
1694444389661 0.01608639039331461 94
1694444389714 0.016488270721791376 95
1694444389756 0.016898116561305132 96
1694444389812 0.017316073178809566 97
1694444389847 0.017742288131040618 98
1694444389879 0.018176911286347908 99
1694444389911 0.018620094846096724 100
1694444389942 0.01907199336561438 101
1694444389973 0.019532763774635975 102
1694444390006 0.02000256539721834 103
1694444390044 0.02048155997107215 104
1694444390078 0.020969911666279484 105
1694444390123 0.021467787103349956 106
1694444390190 0.021975355370569383 107
1694444390255 0.02249278804059518 108
1694444390297 0.023020259186252834 109
1694444390340 0.02355794539547884 110
1694444390377 0.024106025785368912 111
1694444390409 0.024664682015258954 112
1694444390453 0.025234098298805407 113
1694444390489 0.02581446141499899 114
1694444390520 0.026405960718052013 115
1694444390564 0.0270087881460932 116
1694444390598 0.02762313822862905 117
1694444390641 0.028249208092685607 118
1694444390684 0.028887197467573178 119
1694444390715 0.029537308688211694 120
1694444390755 0.030199746696938368 121
1694444390790 0.0308747190437354 122
1694444390822 0.031562435884788353 123
1694444390861 0.0322631099793278 124
1694444390897 0.03297695668464651 125
1694444390932 0.033704193949236516 126
1694444390970 0.03444504230394996 127
1694444391004 0.03519972485111289 128
1694444391039 0.03596846725149927 129
1694444391072 0.0367514977090837 130
1694444391102 0.037549046953479714 131
1694444391138 0.03836134821998349 132
1694444391179 0.03918863722711907 133
1694444391210 0.0400311521516028 134
1694444391253 0.04088913360062574 135
1694444391289 0.041762824581359825 136
1694444391322 0.04265247046759124 137
1694444391362 0.04355831896338069 138
1694444391399 0.044480620063648724 139
1694444391434 0.04541962601158789 140
1694444391469 0.046375591252797 141
1694444391503 0.04734877238603097 142
1694444391537 0.04833942811047165 143
1694444391585 0.049347819169394236 144
1694444391622 0.05037420829014971 145
1694444391679 0.05141886012033614 146
1694444391715 0.05248204116005706 147
1694444391756 0.05356401969016611 148
1694444391788 0.054665065696384074 149
1694444391818 0.05578545078918462 150
1694444391857 0.056925448119340194 151
1694444391895 0.05808533228902624 152
1694444391925 0.05926537925837505 153
1694444391958 0.06046586624737682 154
1694444391992 0.06168707163302589 155
1694444392024 0.06292927484161659 156
1694444392056 0.06419275623606857 157
1694444392088 0.06547779699822276 158
1694444392119 0.06678467900598195 159
1694444392161 0.06811368470520385 160
1694444392195 0.0694650969762941 161
1694444392230 0.07083919899536972 162
1694444392265 0.07223627408994893 163
1694444392299 0.07365660558906062 164
1694444392332 0.07510047666772635 165
1694444392376 0.07656817018574325 166
1694444392406 0.07805996852069064 167
1694444392440 0.07957615339512536 168
1694444392484 0.0811170056979118 169
1694444392519 0.08268280529963179 170
1694444392563 0.08427383086205653 171
1694444392598 0.08589035964165337 172
1694444392638 0.08753266728709486 173
1694444392683 0.08920102763076843 174
1694444392715 0.09089571247429351 175
1694444392759 0.0926169913680428 176
1694444392790 0.09436513138469438 177
1694444392835 0.09614039688684362 178
1694444392881 0.09794304928871778 179
1694444392915 0.09977334681204264 180
1694444392957 0.10163154423613241 181
1694444392991 0.10351789264227684 182
1694444393024 0.10543263915252099 183
1694444393069 0.1073760266629471 184
1694444393101 0.10934829357155706 185
1694444393137 0.11134967350093095 186
1694444393177 0.11338039501577069 187
1694444393215 0.11544068133552754 188
1694444393251 0.11753075004225833 189
1694444393288 0.11965081278396184 190
1694444393329 0.12180107497356085 191
1694444393367 0.12398173548379321 192
1694444393403 0.1261929863382487 193
1694444393440 0.1284350123988407 194
1694444393480 0.13070799104996 195
1694444393514 0.13301209187967322 196
1694444393549 0.13534747635823907 197
1694444393582 0.13771429751431663 198
1694444393617 0.14011269960921524 199
1694444393655 0.142542817809574 200
1694444393689 0.145004777858868 201
1694444393722 0.147498695748161 202
1694444393756 0.15002467738654401 203
1694444393792 0.15258281827171705 204
1694444393827 0.15517320316118655 205
1694444393870 0.15779590574457614 206
1694444393907 0.16045098831755733 207
1694444393941 0.16313850145793085 208
1694444393981 0.16585848370440026 209
1694444394021 0.16861096123861097 210
1694444394051 0.17139594757099585 211
1694444394084 0.1742134432310728 212
1694444394116 0.17706343546274184 213
1694444394146 0.17994589792524462 214
1694444394180 0.18286079040036274 215
1694444394213 0.18580805850656068 216
1694444394248 0.18878763342065663 217
1694444394282 0.19179943160771185 218
1694444394315 0.19484335455979196 219
1694444394347 0.19791928854427543 220
1694444394384 0.2010271043623464 221
1694444394415 0.20416665711840154 222
1694444394446 0.2073377860009863 223
1694444394484 0.21054031407596518 224
1694444394519 0.21377404809257983 225
1694444394561 0.2170387783030664 226
1694444394598 0.22033427829646923 227
1694444394630 0.22366030484730925 228
1694444394665 0.2270165977797487 229
1694444394694 0.23040287984784613 230
1694444394724 0.23381885663252655 231
1694444394768 0.2372642164558434 232
1694444394803 0.24073863031310394 233
1694444394843 0.2442417518233957 234
1694444394887 0.24777321719904266 235
1694444394920 0.251332645234457 236
1694444394951 0.2549196373148982 237
1694444394994 0.25853377744552 238
1694444395027 0.2621746323011369 239
1694444395069 0.265841751297064 240
1694444395101 0.2695346666813563 241
1694444395139 0.27325289364873884 242
1694444395188 0.2769959304764701 243
1694444395235 0.2807632586823544 244
1694444395282 0.2845543432050305 245
1694444395316 0.28836863260670553 246
1694444395351 0.2922055592983437 247
1694444395396 0.2960645397873638 248
1694444395428 0.2999449749478079 249
1694444395456 0.30384625031287793 250
1694444395496 0.30776773638973143 251
1694444395530 0.31170878899635046 252
1694444395567 0.31566874962021474 253
1694444395603 0.3196469457985218 254
1694444395640 0.3236426915195867 255
1694444395689 0.3276552876450354 256
1694444395729 0.3316840223523283 257
1694444395768 0.33572817159712454 258
1694444395813 0.3397869995949242 259
1694444395852 0.3438597593213728 260
1694444395891 0.3479456930305881 261
1694444395932 0.35204403279080276 262
1694444395968 0.3561540010365599 263
1694444396007 0.3602748111366604 264
1694444396041 0.36440566797705065 265
1694444396075 0.3685457685577299 266
1694444396116 0.37269430260277925 267
1694444396154 0.3768504531825463 268
1694444396195 0.3810133973469859 269
1694444396225 0.3851823067691392 270
1694444396257 0.38935634839768885 271
1694444396300 0.393534685117518 272
1694444396330 0.39771647641714347 273
1694444396381 0.4019008790619438 274
1694444396414 0.40608704777198934 275
1694444396448 0.4102741359033526 276
1694444396482 0.4144612961317229 277
1694444396516 0.4186476811371519 278
1694444396549 0.42283244428875366 279
1694444396581 0.42701474032819453 280
1694444396612 0.4311937260507849 281
1694444396646 0.43536856098301946 282
1694444396679 0.43953840805540956 283
1694444396711 0.44370243426946354 284
1694444396747 0.447859811357707 285
1694444396783 0.45200971643560506 286
1694444396816 0.4561513326443575 287
1694444396850 0.46028384978347203 288
1694444396894 0.46440646493211024 289
1694444396929 0.468518383058218 290
1694444396964 0.4726188176144772 291
1694444397001 0.4767069911201618 292
1694444397038 0.4807821357280262 293
1694444397073 0.48484349377537306 294
1694444397118 0.4888903183185317 295
1694444397162 0.49292187364997464 296
1694444397207 0.4969374357973886 297
1694444397253 0.5009362930040427 298
1694444397293 0.5049177461898572 299
1694444397330 0.5088811093926071 300
1694444397364 0.512825710188792 301
1694444397398 0.516750890093689 302
1694444397429 0.5206560049402233 303
1694444397459 0.524540425236308 304
1694444397497 0.5284035365003585 305
1694444397537 0.5322447395747625 306
1694444397581 0.5360634509170991 307
1694444397622 0.5398591028690136 308
1694444397663 0.5436311439026376 309
1694444397698 0.5473790388445371 310
1694444397729 0.5511022690772228 311
1694444397761 0.5548003327182773 312
1694444397795 0.558472744777222 313
1694444397830 0.5621190372902933 314
1694444397868 0.5657387594333239 315
1694444397907 0.5693314776129901 316
1694444397941 0.5728967755367096 317
1694444397971 0.5764342542615222 318
1694444398009 0.5799435322223161 319
1694444398043 0.5834242452398084 320
1694444398082 0.5868760465087053 321
1694444398141 0.5902986065665106 322
1694444398187 0.593691613243486 323
1694444398233 0.5970547715942605 324
1694444398272 0.6003878038116557 325
1694444398330 0.603690449123286 326
1694444398382 0.606962463671513 327
1694444398434 0.6102036203773639 328
1694444398469 0.613413708789043 329
1694444398513 0.616592534915648 330
1694444398549 0.6197399210467522 331
1694444398580 0.6228557055585051 332
1694444398620 0.6259397427068931 333
1694444398659 0.6289919024088667 334
1694444398697 0.6320120700119465 335
1694444398729 0.6350001460530357 336
1694444398756 0.6379560460070721 337
1694444398791 0.6408797000261974 338
1694444398833 0.643771052670121 339
1694444398870 0.6466300626283185 340
1694444398915 0.6494567024347321 341
1694444398954 0.6522509581756171 342
1694444398985 0.6550128291911628 343
1694444399019 0.6577423277715129 344
1694444399052 0.660439478847823 345
1694444399085 0.6631043196789099 346
1694444399122 0.6657368995341346 347
1694444399157 0.6683372793730482 348
1694444399190 0.6709055315223847 349
1694444399234 0.67344173935093 350
1694444399273 0.675945996942799 351
1694444399306 0.6784184087696221 352
1694444399337 0.6808590893621467 353
1694444399371 0.6832681629817017 354
1694444399434 0.6856457632920046 355
1694444399474 0.6879920330317328 356
1694444399527 0.6903071236882777 357
1694444399561 0.6925911951730825 358
1694444399592 0.6948444154989442 359
1694444399627 0.697066960459636 360
1694444399659 0.6992590133121906 361
1694444399693 0.7014207644621757 362
1694444399733 0.7035524111522551 363
1694444399773 0.7056541571543289 364
1694444399817 0.7077262124655144 365
1694444399855 0.7097687930082204 366
1694444399892 0.7117821203345465 367
1694444399929 0.7137664213352195 368
1694444399961 0.7157219279532688 369
1694444399993 0.7176488769026144 370
1694444400042 0.7195475093917408 371
1694444400082 0.7214180708526029 372
1694444400125 0.723260810674891 373
1694444400176 0.7250759819457853 374
1694444400218 0.7268638411952953 375
1694444400258 0.7286246481472869 376
1694444400292 0.7303586654762533 377
1694444400327 0.732066158569926 378
1694444400363 0.7337473952977485 379
1694444400394 0.7354026457852678 380
1694444400422 0.7370321821944805 381
1694444400451 0.7386362785101379 382
1694444400486 0.7402152103320246 383
1694444400520 0.7417692546732131 384
1694444400552 0.7432986897642833 385
1694444400587 0.7448037948634841 386
1694444400623 0.7462848500728136 387
1694444400656 0.7477421361599865 388
1694444400691 0.749175934386235 389
1694444400733 0.7505865263399109 390
1694444400771 0.7519741937758198 391
1694444400818 0.7533392184602401 392
1694444400862 0.7546818820215409 393
1694444400895 0.7560024658063544 394
1694444400924 0.7573012507411964 395
1694444400954 0.7585785171994832 396
1694444400987 0.7598345448738417 397
1694444401019 0.7610696126536294 398
1694444401053 0.7622839985075787 399
1694444401082 0.7634779793714711 400
1694444401118 0.7646518310407324 401
1694444401157 0.7658058280678732 402
1694444401196 0.7669402436646523 403
1694444401236 0.7680553496088764 404
1694444401271 0.7691514161557247 405
1694444401305 0.7702287119534975 406
1694444401355 0.7712875039636831 407
1694444401389 0.7723280573852347 408
1694444401423 0.7733506355829578 409
1694444401463 0.7743555000198932 410
1694444401506 0.7753429101935931 411
1694444401556 0.7763131235761876 412
1694444401596 0.777266395558127 413
1694444401643 0.778202979395503 414
1694444401681 0.7791231261608393 415
1694444401723 0.7800270846972482 416
1694444401760 0.7809151015758506 417
1694444401796 0.7817874210563556 418
1694444401831 0.7826442850507036 419
1694444401870 0.7834859330896626 420
1694444401904 0.7843126022922942 421
1694444401955 0.7851245273381765 422
1694444401988 0.7859219404423015 423
1694444402021 0.7867050713325415 424
1694444402061 0.7874741472296014 425
1694444402091 0.7882293928293593 426
1694444402122 0.7889710302875095 427
1694444402166 0.7896992792064208 428
1694444402198 0.7904143566241226 429
1694444402231 0.7911164770053312 430
1694444402263 0.7918058522344475 431
1694444402294 0.7924826916104268 432
1694444402329 0.7931472018434588 433
1694444402360 0.7937995870533727 434
1694444402390 0.7944400487696949 435
1694444402427 0.795068785933283 436
1694444402457 0.7956859948994768 437
1694444402490 0.796291869442677 438
1694444402524 0.7968866007623078 439
1694444402559 0.7974703774900791 440
1694444402590 0.7980433856984942 441
1694444402627 0.7986058089105411 442
1694444402666 0.7991578281105045 443
1694444402696 0.7996996217558391 444
1694444402727 0.8002313657900559 445
1694444402759 0.8007532336565569 446
1694444402792 0.8012653963133722 447
1694444402824 0.8017680222487464 448
1694444402857 0.8022612774975229 449
1694444402887 0.8027453256582795 450
1694444402926 0.8032203279111753 451
1694444402963 0.8036864430364494 452
1694444402999 0.8041438274335458 453
1694444403042 0.8045926351408084 454
1694444403080 0.8050330178557168 455
1694444403114 0.8054651249556153 456
1694444403148 0.8058891035189066 457
1694444403182 0.8063050983466676 458
1694444403226 0.8067132519846543 459
1694444403262 0.8071137047456681 460
1694444403299 0.8075065947322415 461
1694444403334 0.8078920578596238 462
1694444403373 0.8082702278790281 463
1694444403409 0.8086412364011183 464
1694444403442 0.8090052129197051 465
1694444403476 0.8093622848356274 466
1694444403506 0.8097125774807907 467
1694444403539 0.8100562141423459 468
1694444403574 0.8103933160869781 469
1694444403613 0.8107240025852874 470
1694444403654 0.8110483909362448 471
1694444403691 0.8113665964916927 472
1694444403731 0.8116787326808851 473
1694444403765 0.8119849110350372 474
1694444403798 0.8122852412118786 475
1694444403852 0.812579831020181 476
1694444403884 0.8128687864442574 477
1694444403941 0.813152211668412 478
1694444403995 0.8134302091013264 479
1694444404044 0.8137028794003713 480
1694444404090 0.8139703214958309 481
1694444404147 0.8142326326150262 482
1694444404203 0.8144899083063292 483
1694444404250 0.8147422424630562 484
1694444404295 0.8149897273472274 485
1694444404340 0.8152324536131904 486
1694444404388 0.8154705103310902 487
1694444404435 0.8157039850101864 488
1694444404475 0.8159329636220012 489
1694444404516 0.8161575306232993 490
1694444404555 0.8163777689788865 491
1694444404606 0.8165937601842239 492
1694444404664 0.8168055842878533 493
1694444404706 0.8170133199136229 494
1694444404756 0.8172170442827151 495
1694444404812 0.8174168332354685 496
1694444404856 0.8176127612529881 497
1694444404909 0.8178049014785449 498
1694444404962 0.8179933257387548 499
