1694444386048 158.30244906385013 0
1694444386084 155.15151718560296 1
1694444386117 152.06338548974296 2
1694444386151 149.0368009472952 3
1694444386188 146.0705355778632 4
1694444386236 143.16338594726952 5
1694444386276 140.31417267532728 6
1694444386326 137.5217399535362 7
1694444386363 134.7849550725017 8
1694444386394 132.10270795887854 9
1694444386433 129.4739107216461 10
1694444386468 126.89749720752494 11
1694444386501 124.37242256534915 12
1694444386535 121.8976628192127 13
1694444386567 119.47221445021103 14
1694444386598 117.09509398660406 15
1694444386631 114.76533760222904 16
1694444386667 112.48200072299619 17
1694444386703 110.24415764130319 18
1694444386744 108.05090113820728 19
1694444386781 105.90134211319874 20
1694444386821 103.79460922142067 21
1694444386857 101.72984851818468 22
1694444386895 99.70622311063455 23
1694444386932 97.72291281641294 24
1694444386966 95.7791138291898 25
1694444386999 93.87403839091273 26
1694444387032 92.00691447064415 27
1694444387066 90.17698544985133 28
1694444387099 88.38350981401918 29
1694444387135 86.62576085045751 30
1694444387168 84.90302635217773 31
1694444387202 83.21460832771646 32
1694444387251 81.55982271678545 33
1694444387288 79.9379991116303 34
1694444387327 78.34848048398284 35
1694444387363 76.79062291749366 36
1694444387396 75.26379534553469 37
1694444387433 73.76737929426305 38
1694444387474 72.30076863084011 39
1694444387507 70.86336931670164 40
1694444387549 69.45459916577721 41
1694444387585 68.07388760755912 42
1694444387618 66.72067545492254 43
1694444387656 65.39441467660183 44
1694444387694 64.09456817422836 45
1694444387731 62.82060956383864 46
1694444387763 61.57202296176188 47
1694444387796 60.34830277479956 48
1694444387834 59.14895349460975 49
1694444387868 57.973489496212146 50
1694444387898 56.82143484053039 51
1694444387932 55.692323080890525 52
1694444387967 54.58569707339609 53
1694444387998 53.50110879110153 54
1694444388035 52.43811914190768 55
1694444388064 51.39629779010438 56
1694444388097 50.37522298148684 57
1694444388133 49.374481371973886 58
1694444388167 48.393667859657526 59
1694444388200 47.43238542021507 60
1694444388234 46.49024494561599 61
1694444388268 45.56686508605735 62
1694444388301 44.661872095062954 63
1694444388344 43.77489967768257 64
1694444388381 42.90558884172891 65
1694444388416 42.05358775199149 66
1694444388449 41.21855158736732 67
1694444388482 40.40014240085003 68
1694444388513 39.59802898232004 69
1694444388547 38.81188672407926 70
1694444388594 38.04139748907556 71
1694444388624 37.28624948176283 72
1694444388671 36.546137121543694 73
1694444388727 35.82076091874313 74
1694444388767 35.109827353062194 75
1694444388804 34.413048754461954 76
1694444388845 33.73014318642922 77
1694444388884 33.06083433157576 78
1694444388954 32.40485137952471 79
1694444389021 31.761928917037956 80
1694444389066 31.13180682033978 81
1694444389137 30.514230149592525 82
1694444389182 29.908949045481307 83
1694444389215 29.3157186278654 84
1694444389247 28.73429889645488 85
1694444389283 28.164454633471948 86
1694444389337 27.60595530825718 87
1694444389382 27.05857498378165 88
1694444389420 26.52209222502685 89
1694444389454 25.99629000919489 90
1694444389488 25.480955637712388 91
1694444389533 24.97588064999203 92
1694444389585 24.480860738916693 93
1694444389643 23.995695668011603 94
1694444389703 23.52018919027066 95
1694444389747 23.05414896860389 96
1694444389801 22.597386497873533 97
1694444389839 22.149717028487004 98
1694444389870 21.710959491515435 99
1694444389903 21.280936425307434 100
1694444389935 20.859473903568045 101
1694444389966 20.446401464873517 102
1694444389999 20.041552043593292 103
1694444390036 19.644761902191025 104
1694444390069 19.255870564876904 105
1694444390108 18.874720752584405 106
1694444390178 18.501158319244897 107
1694444390245 18.135032189334197 108
1694444390285 17.77619429666552 109
1694444390333 17.424499524404077 110
1694444390368 17.07980564627869 111
1694444390402 16.741973268966586 112
1694444390445 16.41086577562802 113
1694444390481 16.08634927056746 114
1694444390513 15.768292524999097 115
1694444390554 15.456566923894394 116
1694444390588 15.151046413890224 117
1694444390633 14.85160745223619 118
1694444390677 14.558128956760562 119
1694444390706 14.2704922568343 120
1694444390740 13.988581045313365 121
1694444390783 13.712281331439653 122
1694444390816 13.441481394681427 123
1694444390852 13.176071739494537 124
1694444390886 12.915945050985925 125
1694444390923 12.660996151461502 126
1694444390961 12.4111219578406 127
1694444390997 12.166221439919834 128
1694444391031 11.926195579469246 129
1694444391066 11.690947330144251 130
1694444391095 11.460381578197062 131
1694444391129 11.234405103971458 132
1694444391169 11.012926544165548 133
1694444391201 10.795856354846928 134
1694444391236 10.583106775205351 135
1694444391281 10.374591792028124 136
1694444391314 10.170227104883852 137
1694444391350 9.969930092000308 138
1694444391390 9.773619776822649 139
1694444391427 9.581216795238364 140
1694444391461 9.392643363455612 141
1694444391496 9.207823246521992 142
1694444391529 9.026681727470852 143
1694444391570 8.849145577082645 144
1694444391614 8.67514302424921 145
1694444391665 8.504603726928627 146
1694444391703 8.33745874367916 147
1694444391749 8.17364050576061 148
1694444391782 8.013082789791687 149
1694444391812 7.85572069095243 150
1694444391849 7.701490596720769 151
1694444391887 7.550330161132465 152
1694444391917 7.402178279554146 153
1694444391951 7.256975063959064 154
1694444391984 7.114661818695636 155
1694444392016 6.975181016738898 156
1694444392050 6.8384762764152205 157
1694444392080 6.704492338590885 158
1694444392112 6.573175044315248 159
1694444392153 6.444471312909399 160
1694444392187 6.318329120491519 161
1694444392222 6.194697478930061 162
1694444392256 6.073526415216409 163
1694444392290 5.954766951248521 164
1694444392323 5.8383710840174 165
1694444392370 5.7242917661883475 166
1694444392400 5.612482887069174 167
1694444392433 5.502899253957562 168
1694444392472 5.395496573860119 169
1694444392511 5.290231435575595 170
1694444392552 5.187061292135145 171
1694444392589 5.0859444435923695 172
1694444392631 4.986840020156274 173
1694444392672 4.889707965660244 174
1694444392706 4.79450902136036 175
1694444392750 4.701204710056483 176
1694444392783 4.609757320529639 177
1694444392822 4.52012989228953 178
1694444392871 4.432286200625772 179
1694444392907 4.346190741956982 180
1694444392938 4.26180871947173 181
1694444392983 4.1791060290554904 182
1694444393018 4.098049245497967 183
1694444393061 4.0186056089751 184
1694444393094 3.940743011800413 185
1694444393124 3.864429985440214 186
1694444393168 3.7896356877874444 187
1694444393204 3.7163298906890287 188
1694444393240 3.6444829677216446 189
1694444393280 3.574065882210988 190
1694444393318 3.5050501754896315 191
1694444393357 3.4374079553887977 192
1694444393396 3.371111884959346 193
1694444393431 3.306135171417348 194
1694444393468 3.242451555309887 195
1694444393504 3.1800352998966277 196
1694444393540 3.1188611807428392 197
1694444393572 3.0589044755196935 198
1694444393608 3.00014095400773 199
1694444393649 2.942546868299363 200
1694444393680 2.8860989431965254 201
1694444393714 2.8307743667995586 202
1694444393749 2.7765507812835115 203
1694444393785 2.723406273858114 204
1694444393818 2.671319367907816 205
1694444393853 2.620269014308211 206
1694444393900 2.5702345829154445 207
1694444393933 2.5211958542250614 208
1694444393971 2.473133011196974 209
1694444394014 2.426026631243203 210
1694444394044 2.3798576783752012 211
1694444394077 2.334607495507529 212
1694444394108 2.290257796914781 213
1694444394138 2.246790660838728 214
1694444394172 2.2041885222426694 215
1694444394203 2.162434165710061 216
1694444394240 2.1215107184845325 217
1694444394274 2.08140164364853 218
1694444394306 2.042090733437743 219
1694444394338 2.0035621026886785 220
1694444394374 1.9658001824166884 221
1694444394406 1.928789713521892 222
1694444394437 1.892515740620393 223
1694444394477 1.8569636059983357 224
1694444394511 1.8221189436863459 225
1694444394551 1.7879676736519523 226
1694444394590 1.754495996107629 227
1694444394621 1.7216903859321875 228
1694444394656 1.6895375872032259 229
1694444394687 1.658024607838439 230
1694444394717 1.6271387143436284 231
1694444394751 1.5968674266652747 232
1694444394795 1.5671985131455952 233
1694444394832 1.5381199855780334 234
1694444394879 1.5096200943612175 235
1694444394912 1.4816873237493704 236
1694444394944 1.4543103871972998 237
1694444394985 1.4274782227980582 238
1694444395019 1.40117998881144 239
1694444395051 1.3754050592814946 240
1694444395094 1.3501430197412945 241
1694444395132 1.3253836630032128 242
1694444395181 1.3011169850330095 243
1694444395219 1.2773331809060586 244
1694444395273 1.254022640844084 245
1694444395307 1.2311759463307903 246
1694444395340 1.208783866304833 247
1694444395387 1.1868373534285694 248
1694444395419 1.165327540431088 249
1694444395449 1.1442457365240537 250
1694444395488 1.1235834238889009 251
1694444395521 1.103332254233938 252
1694444395556 1.08348404542003 253
1694444395596 1.0640307781534144 254
1694444395633 1.0449645927443825 255
1694444395669 1.0262777859304648 256
1694444395720 1.0079628077628844 257
1694444395756 0.9900122585549588 258
1694444395803 0.9724188858912762 259
1694444395845 0.9551755816963959 260
1694444395884 0.9382753793619001 261
1694444395920 0.9217114509306504 262
1694444395957 0.9054771043370811 263
1694444395999 0.8895657807024261 264
1694444396033 0.8739710516838058 265
1694444396068 0.8586866168760702 266
1694444396108 0.8437063012653613 267
1694444396144 0.8290240527333662 268
1694444396187 0.8146339396112577 269
1694444396219 0.8005301482823175 270
1694444396250 0.7867069808322813 271
1694444396291 0.7731588527464668 272
1694444396322 0.7598802906527247 273
1694444396371 0.7468659301093312 274
1694444396405 0.7341105134369034 275
1694444396438 0.7216088875934868 276
1694444396474 0.7093560020919182 277
1694444396507 0.6973469069586636 278
1694444396540 0.6855767507332818 279
1694444396572 0.6740407785076957 280
1694444396605 0.6627343300045055 281
1694444396637 0.6516528376935554 282
1694444396670 0.640791824945977 283
1694444396703 0.6301469042249912 284
1694444396737 0.6197137753127049 285
1694444396773 0.6094882235722188 286
1694444396806 0.5994661182443211 287
1694444396841 0.5896434107780806 288
1694444396884 0.5800161331946784 289
1694444396918 0.5705803964837988 290
1694444396954 0.5613323890319398 291
1694444396994 0.5522683750820119 292
1694444397031 0.5433846932235982 293
1694444397065 0.5346777549132499 294
1694444397105 0.5261440430242579 295
1694444397151 0.5177801104252726 296
1694444397198 0.5095825785872212 297
1694444397244 0.5015481362179545 298
1694444397283 0.4936735379240602 299
1694444397320 0.48595560289933243 300
1694444397355 0.47839121363931636 301
1694444397389 0.47097731468146437 302
1694444397421 0.46371091137035864 303
1694444397452 0.4565890686475044 304
1694444397485 0.44960890986521806 305
1694444397526 0.44276761562412364 306
1694444397568 0.4360624226337815 307
1694444397613 0.4294906225960022 308
1694444397653 0.4230495611103813 309
1694444397689 0.4167366366016159 310
1694444397722 0.4105492992681812 311
1694444397753 0.4044850500519183 312
1694444397787 0.3985414396281433 313
1694444397820 0.3927160674158453 314
1694444397856 0.38700658060759546 315
1694444397900 0.38141067321875666 316
1694444397934 0.3759260851556208 317
1694444397965 0.3705506013020894 318
1694444398001 0.3652820506245377 319
1694444398034 0.36011830529448746 320
1694444398070 0.35505727982874774 321
1694444398122 0.35009693024667027 322
1694444398178 0.34523525324416454 323
1694444398221 0.3404702853841729 324
1694444398265 0.33580010230324475 325
1694444398316 0.33122281793389985 326
1694444398366 0.32673658374247766 327
1694444398422 0.3223395879821553 328
1694444398463 0.3180300549608201 329
1694444398504 0.3138062443235284 330
1694444398539 0.3096664503492384 331
1694444398572 0.30560900126153673 332
1694444398613 0.30163225855309755 333
1694444398651 0.29773461632356263 334
1694444398685 0.2939145006306241 335
1694444398720 0.2901703688540071 336
1694444398750 0.28650070907211406 337
1694444398783 0.28290403945108084 338
1694444398823 0.27937890764598206 339
1694444398862 0.27592389021396385 340
1694444398905 0.27253759203905165 341
1694444398945 0.26921864576840326 342
1694444398978 0.26596571125978824 343
1694444399010 0.2627774750400614 344
1694444399044 0.25965264977440666 345
1694444399075 0.25658997374615916 346
1694444399115 0.25358821034696494 347
1694444399151 0.2506461475770969 348
1694444399183 0.2477625975557112 349
1694444399222 0.24493639604085177 350
1694444399266 0.2421664019590115 351
1694444399299 0.23945149694404896 352
1694444399330 0.23679058488528495 353
1694444399364 0.23418259148459736 354
1694444399419 0.231626463822324 355
1694444399464 0.22912116993180648 356
1694444399520 0.22666569838240533 357
1694444399554 0.22425905787080955 358
1694444399585 0.22190027682048188 359
1694444399618 0.21958840298907345 360
1694444399652 0.21732250308365808 361
1694444399685 0.21510166238361592 362
1694444399723 0.21292498437102822 363
1694444399764 0.21079159036842504 364
1694444399806 0.20870061918374283 365
1694444399845 0.20665122676234987 366
1694444399883 0.20464258584599473 367
1694444399921 0.20267388563854388 368
1694444399953 0.20074433147836937 369
1694444399986 0.1988531445172604 370
1694444400033 0.1969995614057219 371
1694444400070 0.19518283398453473 372
1694444400118 0.19340222898246073 373
1694444400165 0.1916570277199572 374
1694444400207 0.18994652581879287 375
1694444400248 0.18827003291743838 376
1694444400285 0.18662687239212505 377
1694444400319 0.18501638108345295 378
1694444400354 0.18343790902843815 379
1694444400386 0.18189081919789934 380
1694444400416 0.1803744872390621 381
1694444400444 0.17888830122329114 382
1694444400478 0.17743166139884195 383
1694444400512 0.1760039799485334 384
1694444400546 0.17460468075224136 385
1694444400578 0.17323319915412116 386
1694444400615 0.17188898173446146 387
1694444400648 0.1705714860860761 388
1694444400682 0.16928018059515368 389
1694444400723 0.16801454422645934 390
1694444400761 0.16677406631281777 391
1694444400805 0.1655582463487808 392
1694444400854 0.16436659378840854 393
1694444400887 0.16319862784706476 394
1694444400916 0.16205387730716805 395
1694444400947 0.16093188032779782 396
1694444400980 0.15983218425809845 397
1694444401012 0.1587543454543915 398
1694444401046 0.1576979291009306 399
1694444401074 0.15666250903421955 400
1694444401105 0.1556476675708327 401
1694444401150 0.1546529953386557 402
1694444401186 0.15367809111148956 403
1694444401229 0.15272256164694314 404
1694444401263 0.15178602152755302 405
1694444401298 0.1508680930050658 406
1694444401346 0.1499684058478179 407
1694444401381 0.1490865971911553 408
1694444401416 0.14822231139082567 409
1694444401454 0.147375199879292 410
1694444401496 0.14654492102490543 411
1694444401547 0.1457311399938776 412
1694444401587 0.144933528615005 413
1694444401636 0.14415176524707923 414
1694444401671 0.14338553464894152 415
1694444401707 0.14263452785211983 416
1694444401752 0.14189844203600208 417
1694444401788 0.14117698040549312 418
1694444401818 0.14046985207110607 419
1694444401862 0.13977677193144175 420
1694444401896 0.139097460558004 421
1694444401938 0.13843164408230957 422
1694444401980 0.13777905408524363 423
1694444402014 0.13713942748861693 424
1694444402052 0.13651250644888274 425
1694444402085 0.13589803825296634 426
1694444402115 0.1352957752161707 427
1694444402157 0.1347054745821102 428
1694444402190 0.13412689842463815 429
1694444402224 0.13355981355172816 430
1694444402255 0.13300399141126124 431
1694444402286 0.13245920799869718 432
1694444402320 0.13192524376657527 433
1694444402352 0.13140188353582 434
1694444402383 0.13088891640881184 435
1694444402419 0.1303861356841873 436
1694444402451 0.1298933387733328 437
1694444402483 0.12941032711854464 438
1694444402517 0.1289369061128133 439
1694444402552 0.12847288502120574 440
1694444402583 0.12801807690381423 441
1694444402619 0.12757229854023433 442
1694444402656 0.1271353703555488 443
1694444402688 0.12670711634778564 444
1694444402719 0.1262873640168152 445
1694444402751 0.1258759442946673 446
1694444402784 0.12547269147723134 447
1694444402818 0.12507744315731759 448
1694444402850 0.12469004015905014 449
1694444402880 0.12431032647356659 450
1694444402917 0.1239381491959931 451
1694444402953 0.12357335846368048 452
1694444402989 0.12321580739566265 453
1694444403033 0.12286535203332509 454
1694444403071 0.12252185128225006 455
1694444403105 0.12218516685522285 456
1694444403139 0.12185516321636887 457
1694444403173 0.12153170752640405 458
1694444403217 0.12121466958897611 459
1694444403253 0.12090392179806947 460
1694444403290 0.12059933908646249 461
1694444403325 0.12030079887520508 462
1694444403364 0.12000818102410615 463
1694444403401 0.11972136778320287 464
1694444403435 0.11944024374519746 465
1694444403468 0.11916469579884044 466
1694444403499 0.11889461308324228 467
1694444403531 0.1186298869430915 468
1694444403564 0.11837041088476703 469
1694444403604 0.11811608053332304 470
1694444403637 0.11786679359032805 471
1694444403683 0.11762244979254598 472
1694444403722 0.11738295087143708 473
1694444403757 0.11714820051346649 474
1694444403790 0.11691810432120003 475
1694444403844 0.11669256977517814 476
1694444403874 0.1164715061965457 477
1694444403934 0.11625482471042549 478
1694444403982 0.11604243821002198 479
1694444404035 0.11583426132143905 480
1694444404081 0.11563021036919666 481
1694444404135 0.11543020334243534 482
1694444404195 0.11523415986179263 483
1694444404238 0.11504200114693752 484
1694444404285 0.1148536499847538 485
1694444404330 0.11466903069815258 486
1694444404378 0.11448806911551004 487
1694444404428 0.11431069254070836 488
1694444404466 0.11413682972377755 489
1694444404507 0.11396641083211889 490
1694444404546 0.11379936742230076 491
1694444404596 0.11363563241241736 492
1694444404649 0.11347514005499632 493
1694444404696 0.11331782591044573 494
1694444404746 0.11316362682103036 495
1694444404801 0.11301248088536371 496
1694444404847 0.11286432743340988 497
1694444404900 0.11271910700198162 498
1694444404951 0.11257676131072701 499
