1694445941443 0.0 0
1694445941739 0.0 1
1694445941982 0.0 2
1694445942251 0.0 3
1694445942572 0.0 4
1694445942897 0.0 5
1694445943149 0.0 6
1694445943418 0.0 7
1694445943677 0.0 8
1694445943918 0.0 9
1694445944179 0.0 10
1694445944434 0.0 11
1694445944724 0.0 12
1694445944985 0.0 13
1694445945230 0.0 14
1694445945484 0.0 15
1694445945758 0.0 16
1694445946013 0.0 17
1694445946263 0.0 18
1694445946528 0.0 19
1694445946793 0.0 20
1694445947070 0.0 21
1694445947357 0.0 22
1694445947640 0.0 23
1694445947892 0.0 24
1694445948165 0.0 25
1694445948444 0.0 26
1694445948754 0.0 27
1694445949026 0.0 28
1694445949278 0.0 29
1694445949540 0.0 30
1694445949800 0.0 31
1694445950055 0.0 32
1694445950323 0.0 33
1694445950588 0.0 34
1694445950838 0.0 35
1694445951094 0.0 36
1694445951354 0.0 37
1694445951610 0.0 38
1694445951871 0.0 39
1694445952138 0.0 40
1694445952413 0.0 41
1694445952670 0.0 42
1694445952926 0.0 43
1694445953180 0.0 44
1694445953451 0.0 45
1694445953706 0.0 46
1694445953971 0.0 47
1694445954215 0.0 48
1694445954481 0.0 49
1694445954746 0.0 50
1694445955005 0.0 51
1694445955264 0.0 52
1694445955527 0.0 53
1694445955804 0.0 54
1694445956071 0.0 55
1694445956326 0.0 56
1694445956592 0.0 57
1694445956854 0.0 58
1694445957108 0.0 59
1694445957366 0.0 60
1694445957625 0.0 61
1694445957878 0.0 62
1694445958152 0.0 63
1694445958430 0.0 64
1694445958695 0.0 65
1694445958947 0.0 66
1694445959206 0.0 67
1694445959482 0.0 68
1694445959750 0.0 69
1694445960028 0.0 70
1694445960310 0.0 71
1694445960584 0.0 72
1694445960847 0.0 73
1694445961106 0.0 74
1694445961371 0.0 75
1694445961649 0.0 76
1694445961929 0.0 77
1694445962206 0.0 78
1694445962463 0.0 79
1694445962732 0.0 80
1694445963001 0.0 81
1694445963278 0.0 82
1694445963555 0.0 83
1694445963834 0.0 84
1694445964096 0.0 85
1694445964353 0.0 86
1694445964622 0.0 87
1694445964902 0.0 88
1694445965180 0.0 89
1694445965451 0.0 90
1694445965721 0.0 91
1694445966010 0.0 92
1694445966272 0.0 93
1694445966569 0.0 94
1694445966823 0.0 95
1694445967100 0.0 96
1694445967363 0.0 97
1694445967627 0.0 98
1694445967885 0.0 99
1694445968145 0.0 100
1694445968421 0.0 101
1694445968687 0.0 102
1694445968952 0.0 103
1694445969215 0.0 104
1694445969478 0.0 105
1694445969741 0.0 106
1694445970006 0.0 107
1694445970271 0.0 108
1694445970536 0.0 109
1694445970797 0.0 110
1694445971051 0.0 111
1694445971319 0.0 112
1694445971577 0.0 113
1694445971839 0.0 114
1694445972104 0.0 115
1694445972364 0.0 116
1694445972619 0.0 117
1694445972850 0.0 118
1694445973113 0.0 119
1694445973378 0.0 120
1694445973650 0.0 121
1694445973938 0.0 122
1694445974207 0.0 123
1694445974471 0.0 124
1694445974760 0.0 125
1694445975032 0.0 126
1694445975291 0.0 127
1694445975570 0.0 128
1694445975848 0.0 129
1694445976147 0.0 130
1694445976404 0.0 131
1694445976673 0.0 132
1694445976998 0.0 133
1694445977301 0.0 134
1694445977556 0.0 135
1694445977819 0.0 136
1694445978093 0.0 137
1694445978388 0.0 138
1694445978623 0.0 139
1694445978860 0.0 140
1694445979133 0.0 141
1694445979396 0.0 142
1694445979697 0.0 143
1694445980007 0.0 144
1694445980281 0.0 145
1694445980541 0.0 146
1694445980805 0.0 147
1694445981056 0.0 148
1694445981332 0.0 149
1694445981616 0.0 150
1694445981903 0.0 151
1694445982156 0.0 152
1694445982412 0.0 153
1694445982724 0.0 154
1694445983001 0.0 155
1694445983267 0.0 156
1694445983529 0.0 157
1694445983818 0.0 158
1694445984081 0.0 159
1694445984343 0.0 160
1694445984607 0.0 161
1694445984856 0.0 162
1694445985111 0.0 163
1694445985359 0.0 164
1694445985618 0.0 165
1694445985885 0.0 166
1694445986156 0.0 167
1694445986412 0.0 168
1694445986679 0.0 169
1694445986940 0.0 170
1694445987186 0.0 171
1694445987450 0.0 172
1694445987697 0.0 173
1694445987959 0.0 174
1694445988233 0.0 175
1694445988513 0.0 176
1694445988781 0.0 177
1694445989047 0.0 178
1694445989313 0.0 179
1694445989575 0.0 180
1694445989835 0.0 181
1694445990095 0.0 182
1694445990362 0.0 183
1694445990620 0.0 184
1694445990880 0.0 185
1694445991113 0.0 186
1694445991377 0.0 187
1694445991641 0.0 188
1694445991910 0.0 189
1694445992182 0.0 190
1694445992500 0.0 191
1694445992761 0.0 192
1694445993036 0.0 193
1694445993318 0.0 194
1694445993574 0.0 195
1694445993821 0.0 196
1694445994089 0.0 197
1694445994348 0.0 198
1694445994614 0.0 199
1694445994908 0.0 200
1694445995172 0.0 201
1694445995447 0.0 202
1694445995726 0.0 203
1694445995987 0.0 204
1694445996287 0.0 205
1694445996568 0.0 206
1694445996835 0.0 207
1694445997113 0.0 208
1694445997375 0.0 209
1694445997618 0.0 210
1694445997895 0.0 211
1694445998201 0.0 212
1694445998470 0.0 213
1694445998730 0.0 214
1694445999006 0.0 215
1694445999295 0.0 216
1694445999567 0.0 217
1694445999830 0.0 218
1694446000077 0.0 219
1694446000349 0.0 220
1694446000615 0.0 221
1694446000878 0.0 222
1694446001139 0.0 223
1694446001406 0.0 224
1694446001663 0.0 225
1694446001918 0.0 226
1694446002184 0.0 227
1694446002455 0.0 228
1694446002720 0.0 229
1694446002964 0.0 230
1694446003220 0.0 231
1694446003482 0.0 232
1694446003753 0.0 233
1694446004002 0.0 234
1694446004250 0.0 235
1694446004523 0.0 236
1694446004767 0.0 237
1694446005036 0.0 238
1694446005303 0.0 239
1694446005572 0.0 240
1694446005818 0.0 241
1694446006063 0.0 242
1694446006317 0.0 243
1694446006572 0.0 244
1694446006829 0.0 245
1694446007068 0.0 246
1694446007328 0.0 247
1694446007629 0.0 248
1694446007890 0.0 249
1694446008129 0.0 250
1694446008447 0.0 251
1694446008708 0.0 252
1694446008966 0.0 253
1694446009216 0.0 254
1694446009472 0.0 255
1694446009735 0.0 256
1694446009997 0.0 257
1694446010243 0.0 258
1694446010493 0.0 259
1694446010763 0.0 260
1694446011024 0.0 261
1694446011285 0.0 262
1694446011574 0.0 263
1694446011844 0.0 264
1694446012113 0.0 265
1694446012373 0.0 266
1694446012640 0.0 267
1694446012919 0.0 268
1694446013183 0.0 269
1694446013453 0.0 270
1694446013709 0.0 271
1694446013970 0.0 272
1694446014245 0.0 273
1694446014509 0.0 274
1694446014785 0.0 275
1694446015047 0.0 276
1694446015323 0.0 277
1694446015585 0.0 278
1694446015845 0.0 279
1694446016125 0.0 280
1694446016423 0.0 281
1694446016692 0.0 282
1694446016952 0.0 283
1694446017215 0.0 284
1694446017488 0.0 285
1694446017748 0.0 286
1694446017996 0.0 287
1694446018241 0.0 288
1694446018511 0.0 289
1694446018786 0.0 290
1694446019032 0.0 291
1694446019284 0.0 292
1694446019555 0.0 293
1694446019818 0.0 294
1694446020086 0.0 295
1694446020343 0.0 296
1694446020589 0.0 297
1694446020846 0.0 298
1694446021118 0.0 299
1694446021386 0.0 300
1694446021651 0.0 301
1694446021909 0.0 302
1694446022190 0.0 303
1694446022466 0.0 304
1694446022735 0.0 305
1694446022995 0.0 306
1694446023252 0.0 307
1694446023549 0.0 308
1694446023811 0.0 309
1694446024050 0.0 310
1694446024334 0.0 311
1694446024603 0.0 312
1694446024873 0.0 313
1694446025129 0.0 314
1694446025399 0.0 315
1694446025658 0.0 316
1694446025920 0.0 317
1694446026180 0.0 318
1694446026445 0.0 319
1694446026708 0.0 320
1694446026964 0.0 321
1694446027235 0.0 322
1694446027504 0.0 323
1694446027750 0.0 324
1694446028005 0.0 325
1694446028269 0.0 326
1694446028544 0.0 327
1694446028793 0.0 328
1694446029051 0.0 329
1694446029313 0.0 330
1694446029574 0.0 331
1694446029846 0.0 332
1694446030119 0.0 333
1694446030382 0.0 334
1694446030650 0.0 335
1694446030919 0.0 336
1694446031182 0.0 337
1694446031451 0.0 338
1694446031735 0.0 339
1694446031975 0.0 340
1694446032242 0.0 341
1694446032512 0.0 342
1694446032782 0.0 343
1694446033044 0.0 344
1694446033281 0.0 345
1694446033539 0.0 346
1694446033786 0.0 347
1694446034057 0.0 348
1694446034328 0.0 349
1694446034588 0.0 350
1694446034841 0.0 351
1694446035099 0.0 352
1694446035371 0.0 353
1694446035639 0.0 354
1694446035897 0.0 355
1694446036167 0.0 356
1694446036438 0.0 357
1694446036700 0.0 358
1694446036969 0.0 359
1694446037282 0.0 360
1694446037577 0.0 361
1694446037873 0.0 362
1694446038184 0.0 363
1694446038496 0.0 364
1694446038742 0.0 365
1694446038983 0.0 366
1694446039237 0.0 367
1694446039507 0.0 368
1694446039796 0.0 369
1694446040060 0.0 370
1694446040317 0.0 371
1694446040588 0.0 372
1694446040866 0.0 373
1694446041144 0.0 374
1694446041407 0.0 375
1694446041667 0.0 376
1694446041942 0.0 377
1694446042196 0.0 378
1694446042466 0.0 379
1694446042710 0.0 380
1694446042983 0.0 381
1694446043251 0.0 382
1694446043511 0.0 383
1694446043752 0.0 384
1694446044000 0.0 385
1694446044274 0.0 386
1694446044556 0.0 387
1694446044820 0.0 388
1694446045081 0.0 389
1694446045359 0.0 390
1694446045653 0.0 391
1694446045926 0.0 392
1694446046191 0.0 393
1694446046436 0.0 394
1694446046778 0.0 395
1694446047056 0.0 396
1694446047329 0.0 397
1694446047614 0.0 398
1694446047867 0.0 399
1694446048134 0.0 400
1694446048433 0.0 401
1694446048690 0.0 402
1694446048958 0.0 403
1694446049234 0.0 404
1694446049519 0.0 405
1694446049780 0.0 406
1694446050042 0.0 407
1694446050306 0.0 408
1694446050567 0.0 409
1694446050802 0.0 410
1694446051042 0.0 411
1694446051286 0.0 412
1694446051517 0.0 413
1694446051793 0.0 414
1694446052099 0.0 415
1694446052349 0.0 416
1694446052617 0.0 417
1694446052876 0.0 418
1694446053120 0.0 419
1694446053396 0.0 420
1694446053676 0.0 421
1694446053927 0.0 422
1694446054213 0.0 423
1694446054468 0.0 424
1694446054741 0.0 425
1694446055009 0.0 426
1694446055293 0.0 427
1694446055555 0.0 428
1694446055803 0.0 429
1694446056073 0.0 430
1694446056345 0.0 431
1694446056601 0.0 432
1694446056882 0.0 433
1694446057137 0.0 434
1694446057404 0.0 435
1694446057655 0.0 436
1694446057903 0.0 437
1694446058181 0.0 438
1694446058455 0.0 439
1694446058735 0.0 440
1694446058990 0.0 441
1694446059264 0.0 442
1694446059540 0.0 443
1694446059796 0.0 444
1694446060057 0.0 445
1694446060331 0.0 446
1694446060585 0.0 447
1694446060841 0.0 448
1694446061089 0.0 449
1694446061363 0.0 450
1694446061627 0.0 451
1694446061896 0.0 452
1694446062148 0.0 453
1694446062422 0.0 454
1694446062684 0.0 455
1694446062946 0.0 456
1694446063204 0.0 457
1694446063451 0.0 458
1694446063702 0.0 459
1694446063961 0.0 460
1694446064220 0.0 461
1694446064493 0.0 462
1694446064771 0.0 463
1694446065066 0.0 464
1694446065367 0.0 465
1694446065664 0.0 466
1694446065948 0.0 467
1694446066224 0.0 468
1694446066483 0.0 469
1694446066749 0.0 470
1694446067060 0.0 471
1694446067390 0.0 472
1694446067656 0.0 473
1694446067899 0.0 474
1694446068148 0.0 475
1694446068400 0.0 476
1694446068658 0.0 477
1694446068916 0.0 478
1694446069192 0.0 479
1694446069464 0.0 480
1694446069730 0.0 481
1694446069986 0.0 482
1694446070234 0.0 483
1694446070521 0.0 484
1694446070806 0.0 485
1694446071086 0.0 486
1694446071367 0.0 487
1694446071584 0.0 488
1694446071857 0.0 489
1694446072139 0.0 490
1694446072415 0.0 491
1694446072725 0.0 492
1694446072979 0.0 493
1694446073236 0.0 494
1694446073496 0.0 495
1694446073747 0.0 496
1694446074001 0.0 497
1694446074238 0.0 498
1694446074494 0.0 499
