1694436658618 159.1897948087303 0
1694436658648 156.37275587284572 1
1694436658677 156.29828990601212 2
1694436658708 154.4988593842483 3
1694436658739 153.0707358701846 4
1694436658767 154.41976625048514 5
1694436658800 153.51781742572425 6
1694436658834 150.54405658958646 7
1694436658870 149.9607106373644 8
1694436658905 148.96798695392064 9
1694436658935 147.45879095611653 10
1694436658964 147.45710065419183 11
1694436658995 142.98515602666134 12
1694436659029 143.98781413032648 13
1694436659059 141.80611823988295 14
1694436659091 141.15133597843837 15
1694436659123 140.5511227586291 16
1694436659157 138.70508894773556 17
1694436659189 137.08081319155548 18
1694436659218 136.61343605341872 19
1694436659250 137.98168944566086 20
1694436659278 134.75604772491886 21
1694436659308 132.81491335316417 22
1694436659337 133.23507815798854 23
1694436659367 129.70951432660036 24
1694436659398 130.85748317334102 25
1694436659429 130.2738848663552 26
1694436659459 127.28719523230733 27
1694436659494 126.57394938254312 28
1694436659524 126.67702829783241 29
1694436659553 124.65118752281572 30
1694436659583 124.01222069814982 31
1694436659614 122.72411297047961 32
1694436659645 123.48537957609548 33
1694436659677 120.58210244974231 34
1694436659705 121.50952423098812 35
1694436659732 119.70570668185785 36
1694436659762 119.80608247471608 37
1694436659791 117.3020232989076 38
1694436659824 117.10126118162253 39
1694436659859 117.24730221312916 40
1694436659886 115.74498547770015 41
1694436659914 116.08955446856129 42
1694436659944 113.40979049404142 43
1694436659974 112.8792989256457 44
1694436660005 112.03979204162593 45
1694436660043 111.6476016862313 46
1694436660073 110.12391626014615 47
1694436660107 108.2619056426082 48
1694436660137 108.25267631408906 49
1694436660170 108.71679370975062 50
1694436660203 105.99783184197331 51
1694436660236 106.55347047619081 52
1694436660266 105.2784329549258 53
1694436660294 106.13165446346429 54
1694436660330 103.93871268324355 55
1694436660374 103.40975267381111 56
1694436660416 101.0154037602663 57
1694436660462 101.91126097039691 58
1694436660511 100.34684599841873 59
1694436660556 100.51031898189873 60
1694436660607 99.32437904770683 61
1694436660654 98.66658353710486 62
1694436660700 96.70177157539918 63
1694436660754 98.02323174175562 64
1694436660811 95.20872885804997 65
1694436660872 94.62828485668511 66
1694436660914 93.93963794726491 67
1694436660955 93.88700728580977 68
1694436660986 94.03344687356898 69
1694436661019 92.17022222830859 70
1694436661051 93.01688229395876 71
1694436661084 90.6142378697717 72
1694436661116 89.88909830368851 73
1694436661149 90.61970347063544 74
1694436661181 89.68051325753416 75
1694436661218 89.0238732237913 76
1694436661251 89.1039252475759 77
1694436661283 88.28886550881616 78
1694436661325 86.0243959334955 79
1694436661357 85.99522910915805 80
1694436661387 85.87338166708625 81
1694436661426 84.80501632169336 82
1694436661458 82.75375533600327 83
1694436661494 83.77740085248932 84
1694436661536 83.20472355044669 85
1694436661599 82.02845920497032 86
1694436661651 81.54734267950559 87
1694436661708 81.20487227710309 88
1694436661761 79.62984267812946 89
1694436661807 79.28313976366377 90
1694436661855 79.13462207249289 91
1694436661901 78.66568871360087 92
1694436661947 78.16453552971339 93
1694436661993 77.47628852038305 94
1694436662044 76.13018523351556 95
1694436662101 76.41896171406546 96
1694436662156 75.38766092339456 97
1694436662192 75.8331620172848 98
1694436662233 74.34057974879671 99
1694436662289 73.72385702274717 100
1694436662340 73.63992932725581 101
1694436662399 72.51750980586102 102
1694436662460 72.65152919728268 103
1694436662523 72.34775637524294 104
1694436662589 71.5695339107931 105
1694436662639 70.9573542841671 106
1694436662683 71.00215439553706 107
1694436662716 70.57865250566833 108
1694436662762 69.12202595480426 109
1694436662811 69.43723892988686 110
1694436662860 68.05876515693261 111
1694436662906 68.59714620246103 112
1694436662951 67.60884041983903 113
1694436662991 67.20405331001044 114
1694436663035 67.54822370310136 115
1694436663079 66.58597601569215 116
1694436663126 65.54186498018203 117
1694436663167 66.09344830678265 118
1694436663214 64.9503786877789 119
1694436663264 64.53801787041154 120
1694436663307 63.857551046530716 121
1694436663354 63.40650493849775 122
1694436663395 62.865755148751624 123
1694436663436 63.122356219057586 124
1694436663483 61.98197376577632 125
1694436663521 62.61348653577058 126
1694436663557 61.64505939199728 127
1694436663606 61.15752391883701 128
1694436663647 60.7285303133051 129
1694436663688 60.558575999930014 130
1694436663745 59.74600565914073 131
1694436663788 58.91967923878171 132
1694436663830 58.60686725826882 133
1694436663862 58.67030082033748 134
1694436663925 57.863305695336784 135
1694436663983 57.78521098106678 136
1694436664021 56.881275857542654 137
1694436664053 56.60322434799603 138
1694436664089 55.65372046553921 139
1694436664128 56.50300076945684 140
1694436664159 55.76975229392072 141
1694436664189 55.248092449345414 142
1694436664229 55.039583843928625 143
1694436664266 54.99795434600713 144
1694436664308 53.519525849411636 145
1694436664372 53.71353116943764 146
1694436664418 53.727069687264134 147
1694436664466 52.73517802880487 148
1694436664506 53.28693266873556 149
1694436664539 51.897476027790844 150
1694436664570 51.61383037140097 151
1694436664599 52.10988534616439 152
1694436664628 50.80678429813556 153
1694436664659 51.453971150872206 154
1694436664692 50.21899671236817 155
1694436664731 49.98154411769423 156
1694436664780 50.094687661703155 157
1694436664824 48.99119956746626 158
1694436664874 49.64298673044316 159
1694436664920 49.160940765448316 160
1694436664981 48.64505012284024 161
1694436665018 48.17204981746715 162
1694436665051 48.43507353963491 163
1694436665086 48.302472639659385 164
1694436665122 47.35230397476465 165
1694436665157 46.983468662474834 166
1694436665193 46.87690455194626 167
1694436665232 46.69274861633448 168
1694436665263 46.34882972473834 169
1694436665299 45.35536201567246 170
1694436665347 45.99590156890234 171
1694436665398 45.28430297688257 172
1694436665436 44.845284568932954 173
1694436665469 44.53049465724816 174
1694436665502 44.16766758348325 175
1694436665551 44.412566153649266 176
1694436665593 43.995979332973825 177
1694436665628 43.57760180331484 178
1694436665673 43.12769481637976 179
1694436665722 42.80505759944068 180
1694436665769 42.41657330283421 181
1694436665812 43.08773920228243 182
1694436665854 41.98371001180588 183
1694436665895 41.89215164809581 184
1694436665927 41.4408938479582 185
1694436665964 41.400780421580485 186
1694436665995 41.56500071746671 187
1694436666029 41.08977860695613 188
1694436666064 40.92830653827577 189
1694436666096 40.162046040418794 190
1694436666126 40.246023821346675 191
1694436666159 39.816724306449025 192
1694436666190 39.21872134610249 193
1694436666219 39.3200802394857 194
1694436666255 39.69969235387263 195
1694436666287 38.47507901058435 196
1694436666317 38.54915676727757 197
1694436666348 38.446031285680846 198
1694436666383 37.66958536212564 199
1694436666415 37.68220832319356 200
1694436666445 37.6382601770108 201
1694436666478 37.51417831059462 202
1694436666521 37.27413850870227 203
1694436666550 36.70254146108182 204
1694436666580 36.864686857382935 205
1694436666612 36.250665991498586 206
1694436666642 36.409518520998176 207
1694436666674 35.91756700672704 208
1694436666703 35.7689739906581 209
1694436666735 35.583784647544846 210
1694436666769 35.755504249066256 211
1694436666808 35.192218603412186 212
1694436666839 35.17349652003065 213
1694436666868 34.86326051486799 214
1694436666897 34.47745772046562 215
1694436666926 34.16257676241266 216
1694436666958 34.30628947297579 217
1694436667000 34.19888628599851 218
1694436667053 33.74848466425758 219
1694436667104 33.861095883365 220
1694436667158 33.2010693362527 221
1694436667222 33.10829477322931 222
1694436667296 33.22404556818847 223
1694436667358 32.60003021547682 224
1694436667401 32.85296054371259 225
1694436667440 32.19963020233636 226
1694436667483 32.302564430421974 227
1694436667559 32.02143921631121 228
1694436667660 31.906236462800642 229
1694436667751 31.554631246713235 230
1694436667788 31.405134833157845 231
1694436667822 30.793312311364005 232
1694436667853 30.747073207888512 233
1694436667884 31.1136098890039 234
1694436667917 30.835882384288176 235
1694436667948 30.56323505875065 236
1694436667977 30.73915058511471 237
1694436668006 30.011004984176928 238
1694436668036 30.356676582730316 239
1694436668067 29.794598060743112 240
1694436668098 29.8810562801313 241
1694436668134 29.282969224752723 242
1694436668165 29.23735271212469 243
1694436668192 29.152307942931248 244
1694436668224 28.75403651853736 245
1694436668257 28.581578245601833 246
1694436668290 28.38060882370957 247
1694436668321 28.530651760709503 248
1694436668353 28.06024745273759 249
1694436668384 28.091779685907852 250
1694436668417 28.083884735764443 251
1694436668447 28.128833384084725 252
1694436668478 27.750059179765305 253
1694436668511 27.7194151981802 254
1694436668543 27.30484445461489 255
1694436668574 27.329026646539045 256
1694436668604 27.504041256198924 257
1694436668636 27.09041767707947 258
1694436668667 26.64418150796178 259
1694436668699 26.99915188637831 260
1694436668733 26.687871287327265 261
1694436668768 26.468381758055173 262
1694436668801 26.43765745107476 263
1694436668832 26.313694221877775 264
1694436668861 26.04001592143092 265
1694436668891 25.874752827230036 266
1694436668922 25.7051432070516 267
1694436668951 25.6405986093928 268
1694436668983 25.53421931368316 269
1694436669016 25.25973323832112 270
1694436669045 25.26845549941387 271
1694436669076 24.9958150241292 272
1694436669104 24.564211622744125 273
1694436669135 24.767162460262252 274
1694436669165 24.697264028188457 275
1694436669195 24.47323226436077 276
1694436669231 24.32099615942749 277
1694436669262 24.427382457324207 278
1694436669290 23.98767064262627 279
1694436669320 23.723155802028984 280
1694436669352 23.7966701687191 281
1694436669383 23.58151504930482 282
1694436669414 23.450593959777738 283
1694436669443 23.427427878338364 284
1694436669473 23.14387164248292 285
1694436669503 23.160842039685445 286
1694436669534 23.036298090854523 287
1694436669563 22.890766050614324 288
1694436669593 22.916077252779594 289
1694436669628 22.41872453932214 290
1694436669659 22.50115156589724 291
1694436669694 22.293043947924833 292
1694436669726 22.248192450827982 293
1694436669759 22.262615280805548 294
1694436669789 22.072304443973184 295
1694436669821 21.97740651474967 296
1694436669851 21.8071599498236 297
1694436669879 21.804068394074225 298
1694436669907 21.582878186518418 299
1694436669937 21.56387515602033 300
1694436669966 21.48670148820965 301
1694436669994 21.403855385796874 302
1694436670022 21.211994908892525 303
1694436670051 20.945017290719658 304
1694436670080 20.959211847990648 305
1694436670109 20.807129369876503 306
1694436670143 20.717192090921184 307
1694436670183 20.52696493166185 308
1694436670246 20.500181400062512 309
1694436670317 20.50657271189599 310
1694436670385 20.427859617517186 311
1694436670458 20.140123898472346 312
1694436670548 19.897519210866708 313
1694436670599 20.158568649647247 314
1694436670628 19.862247548576743 315
1694436670657 19.87984484644944 316
1694436670692 19.761470245604233 317
1694436670721 19.77761079625476 318
1694436670750 19.586902096821394 319
1694436670782 19.510330951680256 320
1694436670812 19.31209415525806 321
1694436670842 19.232164175733715 322
1694436670871 19.15413408373204 323
1694436670903 19.4187853931831 324
1694436670938 19.12817855065961 325
1694436670970 18.930013500452826 326
1694436671002 18.914287877098833 327
1694436671033 18.75529421645255 328
1694436671063 18.514857237452432 329
1694436671093 18.541555450889682 330
1694436671125 18.606354648601524 331
1694436671155 18.28683932562597 332
1694436671193 18.118014275167525 333
1694436671222 18.226635753850427 334
1694436671253 18.359196843171677 335
1694436671285 18.071219757443544 336
1694436671316 17.955995219607967 337
1694436671348 18.09726509078305 338
1694436671379 17.607139240912925 339
1694436671409 17.74348279113976 340
1694436671437 17.45499169612336 341
1694436671464 17.672692732379634 342
1694436671495 17.34317925329856 343
1694436671523 17.323788318550015 344
1694436671552 17.075552894845586 345
1694436671581 17.079645135280416 346
1694436671611 17.030965960607663 347
1694436671639 17.031053228991095 348
1694436671668 16.839128542556832 349
1694436671701 16.82000867887737 350
1694436671731 16.86005011643138 351
1694436671759 16.65917478907292 352
1694436671788 17.000831746434695 353
1694436671818 16.585568804434438 354
1694436671850 16.855054374409136 355
1694436671881 16.42472871200653 356
1694436671911 16.278751656316725 357
1694436671942 16.282393775888163 358
1694436671972 16.20516506071152 359
1694436672009 16.27914656814956 360
1694436672041 16.225869649057792 361
1694436672068 16.010045643194896 362
1694436672100 15.863271845967905 363
1694436672131 16.105606820497105 364
1694436672162 15.855432555444846 365
1694436672192 15.720353848227617 366
1694436672226 15.650416324413857 367
1694436672258 15.7502905057915 368
1694436672287 15.63474436301659 369
1694436672319 15.623550082296147 370
1694436672352 15.498689503635724 371
1694436672381 15.343055382331933 372
1694436672409 15.564531284709558 373
1694436672437 15.1511127686203 374
1694436672466 15.086220745535332 375
1694436672494 15.147238139882289 376
1694436672523 14.889615222989185 377
1694436672554 14.954161405181289 378
1694436672586 14.933540146880539 379
1694436672616 14.904744229157616 380
1694436672649 14.875311291000454 381
1694436672681 14.977442170486887 382
1694436672712 14.910545424137089 383
1694436672746 14.452766899027617 384
1694436672778 14.487984310955179 385
1694436672811 14.518445908927136 386
1694436672841 14.617635916067272 387
1694436672872 14.359343027774402 388
1694436672903 14.300118491486732 389
1694436672936 14.16870477050242 390
1694436672966 14.080632595555945 391
1694436672998 14.101494643139615 392
1694436673029 14.063773530111694 393
1694436673059 14.17305945374382 394
1694436673087 13.953087264575885 395
1694436673118 13.838013820551398 396
1694436673148 14.017610515701977 397
1694436673181 13.759177117927909 398
1694436673210 13.648350886196432 399
1694436673241 13.536426764255511 400
1694436673269 13.665501358531698 401
1694436673300 13.427660671510449 402
1694436673330 13.51458409997926 403
1694436673360 13.557108581067892 404
1694436673390 13.487028701131656 405
1694436673420 13.277515275159272 406
1694436673452 13.371770495739476 407
1694436673482 13.142082485785902 408
1694436673514 13.11386796113297 409
1694436673545 13.230059065850968 410
1694436673577 13.016442655982503 411
1694436673606 12.947964078402252 412
1694436673637 12.897658884429173 413
1694436673666 12.769953650465512 414
1694436673698 13.006925397142814 415
1694436673731 12.994547799319577 416
1694436673759 12.907343942137967 417
1694436673793 12.77305243231244 418
1694436673825 12.551099906409684 419
1694436673863 12.50110960903565 420
1694436673898 12.694125302467336 421
1694436673934 12.579191812074681 422
1694436673967 12.522084994740306 423
1694436673998 12.412929199033028 424
1694436674029 12.402527217797358 425
1694436674063 12.431769253016379 426
1694436674092 12.33318321731122 427
1694436674125 12.490394140030338 428
1694436674154 12.26153868366822 429
1694436674185 12.313631873899078 430
1694436674216 12.198367746463449 431
1694436674246 12.191751699912517 432
1694436674277 12.170172209391751 433
1694436674306 12.151258662861201 434
1694436674337 12.014666541614332 435
1694436674372 11.890064200970949 436
1694436674404 11.950088462004562 437
1694436674434 11.840015308312825 438
1694436674466 11.852404359221483 439
1694436674497 11.908470021741039 440
1694436674524 11.943751153414574 441
1694436674556 11.664342373669584 442
1694436674584 11.676627597893022 443
1694436674615 11.799959293136439 444
1694436674642 11.56167975980191 445
1694436674674 11.570642985355493 446
1694436674704 11.507799500143365 447
1694436674732 11.448311814296709 448
1694436674763 11.493423883725756 449
1694436674790 11.466198922135222 450
1694436674821 11.20874690820288 451
1694436674851 11.40753183694193 452
1694436674877 11.287161541737186 453
1694436674907 11.23949726109424 454
1694436674936 11.126362591531452 455
1694436674969 11.16757067158085 456
1694436674995 11.060945911976047 457
1694436675026 11.122294661748443 458
1694436675053 11.000237118863026 459
1694436675080 11.07984794700988 460
1694436675108 11.009949742556577 461
1694436675139 10.905649388661866 462
1694436675169 10.955980680190997 463
1694436675197 10.909098036514239 464
1694436675226 10.887815566408278 465
1694436675255 10.766931423596548 466
1694436675284 10.933684868055146 467
1694436675315 10.662089866967538 468
1694436675342 10.59969010800343 469
1694436675372 10.753446254205281 470
1694436675400 10.694904266868043 471
1694436675430 10.671953575338435 472
1694436675462 10.495568138011109 473
1694436675491 10.545474254380093 474
1694436675523 10.52864663719365 475
1694436675555 10.385514292345947 476
1694436675586 10.393591199546854 477
1694436675620 10.412768280888747 478
1694436675650 10.40457317471114 479
1694436675679 10.445139309499162 480
1694436675714 10.178388215197378 481
1694436675744 10.358164928814931 482
1694436675778 10.339268935010718 483
1694436675812 10.148796465506878 484
1694436675842 10.224173780342966 485
1694436675876 9.983292040267893 486
1694436675905 10.016551854984796 487
1694436675937 10.101062970135398 488
1694436675974 9.996452943660586 489
1694436676006 9.88014582118413 490
1694436676036 10.052834170697803 491
1694436676069 9.970114373242478 492
1694436676099 9.87112932984843 493
1694436676131 10.07910527439959 494
1694436676162 9.811204600003535 495
1694436676191 10.004900425728756 496
1694436676220 9.779833496367077 497
1694436676250 9.84831712261306 498
1694436676278 9.833521817086165 499
