1694441464616 180.508160284543 0
1694441464656 179.60805055723043 1
1694441464696 175.31511258968163 2
1694441464736 175.47287299211786 3
1694441464777 173.68841920299963 4
1694441464824 175.39721486751418 5
1694441464876 172.3087451629729 6
1694441464935 171.0958858730139 7
1694441464990 169.1193633984817 8
1694441465031 167.3461693928351 9
1694441465072 164.69815289793533 10
1694441465112 163.50455961888397 11
1694441465151 163.58511695563237 12
1694441465187 163.49750671817787 13
1694441465222 162.26475394175856 14
1694441465262 160.4182791643805 15
1694441465299 159.35841889595702 16
1694441465338 156.14972789628763 17
1694441465387 156.61816746376417 18
1694441465439 154.4190660779938 19
1694441465492 152.7772420247907 20
1694441465545 151.50362211048798 21
1694441465595 149.20006356800937 22
1694441465646 148.2132600280317 23
1694441465699 150.10234764578257 24
1694441465759 147.66450691949885 25
1694441465812 146.79839597666214 26
1694441465871 144.6776068437888 27
1694441465934 143.69392210645466 28
1694441466008 143.7808804327877 29
1694441466064 141.68676093321042 30
1694441466112 140.65093274700035 31
1694441466182 137.91547615520074 32
1694441466236 138.6927952520363 33
1694441466287 139.06321279250588 34
1694441466324 137.1260636934711 35
1694441466364 134.87569016521792 36
1694441466409 133.59002901569002 37
1694441466447 133.2975712541122 38
1694441466491 131.6959057528286 39
1694441466530 129.45614005241163 40
1694441466574 129.39358869575247 41
1694441466625 127.17911886658602 42
1694441466671 127.30142661710141 43
1694441466714 126.01819539672874 44
1694441466755 125.69941439128834 45
1694441466798 124.4945711005795 46
1694441466843 124.0088550511198 47
1694441466879 122.6414398734341 48
1694441466921 121.47420725570626 49
1694441466966 122.0095541086112 50
1694441467009 120.9615700807639 51
1694441467051 118.38456490720937 52
1694441467095 118.125196760483 53
1694441467136 116.907964348484 54
1694441467175 116.81703740245813 55
1694441467212 115.2335125984253 56
1694441467250 115.25573217456956 57
1694441467288 114.47263685643917 58
1694441467325 110.69539403275638 59
1694441467363 110.71746739834991 60
1694441467404 110.0763945767936 61
1694441467442 109.39569249505891 62
1694441467483 107.67859421993388 63
1694441467524 108.61265249397287 64
1694441467564 106.91392009236128 65
1694441467607 106.08430208072714 66
1694441467652 106.18656890992929 67
1694441467694 104.4971902964941 68
1694441467738 104.58940173871832 69
1694441467782 102.33382214935114 70
1694441467826 102.08507691067211 71
1694441467862 101.08871446019576 72
1694441467900 100.07661799437952 73
1694441467939 100.13083958643871 74
1694441467974 99.47623252544838 75
1694441468023 98.35668518338888 76
1694441468062 97.39798014037034 77
1694441468098 96.12028903868118 78
1694441468137 96.86260940727632 79
1694441468174 95.8887730020055 80
1694441468214 94.8922075403366 81
1694441468250 93.23496138290584 82
1694441468291 93.40690676934416 83
1694441468331 92.66177321316617 84
1694441468374 91.83935182100802 85
1694441468412 91.32188474085349 86
1694441468450 91.44431652673623 87
1694441468489 89.812486273346 88
1694441468528 89.06785863750669 89
1694441468565 88.04394030475528 90
1694441468610 87.19817951709769 91
1694441468650 86.32274497981396 92
1694441468691 86.52711000367844 93
1694441468733 85.77976717430977 94
1694441468772 84.7544179718232 95
1694441468813 84.48834730635603 96
1694441468849 83.29603374578004 97
1694441468887 82.98490315070768 98
1694441468925 81.74401617891587 99
1694441468965 80.65392511661211 100
1694441469011 81.88429837109702 101
1694441469047 80.02367971917279 102
1694441469086 80.10191598761165 103
1694441469128 78.7322914157629 104
1694441469169 78.5958882590567 105
1694441469210 77.27580631744966 106
1694441469246 77.00172284752676 107
1694441469284 77.25494118431709 108
1694441469326 75.7156223649852 109
1694441469363 75.48273549870707 110
1694441469404 75.11807057699974 111
1694441469444 73.7997178373465 112
1694441469488 73.65624897340895 113
1694441469529 73.03041451065828 114
1694441469566 72.54819272007913 115
1694441469608 72.15925574475489 116
1694441469647 71.80913171219022 117
1694441469689 70.83204738313644 118
1694441469727 70.37159347702101 119
1694441469764 69.78503930334627 120
1694441469807 68.64712028088636 121
1694441469852 68.40887628467225 122
1694441469901 67.81004913941541 123
1694441469946 68.20156501530718 124
1694441469983 66.8770862141551 125
1694441470025 66.18487684053741 126
1694441470067 66.26504377789388 127
1694441470106 65.26569702690587 128
1694441470146 64.86817471640236 129
1694441470185 64.91445545930785 130
1694441470224 64.06943886876668 131
1694441470264 64.15411430400646 132
1694441470307 62.794661814526634 133
1694441470345 62.40672250995638 134
1694441470384 62.01991432281088 135
1694441470423 61.80582131980116 136
1694441470462 60.64552655761634 137
1694441470499 61.06127713830804 138
1694441470540 60.24270478822743 139
1694441470579 59.98456368552475 140
1694441470620 59.28394042103349 141
1694441470659 58.79963314734757 142
1694441470697 58.55003357868101 143
1694441470735 58.266208741554934 144
1694441470773 57.398748303436626 145
1694441470813 56.989308527780864 146
1694441470853 57.36605290446838 147
1694441470888 56.939106836615494 148
1694441470925 56.005954845265634 149
1694441470964 55.63455607415119 150
1694441471005 55.24714719712148 151
1694441471044 54.672362339828965 152
1694441471080 53.75001722850643 153
1694441471119 53.21035465839528 154
1694441471158 52.87642307639094 155
1694441471198 52.448888197304115 156
1694441471236 51.947800106838216 157
1694441471273 52.23442846535965 158
1694441471310 51.43389827909797 159
1694441471349 51.36370679988147 160
1694441471393 51.166109673400044 161
1694441471432 50.43321820242864 162
1694441471472 50.020307066642324 163
1694441471512 49.491415141515446 164
1694441471548 49.62331530384526 165
1694441471591 48.90412468898555 166
1694441471628 49.00160800773278 167
1694441471670 48.024643655393234 168
1694441471714 47.755871006254765 169
1694441471756 47.70601081955985 170
1694441471795 47.14265132082667 171
1694441471831 46.900182244168725 172
1694441471872 46.09863117323973 173
1694441471911 46.22466072143833 174
1694441471948 45.58066696625677 175
1694441471990 45.34436174976806 176
1694441472029 44.832239410397335 177
1694441472066 44.93017087605322 178
1694441472105 44.46367715574804 179
1694441472146 43.97990543392784 180
1694441472190 43.997390739081474 181
1694441472229 43.6156073152428 182
1694441472267 42.810120351071454 183
1694441472307 43.07578511129842 184
1694441472345 42.588421774585946 185
1694441472387 42.12216597491734 186
1694441472425 41.39343777253641 187
1694441472467 41.704940048513365 188
1694441472503 41.061894544570926 189
1694441472542 41.0954646347533 190
1694441472579 40.48063346576605 191
1694441472620 40.05460886176895 192
1694441472660 40.29138079817393 193
1694441472699 39.71984844606061 194
1694441472737 39.34252489855635 195
1694441472776 39.02847091545474 196
1694441472813 38.87088047033093 197
1694441472851 38.35641711168835 198
1694441472889 38.128428398835894 199
1694441472932 38.06144636586289 200
1694441472972 37.40844776604044 201
1694441473037 37.221148406214034 202
1694441473100 37.326912610148774 203
1694441473155 36.6620031506954 204
1694441473194 36.76275217881893 205
1694441473234 36.06160603052893 206
1694441473276 35.82548126447859 207
1694441473309 35.467876852355346 208
1694441473353 35.292633949808334 209
1694441473393 35.128947416607325 210
1694441473436 34.977185405830944 211
1694441473476 34.662884115782106 212
1694441473516 34.232084964281626 213
1694441473557 34.14653528423239 214
1694441473602 33.62044059378322 215
1694441473642 33.45185265838685 216
1694441473683 33.730648030574756 217
1694441473725 33.3558071385253 218
1694441473764 32.99434202751259 219
1694441473804 32.73608520489238 220
1694441473844 32.109032559216296 221
1694441473883 32.02844524686018 222
1694441473923 32.203710263859136 223
1694441473959 31.804496596253088 224
1694441473996 31.670398871147285 225
1694441474034 31.545052351981052 226
1694441474073 31.07541914057032 227
1694441474111 30.885172184334564 228
1694441474151 30.633631074054453 229
1694441474189 30.381549987460552 230
1694441474230 30.093911869140502 231
1694441474271 29.97648366995832 232
1694441474311 30.073541188110216 233
1694441474348 29.921652636696997 234
1694441474396 29.31951042972516 235
1694441474432 28.9637463408892 236
1694441474471 28.791698133857828 237
1694441474515 28.421895777264343 238
1694441474552 28.31013992169947 239
1694441474592 28.309735927536135 240
1694441474634 27.723793238372203 241
1694441474674 27.560264358102444 242
1694441474717 28.02748901611418 243
1694441474758 27.43952267495001 244
1694441474798 27.153237323892142 245
1694441474835 27.18960194025706 246
1694441474875 26.97700555353404 247
1694441474911 26.474659143733806 248
1694441474954 26.13029753084147 249
1694441474989 26.375001240863472 250
1694441475030 25.860677916810943 251
1694441475066 26.059334790455548 252
1694441475108 25.59092189739631 253
1694441475145 25.32373936572187 254
1694441475185 25.117795085945986 255
1694441475223 25.204858634335352 256
1694441475264 24.882052148142957 257
1694441475302 24.99891113388737 258
1694441475343 24.32923575866045 259
1694441475381 24.46173866167429 260
1694441475420 24.30308139550999 261
1694441475458 24.029904906676524 262
1694441475499 23.76497199562317 263
1694441475536 23.778496013550335 264
1694441475578 23.509299919406242 265
1694441475614 23.19776520553453 266
1694441475654 23.103832960706157 267
1694441475692 23.002589587949466 268
1694441475731 23.1010957182661 269
1694441475770 22.753208609592697 270
1694441475811 22.329208975346447 271
1694441475848 22.241406638884698 272
1694441475889 22.112269408592805 273
1694441475928 21.838173973034998 274
1694441475966 21.970183240007813 275
1694441476004 21.868653288562538 276
1694441476046 21.64492814596938 277
1694441476081 21.400203159311072 278
1694441476117 21.26642971089419 279
1694441476152 21.178088581034622 280
1694441476192 21.01584263043042 281
1694441476227 20.976804226875206 282
1694441476268 20.713112272708624 283
1694441476304 20.643076337216726 284
1694441476347 20.203639933161668 285
1694441476389 20.31657377059093 286
1694441476430 20.13180011287385 287
1694441476471 19.9649876716154 288
1694441476510 19.707350036127067 289
1694441476548 19.69367951470063 290
1694441476591 19.616091309352225 291
1694441476627 19.428672521193747 292
1694441476666 19.221292678476217 293
1694441476706 19.154249631512755 294
1694441476746 18.81665170650293 295
1694441476786 18.90616774721008 296
1694441476825 18.456180752696316 297
1694441476859 18.601354332327826 298
1694441476899 18.407244831210605 299
1694441476935 18.587867626720016 300
1694441476978 18.315114675728886 301
1694441477013 18.00845804265075 302
1694441477051 18.024527117461748 303
1694441477091 17.72956018321277 304
1694441477128 17.561136774980938 305
1694441477168 17.603533435374796 306
1694441477209 17.520762571673508 307
1694441477248 17.41892544324187 308
1694441477287 17.198572491487894 309
1694441477324 17.036055141723903 310
1694441477365 16.868458353760975 311
1694441477401 16.657520782516855 312
1694441477435 16.478234008442758 313
1694441477474 16.577821682027302 314
1694441477512 16.3745501289024 315
1694441477550 16.36681792077881 316
1694441477589 16.24972891722383 317
1694441477628 16.166938990300707 318
1694441477665 16.139336217731024 319
1694441477707 15.995985691538362 320
1694441477757 15.864607736025766 321
1694441477797 15.779802988474357 322
1694441477842 15.71033322586742 323
1694441477885 15.504421702983437 324
1694441477927 15.422683884934873 325
1694441477973 15.229263709339836 326
1694441478018 15.129805005518111 327
1694441478061 15.052256047446718 328
1694441478102 15.026847576738339 329
1694441478141 14.74748299779166 330
1694441478179 14.723621007222057 331
1694441478217 14.684467064012548 332
1694441478258 14.436309833038742 333
1694441478298 14.485872596544581 334
1694441478334 14.41601468542121 335
1694441478376 14.073294521778086 336
1694441478416 14.074121228011366 337
1694441478461 14.065643780450886 338
1694441478502 13.99889055271863 339
1694441478540 13.919732586627209 340
1694441478583 13.737177384813663 341
1694441478622 13.648981350790644 342
1694441478661 13.572313181448294 343
1694441478699 13.514259908132532 344
1694441478743 13.427130967257064 345
1694441478783 13.311194581737459 346
1694441478823 13.271770569175711 347
1694441478866 13.122566665800678 348
1694441478904 12.925539971542204 349
1694441478944 12.886248455103265 350
1694441478983 12.766881241972165 351
1694441479027 12.75251359710302 352
1694441479070 12.702173574047464 353
1694441479109 12.535969226899851 354
1694441479149 12.640811470128599 355
1694441479185 12.415459397044513 356
1694441479227 12.286367159346595 357
1694441479265 12.353700841996716 358
1694441479307 12.357143850875975 359
1694441479346 12.073634140152237 360
1694441479384 11.991216301892143 361
1694441479421 11.918603014590321 362
1694441479463 11.787212299643889 363
1694441479501 11.8142570880105 364
1694441479546 11.656320709614238 365
1694441479581 11.50184181498098 366
1694441479619 11.606136728577441 367
1694441479659 11.583010740069664 368
1694441479700 11.280677457380374 369
1694441479740 11.4325600782388 370
1694441479781 11.172245807754583 371
1694441479819 11.0223769572864 372
1694441479856 11.093123472423366 373
1694441479894 11.097991816163496 374
1694441479932 11.12728725026646 375
1694441479974 11.036868145646103 376
1694441480013 10.957851049024928 377
1694441480059 10.733951541184139 378
1694441480097 10.668179102151472 379
1694441480135 10.718019371851577 380
1694441480176 10.547381335367154 381
1694441480215 10.354632553747347 382
1694441480259 10.471483185291588 383
1694441480300 10.349496316255541 384
1694441480338 10.138620635891664 385
1694441480376 10.208213676569708 386
1694441480416 10.134890272449422 387
1694441480452 10.127284630780009 388
1694441480492 9.952425277751763 389
1694441480528 10.055157217826906 390
1694441480568 9.835662250629372 391
1694441480607 9.817427484995129 392
1694441480646 9.626872430212844 393
1694441480683 9.622081221468514 394
1694441480718 9.611804952697033 395
1694441480755 9.548599561861737 396
1694441480793 9.47645265295336 397
1694441480830 9.345336802563242 398
1694441480871 9.4452317773673 399
1694441480906 9.303373649064309 400
1694441480944 9.197872507711326 401
1694441480982 9.230675590529215 402
1694441481020 9.05928978633729 403
1694441481059 9.221263639308233 404
1694441481099 9.07179213127784 405
1694441481142 8.898992572651366 406
1694441481182 9.028512874712549 407
1694441481223 8.768199099463777 408
1694441481265 8.73190299166825 409
1694441481309 8.761099162198176 410
1694441481362 8.571816919430605 411
1694441481409 8.620227554416074 412
1694441481456 8.470872862439634 413
1694441481507 8.418621861489111 414
1694441481552 8.552008159489256 415
1694441481597 8.326691735020695 416
1694441481637 8.256411242094142 417
1694441481681 8.379782346051744 418
1694441481720 8.166911061224495 419
1694441481760 8.155748277484173 420
1694441481802 8.167868963906354 421
1694441481839 8.04430712312052 422
1694441481882 8.038148861184682 423
1694441481919 8.057324725943426 424
1694441481960 7.8850292322579945 425
1694441482002 7.874854639501218 426
1694441482044 7.879718924216552 427
1694441482087 7.711922317574407 428
1694441482129 7.658225384434952 429
1694441482171 7.666328393886282 430
1694441482213 7.720575495402871 431
1694441482257 7.548120786764674 432
1694441482295 7.535419313060495 433
1694441482331 7.435265626614402 434
1694441482367 7.3816353898502465 435
1694441482406 7.424698007084717 436
1694441482439 7.2959878516805245 437
1694441482480 7.2786545686411035 438
1694441482516 7.233148429356754 439
1694441482562 7.210700631210525 440
1694441482600 7.192746268325038 441
1694441482638 7.17957643740576 442
1694441482676 7.202118985776736 443
1694441482714 7.07627967619428 444
1694441482752 7.027247721301125 445
1694441482792 6.931939781625807 446
1694441482829 6.829932384991593 447
1694441482868 6.839705215011296 448
1694441482904 6.7986602232108995 449
1694441482942 6.789521592516623 450
1694441482982 6.723714352836012 451
1694441483015 6.735723100158109 452
1694441483052 6.599999302816266 453
1694441483093 6.510601643987616 454
1694441483131 6.583482804948708 455
1694441483167 6.6750522935293795 456
1694441483206 6.474357693959057 457
1694441483243 6.48086677746628 458
1694441483285 6.438429469335748 459
1694441483323 6.5242658748438584 460
1694441483363 6.4115433432784945 461
1694441483403 6.3669332161707075 462
1694441483441 6.243632883685683 463
1694441483482 6.223285923262098 464
1694441483523 6.1535278039581 465
1694441483565 6.177722540594911 466
1694441483602 6.107866490181135 467
1694441483638 6.046389380100343 468
1694441483680 6.0396163802733716 469
1694441483719 5.994764949451891 470
1694441483756 5.92478078684919 471
1694441483796 5.947870335005101 472
1694441483835 5.9547009839456955 473
1694441483877 5.9673114710649555 474
1694441483915 5.888897094312218 475
1694441483950 5.887291830913199 476
1694441483988 5.748587270389855 477
1694441484026 5.757369970084632 478
1694441484080 5.708701723224111 479
1694441484119 5.664015823999931 480
1694441484155 5.590404978995043 481
1694441484193 5.575247982437556 482
1694441484230 5.575113999784381 483
1694441484270 5.484853977658456 484
1694441484306 5.565636362007067 485
1694441484344 5.427990593618766 486
1694441484386 5.491762666323034 487
1694441484426 5.299697610821026 488
1694441484465 5.282530371040705 489
1694441484503 5.345296462062093 490
1694441484538 5.2317022603767285 491
1694441484583 5.257599160385514 492
1694441484620 5.1998535485268 493
1694441484660 5.182878542216604 494
1694441484697 5.2170168790473115 495
1694441484735 5.247237289959303 496
1694441484776 5.182138483475728 497
1694441484813 5.12296244945815 498
1694441484852 5.089710731672225 499
