1694440324776 0.0 0
1694440325041 0.0 1
1694440325297 0.0 2
1694440325584 0.0 3
1694440325889 0.0 4
1694440326194 0.0 5
1694440326484 0.0 6
1694440326744 0.0 7
1694440327018 0.0 8
1694440327276 0.0 9
1694440327551 0.0 10
1694440327814 0.0 11
1694440328076 0.0 12
1694440328339 0.0 13
1694440328582 0.0 14
1694440328842 0.0 15
1694440329106 0.0 16
1694440329385 0.0 17
1694440329652 0.0 18
1694440329936 0.0 19
1694440330198 0.0 20
1694440330461 0.0 21
1694440330748 0.0 22
1694440331005 0.0 23
1694440331254 0.0 24
1694440331508 0.0 25
1694440331760 0.0 26
1694440332027 0.0 27
1694440332278 0.0 28
1694440332540 0.0 29
1694440332810 0.0 30
1694440333071 0.0 31
1694440333346 0.0 32
1694440333632 0.0 33
1694440333902 0.0 34
1694440334160 0.0 35
1694440334433 0.0 36
1694440334704 0.0 37
1694440334968 0.0 38
1694440335232 0.0 39
1694440335498 0.0 40
1694440335760 0.0 41
1694440336011 0.0 42
1694440336272 0.0 43
1694440336534 0.0 44
1694440336797 0.0 45
1694440337052 0.0 46
1694440337315 0.0 47
1694440337565 0.0 48
1694440337820 0.0 49
1694440338069 0.0 50
1694440338332 0.0 51
1694440338603 0.0 52
1694440338869 0.0 53
1694440339117 0.0 54
1694440339373 0.0 55
1694440339624 0.0 56
1694440339869 0.0 57
1694440340124 0.0 58
1694440340384 0.0 59
1694440340633 0.0 60
1694440340888 0.0 61
1694440341128 0.0 62
1694440341382 0.0 63
1694440341638 0.0 64
1694440341908 0.0 65
1694440342157 0.0 66
1694440342398 0.0 67
1694440342674 0.0 68
1694440342929 0.0 69
1694440343181 0.0 70
1694440343447 0.0 71
1694440343739 0.0 72
1694440343990 0.0 73
1694440344242 0.0 74
1694440344496 0.0 75
1694440344746 0.0 76
1694440345012 0.0 77
1694440345276 0.0 78
1694440345533 0.0 79
1694440345817 0.0 80
1694440346086 0.0 81
1694440346334 0.0 82
1694440346593 0.0 83
1694440346832 0.0 84
1694440347083 0.0 85
1694440347345 0.0 86
1694440347591 0.0 87
1694440347826 0.0 88
1694440348068 0.0 89
1694440348338 0.0 90
1694440348616 0.0 91
1694440348855 0.0 92
1694440349098 0.0 93
1694440349333 0.0 94
1694440349593 0.0 95
1694440349857 0.0 96
1694440350123 0.0 97
1694440350427 0.0 98
1694440350686 0.0 99
1694440350933 0.0 100
1694440351184 0.0 101
1694440351444 0.0 102
1694440351706 0.0 103
1694440351964 0.0 104
1694440352229 0.0 105
1694440352522 0.0 106
1694440352779 0.0 107
1694440353050 0.0 108
1694440353291 0.0 109
1694440353563 0.0 110
1694440353808 0.0 111
1694440354087 0.0 112
1694440354344 0.0 113
1694440354590 0.0 114
1694440354859 0.0 115
1694440355097 0.0 116
1694440355367 0.0 117
1694440355634 0.0 118
1694440355907 0.0 119
1694440356185 0.0 120
1694440356498 0.0 121
1694440356775 0.0 122
1694440357053 0.0 123
1694440357320 0.0 124
1694440357579 0.0 125
1694440357828 0.0 126
1694440358080 0.0 127
1694440358338 0.0 128
1694440358619 0.0 129
1694440358868 0.0 130
1694440359105 0.0 131
1694440359350 0.0 132
1694440359601 0.0 133
1694440359849 0.0 134
1694440360110 0.0 135
1694440360376 0.0 136
1694440360650 0.0 137
1694440360901 0.0 138
1694440361155 0.0 139
1694440361397 0.0 140
1694440361642 0.0 141
1694440361909 0.0 142
1694440362217 0.0 143
1694440362458 0.0 144
1694440362692 0.0 145
1694440362957 0.0 146
1694440363243 0.0 147
1694440363475 0.0 148
1694440363718 0.0 149
1694440363974 0.0 150
1694440364247 0.0 151
1694440364507 0.0 152
1694440364769 0.0 153
1694440365017 0.0 154
1694440365258 0.0 155
1694440365533 0.0 156
1694440365798 0.0 157
1694440366029 0.0 158
1694440366285 0.0 159
1694440366539 0.0 160
1694440366793 0.0 161
1694440367056 0.0 162
1694440367302 0.0 163
1694440367586 0.0 164
1694440367851 0.0 165
1694440368123 0.0 166
1694440368395 0.0 167
1694440368645 0.0 168
1694440368885 0.0 169
1694440369132 0.0 170
1694440369376 0.0 171
1694440369636 0.0 172
1694440369902 0.0 173
1694440370140 0.0 174
1694440370404 0.0 175
1694440370697 0.0 176
1694440370956 0.0 177
1694440371221 0.0 178
1694440371531 0.0 179
1694440371796 0.0 180
1694440372043 0.0 181
1694440372303 0.0 182
1694440372567 0.0 183
1694440372835 0.0 184
1694440373084 0.0 185
1694440373339 0.0 186
1694440373592 0.0 187
1694440373861 0.0 188
1694440374121 0.0 189
1694440374376 0.0 190
1694440374640 0.0 191
1694440374912 0.0 192
1694440375176 0.0 193
1694440375426 0.0 194
1694440375652 0.0 195
1694440375922 0.0 196
1694440376191 0.0 197
1694440376466 0.0 198
1694440376716 0.0 199
1694440376967 0.0 200
1694440377227 0.0 201
1694440377486 0.0 202
1694440377727 0.0 203
1694440377967 0.0 204
1694440378229 0.0 205
1694440378507 0.0 206
1694440378771 0.0 207
1694440379025 0.0 208
1694440379272 0.0 209
1694440379562 0.0 210
1694440379820 0.0 211
1694440380100 0.0 212
1694440380355 0.0 213
1694440380658 0.0 214
1694440380918 0.0 215
1694440381151 0.0 216
1694440381390 0.0 217
1694440381686 0.0 218
1694440381941 0.0 219
1694440382199 0.0 220
1694440382473 0.0 221
1694440382731 0.0 222
1694440382967 0.0 223
1694440383223 0.0 224
1694440383473 0.0 225
1694440383728 0.0 226
1694440384030 0.0 227
1694440384319 0.0 228
1694440384596 0.0 229
1694440384834 0.0 230
1694440385088 0.0 231
1694440385351 0.0 232
1694440385619 0.0 233
1694440385860 0.0 234
1694440386114 0.0 235
1694440386368 0.0 236
1694440386629 0.0 237
1694440386869 0.0 238
1694440387118 0.0 239
1694440387375 0.0 240
1694440387650 0.0 241
1694440387918 0.0 242
1694440388191 0.0 243
1694440388460 0.0 244
1694440388717 0.0 245
1694440388965 0.0 246
1694440389223 0.0 247
1694440389490 0.0 248
1694440389740 0.0 249
1694440389980 0.0 250
1694440390247 0.0 251
1694440390516 0.0 252
1694440390778 0.0 253
1694440391025 0.0 254
1694440391270 0.0 255
1694440391519 0.0 256
1694440391750 0.0 257
1694440392015 0.0 258
1694440392302 0.0 259
1694440392580 0.0 260
1694440392845 0.0 261
1694440393098 0.0 262
1694440393402 0.0 263
1694440393665 0.0 264
1694440393924 0.0 265
1694440394157 0.0 266
1694440394441 0.0 267
1694440394725 0.0 268
1694440394968 0.0 269
1694440395211 0.0 270
1694440395451 0.0 271
1694440395695 0.0 272
1694440395932 0.0 273
1694440396177 0.0 274
1694440396419 0.0 275
1694440396658 0.0 276
1694440396898 0.0 277
1694440397152 0.0 278
1694440397407 0.0 279
1694440397667 0.0 280
1694440397913 0.0 281
1694440398159 0.0 282
1694440398397 0.0 283
1694440398654 0.0 284
1694440398901 0.0 285
1694440399144 0.0 286
1694440399408 0.0 287
1694440399649 0.0 288
1694440399905 0.0 289
1694440400156 0.0 290
1694440400428 0.0 291
1694440400666 0.0 292
1694440400934 0.0 293
1694440401199 0.0 294
1694440401469 0.0 295
1694440401750 0.0 296
1694440402015 0.0 297
1694440402266 0.0 298
1694440402577 0.0 299
1694440402855 0.0 300
1694440403132 0.0 301
1694440403367 0.0 302
1694440403602 0.0 303
1694440403853 0.0 304
1694440404118 0.0 305
1694440404396 0.0 306
1694440404656 0.0 307
1694440404907 0.0 308
1694440405161 0.0 309
1694440405423 0.0 310
1694440405685 0.0 311
1694440405910 0.0 312
1694440406168 0.0 313
1694440406442 0.0 314
1694440406722 0.0 315
1694440406983 0.0 316
1694440407257 0.0 317
1694440407528 0.0 318
1694440407789 0.0 319
1694440408062 0.0 320
1694440408330 0.0 321
1694440408593 0.0 322
1694440408849 0.0 323
1694440409105 0.0 324
1694440409363 0.0 325
1694440409619 0.0 326
1694440409882 0.0 327
1694440410105 0.0 328
1694440410425 0.0 329
1694440410791 0.0 330
1694440411177 0.0 331
1694440411508 0.0 332
1694440411807 0.0 333
1694440412103 0.0 334
1694440412374 0.0 335
1694440412665 0.0 336
1694440412966 0.0 337
1694440413268 0.0 338
1694440413557 0.0 339
1694440413839 0.0 340
1694440414112 0.0 341
1694440414447 0.0 342
1694440414760 0.0 343
1694440415061 0.0 344
1694440415357 0.0 345
1694440415661 0.0 346
1694440415954 0.0 347
1694440416293 0.0 348
1694440416621 0.0 349
1694440416932 0.0 350
1694440417252 0.0 351
1694440417564 0.0 352
1694440417859 0.0 353
1694440418191 0.0 354
1694440418462 0.0 355
1694440418772 0.0 356
1694440419071 0.0 357
1694440419399 0.0 358
1694440419716 0.0 359
1694440420025 0.0 360
1694440420337 0.0 361
1694440420653 0.0 362
1694440420929 0.0 363
1694440421229 0.0 364
1694440421552 0.0 365
1694440421869 0.0 366
1694440422185 0.0 367
1694440422506 0.0 368
1694440422813 0.0 369
1694440423110 0.0 370
1694440423412 0.0 371
1694440423727 0.0 372
1694440424041 0.0 373
1694440424358 0.0 374
1694440424714 0.0 375
1694440425033 0.0 376
1694440425354 0.0 377
1694440425667 0.0 378
1694440425976 0.0 379
1694440426302 0.0 380
1694440426590 0.0 381
1694440426880 0.0 382
1694440427199 0.0 383
1694440427511 0.0 384
1694440427829 0.0 385
1694440428137 0.0 386
1694440428452 0.0 387
1694440428771 0.0 388
1694440429069 0.0 389
1694440429377 0.0 390
1694440429688 0.0 391
1694440429968 0.0 392
1694440430241 0.0 393
1694440430546 0.0 394
1694440430858 0.0 395
1694440431179 0.0 396
1694440431524 0.0 397
1694440431860 0.0 398
1694440432168 0.0 399
1694440432466 0.0 400
1694440432776 0.0 401
1694440433108 0.0 402
1694440433428 0.0 403
1694440433733 0.0 404
1694440434055 0.0 405
1694440434375 0.0 406
1694440434728 0.0 407
1694440435072 0.0 408
1694440435413 0.0 409
1694440435682 0.0 410
1694440436007 0.0 411
1694440436304 0.0 412
1694440436624 0.0 413
1694440436934 0.0 414
1694440437212 0.0 415
1694440437527 0.0 416
1694440437834 0.0 417
1694440438146 0.0 418
1694440438461 0.0 419
1694440438783 0.0 420
1694440439076 0.0 421
1694440439384 0.0 422
1694440439704 0.0 423
1694440440020 0.0 424
1694440440354 0.0 425
1694440440666 0.0 426
1694440440971 0.0 427
1694440441281 0.0 428
1694440441596 0.0 429
1694440441907 0.0 430
1694440442228 0.0 431
1694440442527 0.0 432
1694440442831 0.0 433
1694440443169 0.0 434
1694440443522 0.0 435
1694440443856 0.0 436
1694440444165 0.0 437
1694440444467 0.0 438
1694440444790 0.0 439
1694440445039 0.0 440
1694440445348 0.0 441
1694440445693 0.0 442
1694440446048 0.0 443
1694440446407 0.0 444
1694440446789 0.0 445
1694440447147 0.0 446
1694440447488 0.0 447
1694440447798 0.0 448
1694440448133 0.0 449
1694440448418 0.0 450
1694440448741 0.0 451
1694440449024 0.0 452
1694440449372 0.0 453
1694440449716 0.0 454
1694440449988 0.0 455
1694440450356 0.0 456
1694440450666 0.0 457
1694440450977 0.0 458
1694440451293 0.0 459
1694440451595 0.0 460
1694440451936 0.0 461
1694440452222 0.0 462
1694440452551 0.0 463
1694440452852 0.0 464
1694440453173 0.0 465
1694440453473 0.0 466
1694440453772 0.0 467
1694440454113 0.0 468
1694440454410 0.0 469
1694440454728 0.0 470
1694440455064 0.0 471
1694440455386 0.0 472
1694440455724 0.0 473
1694440456018 0.0 474
1694440456310 0.0 475
1694440456621 0.0 476
1694440456948 0.0 477
1694440457246 0.0 478
1694440457584 0.0 479
1694440457873 0.0 480
1694440458171 0.0 481
1694440458503 0.0 482
1694440458814 0.0 483
1694440459141 0.0 484
1694440459430 0.0 485
1694440459746 0.0 486
1694440460049 0.0 487
1694440460378 0.0 488
1694440460686 0.0 489
1694440460998 0.0 490
1694440461331 0.0 491
1694440461676 0.0 492
1694440462040 0.0 493
1694440462343 0.0 494
1694440462698 0.0 495
1694440463034 0.0 496
1694440463380 0.0 497
1694440463709 0.0 498
1694440464025 0.0 499
