1694441390500 0.0 0
1694441390830 0.0 1
1694441391151 0.0 2
1694441391507 0.0 3
1694441391832 0.0 4
1694441392147 0.0 5
1694441392462 0.0 6
1694441392755 0.0 7
1694441393069 0.0 8
1694441393324 0.0 9
1694441393578 0.0 10
1694441393866 0.0 11
1694441394176 0.0 12
1694441394500 0.0 13
1694441394817 0.0 14
1694441395126 0.0 15
1694441395436 0.0 16
1694441395713 0.0 17
1694441395998 0.0 18
1694441396258 0.0 19
1694441396584 0.0 20
1694441396898 0.0 21
1694441397225 0.0 22
1694441397539 0.0 23
1694441397846 0.0 24
1694441398105 0.0 25
1694441398398 0.0 26
1694441398661 0.0 27
