1694437370439 0.0 0
1694437370709 0.0 1
1694437370973 0.0 2
1694437371306 0.0 3
1694437371636 0.0 4
1694437371991 0.0 5
1694437372246 0.0 6
1694437372506 0.0 7
1694437372766 0.0 8
1694437373025 0.0 9
1694437373290 0.0 10
1694437373554 0.0 11
1694437373814 0.0 12
1694437374078 0.0 13
1694437374344 0.0 14
1694437374606 0.0 15
1694437374876 0.0 16
1694437375134 0.0 17
1694437375367 0.0 18
1694437375601 0.0 19
1694437375855 0.0 20
1694437376098 0.0 21
1694437376343 0.0 22
1694437376600 0.0 23
1694437376849 0.0 24
1694437377090 0.0 25
1694437377363 0.0 26
1694437377625 0.0 27
1694437377900 0.0 28
1694437378163 0.0 29
1694437378420 0.0 30
1694437378696 0.0 31
1694437379035 0.0 32
1694437379474 0.0 33
1694437379764 0.0 34
1694437380159 0.0 35
1694437380522 0.0 36
1694437380951 0.0 37
1694437381255 0.0 38
1694437381573 0.0 39
1694437381898 0.0 40
1694437382211 0.0 41
1694437382512 0.0 42
1694437382806 0.0 43
1694437383115 0.0 44
1694437383459 0.0 45
1694437383931 0.0 46
1694437384194 0.0 47
1694437384443 0.0 48
1694437384710 0.0 49
1694437384977 0.0 50
1694437385240 0.0 51
1694437385569 0.0 52
1694437385826 0.0 53
1694437386060 0.0 54
1694437386293 0.0 55
1694437386535 0.0 56
1694437386790 0.0 57
1694437387053 0.0 58
1694437387314 0.0 59
1694437387576 0.0 60
1694437387846 0.0 61
1694437388100 0.0 62
1694437388355 0.0 63
1694437388605 0.0 64
1694437388893 0.0 65
1694437389135 0.0 66
1694437389352 0.0 67
1694437389602 0.0 68
1694437389828 0.0 69
1694437390067 0.0 70
1694437390331 0.0 71
1694437390571 0.0 72
1694437390804 0.0 73
1694437391052 0.0 74
1694437391328 0.0 75
1694437391606 0.0 76
1694437391863 0.0 77
1694437392123 0.0 78
1694437392395 0.0 79
1694437392664 0.0 80
1694437392922 0.0 81
1694437393183 0.0 82
1694437393439 0.0 83
1694437393691 0.0 84
1694437393975 0.0 85
1694437394226 0.0 86
1694437394491 0.0 87
1694437394744 0.0 88
1694437394996 0.0 89
1694437395219 0.0 90
1694437395449 0.0 91
1694437395717 0.0 92
1694437395977 0.0 93
1694437396231 0.0 94
1694437396490 0.0 95
1694437396744 0.0 96
1694437397013 0.0 97
1694437397255 0.0 98
1694437397508 0.0 99
1694437397740 0.0 100
1694437397983 0.0 101
1694437398230 0.0 102
1694437398493 0.0 103
1694437398760 0.0 104
1694437399047 0.0 105
1694437399307 0.0 106
1694437399572 0.0 107
1694437399799 0.0 108
1694437400073 0.0 109
1694437400341 0.0 110
1694437400605 0.0 111
1694437400879 0.0 112
1694437401149 0.0 113
1694437401388 0.0 114
1694437401641 0.0 115
1694437401866 0.0 116
1694437402123 0.0 117
1694437402464 0.0 118
1694437402732 0.0 119
1694437403013 0.0 120
1694437403290 0.0 121
1694437403589 0.0 122
1694437403886 0.0 123
1694437404145 0.0 124
1694437404416 0.0 125
1694437404668 0.0 126
1694437404994 0.0 127
1694437405265 0.0 128
1694437405529 0.0 129
1694437405800 0.0 130
1694437406106 0.0 131
1694437406354 0.0 132
1694437406608 0.0 133
1694437406915 0.0 134
1694437407167 0.0 135
1694437407402 0.0 136
1694437407644 0.0 137
1694437407955 0.0 138
1694437408236 0.0 139
1694437408546 0.0 140
1694437408790 0.0 141
1694437409072 0.0 142
1694437409348 0.0 143
1694437409632 0.0 144
1694437409902 0.0 145
1694437410162 0.0 146
1694437410445 0.0 147
1694437410702 0.0 148
1694437410992 0.0 149
1694437411249 0.0 150
1694437411530 0.0 151
1694437411800 0.0 152
1694437412048 0.0 153
1694437412393 0.0 154
1694437412618 0.0 155
1694437412875 0.0 156
1694437413146 0.0 157
1694437413432 0.0 158
1694437413697 0.0 159
1694437413934 0.0 160
1694437414186 0.0 161
1694437414493 0.0 162
1694437414769 0.0 163
1694437415040 0.0 164
1694437415327 0.0 165
1694437415631 0.0 166
1694437415931 0.0 167
1694437416205 0.0 168
1694437416460 0.0 169
1694437416758 0.0 170
1694437417103 0.0 171
1694437417402 0.0 172
1694437417683 0.0 173
1694437417988 0.0 174
1694437418228 0.0 175
1694437418507 0.0 176
1694437418788 0.0 177
1694437419114 0.0 178
1694437419425 0.0 179
1694437419662 0.0 180
1694437419931 0.0 181
1694437420168 0.0 182
1694437420408 0.0 183
1694437420701 0.0 184
1694437421002 0.0 185
1694437421288 0.0 186
1694437421557 0.0 187
1694437421816 0.0 188
1694437422083 0.0 189
1694437422359 0.0 190
1694437422633 0.0 191
1694437422859 0.0 192
1694437423142 0.0 193
1694437423423 0.0 194
1694437423680 0.0 195
1694437423944 0.0 196
1694437424215 0.0 197
1694437424485 0.0 198
1694437424765 0.0 199
1694437425032 0.0 200
1694437425298 0.0 201
1694437425584 0.0 202
1694437425860 0.0 203
1694437426164 0.0 204
1694437426428 0.0 205
1694437426711 0.0 206
1694437426978 0.0 207
1694437427240 0.0 208
1694437427528 0.0 209
1694437427797 0.0 210
1694437428086 0.0 211
1694437428383 0.0 212
1694437428683 0.0 213
1694437428993 0.0 214
1694437429313 0.0 215
1694437429657 0.0 216
1694437429968 0.0 217
1694437430257 0.0 218
1694437430541 0.0 219
1694437430793 0.0 220
1694437431073 0.0 221
1694437431335 0.0 222
1694437431571 0.0 223
1694437431827 0.0 224
1694437432102 0.0 225
1694437432359 0.0 226
1694437432649 0.0 227
1694437432914 0.0 228
1694437433213 0.0 229
1694437433452 0.0 230
1694437433711 0.0 231
1694437433972 0.0 232
1694437434244 0.0 233
1694437434518 0.0 234
1694437434776 0.0 235
1694437435079 0.0 236
1694437435327 0.0 237
1694437435557 0.0 238
1694437435785 0.0 239
1694437436024 0.0 240
1694437436292 0.0 241
1694437436567 0.0 242
1694437436858 0.0 243
1694437437109 0.0 244
1694437437388 0.0 245
1694437437656 0.0 246
1694437437909 0.0 247
1694437438181 0.0 248
1694437438434 0.0 249
1694437438698 0.0 250
1694437438944 0.0 251
1694437439266 0.0 252
1694437439525 0.0 253
1694437439791 0.0 254
1694437440051 0.0 255
1694437440302 0.0 256
1694437440562 0.0 257
1694437440842 0.0 258
1694437441136 0.0 259
1694437441396 0.0 260
1694437441654 0.0 261
1694437441935 0.0 262
1694437442203 0.0 263
1694437442456 0.0 264
1694437442731 0.0 265
1694437442980 0.0 266
1694437443229 0.0 267
1694437443467 0.0 268
1694437443721 0.0 269
1694437443979 0.0 270
1694437444210 0.0 271
1694437444491 0.0 272
1694437444737 0.0 273
1694437444977 0.0 274
1694437445243 0.0 275
1694437445518 0.0 276
1694437445782 0.0 277
1694437446054 0.0 278
1694437446287 0.0 279
1694437446515 0.0 280
1694437446752 0.0 281
1694437447001 0.0 282
1694437447242 0.0 283
1694437447527 0.0 284
1694437447813 0.0 285
1694437448079 0.0 286
1694437448318 0.0 287
1694437448579 0.0 288
1694437449293 0.0 289
1694437450488 0.0 290
1694437451122 0.0 291
1694437451698 0.0 292
1694437452563 0.0 293
1694437453561 0.0 294
1694437454563 0.0 295
1694437455268 0.0 296
1694437456057 0.0 297
1694437456735 0.0 298
1694437457562 0.0 299
1694437458481 0.0 300
1694437459822 0.0 301
1694437461062 0.0 302
1694437462123 0.0 303
1694437463225 0.0 304
1694437463994 0.0 305
1694437464596 0.0 306
1694437465419 0.0 307
1694437465953 0.0 308
1694437466582 0.0 309
1694437467295 0.0 310
1694437468136 0.0 311
1694437469052 0.0 312
1694437470075 0.0 313
1694437470872 0.0 314
1694437471660 0.0 315
1694437472464 0.0 316
1694437473340 0.0 317
1694437474144 0.0 318
1694437474977 0.0 319
1694437475778 0.0 320
1694437476567 0.0 321
1694437477375 0.0 322
1694437478216 0.0 323
1694437479038 0.0 324
1694437479826 0.0 325
1694437480638 0.0 326
1694437481528 0.0 327
1694437482300 0.0 328
1694437483117 0.0 329
1694437484073 0.0 330
1694437484717 0.0 331
1694437485551 0.0 332
1694437486428 0.0 333
1694437487131 0.0 334
1694437487847 0.0 335
1694437488734 0.0 336
1694437489548 0.0 337
1694437490344 0.0 338
1694437491316 0.0 339
1694437492138 0.0 340
1694437492999 0.0 341
1694437493701 0.0 342
1694437494525 0.0 343
1694437495286 0.0 344
1694437496159 0.0 345
1694437496986 0.0 346
1694437497776 0.0 347
1694437498522 0.0 348
1694437499397 0.0 349
1694437500232 0.0 350
1694437500958 0.0 351
1694437501775 0.0 352
1694437502621 0.0 353
1694437503410 0.0 354
1694437504348 0.0 355
1694437505225 0.0 356
1694437506023 0.0 357
1694437506916 0.0 358
1694437507752 0.0 359
1694437508590 0.0 360
1694437509497 0.0 361
1694437509889 0.0 362
1694437510163 0.0 363
1694437510428 0.0 364
1694437510691 0.0 365
1694437510929 0.0 366
1694437511183 0.0 367
1694437511439 0.0 368
1694437511688 0.0 369
1694437511933 0.0 370
1694437512158 0.0 371
1694437512420 0.0 372
1694437512666 0.0 373
1694437512916 0.0 374
1694437513168 0.0 375
1694437513427 0.0 376
1694437513708 0.0 377
1694437513974 0.0 378
1694437514236 0.0 379
1694437514525 0.0 380
1694437514824 0.0 381
1694437515075 0.0 382
1694437515340 0.0 383
1694437515620 0.0 384
1694437515897 0.0 385
1694437516152 0.0 386
1694437516417 0.0 387
1694437516676 0.0 388
1694437516930 0.0 389
1694437517181 0.0 390
1694437517431 0.0 391
1694437517688 0.0 392
1694437517941 0.0 393
1694437518188 0.0 394
1694437518449 0.0 395
1694437518710 0.0 396
1694437518993 0.0 397
1694437519263 0.0 398
1694437519527 0.0 399
1694437519785 0.0 400
1694437520086 0.0 401
1694437520335 0.0 402
1694437520582 0.0 403
1694437520828 0.0 404
1694437521101 0.0 405
1694437521385 0.0 406
1694437521655 0.0 407
1694437521938 0.0 408
1694437522215 0.0 409
1694437522493 0.0 410
1694437522790 0.0 411
1694437523066 0.0 412
1694437523348 0.0 413
1694437523620 0.0 414
1694437523892 0.0 415
1694437524167 0.0 416
1694437524445 0.0 417
1694437524768 0.0 418
1694437525036 0.0 419
1694437525313 0.0 420
1694437525604 0.0 421
1694437525882 0.0 422
1694437526146 0.0 423
1694437526433 0.0 424
1694437526668 0.0 425
1694437526919 0.0 426
1694437527191 0.0 427
1694437527454 0.0 428
1694437527736 0.0 429
1694437527987 0.0 430
1694437528217 0.0 431
1694437528468 0.0 432
1694437528706 0.0 433
1694437528976 0.0 434
1694437529266 0.0 435
1694437529514 0.0 436
1694437529799 0.0 437
1694437530051 0.0 438
1694437530303 0.0 439
1694437530559 0.0 440
1694437530814 0.0 441
1694437531067 0.0 442
1694437531332 0.0 443
1694437531628 0.0 444
1694437531876 0.0 445
1694437532130 0.0 446
1694437532392 0.0 447
1694437532653 0.0 448
1694437532877 0.0 449
1694437533138 0.0 450
1694437533388 0.0 451
1694437533650 0.0 452
1694437533893 0.0 453
1694437534166 0.0 454
1694437534469 0.0 455
1694437534768 0.0 456
1694437535064 0.0 457
1694437535337 0.0 458
1694437535631 0.0 459
1694437535907 0.0 460
1694437536194 0.0 461
1694437536484 0.0 462
1694437536764 0.0 463
1694437537045 0.0 464
1694437537341 0.0 465
1694437537607 0.0 466
1694437537888 0.0 467
1694437538155 0.0 468
1694437538445 0.0 469
1694437538701 0.0 470
1694437538982 0.0 471
1694437539204 0.0 472
1694437539472 0.0 473
1694437539736 0.0 474
1694437540010 0.0 475
1694437540270 0.0 476
1694437540544 0.0 477
1694437540798 0.0 478
1694437541077 0.0 479
1694437541335 0.0 480
1694437541605 0.0 481
1694437541879 0.0 482
1694437542128 0.0 483
1694437542348 0.0 484
1694437542587 0.0 485
1694437542849 0.0 486
1694437543082 0.0 487
1694437543336 0.0 488
1694437543607 0.0 489
1694437543864 0.0 490
1694437544123 0.0 491
1694437544381 0.0 492
1694437544628 0.0 493
1694437544902 0.0 494
1694437545206 0.0 495
1694437545464 0.0 496
1694437545687 0.0 497
1694437545955 0.0 498
1694437546214 0.0 499
