1694436638414 160.3416324661177 0
1694436638450 148.20350548972866 1
1694436638484 136.42836623563198 2
1694436638512 126.41035310716207 3
1694436638543 116.96329020973769 4
1694436638576 107.97755107342054 5
1694436638613 100.41138773500546 6
1694436638643 93.06128877628183 7
1694436638679 86.3119921807005 8
1694436638710 80.53441803894515 9
1694436638740 74.56552169697196 10
1694436638771 69.17341153900982 11
1694436638802 65.00530380508833 12
1694436638830 60.56352293400359 13
1694436638858 56.13763300953952 14
1694436638892 52.8638172424647 15
1694436638924 49.04596949113823 16
1694436638953 45.66012848534739 17
1694436638982 43.14179017340822 18
1694436639013 40.42306349172932 19
1694436639043 37.91897255967014 20
1694436639072 35.51758761445059 21
1694436639102 33.631632348090946 22
1694436639135 31.893983783203637 23
1694436639167 29.76945726657119 24
1694436639198 28.345452726212784 25
1694436639230 26.71840196798466 26
1694436639260 25.349163347017335 27
1694436639291 23.92779603835333 28
1694436639320 22.656254621059983 29
1694436639348 21.583432755801194 30
1694436639379 20.49762825302933 31
1694436639407 19.46277776478361 32
1694436639435 18.780754266070982 33
1694436639464 17.8253201089826 34
1694436639494 17.058852493646338 35
1694436639522 16.122560817637748 36
1694436639553 15.392367307614254 37
1694436639583 14.876309527868308 38
1694436639613 14.179922846610559 39
1694436639645 13.679748244588252 40
1694436639676 13.281727524472492 41
1694436639706 12.725222124752847 42
1694436639735 12.182076053008661 43
1694436639763 11.849535768530284 44
1694436639793 11.452110898203376 45
1694436639826 10.994469273865025 46
1694436639856 10.658223075242022 47
1694436639887 10.4187292479129 48
1694436639918 9.953636051114055 49
1694436639948 9.779774823231177 50
1694436639978 9.526127715712017 51
1694436640007 9.18821206728494 52
1694436640039 8.762743436322506 53
1694436640067 8.865498809375175 54
1694436640096 8.539168507386485 55
1694436640126 8.205985835067017 56
1694436640155 8.139423009708427 57
1694436640185 7.919638556927972 58
1694436640213 7.696916192765193 59
1694436640243 7.617652321608226 60
1694436640272 7.350501559544478 61
1694436640300 7.2846939985036085 62
1694436640330 7.194845334721061 63
1694436640363 7.044412755373749 64
1694436640393 7.0721130335080185 65
1694436640423 6.882481568090957 66
1694436640453 6.809383856631226 67
1694436640485 6.647173274953638 68
1694436640515 6.548725861872866 69
1694436640548 6.482768638446764 70
1694436640579 6.396751994901258 71
1694436640609 6.260979956813601 72
1694436640638 6.314318390063998 73
1694436640666 6.146883130275724 74
1694436640697 6.006884498832673 75
1694436640728 5.972349554139647 76
1694436640755 5.911898410556657 77
1694436640785 5.770771916268092 78
1694436640815 5.880049067832275 79
1694436640849 5.769869704754821 80
1694436640878 5.700542008367965 81
1694436640906 5.672312904912231 82
1694436640937 5.722187676113685 83
1694436640967 5.57177392351461 84
1694436640995 5.56691287575833 85
1694436641027 5.503780943097284 86
1694436641061 5.43762472227551 87
1694436641090 5.541132356442891 88
1694436641118 5.493712888325537 89
1694436641148 5.390135009866321 90
1694436641180 5.319999249059247 91
1694436641211 5.296227190347399 92
1694436641244 5.323788156667273 93
1694436641276 5.228594878763811 94
1694436641308 5.235991079456898 95
1694436641339 5.295802733324238 96
1694436641369 5.258592914630175 97
1694436641401 5.197962083540237 98
1694436641431 5.271648170459877 99
1694436641461 5.167752515544724 100
1694436641493 5.072728666573009 101
1694436641522 5.084345655156724 102
1694436641555 5.092780720294637 103
1694436641585 5.002527319133399 104
1694436641616 4.991933391519185 105
1694436641647 5.119921227228425 106
1694436641680 5.02250611693462 107
1694436641711 5.052621126431459 108
1694436641741 4.924686966251777 109
1694436641774 4.991147262838213 110
1694436641807 5.083452062663908 111
1694436641838 5.062453259706879 112
1694436641869 5.016709247809924 113
1694436641902 5.058002462108733 114
1694436641934 4.913732116236946 115
1694436641967 4.96705704941049 116
1694436641999 5.030134963637301 117
1694436642033 4.888452109169098 118
1694436642065 4.938127604421803 119
1694436642098 4.892819675450999 120
1694436642130 4.922417824527227 121
1694436642160 5.017065213173176 122
1694436642189 4.915450317359008 123
1694436642222 4.956803441588769 124
1694436642256 4.969544871422407 125
1694436642286 4.824854088860372 126
1694436642316 4.886411047754087 127
1694436642349 4.85134959134132 128
1694436642382 4.881735426696652 129
1694436642413 4.912476655768078 130
1694436642447 4.704672888640038 131
1694436642479 4.89264599981389 132
1694436642512 4.8931263153016955 133
1694436642541 4.882715842264537 134
1694436642569 4.823747772787688 135
1694436642602 4.832509805147461 136
1694436642632 4.865554520439281 137
1694436642662 4.7855110792392095 138
1694436642696 4.850221488555739 139
1694436642725 4.902702451249496 140
1694436642757 4.859155791123271 141
1694436642790 4.862992704714146 142
1694436642818 4.795643259545817 143
1694436642848 4.844369496776286 144
1694436642877 4.7995894112232165 145
1694436642908 4.745750412998872 146
1694436642938 4.875305995854143 147
1694436642968 4.888382852838713 148
1694436642999 4.900235145363277 149
1694436643033 4.853765674534783 150
1694436643061 4.837077083334445 151
1694436643092 4.826081352155959 152
1694436643119 4.854825678831663 153
1694436643150 4.812549932644475 154
1694436643183 4.861326905047182 155
1694436643212 4.868592445815589 156
1694436643244 4.879929414712278 157
1694436643271 4.748059384768629 158
1694436643301 4.825839091031516 159
1694436643329 4.803159056338248 160
1694436643361 4.787613119142065 161
1694436643391 4.835718821509458 162
1694436643419 4.797056829976708 163
1694436643451 4.844483655517383 164
1694436643485 4.86858531097142 165
1694436643519 4.865520116920348 166
1694436643556 4.773681254226024 167
1694436643588 4.732408343509034 168
1694436643621 4.815044578315108 169
1694436643651 4.7630206364418015 170
1694436643684 4.836457988460929 171
1694436643715 4.769399522166761 172
1694436643742 4.827009044550069 173
1694436643770 4.750683759213029 174
1694436643800 4.7469365545113815 175
1694436643832 4.785034950722801 176
1694436643863 4.746813271639219 177
1694436643894 4.904887825686385 178
1694436643922 4.849917462748607 179
1694436643950 4.786684514054003 180
1694436643981 4.78601881652791 181
1694436644011 4.791853972786605 182
1694436644041 4.774013555429082 183
1694436644071 4.899460029144104 184
1694436644100 4.755783366781154 185
1694436644132 4.791441996693305 186
1694436644163 4.8378052910534395 187
1694436644196 4.782109665765041 188
1694436644225 4.777872437323365 189
1694436644259 4.928291456167312 190
1694436644289 4.8117654425887615 191
1694436644317 4.853954313272512 192
1694436644348 4.832780239881359 193
1694436644378 4.694924979674439 194
1694436644409 4.754179991299908 195
