1694444182364 -0.0054504268380835 0
1694444182397 -0.0048104845240630745 1
1694444182430 -0.004761030139016631 2
1694444182461 -0.005160775126484163 3
1694444182494 -0.004251845906453777 4
1694444182527 -0.004987747200566162 5
1694444182562 -0.004773855087587542 6
1694444182600 -0.004528558225820545 7
1694444182639 -0.00476501123626627 8
1694444182671 -0.004474471757147436 9
1694444182704 -0.005155596487742109 10
1694444182738 -0.004459612504445376 11
1694444182768 -0.005165993662759272 12
1694444182799 -0.005582673215322798 13
1694444182833 -0.0046181758437602305 14
1694444182863 -0.004825160527735628 15
1694444182894 -0.0046753493239861665 16
1694444182929 -0.004540443965949326 17
1694444182963 -0.004277588390389164 18
1694444182993 -0.005190565612540166 19
1694444183026 -0.004843077472516333 20
1694444183057 -0.004657765798318003 21
1694444183088 -0.00476395604203983 22
1694444183118 -0.004885814601532701 23
1694444183151 -0.004804092865602572 24
1694444183185 -0.0046517398788405995 25
1694444183218 -0.005139658947454162 26
1694444183250 -0.0048140638123495005 27
1694444183281 -0.004725958601193181 28
1694444183313 -0.0042558002573380715 29
1694444183345 -0.004835913841988448 30
1694444183378 -0.004101777004739349 31
1694444183410 -0.004484466422061573 32
1694444183440 -0.005080834643159449 33
1694444183469 -0.004773272391681349 34
1694444183499 -0.0047358761789344506 35
1694444183529 -0.004834605896085531 36
1694444183562 -0.004474374252294577 37
1694444183595 -0.004589708859374042 38
1694444183639 -0.004581750224328829 39
1694444183676 -0.0043867071062353435 40
1694444183707 -0.00432862052917482 41
1694444183737 -0.004274889197703136 42
1694444183769 -0.004526348359655374 43
1694444183802 -0.004375822106087002 44
1694444183836 -0.005160602942108072 45
1694444183867 -0.004579700100036943 46
1694444183897 -0.004049469631988156 47
1694444183927 -0.004719760603541845 48
1694444183960 -0.004410804731775242 49
1694444183993 -0.004471154389299903 50
1694444184024 -0.004045117599872139 51
1694444184055 -0.004420433100134069 52
1694444184086 -0.004222446439600569 53
1694444184118 -0.004311850923781613 54
1694444184150 -0.004243470232413449 55
1694444184185 -0.0043044225965400695 56
1694444184217 -0.00390917942443636 57
1694444184248 -0.004212207370493326 58
1694444184280 -0.003906956119247962 59
1694444184312 -0.004505128762641197 60
1694444184344 -0.004404817678680839 61
1694444184380 -0.00435806437023456 62
1694444184412 -0.004088010550902688 63
1694444184445 -0.004490659904501149 64
1694444184475 -0.004273536371279807 65
1694444184508 -0.004036772748367223 66
1694444184538 -0.004499160928718826 67
1694444184569 -0.004107739707670088 68
1694444184601 -0.004408436352120626 69
1694444184633 -0.0036984595799354203 70
1694444184666 -0.0032694661047318885 71
1694444184697 -0.004349052726630109 72
1694444184727 -0.0041547724394841445 73
1694444184758 -0.00340474357457321 74
1694444184787 -0.003261379751633431 75
1694444184818 -0.004117087584698975 76
1694444184849 -0.003501930958443422 77
1694444184878 -0.0038685576549379874 78
1694444184910 -0.004107317701703916 79
1694444184941 -0.003957195742720465 80
1694444184972 -0.00350042812278728 81
1694444185003 -0.004166775471302175 82
1694444185036 -0.0035414541319367387 83
1694444185066 -0.003904690010100076 84
1694444185098 -0.0032771654613381607 85
1694444185131 -0.003973970665639648 86
1694444185162 -0.003973889954256071 87
1694444185194 -0.0030215081591686843 88
1694444185225 -0.003285026757485321 89
1694444185256 -0.003734861315003002 90
1694444185285 -0.0031313840847189134 91
1694444185316 -0.003614400175865784 92
1694444185349 -0.003369110323980573 93
1694444185385 -0.0035295800893169194 94
1694444185416 -0.0033717199250740126 95
1694444185449 -0.0034686316666028283 96
1694444185478 -0.0030752737400434604 97
1694444185509 -0.0027756783813821517 98
1694444185542 -0.0034030379483085405 99
1694444185573 -0.0031219766438115304 100
1694444185604 -0.0032094047880797394 101
1694444185638 -0.0032631210627624974 102
1694444185670 -0.0030020794896885583 103
1694444185700 -0.0032155735653780493 104
1694444185732 -0.0030420243068205455 105
1694444185763 -0.003164814171493502 106
1694444185793 -0.0028541770284795653 107
1694444185824 -0.0035623413383589764 108
1694444185856 -0.003093801899276105 109
1694444185886 -0.0026318031159295874 110
1694444185917 -0.0029527402727165253 111
1694444185948 -0.0032805202563499503 112
1694444185981 -0.0034780671954730558 113
1694444186011 -0.002965493127446095 114
1694444186044 -0.002661679647010251 115
1694444186076 -0.002371628310357199 116
1694444186106 -0.0020586162700093613 117
1694444186139 -0.0023782972797874447 118
1694444186175 -0.0027005781410454066 119
1694444186207 -0.0019902526926016684 120
1694444186241 -0.002553504254042771 121
1694444186274 -0.0029839681902801285 122
1694444186304 -0.0023659846705457177 123
1694444186337 -0.002144743398463156 124
1694444186374 -0.002944895560504479 125
1694444186404 -0.0024332762477736747 126
1694444186435 -0.002691304917674442 127
1694444186466 -0.0022036145664796614 128
1694444186497 -0.0020749870059586506 129
1694444186529 -0.0026330069771065556 130
1694444186561 -0.001801332737440653 131
1694444186592 -0.002568580369746165 132
1694444186625 -0.00179801829714199 133
1694444186657 -0.0014156749706502048 134
1694444186691 -0.0019552841492904705 135
1694444186724 -0.002083179319343431 136
1694444186756 -0.0021455793157603154 137
1694444186785 -0.0021124414332542862 138
1694444186817 -0.0017250432933488824 139
1694444186849 -0.0012281287118216522 140
1694444186878 -0.0020889154608747518 141
1694444186912 -0.001710296961972002 142
1694444186943 -0.001966213942387718 143
1694444186975 -0.0017037280739049532 144
1694444187008 -0.0016541627727526542 145
1694444187042 -0.0010706207957356106 146
1694444187076 -0.001452633649394297 147
1694444187110 -0.0009256008808502525 148
1694444187146 -0.001166066625363671 149
1694444187184 -0.0014638473534163143 150
1694444187217 -0.0008952852747527995 151
1694444187252 -0.001005580169988196 152
1694444187291 -0.0009822694194967507 153
1694444187328 -0.0014141309666295676 154
1694444187362 -0.0011102328978793707 155
1694444187396 -0.0011615303093179818 156
1694444187494 -0.0009018253767960616 157
1694444187526 -0.0010880423338668344 158
1694444187558 -0.0004380194741089305 159
1694444187587 -0.0007237622396911725 160
1694444187618 -0.0006215912077145447 161
1694444187649 -0.0011070303091975653 162
1694444187683 -0.0008233227165179713 163
1694444187713 0.00023683723645440136 164
1694444187744 -0.0001373930912036414 165
1694444187775 -0.0009472885288823729 166
1694444187805 -0.0006493106882348165 167
1694444187834 0.00016047898811843986 168
1694444187865 0.00033246535800401933 169
1694444187896 0.00012816283177341514 170
1694444187928 -0.00048165105017461407 171
1694444187961 9.980707604406724e-05 172
1694444187992 -0.0005567689435233003 173
1694444188024 -0.00024242897584714207 174
1694444188056 0.0006443906128298371 175
1694444188085 0.00026115160504169843 176
1694444188118 0.0004268442682805462 177
1694444188150 -8.454360504073222e-05 178
1694444188186 -0.00011347432735742125 179
1694444188216 0.0006192654076964121 180
1694444188249 0.0003315493524398416 181
1694444188280 5.2905822955473525e-05 182
1694444188312 0.0010868648650997903 183
1694444188345 0.0010011512156362645 184
1694444188378 0.0005726786316082588 185
1694444188410 0.0009500678734981616 186
1694444188443 0.0014488803566258257 187
1694444188474 0.0008456341804007339 188
1694444188507 0.001418757332615761 189
1694444188537 0.0014945107573008931 190
1694444188569 0.0011994970388961024 191
1694444188600 0.0011536894651134055 192
1694444188631 0.0012730232906821293 193
1694444188664 0.0002482673434555105 194
1694444188695 0.0013609129276095366 195
1694444188725 0.001861233283039554 196
1694444188755 0.001584321563054436 197
1694444188785 0.002037156982127253 198
1694444188817 0.0009664397445656725 199
1694444188848 0.0033740499956205205 200
1694444188879 0.0011506297469582316 201
1694444188910 0.0025462207452799923 202
1694444188944 0.0026119996473364937 203
1694444188976 0.002239399971975975 204
1694444189008 0.0021899350280778496 205
1694444189037 0.0032212698410190033 206
1694444189069 0.002592910700237372 207
1694444189099 0.0024965562822019116 208
1694444189131 0.0018763357229949484 209
1694444189162 0.004148658683652884 210
1694444189195 0.0027392612368932756 211
1694444189226 0.00357070250205338 212
1694444189258 0.0025242500150932656 213
1694444189289 0.004046987358481413 214
1694444189319 0.003339522126702188 215
1694444189352 0.0030174818211614607 216
1694444189384 0.003951186326560663 217
1694444189417 0.0015936359363097896 218
1694444189448 0.0035103213548303147 219
1694444189480 0.0030311864304450875 220
1694444189510 0.004699052053755759 221
1694444189541 0.004580891354824201 222
1694444189574 0.003496721901050437 223
1694444189604 0.004106553402196567 224
1694444189638 0.004271782711195438 225
1694444189670 0.004403235765304769 226
1694444189700 0.005082163674752449 227
1694444189732 0.005049668399992324 228
1694444189765 0.005772616713344725 229
1694444189795 0.004195729092610012 230
1694444189825 0.0050093503770705095 231
1694444189857 0.004973138525466103 232
1694444189888 0.00489235325189552 233
1694444189919 0.004988488437672967 234
1694444189951 0.006426781986250019 235
1694444189982 0.005716198575710041 236
1694444190014 0.00448321207270741 237
1694444190045 0.0046595611225730416 238
1694444190077 0.005964848781187304 239
1694444190109 0.005392451466605497 240
1694444190139 0.007192988294314917 241
1694444190176 0.006933664435873621 242
1694444190208 0.006523172828922452 243
1694444190239 0.00681707376502394 244
1694444190273 0.006913348683155074 245
1694444190304 0.00594290868576719 246
1694444190334 0.007135056000936335 247
1694444190367 0.007685415830036901 248
1694444190398 0.007035491146494044 249
1694444190429 0.006733036267121961 250
1694444190465 0.008439797542769911 251
1694444190495 0.0066479946042209415 252
1694444190525 0.008933988889056832 253
1694444190555 0.007666902199936931 254
1694444190589 0.007963828252513516 255
1694444190620 0.008445741671119 256
1694444190652 0.007813211910429496 257
1694444190686 0.008460616363528461 258
1694444190718 0.009721887657470285 259
1694444190748 0.009577805012705998 260
1694444190779 0.006372404346430827 261
1694444190809 0.00943368055327165 262
1694444190840 0.008359281888721481 263
1694444190870 0.008112710330193895 264
1694444190902 0.010140765985462319 265
1694444190934 0.01110245156088141 266
1694444190967 0.010571320098332948 267
1694444190997 0.0089752002072373 268
1694444191029 0.008475000060206517 269
1694444191061 0.006123059188822277 270
1694444191093 0.010312810709923403 271
1694444191127 0.009933310992994215 272
1694444191157 0.013854240095328318 273
1694444191197 0.010758580778352678 274
1694444191230 0.011892403957792785 275
1694444191263 0.012570452573461455 276
1694444191296 0.011880010594931933 277
1694444191327 0.01082029439899379 278
1694444191360 0.010467808335932416 279
1694444191395 0.013533075531653838 280
1694444191428 0.010579391554337403 281
1694444191459 0.013363876879070258 282
1694444191491 0.012772785744878945 283
1694444191519 0.013683430231486993 284
1694444191550 0.01695392740826307 285
1694444191582 0.012200340716546298 286
1694444191614 0.013209183440449301 287
1694444191644 0.011334842110026555 288
1694444191679 0.013527508063753024 289
1694444191710 0.012682647707816685 290
1694444191741 0.015079170482226734 291
1694444191772 0.012669442127614117 292
1694444191802 0.015485490667542456 293
1694444191834 0.014114155056322741 294
1694444191866 0.01570374190520496 295
1694444191898 0.014643571634232244 296
1694444191928 0.015665020999696133 297
1694444191959 0.0128191201849861 298
1694444191992 0.018068243692579644 299
1694444192023 0.014603281904353893 300
1694444192053 0.016812855404062743 301
1694444192085 0.018604695069815214 302
1694444192116 0.014576271768653282 303
1694444192150 0.014110348632842218 304
1694444192187 0.01567301225626483 305
1694444192218 0.01643063112521692 306
1694444192249 0.01945426985683385 307
1694444192285 0.013787117133632787 308
1694444192318 0.016773226092134386 309
1694444192351 0.015683852200244486 310
1694444192387 0.016295767570535302 311
1694444192418 0.016507330276532062 312
1694444192449 0.018992233417833404 313
1694444192481 0.016956946271042495 314
1694444192511 0.020991589108056763 315
1694444192542 0.018558721204172235 316
1694444192572 0.02120371791211073 317
1694444192605 0.02139038253016845 318
1694444192634 0.015864664062474665 319
1694444192667 0.020956193231386644 320
1694444192698 0.021128994504769905 321
1694444192729 0.017089333023229347 322
1694444192759 0.020931030192886557 323
1694444192791 0.0202716637072744 324
1694444192821 0.021211952905807574 325
1694444192851 0.02259447060259867 326
1694444192885 0.02136787049821287 327
1694444192920 0.021736275028910068 328
1694444192950 0.01752575556345848 329
1694444192982 0.021725687961565043 330
1694444193014 0.02172436338378314 331
1694444193042 0.023859488101979687 332
1694444193074 0.022437239061946057 333
1694444193105 0.028619586295377974 334
1694444193136 0.024834373613365934 335
1694444193167 0.02374866248585783 336
1694444193198 0.025801826871889144 337
1694444193229 0.025697054585697043 338
1694444193257 0.02550245473017443 339
1694444193289 0.021678588275141464 340
1694444193320 0.02291362508214645 341
1694444193352 0.024142097707291255 342
1694444193383 0.02708624726982045 343
1694444193415 0.026121679947521903 344
1694444193446 0.027893276161092273 345
1694444193476 0.028797136236809906 346
1694444193509 0.02622284128318908 347
1694444193536 0.034107573244512746 348
1694444193568 0.028075641373984106 349
1694444193602 0.028434553902722093 350
1694444193634 0.026354574385643925 351
1694444193670 0.02640775085224356 352
1694444193703 0.029211830132953587 353
1694444193735 0.029994375413323948 354
1694444193767 0.02351205962435421 355
1694444193803 0.03512365920738514 356
1694444193836 0.030453943152974783 357
1694444193869 0.03277335023129102 358
1694444193903 0.029627732639639914 359
1694444193935 0.03171651562719269 360
1694444193970 0.030735487690358942 361
1694444194000 0.030094206155608316 362
1694444194033 0.03186994245642294 363
1694444194066 0.029037488888694285 364
1694444194100 0.03266704950958965 365
1694444194130 0.033876781258404765 366
1694444194164 0.03228004920189187 367
1694444194201 0.0350020015733159 368
1694444194230 0.033720396487000204 369
1694444194264 0.033235556079512674 370
1694444194297 0.03540908811214305 371
1694444194327 0.03380567143017155 372
1694444194362 0.03702158126977251 373
1694444194396 0.03798787502013623 374
1694444194428 0.030311521623668014 375
1694444194459 0.037516602311668534 376
1694444194491 0.03484035103384431 377
1694444194522 0.04193839433329449 378
1694444194553 0.03951222361850748 379
1694444194587 0.034647853937942896 380
1694444194622 0.03830761683461703 381
1694444194656 0.03628772980436479 382
1694444194693 0.03774954382933682 383
1694444194727 0.04334045018528554 384
1694444194758 0.0366749594132304 385
1694444194790 0.04220930766602493 386
1694444194822 0.04572445024451699 387
1694444194852 0.045554687274872 388
1694444194883 0.04258600606739027 389
1694444194913 0.04389540352107402 390
1694444194944 0.05461843448604087 391
1694444194976 0.05100532400193769 392
1694444195007 0.05049897048221175 393
1694444195038 0.04567965499703486 394
1694444195069 0.046222309165506514 395
1694444195101 0.0542465876435656 396
1694444195132 0.04964200841336719 397
1694444195164 0.04400864027703 398
1694444195196 0.04128292366308206 399
1694444195230 0.04786131965519791 400
1694444195266 0.04760874954740979 401
1694444195301 0.05116123801074579 402
1694444195332 0.04703428577238711 403
1694444195366 0.05254097298597438 404
1694444195399 0.05037141810829815 405
1694444195431 0.04893868450223304 406
1694444195465 0.05263868233119129 407
1694444195497 0.04642571716404509 408
1694444195529 0.049405098203986864 409
1694444195559 0.05060931310710948 410
1694444195590 0.055545136201500034 411
1694444195622 0.05465692807665823 412
1694444195651 0.05013689299102697 413
1694444195683 0.056391617330824984 414
1694444195714 0.04910852447532954 415
1694444195745 0.05097518407913204 416
1694444195775 0.0554751980021575 417
1694444195806 0.05170763340264062 418
1694444195835 0.05260777485879364 419
1694444195865 0.06015133526406902 420
1694444195897 0.05541346876605713 421
1694444195926 0.06355501181257972 422
1694444195957 0.05710621997843979 423
1694444195987 0.0649300010052184 424
1694444196022 0.05475822834780486 425
1694444196052 0.06054101818561841 426
1694444196083 0.0609631192042821 427
1694444196117 0.05461517027359475 428
1694444196149 0.056182322340673 429
1694444196186 0.07094859008252019 430
1694444196218 0.06041081584738395 431
1694444196249 0.059110412331347284 432
1694444196280 0.06192049904042807 433
1694444196316 0.0645531792645806 434
1694444196370 0.06973444859594924 435
1694444196415 0.07114038532854017 436
1694444196448 0.05905918887923001 437
1694444196477 0.06520425207627556 438
1694444196509 0.07181023250167218 439
1694444196540 0.06638798332824991 440
1694444196571 0.07512500752091511 441
1694444196603 0.06983051054493716 442
1694444196635 0.06541883032168028 443
1694444196668 0.07442069915561322 444
1694444196699 0.07080281506993968 445
1694444196729 0.06987701657829848 446
1694444196761 0.06930985081899 447
1694444196792 0.06976557192657118 448
1694444196822 0.08315474844457238 449
1694444196852 0.07906975059411891 450
1694444196882 0.07086779311558389 451
1694444196913 0.0723297919828475 452
1694444196943 0.060196664280484424 453
1694444196974 0.07135435496976195 454
1694444197004 0.07261961749159085 455
1694444197035 0.0774922942704439 456
1694444197065 0.07603261814866336 457
1694444197095 0.08360973045439002 458
1694444197127 0.0755047347039699 459
1694444197158 0.09725120835995371 460
1694444197194 0.08375752196878095 461
1694444197225 0.08791606603926239 462
1694444197260 0.08471800356418835 463
1694444197290 0.07816353434623657 464
1694444197323 0.09204667695076252 465
1694444197359 0.07541616355813563 466
1694444197395 0.08462852374576812 467
1694444197427 0.08128886490467568 468
1694444197460 0.09020500151481592 469
1694444197492 0.07859075718792663 470
1694444197523 0.0869804505589653 471
1694444197552 0.0898103928184314 472
1694444197584 0.0824961041052279 473
1694444197616 0.09634792877417042 474
1694444197646 0.09069145576886872 475
1694444197681 0.08510205406783322 476
1694444197712 0.09504408557131261 477
1694444197743 0.07793619135306029 478
1694444197772 0.09149842835144129 479
1694444197804 0.09851737956793893 480
1694444197835 0.10888350797698243 481
1694444197866 0.08800666734144413 482
1694444197898 0.11637905178481889 483
1694444197927 0.11037628090111784 484
1694444197958 0.12468531655795989 485
1694444197988 0.10142389237418004 486
1694444198022 0.10181931629497187 487
1694444198051 0.10133954700317771 488
1694444198082 0.11151506395360278 489
1694444198115 0.10269800050978273 490
1694444198145 0.10922426039170086 491
1694444198180 0.09924181946634825 492
1694444198211 0.11320302507909097 493
1694444198240 0.09131661610312214 494
1694444198276 0.08577782879541673 495
1694444198307 0.11877166933158001 496
1694444198338 0.10738833867530473 497
1694444198374 0.11753696200861719 498
1694444198404 0.10837248662913723 499
