1694441234785 0.0 0
1694441235174 0.0 1
1694441235593 0.0 2
1694441235909 0.0 3
1694441236225 0.0 4
1694441236516 0.0 5
1694441236843 0.0 6
1694441237170 0.0 7
1694441237446 0.0 8
1694441237776 0.0 9
1694441238074 0.0 10
1694441238382 0.0 11
1694441238689 0.0 12
1694441239003 0.0 13
1694441239325 0.0 14
1694441239607 0.0 15
1694441239910 0.0 16
1694441240190 0.0 17
1694441240504 0.0 18
1694441240791 0.0 19
1694441241116 0.0 20
1694441241444 0.0 21
1694441241748 0.0 22
1694441242056 0.0 23
1694441242373 0.0 24
1694441242688 0.0 25
1694441242998 0.0 26
1694441243310 0.0 27
1694441243635 0.0 28
1694441243959 0.0 29
1694441244214 0.0 30
1694441244493 0.0 31
1694441244757 0.0 32
1694441245071 0.0 33
1694441245353 0.0 34
1694441245606 0.0 35
1694441245898 0.0 36
1694441246224 0.0 37
1694441246503 0.0 38
1694441246809 0.0 39
1694441247110 0.0 40
1694441247446 0.0 41
1694441247755 0.0 42
1694441248027 0.0 43
1694441248280 0.0 44
1694441248549 0.0 45
1694441248866 0.0 46
1694441249121 0.0 47
1694441249425 0.0 48
1694441249715 0.0 49
1694441250026 0.0 50
1694441250318 0.0 51
1694441250610 0.0 52
1694441250912 0.0 53
1694441251205 0.0 54
1694441251483 0.0 55
1694441251774 0.0 56
1694441252056 0.0 57
1694441252350 0.0 58
1694441252648 0.0 59
1694441252954 0.0 60
1694441253265 0.0 61
1694441253563 0.0 62
1694441253890 0.0 63
1694441254163 0.0 64
1694441254512 0.0 65
1694441254799 0.0 66
1694441255128 0.0 67
1694441255409 0.0 68
1694441255717 0.0 69
1694441256031 0.0 70
1694441256349 0.0 71
1694441256645 0.0 72
1694441256928 0.0 73
1694441257215 0.0 74
1694441257473 0.0 75
1694441257781 0.0 76
1694441258085 0.0 77
1694441258336 0.0 78
1694441258626 0.0 79
1694441258881 0.0 80
1694441259145 0.0 81
1694441259444 0.0 82
1694441259766 0.0 83
1694441260083 0.0 84
1694441260390 0.0 85
1694441260692 0.0 86
1694441260985 0.0 87
1694441261291 0.0 88
1694441261591 0.0 89
1694441261894 0.0 90
1694441262192 0.0 91
1694441262508 0.0 92
1694441262825 0.0 93
1694441263138 0.0 94
1694441263437 0.0 95
1694441263736 0.0 96
1694441264045 0.0 97
1694441264368 0.0 98
1694441264661 0.0 99
1694441264972 0.0 100
1694441265325 0.0 101
1694441265608 0.0 102
1694441265888 0.0 103
1694441266205 0.0 104
1694441266533 0.0 105
1694441266863 0.0 106
1694441267169 0.0 107
1694441267470 0.0 108
1694441267792 0.0 109
1694441268089 0.0 110
1694441268347 0.0 111
1694441268660 0.0 112
1694441268968 0.0 113
1694441269278 0.0 114
1694441269575 0.0 115
1694441269898 0.0 116
1694441270209 0.0 117
1694441270511 0.0 118
1694441270770 0.0 119
1694441271073 0.0 120
1694441271358 0.0 121
1694441271624 0.0 122
1694441271933 0.0 123
1694441272229 0.0 124
1694441272505 0.0 125
1694441272787 0.0 126
1694441273086 0.0 127
1694441273401 0.0 128
1694441273656 0.0 129
1694441273913 0.0 130
1694441274216 0.0 131
1694441274538 0.0 132
1694441274836 0.0 133
1694441275119 0.0 134
1694441275409 0.0 135
1694441275719 0.0 136
1694441276025 0.0 137
1694441276284 0.0 138
1694441276608 0.0 139
1694441276939 0.0 140
1694441277243 0.0 141
1694441277531 0.0 142
1694441277829 0.0 143
1694441278112 0.0 144
1694441278430 0.0 145
1694441278748 0.0 146
1694441279073 0.0 147
1694441279379 0.0 148
1694441279677 0.0 149
1694441279988 0.0 150
1694441280326 0.0 151
1694441280650 0.0 152
1694441280940 0.0 153
1694441281266 0.0 154
1694441281572 0.0 155
1694441281887 0.0 156
1694441282146 0.0 157
1694441282472 0.0 158
1694441282733 0.0 159
1694441283046 0.0 160
1694441283371 0.0 161
1694441283687 0.0 162
1694441283995 0.0 163
1694441284331 0.0 164
1694441284667 0.0 165
1694441284972 0.0 166
1694441285278 0.0 167
1694441285574 0.0 168
1694441285895 0.0 169
1694441286205 0.0 170
1694441286505 0.0 171
1694441286796 0.0 172
1694441287080 0.0 173
1694441287370 0.0 174
1694441287661 0.0 175
1694441287935 0.0 176
1694441288238 0.0 177
1694441288553 0.0 178
1694441288876 0.0 179
1694441289189 0.0 180
1694441289455 0.0 181
1694441289728 0.0 182
1694441290035 0.0 183
1694441290374 0.0 184
1694441290686 0.0 185
1694441290976 0.0 186
1694441291292 0.0 187
1694441291610 0.0 188
1694441291923 0.0 189
1694441292238 0.0 190
1694441292507 0.0 191
1694441292816 0.0 192
1694441293141 0.0 193
1694441293450 0.0 194
1694441293736 0.0 195
1694441294069 0.0 196
1694441294391 0.0 197
1694441294709 0.0 198
1694441294969 0.0 199
1694441295261 0.0 200
1694441295586 0.0 201
1694441295897 0.0 202
1694441296214 0.0 203
1694441296546 0.0 204
1694441296862 0.0 205
1694441297150 0.0 206
1694441297409 0.0 207
1694441297708 0.0 208
1694441298021 0.0 209
1694441298285 0.0 210
1694441298550 0.0 211
1694441298873 0.0 212
1694441299192 0.0 213
1694441299501 0.0 214
1694441299786 0.0 215
1694441300102 0.0 216
1694441300385 0.0 217
1694441300659 0.0 218
1694441300962 0.0 219
1694441301273 0.0 220
1694441301574 0.0 221
1694441301878 0.0 222
1694441302175 0.0 223
1694441302482 0.0 224
1694441302825 0.0 225
1694441303188 0.0 226
1694441303531 0.0 227
1694441303862 0.0 228
1694441304190 0.0 229
1694441304534 0.0 230
1694441304853 0.0 231
1694441305167 0.0 232
1694441305478 0.0 233
1694441305809 0.0 234
1694441306126 0.0 235
1694441306448 0.0 236
1694441306800 0.0 237
1694441307109 0.0 238
1694441307437 0.0 239
1694441307760 0.0 240
1694441308078 0.0 241
1694441308358 0.0 242
1694441308639 0.0 243
1694441308914 0.0 244
1694441309194 0.0 245
1694441309451 0.0 246
1694441309717 0.0 247
1694441310021 0.0 248
1694441310346 0.0 249
1694441310652 0.0 250
1694441310978 0.0 251
1694441311287 0.0 252
1694441311590 0.0 253
1694441311860 0.0 254
1694441312173 0.0 255
1694441312449 0.0 256
1694441312703 0.0 257
1694441313024 0.0 258
1694441313332 0.0 259
1694441313609 0.0 260
1694441313880 0.0 261
1694441314153 0.0 262
1694441314478 0.0 263
1694441314753 0.0 264
1694441315084 0.0 265
1694441315361 0.0 266
1694441315660 0.0 267
1694441315961 0.0 268
1694441316261 0.0 269
1694441316547 0.0 270
1694441316852 0.0 271
1694441317152 0.0 272
1694441317473 0.0 273
1694441317773 0.0 274
1694441318081 0.0 275
1694441318409 0.0 276
1694441318710 0.0 277
1694441319029 0.0 278
1694441319358 0.0 279
1694441319632 0.0 280
1694441319951 0.0 281
1694441320228 0.0 282
1694441320512 0.0 283
1694441320787 0.0 284
1694441321110 0.0 285
1694441321424 0.0 286
1694441321733 0.0 287
1694441322023 0.0 288
1694441322372 0.0 289
1694441322652 0.0 290
1694441322991 0.0 291
1694441323305 0.0 292
1694441323618 0.0 293
1694441323889 0.0 294
1694441324153 0.0 295
1694441324438 0.0 296
1694441324762 0.0 297
1694441325065 0.0 298
