1694436946467 159.5143933627143 0
1694436946507 156.35433804560586 1
1694436946600 153.26338113480796 2
1694436946717 150.2399470881875 3
1694436946808 147.2824971573322 4
1694436946945 144.3895285166262 5
1694436947017 141.55957341311102 6
1694436947101 138.79119833663268 7
1694436947172 136.08300320978833 8
1694436947282 133.43362059719684 9
1694436947363 130.84171493362956 10
1694436947474 128.3059817705487 11
1694436947573 125.8251470406114 12
1694436947693 123.39796633970896 13
1694436947879 121.02322422612008 14
1694436947973 118.69973353636796 15
1694436948038 116.42633471738053 16
1694436948104 114.20189517456296 17
1694436948152 112.02530863540106 18
1694436948204 109.89549452822307 19
1694436948257 107.81139737575663 20
1694436948307 105.77198620312646 21
1694436948389 103.77625395994667 22
1694436948459 101.82321695617001 23
1694436948506 99.91191431136447 24
1694436948551 98.04140741709583 25
1694436948591 96.21077941210203 26
1694436948639 94.41913466995337 27
1694436948672 92.66559829889925 28
1694436948706 90.9493156536102 29
1694436948750 89.26945185852993 30
1694436948783 87.6251913425601 31
1694436948816 86.01573738480616 32
1694436948853 84.44031167112007 33
1694436948884 82.89815386118113 34
1694436948915 81.3885211658634 35
1694436948949 79.91068793464311 36
1694436948980 78.46394525280654 37
1694436949014 77.04760054822367 38
1694436949050 75.66097720745901 39
1694436949081 74.30341420099651 40
1694436949117 72.97426571736064 41
1694436949150 71.67290080592095 42
1694436949187 70.39870302817289 43
1694436949225 69.15107011729226 44
1694436949275 67.92941364576535 45
1694436949320 66.73315870090246 46
1694436949364 65.56174356804608 47
1694436949408 64.41461942129011 48
1694436949450 63.291250021530935 49
1694436949491 62.19111142167508 50
1694436949540 61.11369167883285 51
1694436949604 60.05849057333102 52
1694436949664 59.02501933438208 53
1694436949708 58.0128003722509 54
1694436949756 57.021367016764216 55
1694436949797 56.05026326201116 56
1694436949868 55.09904351708757 57
1694436949921 54.16727236273977 58
1694436949973 53.25452431376711 59
1694436950039 52.360383587046016 60
1694436950075 51.48444387504167 61
1694436950125 50.62630812467621 62
1694436950191 49.78558832142612 63
1694436950269 48.961905278524 64
1694436950322 48.15488843114313 65
1694436950403 47.364175635446195 66
1694436950478 46.58941297238216 67
1694436950529 45.830254556118426 68
1694436950583 45.086362346997625 69
1694436950632 44.35740596891152 70
1694436950680 43.6430625309868 71
1694436950740 42.94301645347999 72
1694436950806 42.25695929778157 73
1694436950865 41.58458960043111 74
1694436950923 40.925612711048515 75
1694436950987 40.27974063408763 76
1694436951053 39.646691874321725 77
1694436951103 39.0261912859718 78
1694436951155 38.41796992539133 79
1694436951200 37.82176490722261 80
1694436951256 37.237319263942396 81
1694436951303 36.664381808716115 82
1694436951354 36.10270700148205 83
1694436951403 35.55205481818885 84
1694436951455 35.01219062311109 85
1694436951497 34.482885044170274 86
1694436951533 33.96391385118937 87
1694436951569 33.45505783701152 88
1694436951608 32.95610270141477 89
1694436951651 32.466838937756464 90
1694436951684 31.987061722282462 91
1694436951721 31.516570806038047 92
1694436951758 31.05517040931849 93
1694436951804 30.602669118599344 94
1694436951839 30.158879785887322 95
1694436951872 29.723619430434592 96
1694436951909 29.296709142760175 97
1694436951947 28.877973990923973 98
1694436951987 28.46724292899977 99
1694436952035 28.064348707695203 100
1694436952073 27.669127787067872 101
1694436952108 27.281420251287674 102
1694436952147 26.901069725397083 103
1694436952180 26.52792329402191 104
1694436952214 26.161831421986417 105
1694436952252 25.802647876787535 106
1694436952315 25.450229652884364 107
1694436952357 25.1044368977597 108
1694436952401 24.765132839711907 109
1694436952447 24.432183717335953 110
1694436952498 24.105458710653757 111
1694436952548 23.784829873854726 112
1694436952614 23.470172069608456 113
1694436952688 23.16136290491239 114
1694436952784 22.85828266843801 115
1694436952908 22.560814269340415 116
1694436952991 22.268843177496187 117
1694436953039 21.982257365136373 118
1694436953091 21.70094724984112 119
1694436953148 21.424805638864054 120
1694436953204 21.153727674754798 121
1694436953259 20.8876107822492 122
1694436953313 20.626354616397084 123
1694436953356 20.36986101189839 124
1694436953400 20.118033933619245 125
1694436953441 19.870779428259983 126
1694436953491 19.628005577148013 127
1694436953538 19.389622450128947 128
1694436953581 19.15554206053007 129
1694436953623 18.925678321170892 130
1694436953682 18.699947001396062 131
1694436953757 18.478265685106493 132
1694436953814 18.26055372976532 133
1694436953856 18.04673222635544 134
1694436953900 17.836723960266525 135
1694436953939 17.630453373089306 136
1694436954002 17.427846525296026 137
1694436954046 17.22883105978596 138
1694436954086 17.033336166275834 139
1694436954135 16.841292546515035 140
1694436954186 16.652632380306407 141
1694436954235 16.467289292313556 142
1694436954284 16.285198319636166 143
1694436954324 16.106295880135303 144
1694436954366 15.930519741491016 145
1694436954440 15.757808990975095 146
1694436954505 15.588104005922093 147
1694436954550 15.421346424882213 148
1694436954600 15.257479119440095 149
1694436954669 15.096446166683833 150
1694436954750 14.938192822308913 151
1694436954822 14.782665494342217 152
1694436954897 14.629811717471455 153
1694436954971 14.479580127965999 154
1694436955039 14.331920439174985 155
1694436955095 14.186783417589348 156
1694436955142 14.044120859454486 157
1694436955192 13.903885567920627 158
1694436955242 13.766031330718363 159
1694436955287 13.630512898346932 160
1694436955325 13.497285962763332 161
1694436955367 13.366307136560554 162
1694436955414 13.237533932623352 163
1694436955459 13.110924744250502 164
1694436955525 12.986438825732568 165
1694436955615 12.86403627337455 166
1694436955674 12.743678006952962 167
1694436955733 12.625325751597206 168
1694436955791 12.508942020085408 169
1694436955836 12.394490095544786 170
1694436955889 12.281934014547442 171
1694436955959 12.171238550592038 172
1694436956018 12.062369197962497 173
1694436956071 11.955292155954915 174
1694436956130 11.84997431346406 175
1694436956173 11.746383233921087 176
1694436956217 11.644487140574258 177
1694436956264 11.544254902104722 178
1694436956306 11.445656018569455 179
1694436956354 11.348660607663817 180
1694436956390 11.253239391296267 181
1694436956425 11.159363682467918 182
1694436956467 11.067005372449897 183
1694436956515 10.976136918251548 184
1694436956557 10.886731330372688 185
1694436956603 10.798762160833379 186
1694436956638 10.712203491474693 187
1694436956715 10.62702992252423 188
1694436956775 10.54321656142015 189
1694436956856 10.460739011887872 190
1694436956895 10.37957336326339 191
1694436956949 10.299696180057596 192
1694436956999 10.221084491756015 193
1694436957081 10.143715782848409 194
1694436957158 10.06756798308308 195
1694436957232 9.992619457940451 196
1694436957306 9.91884899932106 197
1694436957370 9.846235816442809 198
1694436957423 9.774759526942805 199
1694436957469 9.704400148178877 200
1694436957516 9.635138088726347 201
1694436957566 9.566954140065338 202
1694436957615 9.499829468454369 203
1694436957652 9.43374560698587 204
1694436957701 9.368684447819412 205
1694436957737 9.304628234588566 206
1694436957781 9.24155955497738 207
1694436957822 9.179461333462545 208
1694436957866 9.118316824217468 209
1694436957902 9.058109604174504 210
1694436957936 8.998823566241668 211
1694436957983 8.940442912670282 212
1694436958056 8.882952148570192 213
1694436958115 8.826336075568957 214
1694436958166 8.77057978561189 215
1694436958205 8.7156686548996 216
1694436958256 8.661588337959886 217
1694436958306 8.608324761850987 218
1694436958352 8.555864120493066 219
1694436958388 8.504192869124998 220
1694436958432 8.45329771888369 221
1694436958474 8.403165631502999 222
1694436958516 8.353783814129562 223
1694436958570 8.305139714252908 224
1694436958620 8.257221014747126 225
1694436958668 8.21001562902163 226
1694436958704 8.163511696278507 227
1694436958739 8.117697576873994 228
1694436958778 8.072561847781687 229
1694436958817 8.028093298155216 230
1694436958851 7.984280924988101 231
1694436958888 7.941113928868501 232
1694436958923 7.89858170982679 233
1694436958964 7.856673863273828 234
1694436959015 7.815380176027793 235
1694436959066 7.774690622427597 236
1694436959117 7.73459536053101 237
1694436959175 7.695084728395378 238
1694436959226 7.656149240439223 239
1694436959275 7.6177795838828315 240
1694436959332 7.579966615266008 241
1694436959385 7.542701357041272 242
1694436959433 7.505974994240833 243
1694436959486 7.4697788712155715 244
1694436959551 7.434104488444489 245
1694436959602 7.39894349941298 246
1694436959649 7.364287707558398 247
1694436959690 7.330129063281385 248
1694436959734 7.296459661021473 249
1694436959779 7.263271736395497 250
1694436959825 7.230557663397437 251
1694436959865 7.198309951658311 252
1694436959907 7.1665212437646755 253
1694436959950 7.13518431263457 254
1694436960019 7.104292058949418 255
1694436960077 7.073837508640843 256
1694436960120 7.043813810430963 257
1694436960171 7.0142142334251325 258
1694436960223 6.985032164755825 259
1694436960284 6.956261107276582 260
1694436960352 6.927894677304911 261
1694436960408 6.899926602412994 262
1694436960467 6.872350719265144 263
1694436960513 6.845160971501026 264
1694436960554 6.818351407663525 265
1694436960605 6.791916179170331 266
1694436960668 6.7658495383282835 267
1694436960736 6.740145836389428 268
1694436960785 6.714799521647948 269
1694436960834 6.689805137577062 270
1694436960885 6.6651573210048705 271
1694436960942 6.640850800328517 272
1694436961034 6.616880393765552 273
1694436961091 6.593241007641875 274
1694436961133 6.569927634715364 275
1694436961174 6.546935352534384 276
1694436961218 6.524259321830451 277
1694436961270 6.50189478494426 278
1694436961319 6.479837064284343 279
1694436961373 6.4580815608177105 280
1694436961422 6.4366237525915935 281
1694436961474 6.415459193285838 282
1694436961533 6.39458351079507 283
1694436961587 6.373992405840105 284
1694436961638 6.353681650607891 285
1694436961687 6.3336470874194015 286
1694436961737 6.31388462742484 287
1694436961787 6.294390249325553 288
1694436961825 6.275159998122114 289
1694436961861 6.2561899838879205 290
1694436961898 6.237476380567836 291
1694436961942 6.219015424801294 292
1694436961988 6.200803414769293 293
1694436962039 6.182836709064804 294
1694436962085 6.165111725586122 295
1694436962123 6.147624940452556 296
1694436962159 6.130372886942045 297
1694436962197 6.113352154450233 298
1694436962229 6.096559387470481 299
1694436962266 6.07999128459441 300
1694436962302 6.063644597532548 301
1694436962334 6.047516130154535 302
1694436962403 6.0316027375486465 303
1694436962464 6.015901325100009 304
1694436962515 6.000408847587306 305
1694436962560 5.985122308297427 306
1694436962605 5.970038758157717 307
1694436962652 5.955155294885533 308
1694436962686 5.940469062154574 309
1694436962718 5.925977248777771 310
1694436962755 5.911677087906311 311
1694436962788 5.897565856244458 312
1694436962819 5.883640873279863 313
1694436962855 5.869899500528973 314
1694436962889 5.856339140797282 315
1694436962920 5.842957237454066 316
1694436962953 5.8297512737213415 317
1694436962986 5.816718771976651 318
1694436963018 5.803857293069499 319
1694436963055 5.79116443565106 320
1694436963091 5.778637835516937 321
1694436963135 5.76627516496265 322
1694436963167 5.754074132151605 323
1694436963200 5.742032480495299 324
1694436963236 5.730147988045461 325
1694436963271 5.7184184668979245 326
1694436963303 5.706841762607923 327
1694436963336 5.69541575361666 328
1694436963372 5.68413835068884 329
1694436963407 5.673007496360939 330
1694436963445 5.662021164400026 331
1694436963487 5.651177359272916 332
1694436963536 5.640474115625392 333
1694436963585 5.629909497771298 334
1694436963626 5.619481599191355 335
1694436963658 5.6091885420414505 336
1694436963688 5.599028476670184 337
1694436963720 5.588999581145527 338
1694436963756 5.579100060790385 339
1694436963792 5.5693281477268775 340
1694436963822 5.559682100429139 341
1694436963861 5.550160203284529 342
1694436963900 5.540760766162988 343
1694436963939 5.531482123994437 344
1694436963988 5.522322636354057 345
1694436964033 5.513280687055227 346
1694436964071 5.504354683750032 347
1694436964115 5.495543057537149 348
1694436964169 5.486844262576964 349
1694436964207 5.478256775713805 350
1694436964239 5.469779096105079 351
1694436964270 5.461409744857242 352
1694436964304 5.453147264668444 353
1694436964339 5.444990219477665 354
1694436964379 5.436937194120306 355
1694436964421 5.428986793989998 356
1694436964459 5.421137644706599 357
1694436964499 5.413388391790165 358
1694436964532 5.4057377003408735 359
1694436964568 5.3981842547246925 360
1694436964604 5.390726758264722 361
1694436964639 5.383363932938115 362
1694436964680 5.3760945190783795 363
1694436964714 5.3689172750830885 364
1694436964753 5.361830977126774 365
1694436964798 5.354834418878919 366
1694436964831 5.347926411227064 367
1694436964867 5.341105782004723 368
1694436964899 5.334371375724222 369
1694436964932 5.327722053314187 370
1694436964968 5.321156691861732 371
1694436965000 5.31467418435917 372
1694436965032 5.308273439455171 373
1694436965066 5.3019533812102955 374
1694436965104 5.295712948856821 375
1694436965138 5.289551096562753 376
1694436965175 5.2834667931999855 377
1694436965216 5.277459022116451 378
1694436965256 5.271526780912269 379
1694436965290 5.265669081219773 380
1694436965326 5.259884948487342 381
1694436965366 5.254173421766933 382
1694436965403 5.248533553505348 383
1694436965439 5.242964409339019 384
1694436965474 5.237465067892365 385
1694436965510 5.232034620579574 386
1694436965549 5.22667217140979 387
1694436965584 5.2213768367956295 388
1694436965615 5.216147745364951 389
1694436965650 5.210984037775804 390
1694436965681 5.205884866534556 391
1694436965714 5.200849395817054 392
1694436965752 5.195876801292856 393
1694436965787 5.190966269952368 394
1694436965821 5.186116999936939 395
1694436965858 5.181328200371772 396
1694436965888 5.176599091201651 397
1694436965924 5.1719289030294275 398
1694436965957 5.1673168769571545 399
1694436965985 5.162762264429923 400
1694436966020 5.158264327082241 401
1694436966052 5.153822336587017 402
1694436966084 5.149435574506974 403
1694436966117 5.1451033321485715 404
1694436966148 5.1408249104183055 405
1694436966178 5.136599619681389 406
1694436966207 5.132426779622724 407
1694436966240 5.128305719110207 408
1694436966274 5.1242357760601935 409
1694436966321 5.120216297305214 410
1694436966375 5.116246638463816 411
1694436966436 5.112326163812527 412
1694436966484 5.108454246159902 413
1694436966537 5.104630266722604 414
1694436966587 5.100853615003465 415
1694436966654 5.097123688671539 416
1694436966708 5.09343989344407 417
1694436966768 5.089801642970374 418
1694436966820 5.086208358717542 419
1694436966870 5.082659469858012 420
1694436966903 5.0791544131588955 421
1694436966938 5.0756926328731025 422
1694436966974 5.072273580632182 423
1694436967008 5.068896715340835 424
1694436967046 5.065561503073167 425
1694436967079 5.062267416970466 426
1694436967116 5.059013937140733 427
1694436967150 5.055800550559671 428
1694436967187 5.052626750973302 429
1694436967232 5.049492038802057 430
1694436967304 5.046395921046443 431
1694436967341 5.043337911194076 432
1694436967381 5.0403175291282665 433
1694436967419 5.037334301037968 434
1694436967456 5.034387759329125 435
1694436967491 5.031477442537406 436
1694436967523 5.028602895242308 437
1694436967558 5.0257636679825275 438
1694436967605 5.02295931717271 439
1694436967640 5.020189405021416 440
1694436967680 5.017453499450355 441
1694436967714 5.014751174014915 442
1694436967746 5.0120820078258195 443
1694436967786 5.009445585472053 444
1694436967835 5.006841496944918 445
1694436967889 5.00426933756325 446
1694436967922 5.001728707899786 447
1694436967953 4.999219213708647 448
1694436967986 4.996740465853895 449
1694436968020 4.994292080239185 450
1694436968049 4.991873677738456 451
1694436968085 4.989484884127718 452
1694436968118 4.987125330017789 453
1694436968149 4.984794650788082 454
1694436968185 4.982492486521398 455
1694436968222 4.9802184819396444 456
1694436968253 4.977972286340545 457
1694436968286 4.975753553535284 458
1694436968321 4.973561941787081 459
1694436968351 4.9713971137506565 460
1694436968388 4.969258736412624 461
1694436968423 4.96714648103272 462
1694436968457 4.9650600230859485 463
1694436968504 4.962999042205549 464
1694436968550 4.960963222126799 465
1694436968592 4.958952250631657 466
1694436968631 4.9569658194942114 467
1694436968665 4.955003624426921 468
1694436968702 4.953065365027631 469
1694436968733 4.951150744727395 470
1694436968766 4.949259470739019 471
1694436968798 4.947391254006364 472
1694436968831 4.945545809154419 473
1694436968866 4.943722854440013 474
1694436968898 4.941922111703344 475
1694436968931 4.940143306320116 476
1694436968966 4.938386167154419 477
1694436968999 4.936650426512272 478
1694436969032 4.934935820095841 479
1694436969066 4.933242086958285 480
1694436969099 4.931568969459281 481
1694436969133 4.929916213221175 482
1694436969165 4.928283567085745 483
1694436969200 4.926670783071593 484
1694436969235 4.925077616332155 485
1694436969273 4.923503825114258 486
1694436969317 4.921949170717354 487
1694436969357 4.920413417453214 488
1694436969399 4.9188963326063115 489
1694436969437 4.917397686394673 490
1694436969474 4.9159172519313215 491
1694436969516 4.914454805186262 492
1694436969552 4.913010124949006 493
1694436969585 4.91158299279159 494
1694436969620 4.910173193032153 495
1694436969653 4.908780512699 496
1694436969690 4.907404741495176 497
1694436969726 4.906045671763517 498
1694436969756 4.904703098452229 499
