1694436946474 -0.004871398592072529 0
1694436946522 -0.004858655097757847 1
1694436946630 -0.004844995692247611 2
1694436946742 -0.004830403616163714 3
1694436946827 -0.004814861987745278 4
1694436946962 -0.004798353806310995 5
1694436947038 -0.004780861955866911 6
1694436947116 -0.0047623692088702985 7
1694436947210 -0.0047428582301367594 8
1694436947296 -0.004722311580911409 9
1694436947377 -0.004700711723088391 10
1694436947488 -0.004678041023586932 11
1694436947588 -0.004654281758889711 12
1694436947728 -0.0046294161197275585 13
1694436947916 -0.004603426215937567 14
1694436947987 -0.004576294081473309 15
1694436948052 -0.004548001679569147 16
1694436948118 -0.0045185309080819636 17
1694436948163 -0.004487863604973663 18
1694436948218 -0.004455981553971533 19
1694436948272 -0.004422866490382704 20
1694436948319 -0.00438850010706382 21
1694436948416 -0.004352864060564121 22
1694436948469 -0.004315939977419081 23
1694436948516 -0.004277709460605239 24
1694436948562 -0.004238154096157798 25
1694436948604 -0.004197255459938765 26
1694436948648 -0.004154995124572292 27
1694436948682 -0.004111354666522349 28
1694436948715 -0.004066315673334708 29
1694436948758 -0.004019859751022814 30
1694436948790 -0.0039719685316144115 31
1694436948824 -0.003922623680831405 32
1694436948861 -0.003871806905926034 33
1694436948891 -0.0038194999636587124 34
1694436948922 -0.003765684668412428 35
1694436948956 -0.003710342900442365 36
1694436948987 -0.003653456614272077 37
1694436949023 -0.0035950078472026803 38
1694436949057 -0.003534978727962601 39
1694436949089 -0.0034733514854732306 40
1694436949124 -0.0034101084577395913 41
1694436949159 -0.0033452321008453634 42
1694436949195 -0.0032787049980751437 43
1694436949238 -0.003210509869121081 44
1694436949284 -0.0031406295794118577 45
1694436949331 -0.0030690471495185 46
1694436949374 -0.0029957457646614394 47
1694436949418 -0.0029207087843006185 48
1694436949462 -0.0028439197517953207 49
1694436949500 -0.002765362404155036 50
1694436949553 -0.0026850206818347377 51
1694436949622 -0.0026028787386056518 52
1694436949672 -0.0025189209514713262 53
1694436949719 -0.0024331319306347687 54
1694436949765 -0.002345496529501112 55
1694436949806 -0.002255999854717583 56
1694436949881 -0.0021646272762245733 57
1694436949936 -0.002071364437342904 58
1694436949986 -0.001976197264853541 59
1694436950050 -0.001879111979091297 60
1694436950088 -0.001780095104013668 61
1694436950141 -0.0016791334772785493 62
1694436950206 -0.0015762142602748774 63
1694436950284 -0.0014713249481346224 64
1694436950339 -0.0013644533796979275 65
1694436950434 -0.0012555877474307309 66
1694436950487 -0.0011447166072813264 67
1694436950537 -0.0010318288884645366 68
1694436950590 -0.0009169139031834916 69
1694436950640 -0.0007999613562432728 70
1694436950690 -0.0006809613545868398 71
1694436950756 -0.0005599044167097222 72
1694436950820 -0.0004367814819772331 73
1694436950875 -0.00031158391980468103 74
1694436950938 -0.00018430353870035887 75
1694436951000 -5.493259518019045e-05 76
1694436951067 7.653619747982621e-05 77
1694436951114 0.00021010966066437042 78
1694436951166 0.0003457941419831023 79
1694436951212 0.000483595507052792 80
1694436951268 0.0006235191314363231 81
1694436951317 0.0007655698928058507 82
1694436951368 0.0009097521633055772 83
1694436951414 0.0010560698021331305 84
1694436951468 0.0012045261483494274 85
1694436951504 0.0013551240139305643 86
1694436951540 0.0015078656770591836 87
1694436951581 0.0016627528756693044 88
1694436951617 0.0018197868012579388 89
1694436951659 0.0019789680929667153 90
1694436951694 0.002140296831942501 91
1694436951729 0.0023037725359791317 92
1694436951771 0.0024693941544671194 93
1694436951813 0.002637160063631905 94
1694436951847 0.002807068062089302 95
1694436951881 0.0029791153667125814 96
1694436951918 0.003153298608827959 97
1694436951956 0.0033296138307314926 98
1694436951998 0.003508056482553479 99
1694436952046 0.003688621419447702 100
1694436952083 0.0038713028991426146 101
1694436952117 0.004056094579829472 102
1694436952154 0.004242989518429052 103
1694436952188 0.004431980169186889 104
1694436952222 0.004623058382669409 105
1694436952267 0.0048162154050991335 106
1694436952324 0.005011441878073342 107
1694436952368 0.005208727838663996 108
1694436952408 0.005408062719887585 109
1694436952458 0.005609435351549119 110
1694436952512 0.0058128339614778035 111
1694436952564 0.0060182461771416396 112
1694436952627 0.006225659027636721 113
1694436952704 0.006435058946078098 114
1694436952806 0.006646431772356354 115
1694436952925 0.006859762756286081 116
1694436953002 0.007075036561135506 117
1694436953052 0.007292237267544022 118
1694436953101 0.0075113483777938805 119
1694436953160 0.007732352820503441 120
1694436953217 0.007955232955644043 121
1694436953279 0.008179970579970886 122
1694436953321 0.008406546932801962 123
1694436953369 0.008634942702160586 124
1694436953408 0.008865138031279307 125
1694436953454 0.009097112525477624 126
1694436953502 0.009330845259360676 127
1694436953550 0.009566314784378083 128
1694436953588 0.00980349913673162 129
1694436953638 0.010042375845594198 130
1694436953692 0.010282921941680345 131
1694436953772 0.010525113966106003 132
1694436953824 0.010768927979583176 133
1694436953866 0.011014339571922327 134
1694436953907 0.011261323871807227 135
1694436953954 0.011509855556879889 136
1694436954012 0.011759908864090285 137
1694436954053 0.012011457600331621 138
1694436954097 0.01226447515332052 139
1694436954148 0.012518934502746215 140
1694436954200 0.012774808231633794 141
1694436954246 0.013032068537981556 142
1694436954291 0.013290687246571564 143
1694436954336 0.013550635821032442 144
1694436954377 0.013811885376083355 145
1694436954453 0.014074406689962293 146
1694436954515 0.014338170217047863 147
1694436954557 0.014603146100639064 148
1694436954610 0.01486930418589738 149
1694436954687 0.01513661403291966 150
1694436954765 0.015405044929974632 151
1694436954841 0.015674565906816817 152
1694436954920 0.01594514574815853 153
1694436954988 0.01621675300720471 154
1694436955054 0.016489356019280033 155
1694436955108 0.016762922915554146 156
1694436955153 0.017037421636802996 157
1694436955201 0.017312819947234548 158
1694436955252 0.017589085448349917 159
1694436955299 0.017866185592836814 160
1694436955334 0.01814408769847431 161
1694436955376 0.018422758962046815 162
1694436955422 0.018702166473246296 163
1694436955470 0.01898227722856749 164
1694436955542 0.019263058145157497 165
1694436955624 0.019544476074632833 166
1694436955693 0.01982649781685475 167
1694436955753 0.020109090133635932 168
1694436955802 0.020392219762355723 169
1694436955846 0.02067585342952849 170
1694436955904 0.020959957864248424 171
1694436955974 0.021244499811555184 172
1694436956031 0.02152944604565321 173
1694436956084 0.021814763383048885 174
1694436956139 0.02210041869553192 175
1694436956184 0.022386378923013206 176
1694436956227 0.022672611086225758 177
1694436956275 0.022959082299260247 178
1694436956316 0.023245759781939213 179
1694436956364 0.023532610872007753 180
1694436956400 0.02381960303714492 181
1694436956436 0.024106703886797698 182
1694436956477 0.024393881183806365 183
1694436956524 0.02468110285582159 184
1694436956568 0.02496833700651635 185
1694436956611 0.02525555192660367 186
1694436956658 0.025542716104583918 187
1694436956728 0.02582979823731313 188
1694436956790 0.026116767240315975 189
1694436956867 0.02640359225785427 190
1694436956907 0.026690242672762765 191
1694436956966 0.026976688116044367 192
1694436957012 0.027262898476206554 193
1694436957100 0.02754884390833834 194
1694436957176 0.027834494842930435 195
1694436957256 0.028119821994460392 196
1694436957327 0.028404796369672747 197
1694436957380 0.028689389275617594 198
1694436957436 0.02897357232742437 199
1694436957478 0.029257317455802623 200
1694436957529 0.029540596914247264 201
1694436957577 0.029823383286014415 202
1694436957624 0.030105649490787645 203
1694436957662 0.03038736879109627 204
1694436957711 0.03066851479842536 205
1694436957753 0.030949061479102924 206
1694436957791 0.0312289831598499 207
1694436957831 0.03150825453312234 208
1694436957872 0.03178685066211695 209
1694436957911 0.03206474698555428 210
1694436957951 0.032341919322174895 211
1694436958002 0.03261834387493823 212
1694436958069 0.03289399723501418 213
1694436958124 0.03316885638543465 214
1694436958173 0.033442898704562074 215
1694436958219 0.03371610196920782 216
1694436958268 0.03398844435758441 217
1694436958317 0.03425990445191729 218
1694436958361 0.0345304612408629 219
1694436958396 0.03480009412165752 220
1694436958441 0.03506878290199267 221
1694436958483 0.03533650780170183 222
1694436958526 0.03560324945415261 223
1694436958582 0.03586898890743684 224
1694436958632 0.036133707625313205 225
1694436958677 0.03639738748792831 226
1694436958713 0.036660010792307296 227
1694436958748 0.036921560252630714 228
1694436958786 0.03718201900027873 229
1694436958825 0.03744137058370123 230
1694436958860 0.03769959896802999 231
1694436958896 0.03795668853452794 232
1694436958933 0.038212624079821844 233
1694436958973 0.0384673908149491 234
1694436959025 0.03872097436420152 235
1694436959077 0.03897336076381852 236
1694436959131 0.03922453646045898 237
1694436959186 0.039474488309518274 238
1694436959239 0.03972320357329839 239
1694436959286 0.03997066991896936 240
1694436959344 0.04021687541640395 241
1694436959396 0.040461808535847354 242
1694436959445 0.04070545814543769 243
1694436959504 0.04094781350858279 244
1694436959568 0.04118886428119717 245
1694436959615 0.04142860050880437 246
1694436959659 0.0416670126235128 247
1694436959701 0.04190409144085494 248
1694436959745 0.042139828156529835 249
1694436959791 0.042374214343007255 250
1694436959838 0.042607241946032826 251
1694436959875 0.042838903281035234 252
1694436959917 0.04306919102941398 253
1694436959961 0.043298098234739735 254
1694436960035 0.04352561829888146 255
1694436960088 0.0437517449780187 256
1694436960132 0.04397647237859037 257
1694436960182 0.04419979495315762 258
1694436960238 0.04442170749620855 259
1694436960305 0.0446422051398605 260
1694436960365 0.04486128334954165 261
1694436960427 0.04507893791959283 262
1694436960480 0.045295164968790824 263
1694436960524 0.04550996093586335 264
1694436960571 0.0457233225749365 265
1694436960625 0.04593524695091411 266
1694436960685 0.046145731434866444 267
1694436960750 0.0463547736993436 268
1694436960799 0.04656237171367139 269
1694436960848 0.04676852373922891 270
1694436960895 0.046973228324663996 271
1694436960958 0.04717648430114618 272
1694436961047 0.04737829077754163 273
1694436961103 0.047578647135615215 274
1694436961144 0.0477775530251896 275
1694436961184 0.047975008359337434 276
1694436961230 0.04817101330951801 277
1694436961280 0.04836556830074967 278
1694436961329 0.04855867400675551 279
1694436961386 0.048750331345151277 280
1694436961432 0.04894054147257998 281
1694436961492 0.049129305779912924 282
1694436961552 0.04931662588743735 283
1694436961599 0.04950250364003461 284
1694436961649 0.04968694110242089 285
1694436961699 0.04986994055438054 286
1694436961748 0.050051504485998266 287
1694436961799 0.050231635592970614 288
1694436961836 0.05041033677188411 289
1694436961870 0.05058761111554555 290
1694436961906 0.05076346190835279 291
1694436961952 0.050937892621671366 292
1694436962001 0.051110906909255016 293
1694436962049 0.05128250860269812 294
1694436962096 0.05145270170693006 295
1694436962133 0.0516214903957265 296
1694436962168 0.05178887900728146 297
1694436962204 0.051954872039806754 298
1694436962238 0.05211947414716389 299
1694436962274 0.052282690134571874 300
1694436962311 0.05244452495431029 301
1694436962350 0.05260498370149491 302
1694436962418 0.05276407160990171 303
1694436962473 0.05292179404783026 304
1694436962524 0.053078156513999275 305
1694436962570 0.05323316463351657 306
1694436962616 0.053386824153868306 307
1694436962662 0.05353914094100154 308
1694436962695 0.05369012097539172 309
1694436962724 0.05383977034823362 310
1694436962763 0.053988095257621826 311
1694436962797 0.05413510200482197 312
1694436962826 0.05428079699056787 313
1694436962864 0.05442518671144003 314
1694436962899 0.054568277756269046 315
1694436962928 0.054710076802604535 316
1694436962959 0.054850590613248484 317
1694436962992 0.054989826032803224 318
1694436963027 0.05512778998433798 319
1694436963066 0.05526448946603324 320
1694436963100 0.055399931547945536 321
1694436963142 0.05553412336878616 322
1694436963174 0.05566707213276756 323
1694436963209 0.05579878510650382 324
1694436963244 0.05592926961596212 325
1694436963278 0.05605853304346875 326
1694436963311 0.05618658282478228 327
1694436963344 0.056313426446182535 328
1694436963380 0.056439071441665045 329
1694436963416 0.05656352539014653 330
1694436963452 0.05668679591275394 331
1694436963494 0.05680889067013828 332
1694436963551 0.05692981735985225 333
1694436963595 0.057049583713807195 334
1694436963634 0.05716819749573221 335
1694436963665 0.05728566649872502 336
1694436963696 0.05740199854282624 337
1694436963731 0.05751720147268391 338
1694436963763 0.05763128315520727 339
1694436963800 0.05774425147734341 340
1694436963834 0.057856114343838194 341
1694436963868 0.057966879675091953 342
1694436963908 0.05807655540503143 343
1694436963954 0.058185149479064946 344
1694436963998 0.058292669852049506 345
1694436964041 0.05839912448633733 346
1694436964086 0.05850452134983808 347
1694436964126 0.0586088684141558 348
1694436964178 0.05871217365274661 349
1694436964215 0.05881444503914712 350
1694436964245 0.05891569054523871 351
1694436964276 0.05901591813952378 352
1694436964313 0.05911513578551386 353
1694436964348 0.059213351440089546 354
1694436964392 0.05931057305195142 355
1694436964431 0.05940680856008351 356
1694436964469 0.05950206589228524 357
1694436964506 0.059596352963720456 358
1694436964540 0.05968967767551414 359
1694436964577 0.05978204791340658 360
1694436964613 0.05987347154639788 361
1694436964646 0.05996395642550323 362
1694436964691 0.06005351038247997 363
1694436964721 0.060142141228616386 364
1694436964761 0.060229856753587496 365
1694436964806 0.060316664724278324 366
1694436964838 0.0604025728837253 367
1694436964874 0.06048758895000883 368
1694436964906 0.060571720615261615 369
1694436964939 0.06065497554463395 370
1694436964974 0.06073736137535635 371
1694436965006 0.06081888571579197 372
1694436965038 0.06089955614454867 373
1694436965074 0.06097938020959914 374
1694436965112 0.0610583654274407 375
1694436965146 0.06113651928230268 376
1694436965184 0.061213849225352446 377
1694436965224 0.06129036267396615 378
1694436965267 0.06136606701097569 379
1694436965298 0.061440969584019234 380
1694436965335 0.06151507770483111 381
1694436965374 0.06158839864864529 382
1694436965412 0.06166093965355657 383
1694436965446 0.06173270791993546 384
1694436965482 0.06180371060989143 385
1694436965521 0.06187395484671232 386
1694436965559 0.06194344771435656 387
1694436965591 0.06201219625697585 388
1694436965623 0.06208020747845 389
1694436965658 0.0621474883419354 390
1694436965687 0.06221404576944389 391
1694436965721 0.06227988664145789 392
1694436965761 0.06234501779655366 393
1694436965798 0.06240944603102094 394
1694436965827 0.06247317809856523 395
1694436965865 0.06253622070995146 396
1694436965899 0.06259858053274736 397
1694436965932 0.06266026419100923 398
1694436965965 0.0627212782650487 399
1694436965991 0.06278162929117681 400
1694436966028 0.06284132376149787 401
1694436966058 0.06290036812367295 402
1694436966090 0.06295876878075612 403
1694436966125 0.06301653209102143 404
1694436966155 0.06307366436777584 405
1694436966185 0.0631301718792564 406
1694436966215 0.06318606084847611 407
1694436966249 0.06324133745310956 408
1694436966282 0.06329600782541955 409
1694436966332 0.06335007805215098 410
1694436966387 0.0634035541744632 411
1694436966447 0.0634564421878685 412
1694436966497 0.06350874804220963 413
1694436966547 0.06356047764160166 414
1694436966606 0.0636116368444124 415
1694436966665 0.06366223146328154 416
1694436966723 0.0637122672650815 417
1694436966782 0.06376174997097472 418
1694436966833 0.06381068525639788 419
1694436966880 0.06385907875112595 420
1694436966911 0.0639069360393012 421
1694436966946 0.06395426265950233 422
1694436966981 0.06400106410479367 423
1694436967017 0.06404734582279958 424
1694436967054 0.06409311321579758 425
1694436967086 0.06413837164081004 426
1694436967124 0.06418312640969126 427
1694436967159 0.06422738278923623 428
1694436967196 0.06427114600130657 429
1694436967241 0.06431442122295628 430
1694436967317 0.06435721358653723 431
1694436967351 0.06439952817986316 432
1694436967389 0.06444137004633865 433
1694436967427 0.06448274418512501 434
1694436967469 0.0645236555512676 435
1694436967502 0.06456410905589738 436
1694436967531 0.06460410956637264 437
1694436967573 0.06464366190645598 438
1694436967614 0.06468277085650531 439
1694436967647 0.06472144115366163 440
1694436967686 0.06475967749201206 441
1694436967721 0.0647974845228283 442
1694436967753 0.0648348668547245 443
1694436967802 0.06487182905388666 444
1694436967842 0.06490837564427587 445
1694436967898 0.06494451110783228 446
1694436967929 0.06498023988470447 447
1694436967960 0.06501556637346306 448
1694436967994 0.0650504949313202 449
1694436968028 0.06508502987437104 450
1694436968056 0.06511917547780577 451
1694436968092 0.06515293597615746 452
1694436968124 0.06518631556352072 453
1694436968156 0.06521931839382122 454
1694436968195 0.06525194858102501 455
1694436968229 0.06528421019940134 456
1694436968259 0.06531610728376303 457
1694436968294 0.06534764382972003 458
1694436968329 0.0653788237939138 459
1694436968359 0.06540965109430119 460
1694436968395 0.06544012961037715 461
1694436968432 0.06547026318344829 462
1694436968469 0.0655000556168881 463
1694436968513 0.0655295106763839 464
1694436968557 0.06555863209022617 465
1694436968603 0.06558742354953351 466
1694436968637 0.06561588870854163 467
1694436968673 0.06564403118486417 468
1694436968709 0.06567185455974545 469
1694436968740 0.06569936237833884 470
1694436968772 0.0657265581499582 471
1694436968805 0.06575344534836125 472
1694436968837 0.06578002741201683 473
1694436968874 0.06580630774435103 474
1694436968905 0.06583228971404043 475
1694436968939 0.06585797665526594 476
1694436968973 0.06588337186799553 477
1694436969007 0.06590847861823801 478
1694436969040 0.06593330013830978 479
1694436969074 0.06595783962713042 480
1694436969107 0.06598210025046503 481
1694436969141 0.06600608514119599 482
1694436969172 0.06602979739960302 483
1694436969207 0.06605324009363156 484
1694436969244 0.06607641625914984 485
1694436969283 0.06609932890021619 486
1694436969327 0.06612198098935917 487
1694436969367 0.0661443754678358 488
1694436969408 0.0661665152458979 489
1694436969446 0.0661884032030573 490
1694436969483 0.06621004218835114 491
1694436969526 0.06623143502061601 492
1694436969559 0.06625258448872584 493
1694436969593 0.06627349335188171 494
1694436969629 0.06629416433985602 495
1694436969661 0.06631460015326918 496
1694436969700 0.06633480346383036 497
1694436969733 0.06635477691460967 498
1694436969763 0.06637452312029424 499
