1694441234774 64.16543626911144 0
1694441235158 41.16751797284146 1
1694441235577 17.748816442655485 2
1694441235894 9.201417585216767 3
1694441236218 5.753200478443726 4
1694441236506 2.422427643334756 5
1694441236837 1.0151727924167138 6
1694441237159 0.004743907726100313 7
1694441237438 1.0681889375377103 8
1694441237766 1.0444718786198584 9
1694441238065 0.242383572403125 10
1694441238373 0.06579203949461235 11
1694441238677 0.23808681847956514 12
1694441238993 0.02454588996478876 13
1694441239315 0.23376079563591962 14
1694441239598 0.15045498926663536 15
1694441239903 0.012228034860609796 16
1694441240182 0.037889478082850286 17
1694441240494 0.09126743131678804 18
1694441240783 0.11955026257365826 19
1694441241104 0.22422013424337803 20
1694441241435 0.02887517583597537 21
1694441241740 0.01895013685802784 22
1694441242045 0.27048615163601264 23
1694441242363 0.039791062722317826 24
1694441242680 0.3368424522857159 25
1694441242989 0.07360884816294867 26
1694441243301 1.0362317491387718 27
1694441243624 0.029274494890550996 28
1694441243947 0.34163678014686966 29
1694441244204 0.09112456464271802 30
1694441244486 0.07608857977285005 31
1694441244749 0.3594726204490248 32
1694441245063 0.006195540126350548 33
1694441245344 0.0025993184760412765 34
1694441245596 0.013090806305772975 35
1694441245890 0.115421721823325 36
1694441246214 0.018231522362265665 37
1694441246493 0.08234828594341963 38
1694441246800 0.0019058162431549676 39
1694441247099 0.09883098319212331 40
1694441247436 0.47730636378930663 41
1694441247745 0.10910531383741856 42
1694441248019 0.36873201754957985 43
1694441248272 0.02613518076369293 44
1694441248539 0.08628561274361814 45
1694441248853 0.033953839012592156 46
1694441249111 0.14198427428567728 47
1694441249416 0.0007592318985444985 48
1694441249705 0.16119280136626252 49
1694441250018 0.011376185264709935 50
1694441250306 0.1438223012271547 51
1694441250600 0.06174219235078618 52
1694441250903 0.003238140876939749 53
1694441251195 0.15015694325047585 54
1694441251473 0.21211599468097067 55
1694441251767 0.14021977088352497 56
1694441252047 0.07418888319328147 57
1694441252343 0.007080238989558105 58
1694441252638 0.005055181521858261 59
1694441252944 0.09537516035632278 60
1694441253255 0.059160417734301654 61
1694441253552 1.3225914241579317 62
1694441253881 0.08599502456865936 63
1694441254154 0.0007556294855448493 64
1694441254504 0.29304661003814053 65
1694441254791 5.2786909479408016e-05 66
1694441255117 0.22249541852856394 67
1694441255402 0.10307774428641336 68
1694441255707 0.011711481602732622 69
1694441256023 0.3209858057611406 70
1694441256340 0.11433806796801714 71
1694441256636 0.0003950372703809095 72
1694441256920 0.16903235261990188 73
1694441257206 0.0014425975654494532 74
1694441257465 0.01932308332008263 75
1694441257774 0.049070220926784314 76
1694441258077 0.040659463911149524 77
1694441258326 0.0853381840056309 78
1694441258619 0.012324140635535687 79
1694441258873 0.105100704470333 80
1694441259137 0.011291104854000977 81
1694441259433 0.10667308680168472 82
1694441259756 0.25336627958069763 83
1694441260075 0.10315476900790076 84
1694441260378 0.0401527783819695 85
1694441260684 0.07876130764791693 86
1694441260975 0.010197457660018908 87
1694441261280 0.030461872886151646 88
1694441261582 0.20215877179131536 89
1694441261885 0.058119974836096135 90
1694441262185 0.1729194469115283 91
1694441262499 0.040133784793230314 92
1694441262812 0.017764436204261238 93
1694441263128 0.16225092413324074 94
1694441263429 0.011252581159093573 95
1694441263726 0.10754742368917361 96
1694441264036 0.4078644529841839 97
1694441264360 0.10835813634965633 98
1694441264651 0.01104058358139513 99
1694441264962 0.6578150891011675 100
1694441265316 0.15792538133259107 101
1694441265600 0.012557921061812171 102
1694441265881 0.00019676597186991444 103
1694441266195 0.0015391514303602575 104
1694441266523 0.02530221736039864 105
1694441266852 0.004484263537566393 106
1694441267160 0.015908310472137102 107
1694441267460 0.13300412965096875 108
1694441267780 3.89278808067406e-05 109
1694441268079 0.10713175712741796 110
1694441268337 0.11400559422815404 111
1694441268651 0.18497506397139804 112
1694441268959 0.03088168687975928 113
1694441269270 0.0011699032334639228 114
1694441269565 0.01880971407187429 115
1694441269889 0.0689352172500078 116
1694441270199 0.0015095532354243823 117
1694441270502 0.0008781176366257589 118
1694441270761 0.01345525034521615 119
1694441271064 0.042634470370044024 120
1694441271349 0.012655259707171728 121
1694441271616 0.013040107872486169 122
1694441271924 0.02716473311042332 123
1694441272221 1.9835024207131883e-05 124
1694441272492 0.019232977173071115 125
1694441272777 0.0020923321073054034 126
1694441273076 1.062518275519755 127
1694441273392 0.117214909815697 128
1694441273646 0.42773666796099413 129
1694441273906 0.06422192491455575 130
1694441274205 0.099166339234844 131
1694441274529 0.0960807482098923 132
1694441274826 0.000776741598507303 133
1694441275108 0.004262116403985015 134
1694441275399 0.022507197452434926 135
1694441275711 0.013860641130862938 136
1694441276016 0.03660237562413584 137
1694441276275 0.24366073934470328 138
1694441276599 0.33613944983262145 139
1694441276928 0.4362270550090825 140
1694441277233 0.04776723465851955 141
1694441277523 0.012919131526557022 142
1694441277816 0.2332744778947738 143
1694441278102 7.205330252749201e-05 144
1694441278419 0.06847199726850042 145
1694441278737 0.02292364322871015 146
1694441279050 0.276264823867383 147
1694441279371 0.3225531556216541 148
1694441279666 0.06699292068880457 149
1694441279977 0.020121762591194525 150
1694441280315 0.20490948847934265 151
1694441280640 0.022992047536327893 152
1694441280931 0.018779703463470215 153
1694441281254 0.04445196494855097 154
1694441281562 0.03376440990026515 155
1694441281878 0.02718808123805473 156
1694441282138 0.04052630554930076 157
1694441282462 0.0015546411607274488 158
1694441282724 0.4154417708738131 159
1694441283035 0.19597100799371045 160
1694441283364 0.022881068453186475 161
1694441283676 0.14160390626483427 162
1694441283987 0.19997016824460187 163
1694441284321 0.015661778115044198 164
1694441284658 0.1906427484905125 165
1694441284943 0.062238389489075716 166
1694441285271 0.011332134890156378 167
1694441285565 0.008764433123282256 168
1694441285886 0.11985306026409197 169
1694441286195 0.00543581570929932 170
1694441286494 0.00046440066563019095 171
1694441286789 0.03106317302840751 172
1694441287073 2.866353189187225e-06 173
1694441287360 0.04303452458784888 174
1694441287652 0.008433961845186267 175
1694441287926 0.06247781131457749 176
1694441288228 0.04839078620716026 177
1694441288543 0.002442759348960359 178
1694441288863 0.06002030696538621 179
1694441289180 0.1922815866590361 180
1694441289446 0.05626122137671681 181
1694441289719 0.008584282274482243 182
1694441290026 0.01774996462806502 183
1694441290363 0.05048069803005586 184
1694441290675 0.022571814577949424 185
1694441290969 0.5420174686852647 186
1694441291284 0.00984557538711086 187
1694441291603 0.11516793076601604 188
1694441291915 0.19144686591021803 189
1694441292226 0.019618914402939516 190
1694441292496 0.042783576130430996 191
1694441292807 0.4692574506994377 192
1694441293132 0.004049908938881001 193
1694441293439 0.11071542956153517 194
1694441293725 0.08789342107850392 195
1694441294060 0.0590531760326655 196
1694441294380 0.0041493869292442385 197
1694441294702 0.3578670412126495 198
1694441294960 0.1311650322713713 199
1694441295252 0.012005263472269337 200
1694441295575 0.3076497683195444 201
1694441295889 6.164169441002959e-05 202
1694441296205 0.16177134437404866 203
1694441296538 0.05079312558950884 204
1694441296852 0.008138626547264995 205
1694441297142 0.04291556347647188 206
1694441297401 0.005581056876688797 207
1694441297700 0.15793475783348648 208
1694441298014 0.03499186710481778 209
1694441298277 0.12509362623540113 210
1694441298540 0.1506051117403917 211
1694441298861 0.1440637371385611 212
1694441299182 4.192558636700084e-05 213
1694441299491 0.00021218331955087674 214
1694441299762 0.10720130903627015 215
1694441300092 0.1707040922890695 216
1694441300375 0.00822739897144044 217
1694441300651 0.25347585388840727 218
1694441300953 0.0185652165668436 219
1694441301264 0.006145270975533447 220
1694441301563 0.11745787313502488 221
1694441301869 0.3420205594395134 222
1694441302164 0.03094344596040357 223
1694441302470 0.022164505536926744 224
1694441302815 6.831016598601318e-06 225
1694441303161 0.0796966413640907 226
1694441303522 0.1106595895988658 227
1694441303852 0.4066697494533882 228
1694441304178 0.08282244030126783 229
1694441304523 0.23122220998318643 230
1694441304843 0.04848215194374325 231
1694441305156 0.13214505965055406 232
1694441305469 0.04045678403414405 233
1694441305798 0.0344032203444306 234
1694441306118 0.05276594323731497 235
1694441306438 0.11215134472639557 236
1694441306791 0.15098518925455223 237
1694441307099 0.06991885763456893 238
1694441307427 0.014456917348845813 239
1694441307753 0.0577599841150918 240
1694441308071 0.02267338287007637 241
1694441308345 0.008109810566532592 242
1694441308628 1.5797425400938425 243
1694441308905 0.013454800822678002 244
1694441309187 0.20867082489730449 245
1694441309444 0.034975339468159894 246
1694441309708 0.20210193163572795 247
1694441310011 0.14964940622504214 248
1694441310334 0.054552811993394526 249
1694441310641 1.578102697057467 250
1694441310970 0.0843334485477759 251
1694441311274 0.025440798832532096 252
1694441311580 0.006293098673014546 253
1694441311854 0.09755926764659242 254
1694441312165 0.0001030140228089754 255
1694441312439 0.013651050715306026 256
1694441312694 0.033188674845377866 257
1694441313014 0.24299302093875214 258
1694441313322 0.08713353207868543 259
1694441313600 0.08460841076607435 260
1694441313870 0.060267500296464806 261
1694441314145 0.08146957267579889 262
1694441314469 0.003082746781092223 263
1694441314744 0.04247954712632707 264
1694441315074 0.0012910218182052675 265
1694441315351 0.01642240625097097 266
1694441315653 0.15824970099645208 267
1694441315953 0.039578842606759514 268
1694441316251 0.009515342462719819 269
1694441316540 0.054003877560139614 270
1694441316842 0.18974805427254568 271
1694441317142 0.23590887537965058 272
1694441317462 0.05357495184472909 273
1694441317762 0.11268014877921805 274
1694441318074 0.06340971737683664 275
1694441318399 0.04856277185719113 276
1694441318700 0.07380370862518272 277
1694441319021 0.0033515313321378117 278
1694441319345 0.005733282493263912 279
1694441319621 0.10099618658303199 280
1694441319940 0.4126353262714298 281
1694441320218 0.003934934745750084 282
1694441320502 0.0024966482175914077 283
1694441320778 0.2968363813788524 284
1694441321098 0.0003902863096438013 285
1694441321413 0.18209664409905238 286
1694441321724 0.18122272966991437 287
1694441322012 0.0015050290964646257 288
1694441322361 0.05129396526206538 289
1694441322642 0.6294213673083319 290
1694441322981 0.0002144504117607414 291
1694441323295 0.008235961797900437 292
1694441323607 0.06280552820149393 293
1694441323878 0.12163704104637632 294
1694441324143 0.3100280479426727 295
1694441324427 0.14647617115311154 296
1694441324754 0.0008244006844526242 297
1694441325056 0.17776657672187848 298
