1694444137673 0.0027436022250764136 0
1694444137707 0.0027184788922229863 1
1694444137745 0.002985952372169698 2
1694444137777 0.0031009999946948197 3
1694444137813 0.0036895538562052854 4
1694444137854 0.0030314478795089306 5
1694444137890 0.003706032231791778 6
1694444137925 0.0038448211017191314 7
1694444137962 0.004495017557279546 8
1694444138000 0.0043335444188987715 9
1694444138034 0.005168574144956528 10
1694444138067 0.0056568736809115006 11
1694444138100 0.00655511626893357 12
1694444138136 0.0074588069565107995 13
1694444138179 0.00808819125371385 14
1694444138212 0.009218979319357556 15
1694444138246 0.009220816484702188 16
1694444138282 0.010201727084475753 17
1694444138320 0.011311899745160559 18
1694444138357 0.012622920560859341 19
1694444138393 0.011306459345665987 20
1694444138425 0.014707265791458646 21
1694444138458 0.016693904713937613 22
1694444138489 0.01653797350848829 23
1694444138519 0.018668048554195682 24
1694444138551 0.02391988196093575 25
1694444138583 0.021416213207045565 26
1694444138614 0.02600073623044874 27
1694444138646 0.025305208785775024 28
1694444138681 0.02646120993249934 29
1694444138716 0.031365676840745316 30
1694444138754 0.035670583225445585 31
1694444138790 0.030947926082783406 32
1694444138826 0.03717348954980915 33
1694444138862 0.04704597299396429 34
1694444138895 0.045771015009794414 35
1694444138925 0.047562449829786524 36
1694444138955 0.05436748648190759 37
1694444138989 0.06048214340710345 38
1694444139023 0.06584006484160754 39
1694444139058 0.06933039326027701 40
1694444139090 0.07180958862540732 41
1694444139121 0.08285474367765766 42
1694444139155 0.08593229326970742 43
1694444139195 0.08510992078546176 44
1694444139226 0.09174036652722684 45
1694444139258 0.10249711712375198 46
1694444139287 0.11016228616968038 47
1694444139318 0.12235483932029345 48
1694444139353 0.15438040285393073 49
1694444139383 0.15203181921817366 50
1694444139414 0.15449933176870667 51
1694444139446 0.15786480952772364 52
1694444139478 0.17576083065465253 53
1694444139509 0.17495978102015985 54
1694444139540 0.20285906627514527 55
1694444139576 0.2026315524952471 56
1694444139608 0.2307403778817304 57
1694444139640 0.21524982862270026 58
1694444139675 0.22515193665493627 59
1694444139704 0.26977656540887673 60
1694444139736 0.27130940831554373 61
1694444139782 0.296834457856203 62
1694444139816 0.3201361828847147 63
1694444139847 0.32080859901704073 64
1694444139879 0.3295596898643486 65
1694444139910 0.3736635116176754 66
1694444139941 0.3680512806881405 67
1694444139973 0.39317070986912417 68
1694444140002 0.42876448359481034 69
1694444140033 0.4480272779639086 70
1694444140066 0.43083761775870355 71
1694444140098 0.41678986301413634 72
1694444140130 0.4515797958814538 73
1694444140165 0.45604396309594986 74
1694444140198 0.4631949582072852 75
1694444140230 0.48248390146530384 76
1694444140262 0.5236736783835272 77
1694444140293 0.5232280613418269 78
1694444140324 0.5576051192819917 79
1694444140358 0.5755365885704484 80
1694444140392 0.566943180892318 81
1694444140425 0.5955331357781092 82
1694444140456 0.617846539056484 83
1694444140490 0.6213149503527697 84
1694444140519 0.641854114743247 85
1694444140551 0.662768747040598 86
1694444140585 0.6634945019493275 87
1694444140615 0.6700234370337093 88
1694444140647 0.6579898354873462 89
1694444140678 0.680258333339931 90
1694444140710 0.6876634437227521 91
1694444140743 0.7225369042768863 92
1694444140775 0.7202870294870867 93
1694444140807 0.6852754778945191 94
1694444140840 0.7337459125771346 95
1694444140874 0.7161540638149124 96
1694444140906 0.7358889075769517 97
1694444140939 0.7550532906500949 98
1694444140969 0.733764907505104 99
1694444141002 0.7553718662991361 100
1694444141031 0.7583397864352328 101
1694444141062 0.7757903689152029 102
1694444141095 0.7763095705284321 103
1694444141127 0.7613836656020941 104
1694444141160 0.7717347580234907 105
1694444141195 0.7703581273875854 106
1694444141227 0.7497766867413405 107
1694444141259 0.7881466471767191 108
1694444141290 0.7957825754659691 109
1694444141322 0.7883194693578415 110
1694444141354 0.763999229353478 111
1694444141384 0.7816177571414236 112
1694444141414 0.8218223347211342 113
1694444141446 0.7995271517657 114
1694444141476 0.7930653022368298 115
1694444141506 0.7867835499015396 116
1694444141536 0.7927789829834855 117
1694444141568 0.795434381583443 118
1694444141599 0.8267465395797631 119
1694444141629 0.8037569697442897 120
1694444141662 0.7700978682051255 121
1694444141695 0.8217356481956315 122
1694444141726 0.7698996818535264 123
1694444141757 0.8012181913146385 124
1694444141790 0.8199529273028239 125
1694444141823 0.8356270273263584 126
1694444141856 0.8087836733063849 127
1694444141888 0.8206545701935429 128
1694444141924 0.8273763658569323 129
1694444141952 0.8417950728489076 130
1694444141984 0.8377385492278149 131
1694444142015 0.8334984644739114 132
1694444142048 0.8180010655349387 133
1694444142080 0.8147685795619017 134
1694444142112 0.8304342050986152 135
1694444142142 0.8056683686170714 136
1694444142182 0.8268012024326489 137
1694444142215 0.8331214268312939 138
1694444142246 0.8030854651075696 139
1694444142279 0.8288017552220527 140
1694444142312 0.8124775508099368 141
1694444142343 0.8251426363573474 142
1694444142378 0.7777104479725725 143
1694444142408 0.7957223072918274 144
1694444142438 0.8249826631361159 145
1694444142469 0.810056704565119 146
1694444142501 0.8189666103932958 147
1694444142533 0.7976698621926575 148
1694444142565 0.8272832407304115 149
1694444142596 0.7983305908909668 150
1694444142626 0.8407885218237494 151
1694444142662 0.82680611672888 152
1694444142695 0.8544701350043535 153
1694444142724 0.8112590896879401 154
1694444142755 0.8005118566880037 155
1694444142785 0.8345220283948196 156
1694444142817 0.8136360807246109 157
1694444142847 0.8514469443267749 158
1694444142880 0.795771077900044 159
1694444142910 0.8254184181063099 160
1694444142940 0.8186384697772502 161
1694444142971 0.8254534586994882 162
1694444143003 0.8334156295130601 163
1694444143034 0.8298389525389408 164
1694444143065 0.8374112264566534 165
1694444143098 0.8069407351638332 166
1694444143128 0.824814756747307 167
1694444143159 0.795821092578658 168
1694444143195 0.8128474358571555 169
1694444143226 0.8323542310199542 170
1694444143258 0.794641483509621 171
1694444143291 0.8189452740322234 172
1694444143321 0.8225637687623109 173
1694444143354 0.8034487404233939 174
1694444143386 0.8240565810730316 175
1694444143419 0.8368611514134526 176
1694444143449 0.8357094351157524 177
1694444143480 0.7995899116576627 178
1694444143512 0.8114525617136011 179
1694444143542 0.838548078856697 180
1694444143573 0.8272178054983843 181
1694444143604 0.8135501542088678 182
1694444143634 0.8112637841111352 183
1694444143667 0.8231351692302076 184
1694444143700 0.8150999885321526 185
1694444143730 0.8260136644263236 186
1694444143760 0.840230871820823 187
1694444143792 0.825089464472796 188
1694444143823 0.8165095231956239 189
1694444143853 0.8070124908422401 190
1694444143885 0.8362963522275954 191
1694444143915 0.8133319670624808 192
1694444143946 0.8064086426735556 193
