1694436644482 -0.0066326099812163974 0
1694436644512 -0.006133557222359309 1
1694436644544 -0.005812334499550875 2
1694436644580 -0.006263548229781479 3
1694436644610 -0.006143407901286757 4
1694436644643 -0.006229616820086381 5
1694436644679 -0.005294553624777931 6
1694436644717 -0.006247287862418016 7
1694436644750 -0.004564621397606494 8
1694436644789 -0.005906136004704132 9
1694436644829 -0.00464933021423497 10
1694436644862 -0.004184544152033842 11
1694436644893 -0.004850506072731742 12
1694436644926 -0.004393390953493892 13
1694436644956 -0.004112361627407024 14
1694436644986 -0.003708822514949084 15
1694436645016 -0.0025255736129812245 16
1694436645048 -0.0037094641689265906 17
1694436645079 -0.0019897717982331198 18
1694436645111 -0.0005709222586856022 19
1694436645143 -0.000512080117930358 20
1694436645171 -0.0004702213426452939 21
1694436645202 0.0013324179278988435 22
1694436645233 0.0010148216790815123 23
1694436645264 0.0015274086834746736 24
1694436645296 0.0023945168835040054 25
1694436645327 0.0035875569808059282 26
1694436645358 0.0042678881559368165 27
1694436645390 0.003971967181629288 28
1694436645420 0.004035664668172845 29
1694436645449 0.006393494759543761 30
1694436645479 0.008727406231218482 31
1694436645508 0.009134787009495215 32
1694436645537 0.01000787122584812 33
1694436645578 0.009630916406750845 34
1694436645610 0.012469009363151207 35
1694436645647 0.014163066966636384 36
1694436645692 0.016065922837128266 37
1694436645731 0.014934816964970454 38
1694436645761 0.014693709396747079 39
1694436645793 0.018861135806085616 40
1694436645826 0.018632533844470056 41
1694436645857 0.017729688145737943 42
1694436645892 0.02042772942337301 43
1694436645924 0.020056358527981266 44
1694436645952 0.022779042345837386 45
1694436645983 0.024265795459778472 46
1694436646014 0.022433060256539017 47
1694436646048 0.024653401915357254 48
1694436646079 0.02783774752447088 49
1694436646110 0.03349904333488707 50
1694436646141 0.02837821830179843 51
1694436646171 0.030482639195825945 52
1694436646201 0.03194919690491549 53
1694436646234 0.040627958058060964 54
1694436646276 0.03530584590891339 55
1694436646305 0.03515671334156922 56
1694436646337 0.03259601381578958 57
1694436646369 0.044742487696608046 58
1694436646402 0.038117041294119414 59
1694436646430 0.042305134054697935 60
1694436646458 0.04538869420562297 61
1694436646490 0.04536357620432174 62
1694436646526 0.048700376476272456 63
1694436646558 0.04565653973242023 64
1694436646592 0.05393581810820358 65
1694436646623 0.04637580401488661 66
1694436646653 0.046607995996886364 67
1694436646684 0.049944418703568916 68
1694436646716 0.04621417983760445 69
1694436646747 0.04667664281904871 70
1694436646776 0.04642335432952094 71
1694436646829 0.04460741735195006 72
1694436646879 0.05250209714331411 73
1694436646923 0.06738404517736984 74
1694436646974 0.05507912926652525 75
1694436647010 0.055916013965735645 76
1694436647048 0.04794732262315904 77
1694436647085 0.05170534493759582 78
1694436647115 0.05313122103329593 79
1694436647148 0.05257862425915605 80
1694436647179 0.0575314661442724 81
1694436647210 0.053762210439327274 82
1694436647240 0.05879075846161541 83
1694436647271 0.053106545398116434 84
1694436647301 0.056361168373735726 85
1694436647332 0.06256734680649212 86
1694436647361 0.0582301354887379 87
1694436647391 0.06753365390797916 88
1694436647419 0.06405213426081413 89
1694436647449 0.05306592912121 90
1694436647480 0.06344669215810106 91
1694436647510 0.05672845343827293 92
1694436647546 0.05625251127715769 93
1694436647588 0.0666836691725674 94
1694436647633 0.0563660833324533 95
1694436647669 0.0626356721551321 96
1694436647703 0.05889010741284473 97
1694436647735 0.06270179252580965 98
1694436647768 0.06355908214753547 99
1694436647800 0.06178494064701179 100
1694436647832 0.059645426834752935 101
1694436647861 0.06911066009908662 102
1694436647889 0.06426574081645964 103
1694436647920 0.0573859092537744 104
1694436647950 0.0734834822220094 105
1694436647979 0.0663820702632002 106
1694436648011 0.0616368194752871 107
1694436648037 0.0659301591045276 108
1694436648069 0.059168397282291174 109
1694436648103 0.06199703939797052 110
1694436648133 0.06019827100647801 111
1694436648161 0.07518176769781149 112
1694436648194 0.0743777855991733 113
1694436648225 0.05533413165417944 114
1694436648255 0.07308734991246557 115
1694436648284 0.06388536927219768 116
1694436648321 0.0627161988676933 117
1694436648352 0.06104509584055973 118
1694436648398 0.060295070270853235 119
1694436648426 0.06304561089441307 120
1694436648455 0.07305723955778864 121
1694436648484 0.06510155811725937 122
1694436648514 0.07321356768305554 123
1694436648544 0.0690412002474311 124
1694436648575 0.07022318388628279 125
1694436648608 0.070321020217754 126
1694436648640 0.06694218340881375 127
1694436648670 0.06173722107427493 128
1694436648701 0.06970949409937754 129
1694436648734 0.06844836779878471 130
1694436648763 0.06832174267559232 131
1694436648794 0.07278587820046778 132
1694436648822 0.06619506587051549 133
1694436648853 0.0641414554208879 134
1694436648886 0.06830916450582747 135
1694436648917 0.07048709250142093 136
1694436648945 0.07112879089103652 137
1694436648973 0.06642994369082678 138
1694436649007 0.0695165748101797 139
1694436649036 0.06801649101958251 140
1694436649065 0.06737268373903516 141
1694436649098 0.06929583185546173 142
1694436649130 0.0604556195368352 143
1694436649158 0.06921659930799462 144
1694436649189 0.05978129575241942 145
1694436649223 0.0711996013048507 146
1694436649253 0.06669128355414455 147
1694436649284 0.06997000059893732 148
1694436649317 0.07572684094267457 149
1694436649347 0.061683297443777096 150
1694436649379 0.07079647789604271 151
1694436649411 0.05733492011438546 152
1694436649442 0.06974243074820863 153
1694436649473 0.06561339863464899 154
1694436649505 0.06816153280988102 155
1694436649537 0.07431285178306912 156
1694436649568 0.06934478349126016 157
1694436649598 0.06655289419559052 158
1694436649628 0.05875155122398279 159
1694436649656 0.06746244323774919 160
1694436649689 0.07058199372740204 161
1694436649720 0.06416158923591397 162
1694436649749 0.07400914474123443 163
1694436649780 0.06933430122138118 164
1694436649814 0.06081064301081229 165
1694436649845 0.06101185282664512 166
1694436649877 0.05627382734157571 167
1694436649908 0.06973221322955125 168
1694436649938 0.06150978286345732 169
1694436649968 0.06550203498613527 170
1694436649996 0.07700948842664546 171
1694436650029 0.057813535351825096 172
1694436650060 0.07455568818464298 173
1694436650090 0.06623378976314431 174
1694436650124 0.06399541312298951 175
1694436650152 0.06428746104044891 176
1694436650181 0.06837196876792784 177
1694436650212 0.06742478077177017 178
1694436650242 0.06833837112237517 179
1694436650272 0.06881544870729706 180
1694436650299 0.055026923448029175 181
1694436650335 0.0715170238466053 182
1694436650365 0.060877750541251996 183
1694436650396 0.07327570266828465 184
1694436650431 0.07410431160224573 185
1694436650459 0.06884632203473973 186
1694436650488 0.06632724288157388 187
