1694437187717 173.46886832581546 0
1694437187745 173.43400132452297 1
1694437187772 173.39914204180278 2
1694437187798 173.364290475871 3
1694437187854 173.32944662494398 4
1694437187891 173.2946104872387 5
1694437187946 173.25978206097236 6
1694437187992 173.22496134436267 7
1694437188023 173.19014833562784 8
1694437188050 173.15534303298634 9
1694437188080 173.12054543465723 10
1694437188108 173.08575553885987 11
1694437188139 173.05097334381406 12
1694437188170 173.01619884774013 13
1694437188202 172.9814320488587 14
1694437188231 172.94667294539087 15
1694437188262 172.91192153555815 16
1694437188287 172.87717781758246 17
1694437188315 172.84244178968623 18
1694437188364 172.8077134500922 19
1694437188409 172.7729927970236 20
1694437188436 172.73827982870398 21
1694437188460 172.70357454335746 22
1694437188485 172.66887693920853 23
1694437188513 172.63418701448202 24
1694437188538 172.59950476740332 25
1694437188566 172.56483019619807 26
1694437188594 172.53016329909252 27
1694437188622 172.49550407431317 28
1694437188652 172.46085252008706 29
1694437188678 172.4262086346416 30
1694437188706 172.39157241620467 31
1694437188732 172.35694386300446 32
1694437188758 172.3223229732697 33
1694437188783 172.2877097452295 34
1694437188810 172.25310417711333 35
1694437188842 172.2185062671512 36
1694437188867 172.18391601357342 37
1694437188904 172.14933341461085 38
1694437188938 172.11475846849459 39
1694437188969 172.0801911734563 40
1694437189001 172.04563152772812 41
1694437189037 172.01107952954234 42
1694437189066 171.976535177132 43
1694437189092 171.94199846873033 44
1694437189123 171.90746940257105 45
1694437189151 171.87294797688833 46
1694437189182 171.83843418991665 47
1694437189213 171.80392803989113 48
1694437189244 171.76942952504706 49
1694437189275 171.73493864362035 50
1694437189300 171.70045539384705 51
1694437189335 171.66597977396407 52
1694437189364 171.6315117822083 53
1694437189392 171.59705141681732 54
1694437189435 171.562598676029 55
1694437189462 171.52815355808167 56
1694437189490 171.4937160612141 57
1694437189522 171.45928618366543 58
1694437189552 171.42486392367525 59
1694437189579 171.3904492794836 60
1694437189606 171.35604224933087 61
1694437189636 171.3216428314579 62
1694437189664 171.2872510241059 63
1694437189693 171.25286682551663 64
1694437189734 171.2184902339321 65
1694437189765 171.18412124759485 66
1694437189802 171.14975986474784 67
1694437189839 171.11540608363435 68
1694437189869 171.0810599024982 69
1694437189895 171.0467213195835 70
1694437189924 171.01239033313487 71
1694437189951 170.97806694139734 72
1694437189977 170.94375114261632 73
1694437190007 170.90944293503767 74
1694437190089 170.87514231690758 75
1694437190127 170.84084928647283 76
1694437190160 170.8065638419804 77
1694437190188 170.77228598167787 78
1694437190219 170.73801570381315 79
1694437190245 170.70375300663454 80
1694437190272 170.66949788839085 81
1694437190298 170.63525034733124 82
1694437190324 170.60101038170532 83
1694437190352 170.566777989763 84
1694437190380 170.53255316975478 85
1694437190406 170.4983359199314 86
1694437190434 170.46412623854425 87
1694437190460 170.42992412384487 88
1694437190485 170.39572957408544 89
1694437190511 170.36154258751833 90
1694437190536 170.32736316239652 91
1694437190562 170.2931912969734 92
1694437190587 170.25902698950256 93
1694437190619 170.22487023823817 94
1694437190645 170.19072104143493 95
1694437190671 170.1565793973477 96
1694437190697 170.12244530423195 97
1694437190746 170.08831876034344 98
1694437190780 170.05419976393836 99
1694437190806 170.02008831327342 100
1694437190834 169.98598440660558 101
1694437190859 169.95188804219242 102
1694437190883 169.91779921829178 103
1694437190909 169.88371793316185 104
1694437190935 169.84964418506146 105
1694437190962 169.81557797224966 106
1694437190987 169.781519292986 107
1694437191013 169.7474681455304 108
1694437191039 169.71342452814324 109
1694437191070 169.67938843908533 110
1694437191096 169.64535987661776 111
1694437191122 169.6113388390022 112
1694437191151 169.5773253245006 113
1694437191184 169.54331933137544 114
1694437191212 169.50932085788955 115
1694437191239 169.4753299023061 116
1694437191268 169.44134646288882 117
1694437191295 169.40737053790173 118
1694437191328 169.37340212560932 119
1694437191363 169.33944122427653 120
1694437191394 169.3054878321686 121
1694437191427 169.2715419475513 122
1694437191454 169.23760356869076 123
1694437191479 169.20367269385343 124
1694437191503 169.16974932130637 125
1694437191529 169.1358334493169 126
1694437191556 169.10192507615275 127
1694437191581 169.06802420008216 128
1694437191606 169.03413081937376 129
1694437191631 169.00024493229645 130
1694437191656 168.9663665371197 131
1694437191680 168.93249563211333 132
1694437191706 168.89863221554765 133
1694437191731 168.8647762856932 134
1694437191764 168.8309278408211 135
1694437191794 168.7970868792028 136
1694437191823 168.76325339911017 137
1694437191849 168.72942739881552 138
1694437191876 168.6956088765916 139
1694437191906 168.66179783071135 140
1694437191932 168.6279942594485 141
1694437191957 168.59419816107686 142
1694437191985 168.5604095338708 143
1694437192012 168.52662837610507 144
1694437192038 168.49285468605476 145
1694437192063 168.45908846199552 146
1694437192095 168.42532970220327 147
1694437192126 168.39157840495452 148
1694437192154 168.3578345685259 149
1694437192186 168.3240981911947 150
1694437192217 168.29036927123852 151
1694437192250 168.25664780693538 152
1694437192277 168.2229337965637 153
1694437192302 168.1892272384023 154
1694437192337 168.1555281307305 155
1694437192382 168.1218364718279 156
1694437192430 168.08815225997452 157
1694437192469 168.05447549345092 158
1694437192500 168.0208061705379 159
1694437192529 167.98714428951683 160
1694437192555 167.9534898486693 161
1694437192580 167.91984284627753 162
1694437192608 167.886203280624 163
1694437192636 167.85257114999155 164
1694437192661 167.81894645266354 165
1694437192687 167.78532918692372 166
1694437192712 167.75171935105627 167
1694437192740 167.71811694334565 168
1694437192765 167.68452196207687 169
1694437192799 167.6509344055353 170
1694437192825 167.6173542720067 171
1694437192852 167.58378155977724 172
1694437192877 167.55021626713338 173
1694437192903 167.51665839236236 174
1694437192933 167.48310793375137 175
1694437192959 167.4495648895883 176
1694437192986 167.41602925816127 177
1694437193014 167.382501037759 178
1694437193048 167.34898022667045 179
1694437193073 167.3154668231851 180
1694437193098 167.28196082559268 181
1694437193123 167.2484622321835 182
1694437193156 167.21497104124822 183
1694437193181 167.18148725107784 184
1694437193212 167.1480108599638 185
1694437193244 167.114541866198 186
1694437193272 167.08108026807267 187
1694437193297 167.04762606388056 188
1694437193325 167.01417925191464 189
1694437193355 166.98073983046845 190
1694437193383 166.94730779783583 191
1694437193409 166.91388315231112 192
1694437193435 166.88046589218897 193
1694437193461 166.8470560157645 194
1694437193488 166.81365352133318 195
1694437193514 166.780258407191 196
1694437193540 166.74687067163418 197
1694437193567 166.71349031295952 198
1694437193592 166.68011732946403 199
1694437193617 166.64675171944532 200
1694437193644 166.61339348120129 201
1694437193671 166.58004261303026 202
1694437193698 166.54669911323097 203
1694437193723 166.51336298010258 204
1694437193754 166.48003421194463 205
1694437193780 166.44671280705705 206
1694437193806 166.4133987637402 207
1694437193847 166.38009208029482 208
1694437193876 166.34679275502205 209
1694437193901 166.31350078622347 210
1694437193927 166.28021617220105 211
1694437193960 166.24693891125713 212
1694437193984 166.21366900169446 213
1694437194023 166.18040644181627 214
1694437194056 166.1471512299261 215
1694437194082 166.1139033643279 216
1694437194108 166.0806628433261 217
1694437194141 166.04742966522542 218
1694437194166 166.0142038283311 219
1694437194192 165.98098533094864 220
1694437194217 165.9477741713841 221
1694437194243 165.91457034794388 222
1694437194268 165.8813738589347 223
1694437194293 165.84818470266376 224
1694437194321 165.8150028774387 225
1694437194349 165.78182838156746 226
1694437194377 165.74866121335847 227
1694437194403 165.71550137112052 228
1694437194430 165.68234885316284 229
1694437194457 165.64920365779494 230
1694437194484 165.61606578332686 231
1694437194510 165.58293522806906 232
1694437194539 165.54981199033224 233
1694437194566 165.5166960684277 234
1694437194590 165.48358746066697 235
1694437194616 165.45048616536204 236
1694437194647 165.4173921808254 237
1694437194672 165.38430550536975 238
1694437194696 165.3512261373084 239
1694437194721 165.31815407495486 240
1694437194754 165.2850893166232 241
1694437194779 165.2520318606278 242
1694437194805 165.2189817052834 243
1694437194832 165.18593884890532 244
1694437194858 165.15290328980907 245
1694437194883 165.1198750263107 246
1694437194908 165.08685405672657 247
1694437194944 165.05384037937355 248
1694437194969 165.02083399256878 249
1694437194997 164.98783489462986 250
1694437195026 164.95484308387483 251
1694437195055 164.92185855862203 252
1694437195084 164.8888813171903 253
1694437195109 164.8559113578989 254
1694437195135 164.82294867906725 255
1694437195162 164.78999327901545 256
1694437195191 164.75704515606387 257
1694437195217 164.72410430853336 258
1694437195245 164.69117073474504 259
1694437195271 164.6582444330205 260
1694437195297 164.6253254016817 261
1694437195324 164.59241363905107 262
1694437195353 164.5595091434514 263
1694437195379 164.5266119132058 264
1694437195404 164.49372194663798 265
1694437195429 164.46083924207173 266
1694437195455 164.42796379783155 267
1694437195479 164.39509561224213 268
1694437195504 164.36223468362869 269
1694437195529 164.32938101031675 270
1694437195555 164.2965345906323 271
1694437195581 164.26369542290172 272
1694437195606 164.23086350545165 273
1694437195632 164.19803883660938 274
1694437195657 164.16522141470236 275
1694437195683 164.1324112380586 276
1694437195708 164.0996083050064 277
1694437195733 164.0668126138745 278
1694437195759 164.034024162992 279
1694437195786 164.00124295068852 280
1694437195813 163.9684689752939 281
1694437195847 163.9357022351385 282
1694437195872 163.90294272855303 283
1694437195900 163.87019045386856 284
1694437195926 163.83744540941672 285
1694437195954 163.80470759352923 286
1694437195984 163.77197700453857 287
1694437196010 163.73925364077732 288
1694437196039 163.7065375005786 289
1694437196069 163.67382858227595 290
1694437196094 163.64112688420315 291
1694437196120 163.60843240469455 292
1694437196150 163.5757451420848 293
1694437196179 163.54306509470896 294
1694437196206 163.51039226090253 295
1694437196232 163.4777266390013 296
1694437196261 163.44506822734158 297
1694437196286 163.41241702425995 298
1694437196313 163.37977302809352 299
1694437196339 163.3471362371797 300
1694437196371 163.3145066498563 301
1694437196405 163.28188426446152 302
1694437196439 163.24926907933406 303
1694437196468 163.21666109281287 304
1694437196496 163.18406030323735 305
1694437196523 163.1514667089473 306
1694437196550 163.11888030828294 307
1694437196576 163.08630109958486 308
1694437196602 163.05372908119392 309
1694437196628 163.02116425145167 310
1694437196657 162.9886066086998 311
1694437196682 162.95605615128042 312
1694437196708 162.92351287753613 313
1694437196734 162.89097678580987 314
1694437196761 162.85844787444498 315
1694437196788 162.82592614178515 316
1694437196814 162.79341158617453 317
1694437196842 162.76090420595767 318
1694437196872 162.7284039994795 319
1694437196898 162.69591096508518 320
1694437196924 162.66342510112054 321
1694437196954 162.63094640593164 322
1694437196979 162.59847487786487 323
1694437197004 162.56601051526718 324
1694437197030 162.5335533164859 325
1694437197062 162.50110327986852 326
1694437197088 162.4686604037632 327
1694437197112 162.4362246865183 328
1694437197136 162.4037961264827 329
1694437197163 162.3713747220056 330
1694437197191 162.33896047143665 331
1694437197216 162.30655337312584 332
1694437197241 162.2741534254235 333
1694437197272 162.24176062668047 334
1694437197297 162.20937497524793 335
1694437197325 162.17699646947742 336
1694437197360 162.1446251077209 337
1694437197393 162.11226088833075 338
1694437197419 162.07990380965973 339
1694437197452 162.04755387006082 340
1694437197485 162.01521106788772 341
1694437197510 161.98287540149428 342
1694437197535 161.95054686923476 343
1694437197561 161.91822546946383 344
1694437197590 161.88591120053667 345
1694437197618 161.85360406080875 346
1694437197656 161.8213040486358 347
1694437197687 161.78901116237418 348
1694437197720 161.7567254003805 349
1694437197751 161.72444676101176 350
1694437197786 161.69217524262544 351
1694437197824 161.65991084357935 352
1694437197855 161.62765356223161 353
1694437197885 161.5954033969409 354
1694437197911 161.56316034606607 355
1694437197936 161.5309244079666 356
1694437197963 161.49869558100224 357
1694437197991 161.46647386353308 358
1694437198019 161.4342592539197 359
1694437198046 161.40205175052296 360
1694437198075 161.3698513517042 361
1694437198100 161.33765805582513 362
1694437198128 161.30547186124784 363
1694437198159 161.2732927663348 364
1694437198187 161.24112076944886 365
1694437198213 161.20895586895324 366
1694437198243 161.17679806321163 367
1694437198274 161.1446473505881 368
1694437198302 161.11250372944693 369
1694437198332 161.08036719815306 370
1694437198366 161.04823775507154 371
1694437198391 161.01611539856808 372
1694437198417 160.98400012700858 373
1694437198443 160.95189193875936 374
1694437198469 160.9197908321873 375
1694437198493 160.88769680565932 376
1694437198523 160.8556098575431 377
1694437198550 160.82352998620644 378
1694437198584 160.7914571900177 379
1694437198614 160.7593914673455 380
1694437198639 160.72733281655894 381
1694437198671 160.6952812360274 382
1694437198695 160.66323672412082 383
1694437198721 160.63119927920934 384
1694437198745 160.59916889966365 385
1694437198772 160.56714558385463 386
1694437198797 160.5351293301537 387
1694437198824 160.50312013693264 388
1694437198852 160.4711180025636 389
1694437198879 160.43912292541913 390
1694437198908 160.40713490387216 391
1694437198938 160.37515393629596 392
1694437198973 160.34318002106426 393
1694437199001 160.31121315655105 394
1694437199049 160.2792533411309 395
1694437199084 160.24730057317865 396
1694437199112 160.21535485106955 397
1694437199139 160.18341617317913 398
1694437199168 160.15148453788342 399
1694437199200 160.11955994355887 400
1694437199225 160.0876423885822 401
1694437199256 160.0557318713306 402
1694437199284 160.02382839018162 403
1694437199314 159.99193194351318 404
1694437199350 159.9600425297036 405
1694437199390 159.92816014713154 406
1694437199417 159.8962847941761 407
1694437199441 159.86441646921676 408
1694437199466 159.83255517063338 409
1694437199492 159.8007008968062 410
1694437199529 159.7688536461158 411
1694437199574 159.7370134169432 412
1694437199613 159.70518020766977 413
1694437199657 159.6733540166773 414
1694437199692 159.641534842348 415
1694437199722 159.60972268306426 416
1694437199752 159.57791753720915 417
1694437199784 159.54611940316587 418
1694437199827 159.51432827931816 419
1694437199877 159.48254416405007 420
1694437199923 159.45076705574604 421
1694437199959 159.418996952791 422
1694437199995 159.38723385357 423
1694437200044 159.35547775646876 424
1694437200096 159.32372865987327 425
1694437200168 159.29198656216982 426
1694437200215 159.2602514617452 427
1694437200269 159.22852335698656 428
1694437200325 159.19680224628135 429
1694437200373 159.16508812801754 430
1694437200436 159.1333810005834 431
1694437200510 159.1016808623675 432
1694437200569 159.06998771175896 433
1694437200614 159.0383015471472 434
1694437200655 159.00662236692202 435
1694437200690 158.9749501694736 436
1694437200721 158.94328495319246 437
1694437200748 158.9116267164696 438
1694437200775 158.8799754576964 439
1694437200806 158.84833117526446 440
1694437200842 158.8166938675659 441
1694437200879 158.78506353299326 442
1694437200912 158.75344016993938 443
1694437200944 158.72182377679744 444
1694437200980 158.69021435196106 445
1694437201022 158.65861189382426 446
1694437201052 158.62701640078149 447
1694437201087 158.59542787122737 448
1694437201116 158.56384630355714 449
1694437201152 158.53227169616625 450
1694437201178 158.50070404745065 451
1694437201204 158.46914335580658 452
1694437201240 158.43758961963073 453
1694437201271 158.40604283732014 454
1694437201297 158.37450300727218 455
1694437201337 158.3429701278847 456
1694437201369 158.3114441975559 457
1694437201395 158.27992521468428 458
1694437201424 158.24841317766877 459
1694437201460 158.21690808490874 460
1694437201492 158.18540993480383 461
1694437201526 158.15391872575418 462
1694437201592 158.1224344561602 463
1694437201671 158.09095712442272 464
1694437201741 158.05948672894294 465
1694437201789 158.0280232681225 466
1694437201835 157.99656674036333 467
1694437201891 157.9651171440678 468
1694437201935 157.93367447763862 469
1694437201980 157.90223873947892 470
1694437202037 157.87080992799213 471
1694437202086 157.83938804158217 472
1694437202139 157.80797307865325 473
1694437202174 157.77656503761 474
1694437202206 157.74516391685742 475
1694437202238 157.7137697148009 476
1694437202271 157.68238242984611 477
1694437202297 157.65100206039926 478
1694437202328 157.61962860486682 479
1694437202361 157.58826206165574 480
1694437202435 157.5569024291732 481
1694437202544 157.52554970582685 482
1694437202620 157.49420389002478 483
1694437202672 157.46286498017525 484
1694437202699 157.4315329746872 485
1694437202725 157.40020787196963 486
1694437202754 157.36888967043214 487
1694437202782 157.33757836848466 488
1694437202808 157.3062739645374 489
1694437202836 157.27497645700103 490
1694437202864 157.24368584428663 491
1694437202889 157.21240212480552 492
1694437202916 157.18112529696958 493
1694437202940 157.14985535919087 494
1694437202967 157.11859230988205 495
1694437202992 157.08733614745594 496
1694437203023 157.05608687032588 497
1694437203053 157.0248444769055 498
1694437203078 156.99360896560881 499
