1694442191127 172.991232386742 0
1694442191173 172.95655362523635 1
1694442191227 172.9218819789127 2
1694442191315 172.88721744629495 3
1694442191392 172.8525600259073 4
1694442191454 172.81790971627441 5
1694442191525 172.78326651592104 6
1694442191569 172.74863042337233 7
1694442191637 172.71400143715385 8
1694442191718 172.67937955579123 9
1694442191809 172.6447647778106 10
1694442191904 172.61015710173837 11
1694442191962 172.57555652610122 12
1694442192021 172.54096304942613 13
1694442192073 172.5063766702404 14
1694442192143 172.4717973870717 15
1694442192187 172.43722519844792 16
1694442192250 172.40266010289722 17
1694442192324 172.36810209894827 18
1694442192420 172.33355118512978 19
1694442192476 172.29900735997097 20
1694442192526 172.26447062200128 21
1694442192612 172.22994096975052 22
1694442192674 172.1954184017487 23
1694442192719 172.1609029165262 24
1694442192771 172.1263945126137 25
1694442192823 172.09189318854226 26
1694442192876 172.05739894284307 27
1694442192927 172.02291177404786 28
1694442192962 171.9884316806884 29
1694442193014 171.95395866129695 30
1694442193060 171.91949271440615 31
1694442193095 171.88503383854865 32
1694442193160 171.8505820322577 33
1694442193211 171.8161372940667 34
1694442193258 171.78169962250945 35
1694442193300 171.74726901611993 36
1694442193343 171.7128454734325 37
1694442193416 171.67842899298188 38
1694442193471 171.64401957330298 39
1694442193527 171.60961721293117 40
1694442193575 171.57522191040195 41
1694442193644 171.5408336642512 42
1694442193726 171.50645247301512 43
1694442193826 171.4720783352303 44
1694442193878 171.43771124943342 45
1694442193927 171.4033512141617 46
1694442193974 171.3689982279524 47
1694442194028 171.33465228934338 48
1694442194072 171.30031339687264 49
1694442194116 171.26598154907848 50
1694442194158 171.23165674449953 51
1694442194197 171.19733898167476 52
1694442194240 171.1630282591434 53
1694442194291 171.12872457544498 54
1694442194343 171.09442792911935 55
1694442194390 171.06013831870678 56
1694442194446 171.02585574274758 57
1694442194486 170.9915801997826 58
1694442194531 170.95731168835292 59
1694442194574 170.92305020699982 60
1694442194633 170.88879575426512 61
1694442194688 170.85454832869073 62
1694442194725 170.82030792881892 63
1694442194790 170.78607455319235 64
1694442194839 170.75184820035386 65
1694442194895 170.71762886884667 66
1694442194937 170.68341655721431 67
1694442194988 170.6492112640006 68
1694442195029 170.61501298774957 69
1694442195079 170.5808217270057 70
1694442195119 170.5466374803137 71
1694442195156 170.51246024621867 72
1694442195195 170.47829002326583 73
1694442195238 170.44412681000085 74
1694442195279 170.40997060496966 75
1694442195357 170.37582140671853 76
1694442195425 170.34167921379398 77
1694442195491 170.3075440247428 78
1694442195553 170.2734158381123 79
1694442195630 170.2392946524498 80
1694442195693 170.20518046630303 81
1694442195746 170.17107327822018 82
1694442195786 170.13697308674946 83
1694442195826 170.10287989043965 84
1694442195866 170.06879368783967 85
1694442195905 170.0347144774988 86
1694442195953 170.00064225796666 87
1694442196002 169.96657702779305 88
1694442196060 169.93251878552815 89
1694442196118 169.8984675297225 90
1694442196163 169.86442325892682 91
1694442196213 169.83038597169227 92
1694442196265 169.79635566657018 93
1694442196321 169.76233234211222 94
1694442196372 169.72831599687044 95
1694442196423 169.69430662939715 96
1694442196510 169.66030423824486 97
1694442196587 169.62630882196655 98
1694442196642 169.59232037911536 99
1694442196711 169.55833890824485 100
1694442196771 169.52436440790876 101
1694442196813 169.49039687666132 102
1694442196858 169.45643631305674 103
1694442196899 169.4224827156499 104
1694442196944 169.38853608299576 105
1694442196992 169.3545964136496 106
1694442197043 169.3206637061671 107
1694442197088 169.28673795910413 108
1694442197139 169.25281917101688 109
1694442197194 169.2189073404619 110
1694442197243 169.18500246599604 111
1694442197296 169.15110454617636 112
1694442197348 169.11721357956034 113
1694442197408 169.08332956470568 114
1694442197467 169.0494525001704 115
1694442197521 169.0155823845128 116
1694442197574 168.98171921629157 117
1694442197628 168.94786299406556 118
1694442197674 168.9140137163941 119
1694442197722 168.88017138183656 120
1694442197769 168.84633598895297 121
1694442197818 168.81250753630323 122
1694442197868 168.77894532854305 123
1694442197922 168.74538997910636 124
1694442197962 168.71184148657346 125
1694442198023 168.67829984952476 126
1694442198068 168.64476506654114 127
1694442198112 168.6112371362036 128
1694442198157 168.57771605709362 129
1694442198206 168.54420182779282 130
1694442198245 168.51069444688318 131
1694442198310 168.477193912947 132
1694442198378 168.4437002245668 133
1694442198425 168.41021338032556 134
1694442198476 168.3767333788063 135
1694442198528 168.34326021859258 136
1694442198583 168.30979389826805 137
1694442198661 168.27633441641686 138
1694442198720 168.24288177162327 139
1694442198778 168.20943596247196 140
1694442198817 168.1759969875479 141
1694442198879 168.14256484543623 142
1694442198943 168.10913953472254 143
1694442198992 168.07572105399257 144
1694442199031 168.04230940183248 145
1694442199097 168.00890457682868 146
1694442199147 167.9755065775679 147
1694442199184 167.94211540263709 148
1694442199246 167.90873105062352 149
1694442199302 167.8753535201148 150
1694442199347 167.8419828096988 151
1694442199397 167.80861891796374 152
1694442199440 167.77526184349804 153
1694442199487 167.74191158489043 154
1694442199533 167.70856814073005 155
1694442199593 167.67523150960616 156
1694442199638 167.64190169010848 157
1694442199681 167.6085786808269 158
1694442199735 167.57526248035168 159
1694442199786 167.54195308727333 160
1694442199827 167.50865050018268 161
1694442199887 167.47535471767085 162
1694442199936 167.44206573832918 163
1694442199989 167.4087835607494 164
1694442200035 167.3755081835236 165
1694442200075 167.342239605244 166
1694442200126 167.3089778245031 167
1694442200175 167.27572283989392 168
1694442200224 167.24247465000948 169
1694442200263 167.20923325344341 170
1694442200307 167.17599864878926 171
1694442200387 167.14277083464125 172
1694442200445 167.1095498095937 173
1694442200492 167.07633557224113 174
1694442200536 167.04312812117854 175
1694442200585 167.00992745500116 176
1694442200630 166.97673357230448 177
1694442200673 166.94354647168433 178
1694442200713 166.91036615173675 179
1694442200762 166.87719261105823 180
1694442200803 166.8440258482453 181
1694442200841 166.81086586189514 182
1694442200890 166.7777126506048 183
1694442200928 166.74456621297202 184
1694442200996 166.71142654759453 185
1694442201037 166.6782936530705 186
1694442201074 166.64516752799844 187
1694442201110 166.61204817097698 188
1694442201202 166.57893558060522 189
1694442201240 166.54582975548243 190
1694442201286 166.51273069420822 191
1694442201336 166.47963839538247 192
1694442201394 166.44655285760538 193
1694442201456 166.41347407947748 194
1694442201507 166.38040205959953 195
1694442201571 166.3473367965725 196
1694442201629 166.31427828899783 197
1694442201681 166.28122653547715 198
1694442201730 166.2481815346124 199
1694442201785 166.2151432850058 200
1694442201835 166.1821117852599 201
1694442201877 166.1490870339775 202
1694442201929 166.11606902976166 203
1694442201983 166.08305777121583 204
1694442202039 166.05005325694367 205
1694442202092 166.01705548554915 206
1694442202143 165.9840644556366 207
1694442202235 165.95108016581045 208
1694442202279 165.91810261467566 209
1694442202338 165.88513180083737 210
1694442202408 165.85216772290096 211
1694442202472 165.81921037947222 212
1694442202510 165.78625976915706 213
1694442202569 165.75331589056185 214
1694442202622 165.7203787422932 215
1694442202663 165.68744832295792 216
1694442202706 165.65452463116324 217
1694442202744 165.6216076655167 218
1694442202780 165.5886974246259 219
1694442202822 165.555793907099 220
1694442202859 165.52289711154424 221
1694442202895 165.4900070365704 222
1694442202935 165.45712368078617 223
1694442202977 165.424247042801 224
1694442203075 165.3913771212242 225
1694442203143 165.35851391466565 226
1694442203205 165.32565742173537 227
1694442203254 165.2928076410438 228
1694442203318 165.25996457120152 229
1694442203378 165.2271282108195 230
1694442203429 165.19429855850902 231
1694442203505 165.1614756128815 232
1694442203558 165.12865937254884 233
1694442203606 165.09584983612314 234
1694442203658 165.06304700221673 235
1694442203709 165.0302508694424 236
1694442203762 164.997461436413 237
1694442203820 164.9646787017418 238
1694442203892 164.93190266404244 239
1694442203977 164.89913332192867 240
1694442204045 164.86637067401466 241
1694442204106 164.8336147189148 242
1694442204155 164.8008654552438 243
1694442204278 164.7681228816167 244
1694442204335 164.73538699664869 245
1694442204388 164.70265779895539 246
1694442204459 164.66993528715273 247
1694442204496 164.6372194598567 248
1694442204544 164.60451031568383 249
1694442204596 164.57180785325085 250
1694442204641 164.53911207117477 251
1694442204683 164.50642296807283 252
1694442204726 164.47374054256272 253
1694442204787 164.44106479326223 254
1694442204859 164.40839571878954 255
1694442204911 164.37573331776312 256
1694442204947 164.34307758880172 257
1694442204995 164.31042853052438 258
1694442205061 164.27778614155037 259
1694442205141 164.2451504204993 260
1694442205195 164.21252136599108 261
1694442205240 164.1798989766459 262
1694442205290 164.1472832510842 263
1694442205343 164.11467418792674 264
1694442205395 164.08207178579462 265
1694442205461 164.04947604330906 266
1694442205558 164.01688695909175 267
1694442205639 163.98430453176462 268
1694442205725 163.95172875994982 269
1694442205764 163.9191596422698 270
1694442205805 163.88659717734737 271
1694442205855 163.8540413638056 272
1694442205900 163.82149220026776 273
1694442205940 163.7889496853575 274
1694442205988 163.7564138176988 275
1694442206029 163.72388459591576 276
1694442206074 163.69136201863296 277
1694442206112 163.65884608447513 278
1694442206154 163.62633679206732 279
1694442206200 163.59383414003491 280
1694442206253 163.56133812700352 281
1694442206294 163.528848751599 282
1694442206336 163.49636601244765 283
1694442206371 163.46388990817596 284
1694442206411 163.43142043741068 285
1694442206455 163.39895759877888 286
1694442206497 163.3665013909079 287
1694442206547 163.3340518124254 288
1694442206604 163.30160886195924 289
1694442206663 163.26917253813775 290
1694442206728 163.23674283958934 291
1694442206780 163.2043197649428 292
1694442206838 163.1719033128272 293
1694442206893 163.1394934818719 294
1694442206941 163.10709027070655 295
1694442206998 163.07469367796102 296
1694442207044 163.04230370226563 297
1694442207102 163.00992034225072 298
1694442207178 162.97754359654724 299
1694442207269 162.94517346378612 300
1694442207335 162.91280994259878 301
1694442207435 162.88045303161687 302
1694442207505 162.8481027294723 303
1694442207581 162.8157590347972 304
1694442207643 162.78342194622417 305
1694442207723 162.75109146238592 306
1694442207769 162.71876758191553 307
1694442207810 162.68645030344638 308
1694442207857 162.65413962561206 309
1694442207900 162.6218355470465 310
1694442207945 162.58953806638388 311
1694442207994 162.55724718225872 312
1694442208044 162.5249628933058 313
1694442208103 162.49268519816016 314
1694442208178 162.4604140954571 315
1694442208225 162.42814958383232 316
1694442208278 162.39589166192167 317
1694442208327 162.36364032836133 318
1694442208369 162.33139558178783 319
1694442208405 162.29915742083793 320
1694442208453 162.2669258441487 321
1694442208493 162.2347008503573 322
1694442208531 162.20248243810153 323
1694442208570 162.17027060601924 324
1694442208608 162.13806535274855 325
1694442208643 162.10586667692806 326
1694442208688 162.07367457719639 327
1694442208745 162.04148905219262 328
1694442208805 162.00931010055604 329
1694442208890 161.9771377209263 330
1694442208946 161.94497191194324 331
1694442209020 161.91281267224704 332
1694442209062 161.88066000047814 333
1694442209108 161.84851389527734 334
1694442209146 161.81637435528557 335
1694442209194 161.78424137914413 336
1694442209234 161.7521149654947 337
1694442209277 161.71999511297906 338
1694442209326 161.6878818202394 339
1694442209377 161.65577508591815 340
1694442209423 161.623674908658 341
1694442209468 161.59158128710197 342
1694442209507 161.55949421989334 343
1694442209559 161.52741370567563 344
1694442209624 161.49533974309273 345
1694442209666 161.46327233078884 346
1694442209718 161.43121146740822 347
1694442209759 161.39915715159566 348
1694442209795 161.36710938199613 349
1694442209830 161.33506815725494 350
1694442209877 161.30303347601748 351
1694442209923 161.27100533692968 352
1694442209961 161.2389837386377 353
1694442210004 161.20696867978782 354
1694442210045 161.17496015902677 355
1694442210103 161.14295817500147 356
1694442210139 161.1109627263592 357
1694442210201 161.07897381174743 358
1694442210239 161.04699142981394 359
1694442210276 161.0150155792069 360
1694442210321 160.9830462585746 361
1694442210371 160.9510834665657 362
1694442210419 160.91912720182916 363
1694442210487 160.88717746301413 364
1694442210528 160.8552342487701 365
1694442210568 160.82329755774694 366
1694442210606 160.79136738859458 367
1694442210641 160.75944373996342 368
1694442210685 160.72752661050407 369
1694442210718 160.6956159988674 370
1694442210759 160.66371190370458 371
1694442210793 160.63181432366707 372
1694442210827 160.59992325740666 373
1694442210871 160.56803870357535 374
1694442210908 160.5361606608254 375
1694442210944 160.50428912780947 376
1694442210981 160.4724241031803 377
1694442211012 160.44056558559114 378
1694442211044 160.40871357369537 379
1694442211077 160.37686806614673 380
1694442211118 160.34502906159918 381
1694442211157 160.31319655870695 382
1694442211197 160.28137055612464 383
1694442211233 160.24955105250703 384
1694442211270 160.2177380465093 385
1694442211304 160.1859315367868 386
1694442211347 160.15413152199517 387
1694442211390 160.12233800079036 388
1694442211428 160.09055097182863 389
1694442211459 160.0587704337665 390
1694442211490 160.02699638526073 391
1694442211523 159.9952288249684 392
1694442211561 159.9634677515468 393
1694442211592 159.93171316365365 394
1694442211628 159.8999650599468 395
1694442211672 159.86822343908446 396
1694442211709 159.83648829972506 397
1694442211744 159.8047596405274 398
1694442211788 159.7730374601505 399
1694442211821 159.74132175725362 400
1694442211860 159.7096125304964 401
1694442211896 159.67790977853863 402
1694442211944 159.64621350004052 403
1694442211988 159.61452369366248 404
1694442212030 159.58284035806517 405
1694442212072 159.55116349190965 406
1694442212112 159.5194930938571 407
1694442212151 159.48782916256914 408
1694442212189 159.45617169670751 409
1694442212230 159.42452069493433 410
1694442212269 159.392876155912 411
1694442212308 159.36123807830316 412
1694442212347 159.32960646077075 413
1694442212391 159.297981301978 414
1694442212438 159.26636260058837 415
1694442212474 159.23475035526556 416
1694442212508 159.20314456467378 417
1694442212544 159.17154522747725 418
1694442212575 159.13995234234056 419
1694442212610 159.10836590792866 420
1694442212645 159.07678592290665 421
1694442212687 159.04521238594006 422
1694442212727 159.01364529569446 423
1694442212774 158.98208465083596 424
1694442212810 158.95053045003084 425
1694442212842 158.91898269194556 426
1694442212878 158.887441375247 427
1694442212919 158.85590649860234 428
1694442212957 158.82437806067887 429
1694442213008 158.79285606014423 430
1694442213047 158.76134049566642 431
1694442213093 158.7298313659137 432
1694442213137 158.69832866955446 433
1694442213172 158.66683240525757 434
1694442213206 158.635342571692 435
1694442213237 158.6038591675271 436
1694442213272 158.57238219143252 437
1694442213303 158.5409116420781 438
1694442213339 158.509447518134 439
1694442213379 158.4779898182707 440
1694442213421 158.44653854115882 441
1694442213456 158.41509368546946 442
1694442213491 158.38365524987384 443
1694442213528 158.3522232330435 444
1694442213573 158.32079763365024 445
1694442213611 158.2893784503662 446
1694442213652 158.25796568186377 447
1694442213689 158.22655932681553 448
1694442213724 158.19515938389446 449
1694442213760 158.16376585177372 450
1694442213796 158.13237872912686 451
1694442213837 158.10099801462763 452
1694442213877 158.06962370695 453
1694442213914 158.03825580476834 454
1694442213959 158.0068943067572 455
1694442214025 157.9755392115915 456
1694442214062 157.9441905179463 457
1694442214112 157.91284822449705 458
1694442214160 157.8815123299195 459
1694442214207 157.8501828328895 460
1694442214241 157.81885973208338 461
1694442214277 157.78754302617762 462
1694442214310 157.75623271384904 463
1694442214353 157.72492879377475 464
1694442214392 157.69363126463196 465
1694442214427 157.66234012509847 466
1694442214460 157.631055373852 467
1694442214504 157.5997770095709 468
1694442214545 157.56850503093347 469
1694442214592 157.5372394366185 470
1694442214639 157.50598022530502 471
1694442214675 157.47472739567223 472
1694442214725 157.44348094639972 473
1694442214759 157.41224087616735 474
1694442214803 157.38100718365516 475
1694442214846 157.34977986754356 476
1694442214889 157.3185589265132 477
1694442214930 157.28734435924494 478
1694442214964 157.2561361644201 479
1694442215002 157.22493434072007 480
1694442215037 157.1937388868266 481
1694442215071 157.1625498014218 482
1694442215105 157.13136708318785 483
1694442215141 157.10019073080738 484
1694442215176 157.0690207429633 485
1694442215208 157.0378571183386 486
1694442215243 157.0066998556168 487
1694442215279 156.9755489534815 488
1694442215313 156.94440441061667 489
1694442215355 156.91326622570654 490
1694442215395 156.88213439743555 491
1694442215438 156.85100892448855 492
1694442215472 156.8198898055505 493
1694442215503 156.78877703930684 494
1694442215536 156.75767062444302 495
1694442215569 156.72657055964498 496
1694442215605 156.69547684359884 497
1694442215638 156.66438947499103 498
1694442215670 156.6333084525082 499
