1694442191137 -0.0012560694582026688 0
1694442191185 -0.0012559571650667678 1
1694442191246 -0.0012558448155142177 2
1694442191357 -0.0012557324095301414 3
1694442191406 -0.00125561994709944 4
1694442191474 -0.0012555074282072365 5
1694442191537 -0.001255394852839542 6
1694442191578 -0.0012552822209808134 7
1694442191660 -0.001255169532617062 8
1694442191727 -0.0012550567877327445 9
1694442191839 -0.001254943986312984 10
1694442191913 -0.0012548311283440139 11
1694442191974 -0.0012547182138100688 12
1694442192036 -0.00125460524269716 13
1694442192086 -0.0012544922149895221 14
1694442192153 -0.0012543791306729446 15
1694442192204 -0.0012542659897321062 16
1694442192264 -0.0012541527921530182 17
1694442192355 -0.0012540395379205815 18
1694442192431 -0.001253926227019475 19
1694442192487 -0.00125381285943571 20
1694442192539 -0.0012536994351537434 21
1694442192627 -0.00125358595415892 22
1694442192684 -0.0012534724164368072 23
1694442192729 -0.0012533588219723057 24
1694442192785 -0.0012532451707503167 25
1694442192831 -0.0012531314627570733 26
1694442192896 -0.0012530176979754781 27
1694442192937 -0.0012529038763930966 28
1694442192977 -0.0012527899979937196 29
1694442193029 -0.0012526760627631361 30
1694442193068 -0.0012525620706864693 31
1694442193112 -0.001252448021748176 32
1694442193169 -0.0012523339159340452 33
1694442193222 -0.001252219753228978 34
1694442193269 -0.0012521055336185416 35
1694442193311 -0.0012519912570871927 36
1694442193369 -0.0012518769236202765 37
1694442193441 -0.0012517625332029159 38
1694442193480 -0.001251648085820678 39
1694442193543 -0.0012515335814580197 40
1694442193592 -0.0012514190201005082 41
1694442193651 -0.0012513044017334884 42
1694442193751 -0.0012511897263409733 43
1694442193836 -0.001251074993909418 44
1694442193888 -0.0012509602044228352 45
1694442193938 -0.0012508453578672363 46
1694442193984 -0.001250730454227078 47
1694442194040 -0.0012506154934874836 48
1694442194083 -0.00125050047563402 49
1694442194129 -0.001250385400651144 50
1694442194169 -0.0012502702685246447 51
1694442194209 -0.0012501550792389793 52
1694442194251 -0.0012500398327794926 53
1694442194301 -0.0012499245291313077 54
1694442194352 -0.0012498091682791035 55
1694442194400 -0.0012496937502088912 56
1694442194455 -0.0012495782749049056 57
1694442194499 -0.0012494627423520477 58
1694442194543 -0.0012493471525365507 59
1694442194583 -0.0012492315054422054 60
1694442194644 -0.0012491158010545789 61
1694442194697 -0.0012490000393587941 62
1694442194740 -0.001248884220339752 63
1694442194800 -0.0012487683439823538 64
1694442194852 -0.0012486524102719443 65
1694442194905 -0.0012485364191936466 66
1694442194945 -0.0012484203707321395 67
1694442194996 -0.0012483042648727682 68
1694442195038 -0.0012481881015999896 69
1694442195087 -0.0012480718808993707 70
1694442195127 -0.0012479556027560346 71
1694442195165 -0.0012478392671548821 72
1694442195204 -0.0012477228740808144 73
1694442195246 -0.0012476064235185103 74
1694442195295 -0.0012474899154533148 75
1694442195379 -0.001247373349870573 76
1694442195452 -0.0012472567267547419 77
1694442195501 -0.0012471400460909443 78
1694442195576 -0.0012470233078647475 79
1694442195643 -0.0012469065120603862 80
1694442195706 -0.0012467896586632055 81
1694442195754 -0.0012466727476581063 82
1694442195796 -0.0012465557790297677 83
1694442195836 -0.0012464387527637566 84
1694442195876 -0.001246321668844974 85
1694442195913 -0.001246204527257877 86
1694442195961 -0.0012460873279882545 87
1694442196011 -0.0012459700710207855 88
1694442196079 -0.0012458527563390387 89
1694442196127 -0.0012457353839301355 90
1694442196173 -0.0012456179537778667 91
1694442196224 -0.0012455004658675772 92
1694442196275 -0.0012453829201841682 93
1694442196330 -0.0012452653167118743 94
1694442196387 -0.0012451476554364849 95
1694442196452 -0.0012450299363429007 96
1694442196523 -0.0012449121594160228 97
1694442196607 -0.0012447943246403081 98
1694442196654 -0.0012446764320011017 99
1694442196723 -0.0012445584814833044 100
1694442196780 -0.0012444404730715952 101
1694442196825 -0.0012443224067515413 102
1694442196870 -0.0012442042825073774 103
1694442196910 -0.0012440861003240045 104
1694442196955 -0.0012439678601872117 105
1694442197011 -0.001243849562081456 106
1694442197053 -0.0012437312059905281 107
1694442197097 -0.0012436127919006612 108
1694442197156 -0.0012434943197963122 109
1694442197211 -0.001243375789662382 110
1694442197261 -0.0012432572014842158 111
1694442197313 -0.0012431385552462704 112
1694442197371 -0.0012430198509334467 113
1694442197415 -0.001242901088531534 114
1694442197480 -0.0012427822680232126 115
1694442197530 -0.00124266338939516 116
1694442197580 -0.001242544452632055 117
1694442197638 -0.0012424254577181326 118
1694442197685 -0.0012423064046391818 119
1694442197729 -0.0012421872933794376 120
1694442197778 -0.0012420681239240228 121
1694442197826 -0.0012419488962571723 122
1694442197876 -0.0012418277000914024 123
1694442197933 -0.0012417064458958293 124
1694442197973 -0.001241585133655354 125
1694442198030 -0.0012414637633548775 126
1694442198076 -0.001241342334980633 127
1694442198125 -0.0012412208485166332 128
1694442198166 -0.0012410993039491114 129
1694442198215 -0.0012409777012618584 130
1694442198261 -0.0012408560404408853 131
1694442198320 -0.0012407343214715372 132
1694442198392 -0.001240612544338493 133
1694442198434 -0.0012404907090273198 134
1694442198486 -0.0012403688155224746 135
1694442198540 -0.0012402468638099684 136
1694442198604 -0.0012401248538740361 137
1694442198685 -0.001240002785700689 138
1694442198737 -0.0012398806592746059 139
1694442198786 -0.0012397584745804657 140
1694442198826 -0.0012396362316045018 141
1694442198891 -0.0012395139303307268 142
1694442198952 -0.001239391570745152 143
1694442198999 -0.0012392691528320121 144
1694442199043 -0.0012391466765770964 145
1694442199116 -0.001239024141965528 146
1694442199156 -0.0012389015489817634 147
1694442199203 -0.0012387788976118141 148
1694442199272 -0.0012386561878396929 149
1694442199312 -0.001238533419651855 150
1694442199365 -0.001238410593031647 151
1694442199407 -0.0012382877079661903 152
1694442199450 -0.0012381647644390537 153
1694442199496 -0.0012380417624355822 154
1694442199555 -0.001237918701941343 155
1694442199603 -0.0012377955829407927 156
1694442199646 -0.0012376724054194987 157
1694442199692 -0.001237549169362584 158
1694442199744 -0.0012374258747547273 159
1694442199793 -0.0012373025215812739 160
1694442199837 -0.0012371791098273466 161
1694442199897 -0.0012370556394778465 162
1694442199945 -0.0012369321105178965 163
1694442199998 -0.0012368085229317316 164
1694442200043 -0.001236684876706029 165
1694442200083 -0.0012365611718245795 166
1694442200137 -0.0012364374082731722 167
1694442200184 -0.001236313586036042 168
1694442200234 -0.0012361897050989779 169
1694442200277 -0.001236065765446659 170
1694442200327 -0.001235941767063764 171
1694442200407 -0.0012358177099363044 172
1694442200457 -0.0012356935940485148 173
1694442200502 -0.0012355694193861844 174
1694442200552 -0.001235445185933326 175
1694442200597 -0.0012353208936757287 176
1694442200639 -0.0012351965425971834 177
1694442200684 -0.0012350721326843672 178
1694442200722 -0.001234947663921071 179
1694442200773 -0.001234823136293306 180
1694442200811 -0.001234698549785307 181
1694442200854 -0.0012345739043824189 182
1694442200898 -0.0012344492000693208 183
1694442200939 -0.0012343244368315798 184
1694442201006 -0.0012341996146534306 185
1694442201047 -0.0012340747335204405 186
1694442201082 -0.0012339497934177324 187
1694442201120 -0.001233824794328875 188
1694442201211 -0.0012336997362405455 189
1694442201254 -0.001233574619137201 190
1694442201295 -0.0012334494430037424 191
1694442201347 -0.0012333242078250706 192
1694442201407 -0.0012331989135858645 193
1694442201470 -0.0012330735602716913 194
1694442201519 -0.001232948147867674 195
1694442201579 -0.0012328226763573813 196
1694442201642 -0.0012326971457272684 197
1694442201692 -0.0012325715559615702 198
1694442201756 -0.0012324459070454097 199
1694442201796 -0.0012323201989639099 200
1694442201846 -0.0012321944317015276 201
1694442201887 -0.001232068605243608 202
1694442201939 -0.00123194271957483 203
1694442201991 -0.0012318167746805386 204
1694442202055 -0.0012316907705454128 205
1694442202099 -0.0012315647071545754 206
1694442202174 -0.0012314385844918174 207
1694442202242 -0.0012313124025431499 208
1694442202293 -0.0012311861612936958 209
1694442202346 -0.0012310598607279122 210
1694442202415 -0.0012309335008306999 211
1694442202479 -0.001230807081587404 212
1694442202521 -0.0012306806029818151 213
1694442202578 -0.0012305540650001667 214
1694442202631 -0.0012304274676264715 215
1694442202675 -0.0012303008108460745 216
1694442202716 -0.0012301740946434325 217
1694442202754 -0.0012300473190043348 218
1694442202790 -0.0012299204839127942 219
1694442202829 -0.0012297935893537115 220
1694442202868 -0.0012296666353122099 221
1694442202905 -0.0012295396217736343 222
1694442202945 -0.0012294125487217755 223
1694442202993 -0.0012292854161428668 224
1694442203097 -0.0012291582240202548 225
1694442203175 -0.0012290309723397286 226
1694442203217 -0.0012289036610861892 227
1694442203267 -0.0012287762902445376 228
1694442203328 -0.0012286488597990086 229
1694442203387 -0.0012285213697349473 230
1694442203451 -0.0012283938200370326 231
1694442203515 -0.0012282662106901654 232
1694442203568 -0.0012281385416792467 233
1694442203617 -0.0012280108129893996 234
1694442203668 -0.0012278830246046368 235
1694442203720 -0.0012277551765107475 236
1694442203777 -0.0012276272686921885 237
1694442203836 -0.0012274993011329727 238
1694442203918 -0.0012273712738191112 239
1694442203997 -0.001227243186735505 240
1694442204056 -0.0012271150398650565 241
1694442204117 -0.0012269868331948874 242
1694442204163 -0.0012268585667087883 243
1694442204285 -0.0012267302403916602 244
1694442204345 -0.00122660185422796 245
1694442204397 -0.0012264734082030326 246
1694442204468 -0.0012263449023020012 247
1694442204504 -0.0012262163365086565 248
1694442204558 -0.0012260877108078994 249
1694442204608 -0.001225959025185741 250
1694442204650 -0.0012258302796257503 251
1694442204692 -0.0012257014741134942 252
1694442204734 -0.0012255726086323193 253
1694442204797 -0.001225443683168903 254
1694442204871 -0.0012253146977070362 255
1694442204920 -0.0012251856522313975 256
1694442204956 -0.0012250565467271102 257
1694442205018 -0.001224927381178853 258
1694442205083 -0.001224798155571305 259
1694442205151 -0.001224668869889145 260
1694442205211 -0.0012245395241174961 261
1694442205249 -0.001224410118240371 262
1694442205309 -0.001224280652243559 263
1694442205353 -0.0012241511261110727 264
1694442205410 -0.0012240215398280352 265
1694442205507 -0.0012238918933784593 266
1694442205574 -0.0012237621867483561 267
1694442205659 -0.0012236324199208504 268
1694442205736 -0.0012235025928821752 269
1694442205774 -0.0012233727056161214 270
1694442205818 -0.001223242758108034 271
1694442205866 -0.00122311275034237 272
1694442205911 -0.001222982682303586 273
1694442205949 -0.0012228525539763613 274
1694442205997 -0.0012227223653460406 275
1694442206040 -0.001222592116396859 276
1694442206081 -0.0012224618071134952 277
1694442206122 -0.0012223314374810723 278
1694442206163 -0.0012222010074840473 279
1694442206209 -0.001222070517107543 280
1694442206261 -0.0012219399663344621 281
1694442206301 -0.001221809355151482 282
1694442206343 -0.0012216786835423932 283
1694442206379 -0.001221547951492541 284
1694442206425 -0.00122141715898616 285
1694442206462 -0.0012212863060077073 286
1694442206508 -0.0012211553925427499 287
1694442206558 -0.0012210244185748564 288
1694442206616 -0.001220893384088928 289
1694442206677 -0.0012207622890703096 290
1694442206737 -0.001220631133503014 291
1694442206796 -0.0012204999173717201 292
1694442206852 -0.001220368640661551 293
1694442206904 -0.0012202373033567415 294
1694442206951 -0.0012201059054421926 295
1694442207007 -0.001219974446902361 296
1694442207054 -0.001219842927722592 297
1694442207112 -0.00121971134788601 298
1694442207199 -0.0012195797073790704 299
1694442207289 -0.0012194480061844537 300
1694442207359 -0.0012193162442883931 301
1694442207454 -0.0012191844216751235 302
1694442207529 -0.0012190525383291018 303
1694442207600 -0.0012189205942345627 304
1694442207670 -0.0012187885893768513 305
1694442207734 -0.0012186565237402025 306
1694442207777 -0.0012185243973092952 307
1694442207822 -0.0012183922100690303 308
1694442207867 -0.0012182599620029766 309
1694442207908 -0.0012181276530971452 310
1694442207957 -0.001217995283335327 311
1694442208002 -0.0012178628527022006 312
1694442208055 -0.0012177303611824453 313
1694442208116 -0.0012175978087609618 314
1694442208189 -0.001217465195421763 315
1694442208235 -0.0012173325211495278 316
1694442208289 -0.0012171997859291572 317
1694442208338 -0.001217066989745108 318
1694442208377 -0.0012169341325820593 319
1694442208413 -0.0012168012144242457 320
1694442208462 -0.0012166682352567904 321
1694442208503 -0.001216535195063706 322
1694442208540 -0.0012164020938296716 323
1694442208579 -0.001216268931539366 324
1694442208617 -0.0012161357081774682 325
1694442208652 -0.001216002423728213 326
1694442208696 -0.0012158690781765014 327
1694442208755 -0.0012157356715067902 328
1694442208820 -0.0012156022037039804 329
1694442208903 -0.0012154686747509746 330
1694442208979 -0.0012153350846344502 331
1694442209029 -0.0012152014333377537 332
1694442209078 -0.001215067720845564 333
1694442209117 -0.0012149339471430043 334
1694442209157 -0.0012148001122138652 335
1694442209205 -0.0012146662160426036 336
1694442209243 -0.0012145322586145646 337
1694442209287 -0.001214398239914205 338
1694442209334 -0.0012142641599242054 339
1694442209396 -0.0012141300186316872 340
1694442209433 -0.001213995816019331 341
1694442209478 -0.0012138615520727036 342
1694442209522 -0.001213727226775596 343
1694442209572 -0.0012135928401129092 344
1694442209636 -0.001213458392068656 345
1694442209677 -0.0012133238826281811 346
1694442209726 -0.0012131893117754977 347
1694442209768 -0.0012130546794948405 348
1694442209803 -0.0012129199857708883 349
1694442209840 -0.0012127852305885423 350
1694442209895 -0.001212650413931371 351
1694442209930 -0.0012125155357844974 352
1694442209969 -0.0012123805961326006 353
1694442210013 -0.0012122455949594713 354
1694442210068 -0.0012121105322504544 355
1694442210112 -0.0012119754079891187 356
1694442210160 -0.0012118402221603652 357
1694442210209 -0.0012117049747484288 358
1694442210246 -0.0012115696657379882 359
1694442210285 -0.0012114342951135004 360
1694442210329 -0.0012112988628589783 361
1694442210388 -0.0012111633689595447 362
1694442210427 -0.0012110278134001007 363
1694442210495 -0.0012108921961626606 364
1694442210539 -0.0012107565172339019 365
1694442210577 -0.0012106207765978372 366
1694442210613 -0.0012104849742384793 367
1694442210650 -0.0012103491101405073 368
1694442210691 -0.0012102131842886 369
1694442210725 -0.00121007719666677 370
1694442210767 -0.0012099411472592525 371
1694442210802 -0.0012098050360507262 372
1694442210838 -0.0012096688630260921 373
1694442210879 -0.001209532628169585 374
1694442210916 -0.0012093963314641076 375
1694442210954 -0.001209259972896115 376
1694442210989 -0.00120912355244851 377
1694442211020 -0.0012089870701070815 378
1694442211052 -0.0012088505258549542 379
1694442211087 -0.0012087139196772512 380
1694442211126 -0.0012085772515584292 381
1694442211164 -0.001208440521481835 382
1694442211206 -0.0012083037294330357 383
1694442211242 -0.0012081668753955999 384
1694442211278 -0.0012080299593544286 385
1694442211313 -0.0012078929812946448 386
1694442211358 -0.001207755941198041 387
1694442211398 -0.0012076188390512943 388
1694442211436 -0.0012074816748379735 389
1694442211467 -0.0012073444485427576 390
1694442211498 -0.0012072071601498813 391
1694442211531 -0.0012070698096435795 392
1694442211569 -0.001206932397007865 393
1694442211603 -0.0012067949222274166 394
1694442211640 -0.0012066573852869134 395
1694442211684 -0.001206519786170368 396
1694442211716 -0.0012063821248620155 397
1694442211755 -0.0012062444013460905 398
1694442211795 -0.001206106615607494 399
1694442211831 -0.0012059687676295727 400
1694442211870 -0.0012058308573978938 401
1694442211904 -0.0012056928848953596 402
1694442211956 -0.0012055548501077595 403
1694442211995 -0.0012054167530188842 404
1694442212040 -0.0012052785936116361 405
1694442212080 -0.0012051403718722487 406
1694442212123 -0.0012050020877842904 407
1694442212158 -0.0012048637413324403 408
1694442212196 -0.001204725332500045 409
1694442212241 -0.0012045868612722277 410
1694442212277 -0.0012044483276327789 411
1694442212321 -0.0012043097315663776 412
1694442212360 -0.0012041710730574806 413
1694442212401 -0.0012040323520898788 414
1694442212447 -0.001203893568647807 415
1694442212483 -0.001203754722715722 416
1694442212517 -0.0012036158142780806 417
1694442212552 -0.00120347684331934 418
1694442212584 -0.0012033378098226244 419
1694442212618 -0.0012031987137741673 420
1694442212655 -0.001203059555155539 421
1694442212696 -0.0012029203339536387 422
1694442212738 -0.001202781050150925 423
1694442212782 -0.001202641703732521 424
1694442212819 -0.0012025022946824393 425
1694442212852 -0.0012023628229851369 426
1694442212888 -0.0012022232886241824 427
1694442212925 -0.001202083691584921 428
1694442212968 -0.001201944031850255 429
1694442213014 -0.0012018043094055297 430
1694442213060 -0.0012016645242343138 431
1694442213105 -0.0012015246763212861 432
1694442213147 -0.0012013847656502374 433
1694442213179 -0.0012012447922056246 434
1694442213212 -0.0012011047559714605 435
1694442213244 -0.001200964656932424 436
1694442213279 -0.0012008244950723057 437
1694442213311 -0.0012006842703753406 438
1694442213346 -0.0012005439828259856 439
1694442213387 -0.0012004036324078093 440
1694442213428 -0.001200263219106379 441
1694442213464 -0.0012001227429037087 442
1694442213500 -0.0011999822037858099 443
1694442213540 -0.0011998416017362512 444
1694442213584 -0.0011997009367392675 445
1694442213623 -0.0011995602087788715 446
1694442213659 -0.0011994194178397422 447
1694442213695 -0.0011992785639056702 448
1694442213735 -0.0011991376469604464 449
1694442213769 -0.0011989966669887497 450
1694442213804 -0.0011988556239745929 451
1694442213845 -0.0011987145179024328 452
1694442213885 -0.0011985733487560601 453
1694442213923 -0.0011984321165197098 454
1694442213985 -0.0011982908211773946 455
1694442214035 -0.0011981494627137934 456
1694442214075 -0.001198008041112697 457
1694442214126 -0.001197866556357674 458
1694442214173 -0.0011977250084340696 459
1694442214214 -0.0011975833973247862 460
1694442214248 -0.001197441723015169 461
1694442214286 -0.0011972999854878985 462
1694442214317 -0.0011971581847283197 463
1694442214361 -0.0011970163207204454 464
1694442214401 -0.0011968743934478443 465
1694442214434 -0.0011967324028947512 466
1694442214473 -0.001196590349045179 467
1694442214520 -0.0011964482318835845 468
1694442214557 -0.0011963060513942025 469
1694442214601 -0.0011961638075608239 470
1694442214645 -0.0011960215003676833 471
1694442214688 -0.0011958791297985716 472
1694442214732 -0.0011957366958377236 473
1694442214767 -0.0011955941984695961 474
1694442214813 -0.001195451637677758 475
1694442214856 -0.001195309013446666 476
1694442214898 -0.0011951663257601108 477
1694442214940 -0.0011950235746021054 478
1694442214975 -0.0011948807599573286 479
1694442215011 -0.001194737881809349 480
1694442215044 -0.0011945949401424016 481
1694442215079 -0.0011944519349402771 482
1694442215113 -0.0011943088661872103 483
1694442215149 -0.001194165733867436 484
1694442215185 -0.0011940225379651892 485
1694442215214 -0.0011938792784638164 486
1694442215254 -0.0011937359553477744 487
1694442215289 -0.0011935925686008542 488
1694442215322 -0.0011934491182077345 489
1694442215364 -0.001193305604151984 490
1694442215404 -0.0011931620264171716 491
1694442215446 -0.0011930183849884202 492
1694442215480 -0.0011928746798486323 493
1694442215510 -0.001192730910982931 494
1694442215544 -0.0011925870783746628 495
1694442215576 -0.0011924431820078407 496
1694442215612 -0.0011922992218666995 497
1694442215646 -0.0011921551979348077 498
1694442215676 -0.0011920111101970665 499
