1694444064367 79.47150455828384 0
1694444064674 40.467009983236046 1
1694444064951 22.256514538724606 2
1694444065234 8.808749546000232 3
1694444065516 5.317471499530725 4
1694444065806 4.4201286093807255 5
1694444066113 2.9179694758900165 6
1694444066404 0.6108778714134675 7
1694444066684 1.237187238450767 8
1694444066969 1.3900364576938544 9
1694444067259 0.015866419552242886 10
1694444067547 0.7899836999209118 11
1694444067821 0.1600818951502685 12
1694444068114 0.6025326847730067 13
1694444068412 0.24102560192941275 14
1694444068738 0.7293787806543451 15
1694444069024 0.18894084994331628 16
1694444069322 0.6350976707280774 17
1694444069606 0.06600237801163171 18
1694444069925 0.13426974707170727 19
1694444070219 0.8432807640425005 20
1694444070526 1.0492818033143407 21
1694444070856 0.3094147635514358 22
1694444071131 0.9538564503979126 23
1694444071420 0.28350155648487874 24
1694444071753 0.005148278465174806 25
1694444072033 0.1992865458781328 26
1694444072337 0.001041724690921711 27
