1694438904960 180.97857798225405 0
1694438904990 182.14614551260465 1
1694438905022 179.75495191400248 2
1694438905052 177.5956901375563 3
1694438905081 175.85488916647472 4
1694438905111 174.17778884239482 5
1694438905145 173.76492996797154 6
1694438905188 169.8211157070521 7
1694438905220 170.17393931581802 8
1694438905262 169.0529314808338 9
1694438905298 168.69296233292587 10
1694438905335 167.38767796556945 11
1694438905367 163.18003394671598 12
1694438905397 164.65685176657658 13
1694438905428 162.62783670817987 14
1694438905461 160.05052507899504 15
1694438905490 157.96309157399727 16
1694438905520 158.96830066038072 17
1694438905550 156.16204855552127 18
1694438905579 156.64575078220898 19
1694438905609 154.7144597690731 20
1694438905640 152.82512429347037 21
1694438905668 152.55889440361418 22
1694438905708 151.9738314392603 23
1694438905746 150.52355441281065 24
1694438905783 148.94691720062784 25
1694438905819 147.90811906520824 26
1694438905855 147.08575947892584 27
1694438905888 144.86336863358764 28
1694438905922 143.9366327744976 29
1694438905960 143.32139629603873 30
1694438905994 141.9393104573667 31
1694438906031 139.97552930801825 32
1694438906066 140.6613582293384 33
1694438906100 138.17298362345764 34
1694438906139 136.4706886290573 35
1694438906178 136.2261897026342 36
1694438906215 134.36300109537015 37
1694438906251 134.4305459894908 38
1694438906290 133.32252567220382 39
1694438906325 131.71821499053578 40
1694438906363 130.0356761470037 41
1694438906398 129.58768257990312 42
1694438906436 127.5766488365356 43
1694438906473 127.381572269357 44
1694438906508 127.42353216901982 45
1694438906540 125.52217067222902 46
1694438906571 124.641640375522 47
1694438906601 124.80984914215435 48
1694438906631 122.23037950650037 49
1694438906660 121.22548325290292 50
1694438906691 120.74282649209424 51
1694438906721 118.83978407416689 52
1694438906754 118.90767497167614 53
1694438906783 117.68824282454432 54
1694438906812 117.26613271948352 55
1694438906843 116.85298012479677 56
1694438906872 115.53908208040859 57
1694438906902 114.62504839378467 58
1694438906931 113.04998619829439 59
1694438906963 112.59151117305122 60
1694438906991 111.30699347512044 61
1694438907021 110.56549267569545 62
1694438907052 110.0999566907519 63
1694438907081 109.12066840898461 64
1694438907110 108.76705044591397 65
1694438907141 107.99101933895179 66
1694438907171 107.12829184325268 67
1694438907202 105.92310338300419 68
1694438907231 105.16266042234294 69
1694438907264 103.95983903216151 70
1694438907293 103.04289401640338 71
1694438907326 101.89494527174199 72
1694438907358 102.34409836711988 73
1694438907389 99.80490635158557 74
1694438907417 100.21756373531532 75
1694438907448 100.20394339505549 76
1694438907482 97.92368542287197 77
1694438907518 98.00918095795666 78
1694438907552 96.12919140052689 79
1694438907583 95.68348659908216 80
1694438907619 95.58607081635405 81
1694438907655 94.39904069642292 82
1694438907686 93.29960038631194 83
1694438907723 93.1589614853701 84
1694438907754 93.78593949819677 85
1694438907786 91.8734891520005 86
1694438907817 90.87553396990903 87
1694438907853 90.31418229493855 88
1694438907886 88.93489375882747 89
1694438907915 88.61588852938652 90
1694438907949 88.45198733843966 91
1694438907985 86.83755772069405 92
1694438908019 85.37845558638429 93
1694438908050 86.11069954715548 94
1694438908080 85.19805549265403 95
1694438908111 84.94707342529499 96
1694438908141 84.09260722324511 97
1694438908171 84.05390760095298 98
1694438908204 82.43443433691412 99
1694438908234 82.1494410062093 100
1694438908266 81.53168691322782 101
1694438908297 80.38977842357805 102
1694438908328 80.34570269864439 103
1694438908358 79.60680089917692 104
1694438908387 78.238542290013 105
1694438908417 78.0048666754955 106
1694438908447 77.34114414311658 107
1694438908481 76.86628011177672 108
1694438908510 76.19295759730969 109
1694438908541 75.3562159972468 110
1694438908570 75.11762340974235 111
1694438908600 74.61001540115001 112
1694438908629 73.6008680501886 113
1694438908659 73.01024021036763 114
1694438908688 72.57836183624066 115
1694438908716 72.54285534377853 116
1694438908745 71.76773615650853 117
1694438908774 71.35695907981962 118
1694438908804 70.46993068572507 119
1694438908836 69.66243686921219 120
1694438908865 68.7644887288483 121
1694438908898 68.80509586910729 122
1694438908935 68.01389793062684 123
1694438908970 68.0792213139557 124
1694438909003 66.81003769945805 125
1694438909037 67.12184542112254 126
1694438909066 66.64887636770113 127
1694438909097 65.805405132261 128
1694438909127 65.49070510433573 129
1694438909156 64.42054598291197 130
1694438909190 64.03582594056483 131
1694438909220 63.60989180022365 132
1694438909254 63.11195877728705 133
1694438909285 62.57451929152823 134
1694438909314 62.551775372343975 135
1694438909345 61.94459117374447 136
1694438909375 61.37500967396231 137
1694438909405 60.88432327822695 138
1694438909434 60.46669395405007 139
1694438909462 59.9519734854068 140
1694438909492 59.24341596317848 141
1694438909523 58.94612609741502 142
1694438909553 58.048870896730186 143
1694438909582 58.17057743200478 144
1694438909612 57.39688213143734 145
1694438909643 57.603074436946585 146
1694438909672 56.37126499626107 147
1694438909703 56.33570041530628 148
1694438909730 55.61314728914682 149
1694438909761 54.953033906098014 150
1694438909792 54.593321949433175 151
1694438909820 54.10441323514623 152
1694438909851 53.86662192880977 153
1694438909880 53.644682534744454 154
1694438909910 53.35379620068108 155
1694438909939 52.655695442656665 156
1694438909970 52.166319057491386 157
1694438909999 51.85915813504982 158
1694438910030 51.57602286755005 159
1694438910063 51.20029030813906 160
1694438910093 50.48357567537829 161
1694438910123 50.10932821798528 162
1694438910154 49.614299675396225 163
1694438910184 49.6613995208484 164
1694438910215 48.80827140548832 165
1694438910246 48.72442255994683 166
1694438910278 48.347220860370896 167
1694438910308 48.13197548714635 168
1694438910338 47.53088177454058 169
1694438910371 47.262611009546426 170
1694438910400 46.660587372946175 171
1694438910430 46.39279200026006 172
1694438910462 45.6984468354964 173
1694438910493 45.70328247240933 174
1694438910522 45.64144559023036 175
1694438910553 45.07547058245205 176
1694438910582 44.61966633533548 177
1694438910611 44.5467030204654 178
1694438910641 44.20971860040411 179
1694438910671 43.13186438262731 180
1694438910701 43.52033896159433 181
1694438910730 42.92599584212271 182
1694438910761 42.58568087672281 183
1694438910792 42.261274902772904 184
1694438910822 41.53807642946318 185
1694438910853 41.17883726474633 186
1694438910883 41.35301855310197 187
1694438910911 40.74055888837658 188
1694438910943 40.842983006089064 189
1694438910972 40.0651916004891 190
1694438911003 39.5741120852978 191
1694438911033 39.670794203199115 192
1694438911064 39.357474502516375 193
1694438911097 39.12326563918784 194
1694438911127 38.78564594878812 195
1694438911156 38.80043159913762 196
1694438911187 38.454655458990615 197
1694438911218 37.90314263767174 198
1694438911249 37.682706962801426 199
1694438911279 37.661394371507136 200
1694438911309 36.99101780448222 201
1694438911340 36.671645521731975 202
1694438911371 36.19875755528183 203
1694438911401 35.95443837263666 204
1694438911430 35.62654362347779 205
1694438911460 35.34842953877018 206
1694438911497 35.783873566337796 207
1694438911539 34.96737892798874 208
1694438911577 34.81747096420423 209
1694438911615 34.49547678123048 210
1694438911651 34.27340717642436 211
1694438911679 33.80220804388696 212
1694438911708 33.54697814508074 213
1694438911736 33.281424810645305 214
1694438911766 32.819671957118025 215
1694438911795 32.93146626676334 216
1694438911828 32.876443322761055 217
1694438911860 32.46707069491391 218
1694438911891 31.738679172465243 219
1694438911923 31.57760952761616 220
1694438911954 31.863999144472306 221
1694438911984 31.126804988818535 222
1694438912014 31.303006934352716 223
1694438912043 31.089093635117738 224
1694438912072 30.731659414428748 225
1694438912103 30.235924831247168 226
1694438912135 30.057415188138265 227
1694438912164 29.55233644795057 228
1694438912196 29.473159811204006 229
1694438912228 29.404296703065892 230
1694438912260 29.25857223609595 231
1694438912288 28.736319712471975 232
1694438912321 28.832269737460635 233
1694438912348 28.50994946613688 234
1694438912379 28.469961778830214 235
1694438912408 28.019948746205877 236
1694438912438 27.905323888759654 237
1694438912467 27.63931872012532 238
1694438912495 27.32967701794161 239
1694438912526 27.285974139331643 240
1694438912557 27.081859332295497 241
1694438912585 26.805394371697368 242
1694438912614 26.680033235398664 243
1694438912645 26.535335562050864 244
1694438912676 26.15040849126574 245
1694438912706 25.796762252948792 246
1694438912735 25.578776368973614 247
1694438912764 25.721911013119698 248
1694438912793 25.660373933386833 249
1694438912825 24.951135990723994 250
1694438912853 24.884005870552535 251
1694438912883 24.90291121930815 252
1694438912912 24.814661462902713 253
1694438912942 24.347345795130874 254
1694438912972 24.245973565547093 255
1694438913003 23.97415106828908 256
1694438913033 23.55525432287969 257
1694438913062 23.700826495056482 258
1694438913092 23.538383920505346 259
1694438913122 23.410988893451638 260
1694438913152 23.26560784627603 261
1694438913184 23.03139485226255 262
1694438913213 22.82164007922713 263
1694438913243 22.483826896877844 264
1694438913274 22.4636309406314 265
1694438913303 22.164243795215537 266
1694438913332 22.19343874906957 267
1694438913363 21.951118760835108 268
1694438913393 21.850803004466933 269
1694438913421 21.30706763698167 270
1694438913449 21.212974754732972 271
1694438913478 21.08108957849066 272
1694438913508 20.934197576350563 273
1694438913540 20.96935450854285 274
1694438913569 20.925909801533884 275
1694438913597 20.529335900102772 276
1694438913627 20.432835540086533 277
1694438913657 20.170424802800174 278
1694438913686 20.23655656928233 279
1694438913715 19.79971635187032 280
1694438913747 19.93878062326194 281
1694438913778 19.74486472098565 282
1694438913808 19.41212294329825 283
1694438913839 19.445076065410206 284
1694438913869 19.144491116040484 285
1694438913898 18.88484852781203 286
1694438913929 18.75463772586214 287
1694438913959 18.7620856372053 288
1694438913988 18.421948818480054 289
1694438914017 18.540450661661424 290
1694438914046 18.483974936135812 291
1694438914076 18.063875354543452 292
1694438914106 17.940431226096933 293
1694438914137 17.873606736341713 294
1694438914164 17.701881765768128 295
1694438914195 17.748073518782522 296
1694438914226 17.55229497794543 297
1694438914256 17.400281375731254 298
1694438914287 17.370487104900295 299
1694438914316 16.968397632555178 300
1694438914346 16.867660010769004 301
1694438914377 16.649110037114884 302
1694438914406 16.739492733540303 303
1694438914435 16.677343787839455 304
1694438914464 16.376243716676278 305
1694438914495 16.12566083926337 306
1694438914527 16.13470838942577 307
1694438914557 16.059066889658133 308
1694438914588 15.953457478531067 309
1694438914618 15.848967778269905 310
1694438914647 15.438858655709634 311
1694438914678 15.727555640760858 312
1694438914707 15.390522622863243 313
1694438914737 15.387275008706833 314
1694438914768 15.083640263145613 315
1694438914800 15.175559790204487 316
1694438914830 14.948120572130595 317
1694438914861 14.897341240680513 318
1694438914891 14.834742268438491 319
1694438914921 14.807678243071674 320
1694438914952 14.524084462850416 321
1694438914982 14.440911877244112 322
1694438915011 14.182234053070799 323
1694438915043 14.285060452938936 324
1694438915073 14.009360375381231 325
1694438915103 13.755982878518932 326
1694438915133 13.89610996325089 327
1694438915163 13.735899826696262 328
1694438915196 13.637772180238292 329
1694438915225 13.606038497232252 330
1694438915257 13.445548641871737 331
1694438915289 13.397358052680495 332
1694438915319 13.18669527558772 333
1694438915349 13.175204262593514 334
1694438915379 13.012961627494098 335
1694438915410 13.146367991382009 336
1694438915440 12.822475756691457 337
1694438915469 12.72436033790624 338
1694438915497 12.669045663440388 339
1694438915527 12.303533095578402 340
1694438915559 12.490304941647148 341
1694438915589 12.387872967800782 342
1694438915620 12.03599722386328 343
1694438915651 12.242906440189373 344
1694438915683 12.174841163977497 345
1694438915712 11.851889392784617 346
1694438915746 11.725834989700388 347
1694438915776 11.877328029435242 348
1694438915805 11.664542520352358 349
1694438915837 11.596748554030793 350
1694438915867 11.562095725893835 351
1694438915896 11.589573754161556 352
1694438915926 11.318826003806215 353
1694438915956 11.122925885035333 354
1694438915987 11.105842609350379 355
1694438916020 11.046145236539385 356
1694438916051 11.074887934373638 357
1694438916091 10.896819035791593 358
1694438916128 10.969212357627056 359
1694438916162 10.829004980169335 360
1694438916196 10.81461768234214 361
1694438916227 10.7078905589886 362
1694438916259 10.53787630936331 363
1694438916290 10.388804945940162 364
1694438916324 10.393445415410882 365
1694438916356 10.215776336635898 366
1694438916390 10.393197989358198 367
1694438916420 10.005191777115465 368
1694438916448 10.017256761729426 369
1694438916481 9.992502393826042 370
1694438916513 9.82697948428004 371
1694438916552 9.833191024470135 372
1694438916596 9.856155905670933 373
1694438916644 9.506296362351899 374
1694438916684 9.504724068368516 375
1694438916729 9.556097250949728 376
1694438916788 9.387693145320954 377
1694438916854 9.352404809345698 378
1694438916902 9.36293967065414 379
1694438916940 9.3231949943529 380
1694438916971 9.084444945084154 381
1694438917002 9.158289819620617 382
1694438917036 9.013529505381 383
1694438917066 8.916779343414936 384
1694438917096 8.96978305257675 385
1694438917124 8.895166800037245 386
1694438917154 8.698699371436367 387
1694438917185 8.608746226015096 388
1694438917218 8.588000246176179 389
1694438917247 8.392672621316729 390
1694438917277 8.597254045161867 391
1694438917307 8.540472804995296 392
1694438917336 8.3778909780891 393
1694438917368 8.307275054662181 394
1694438917397 8.283896476063527 395
1694438917428 8.253187705118846 396
1694438917459 8.22868796887579 397
1694438917489 7.999559917989038 398
1694438917520 8.144942295504425 399
1694438917550 7.968022202388173 400
1694438917580 7.768811593837171 401
1694438917609 7.818542424675887 402
1694438917638 7.6580555478532375 403
1694438917668 7.667043001205661 404
1694438917696 7.725645661970852 405
1694438917725 7.696662311803028 406
1694438917757 7.595682282457279 407
1694438917788 7.547686226218646 408
1694438917817 7.367656015006254 409
1694438917846 7.427010617679186 410
1694438917875 7.301692105195102 411
1694438917905 7.21504411583441 412
1694438917937 7.202884772170977 413
1694438917966 7.112684511255447 414
1694438917995 7.101693102291917 415
1694438918027 7.059912435500421 416
1694438918059 7.055480688431163 417
1694438918091 6.94657045453493 418
1694438918121 6.976700007947521 419
1694438918152 6.830180402698034 420
1694438918182 6.743264933901167 421
1694438918213 6.720044690044496 422
1694438918244 6.647802212261954 423
1694438918273 6.514512564004255 424
1694438918303 6.61233542437333 425
1694438918334 6.5722967168997055 426
1694438918363 6.547543568191603 427
1694438918395 6.368777981620304 428
1694438918425 6.370657870802606 429
1694438918455 6.292611252832402 430
1694438918486 6.237709064576471 431
1694438918514 6.239422370009455 432
1694438918544 6.087767807956494 433
1694438918575 6.100379990282527 434
1694438918605 6.030450327542006 435
1694438918636 6.006631627098863 436
1694438918664 5.935964935838267 437
1694438918695 6.076305053964039 438
1694438918725 5.907620958161992 439
1694438918754 5.905208973005468 440
1694438918783 5.832560847228627 441
1694438918813 5.820570125008131 442
1694438918844 5.7542982155750355 443
1694438918877 5.660103433065086 444
1694438918907 5.698468466626588 445
1694438918936 5.615164655488021 446
1694438918968 5.5287463652245235 447
1694438918999 5.588609767456891 448
1694438919038 5.408256272988786 449
1694438919075 5.363480912202671 450
1694438919105 5.4109303245516065 451
1694438919135 5.480784492971549 452
1694438919163 5.390086249728303 453
1694438919194 5.4100418985093475 454
1694438919224 5.279396669303392 455
1694438919256 5.067345617189527 456
1694438919287 5.1733249300938775 457
1694438919317 5.016605527446354 458
1694438919345 5.095567833195471 459
1694438919378 5.081694700098183 460
1694438919409 5.033044188358731 461
1694438919436 5.024974948407621 462
1694438919467 4.929278813494488 463
1694438919496 4.9099007134845145 464
1694438919527 4.81815679920239 465
1694438919557 4.817744524043857 466
1694438919588 4.794615104874785 467
1694438919616 4.762435870031143 468
1694438919645 4.72911523377612 469
1694438919676 4.6590386014479845 470
1694438919706 4.716452456575945 471
1694438919735 4.539674190985399 472
1694438919765 4.561758506749711 473
1694438919796 4.592848860228367 474
1694438919825 4.513226031824871 475
1694438919854 4.475293297640842 476
1694438919885 4.549595203501097 477
1694438919916 4.443085706273383 478
1694438919946 4.433277178559716 479
1694438919976 4.298949105991773 480
1694438920007 4.359900303131066 481
1694438920036 4.283002335518669 482
1694438920070 4.223002857450386 483
1694438920099 4.1446309117161535 484
1694438920129 4.209925337628604 485
1694438920161 4.240014858379864 486
1694438920192 4.09777550920008 487
1694438920239 4.141476660987099 488
1694438920275 4.029025686420484 489
1694438920306 4.07511683281731 490
1694438920336 4.020899674602608 491
1694438920365 3.9864744791525797 492
1694438920395 3.951832754844235 493
1694438920426 3.9914157480370145 494
1694438920458 3.883786504137763 495
1694438920487 3.938936126516216 496
1694438920515 3.8817958007227604 497
1694438920545 3.788246428593389 498
1694438920576 3.793023864685079 499
