1694443927019 72.84719956847813 0
1694443927315 40.225989156396366 1
1694443927578 15.139628904827145 2
1694443927858 9.759859292264288 3
1694443928146 7.853414916004708 4
1694443928419 4.789548927723907 5
1694443928724 2.222224514394576 6
1694443929078 0.6438773398527681 7
1694443929348 1.2262237495835253 8
1694443929614 0.26184967344503507 9
1694443929896 1.373209608694845 10
1694443930175 0.23475881241023627 11
1694443930460 0.48559602791063383 12
1694443930743 0.40084634877517666 13
1694443931025 0.6188699894886293 14
1694443931310 0.3361259993493936 15
1694443931568 0.47921019390802855 16
1694443931811 0.5203907455472291 17
1694443932143 1.0447222980943898 18
1694443932398 0.0004923433940908209 19
1694443932715 0.5369495623894617 20
1694443933000 2.3310438271808285 21
1694443933287 0.19196308086156436 22
1694443933552 0.5932370269667209 23
1694443933832 0.11228867572264324 24
1694443934102 2.1071406739575456 25
1694443934412 0.493630011015954 26
1694443934695 0.05688862438406879 27
1694443934972 0.4653567135720845 28
1694443935257 0.8345158048345972 29
1694443935557 0.20101756270872326 30
1694443935839 0.2218496284322266 31
1694443936140 0.19513176848480093 32
1694443936427 1.314894235731826 33
1694443936729 0.5409698468668657 34
1694443937037 1.554928315767585 35
1694443937347 0.12696323699255482 36
1694443937613 0.7247345815024451 37
1694443937934 0.2231438204701592 38
1694443938213 0.06656007077688796 39
1694443938484 1.3882978246346442 40
1694443938773 0.4124841246812267 41
1694443939055 0.7731977741441242 42
1694443939310 0.005419195496635055 43
1694443939609 0.3634965381582061 44
1694443939950 1.215323352816196 45
1694443940311 0.8827177622955334 46
1694443940576 0.42304898561911247 47
1694443940893 0.23528060517426444 48
1694443941169 0.2215252907690336 49
1694443941446 0.04420190739077303 50
1694443941727 0.15866639850837713 51
1694443941989 0.11378158880326072 52
1694443942266 0.37187685053175684 53
1694443942529 0.7305494315833353 54
1694443942808 0.453259776332281 55
1694443943101 2.232294706745542 56
1694443943376 0.22572245517199885 57
1694443943671 1.1683724651856155 58
1694443943968 0.8958286344125368 59
1694443944255 0.03981182971769712 60
1694443944541 0.31317096904071573 61
1694443944828 1.2454144118519817 62
1694443945130 0.30452573295716134 63
1694443945408 0.868873291482196 64
1694443945678 0.6771521281363742 65
1694443945954 0.9711594714446933 66
1694443946242 0.18367606654974378 67
1694443946518 0.724627779105893 68
1694443946782 1.5311429804030554 69
1694443947034 0.5997263858920051 70
1694443947315 0.017912882328863948 71
1694443947601 0.4759879573282994 72
1694443947891 0.2498174135282084 73
1694443948169 0.6419634509728339 74
1694443948444 0.30517463943168815 75
1694443948719 0.4817792865161374 76
1694443948989 0.10987875660067677 77
1694443949252 0.09191519919104559 78
1694443949519 0.7303115152162336 79
1694443949781 0.11739013563329832 80
1694443950039 0.4227239071781165 81
1694443950294 1.2032593833627534 82
1694443950563 0.19792519238094575 83
1694443950834 0.1973760148839582 84
1694443951101 1.365123804083195 85
1694443951366 0.6915123968481763 86
1694443951630 0.09550225531439939 87
1694443951887 0.15808710189859435 88
1694443952164 1.011318576299276 89
1694443952449 0.00010046624251892349 90
1694443952724 0.27567187902693857 91
1694443953011 0.006663535506388575 92
1694443953271 0.8230488246772953 93
1694443953548 0.6238059145364605 94
1694443953830 0.49488721197599367 95
1694443954093 0.2759868115164651 96
1694443954388 0.23587620484720548 97
1694443954696 0.5327484586943138 98
1694443955021 0.45547963682377157 99
1694443955308 0.09036783860984024 100
1694443955593 0.20242752144494885 101
1694443955874 0.7294296346883982 102
1694443956152 1.4232700971326908 103
1694443956414 0.7151663348414675 104
1694443956690 1.3482822804532193 105
1694443956949 1.0937509499852196 106
1694443957233 0.37639511877440257 107
1694443957513 0.14426577846798402 108
1694443957788 0.6715591880002664 109
1694443958046 0.19669276807987363 110
1694443958313 0.6752254361230022 111
1694443958583 0.33440166342813377 112
1694443958853 0.2639453806676722 113
1694443959127 0.4561133747129294 114
1694443959423 1.1789017863283258 115
1694443959724 0.005641931350800315 116
1694443960011 0.5483151554135469 117
1694443960303 1.1816990909976879 118
1694443960587 0.8883845058181046 119
1694443960858 0.9698315890575886 120
1694443961117 0.16604085574488942 121
1694443961402 0.05013546125719384 122
1694443961686 0.6413340964318704 123
1694443961944 1.3593041092223137 124
1694443962215 0.6834829359210369 125
1694443962482 0.5259634105081892 126
1694443962757 0.06879651234683654 127
1694443963007 0.7472141647350949 128
1694443963270 0.4313649653886387 129
1694443963526 0.18020865125154817 130
1694443963778 0.9084448330655022 131
1694443964024 1.1686452487038184 132
1694443964283 1.8014248054816462 133
1694443964542 0.34120631986592953 134
1694443964808 0.7911340421628454 135
1694443965072 1.6154477343889062 136
1694443965347 0.0027212514453199923 137
1694443965599 0.1188571766119779 138
1694443965833 0.00955790384215878 139
1694443966070 0.42193872688911954 140
1694443966332 0.8941291885704027 141
1694443966579 0.06157054725896942 142
1694443966844 0.44899898473107636 143
1694443967112 1.365386648963099 144
1694443967373 0.3198692477527794 145
1694443967634 0.9735985609483743 146
1694443967911 0.2161671426169395 147
