1694446214310 96.18465096038803 0
1694446214608 37.11317392663741 1
1694446214881 16.743805300893467 2
1694446215188 7.954170657206477 3
1694446215465 3.196063066926036 4
1694446215744 0.8052315914064119 5
1694446216008 2.0755573767226725 6
1694446216275 0.6873857327564922 7
1694446216551 0.23732560016355425 8
1694446216830 0.2620932321667454 9
1694446217115 0.6361564715769153 10
1694446217367 2.0770590699765722e-05 11
1694446217637 0.0106614074636778 12
1694446217903 0.03827883961742389 13
1694446218173 0.10861859782684881 14
1694446218537 7.529709470685328e-05 15
1694446218837 0.025463941731065486 16
1694446219100 0.41242098707617175 17
1694446219327 0.011482655197360043 18
1694446219596 0.08865489094729942 19
1694446219854 0.21168441372136362 20
1694446220105 0.041478631331387114 21
1694446220368 0.009177557791412147 22
1694446220623 0.046704092146325475 23
1694446220882 0.26564018111857407 24
1694446221116 0.002617623711778873 25
1694446221365 0.027403450036691385 26
1694446221630 3.5787477588732834e-07 27
1694446221868 0.05540032419597296 28
1694446222058 1.177922331339387e-06 29
1694446222342 0.022498886620493964 30
1694446222591 0.09658052409157698 31
1694446222830 0.05602334722482647 32
1694446223076 0.2428086339904729 33
1694446223323 0.04160489111065598 34
1694446223584 0.01538447095118782 35
1694446223848 0.20440165540743632 36
1694446224075 0.19244269008470144 37
