1694444663705 160.35655115751405 0
1694444663737 160.32445978514707 1
1694444663776 160.2923748570556 2
1694444663819 160.26029637193977 3
1694444663888 160.22822432849995 4
1694444663947 160.19615872543687 5
1694444663980 160.16409956145148 6
1694444664021 160.13204683524495 7
1694444664057 160.1000005455187 8
1694444664092 160.0679606909745 9
1694444664126 160.03592727031435 10
1694444664176 160.0039002822405 11
1694444664211 159.9718797254554 12
1694444664243 159.93986559866195 13
1694444664279 159.90785790056304 14
1694444664319 159.87585662986208 15
1694444664368 159.84386178526265 16
1694444664405 159.8118733654686 17
1694444664436 159.77989136918393 18
1694444664467 159.74791579511304 19
1694444664506 159.71594664196064 20
1694444664538 159.68398390843151 21
1694444664584 159.65202759323083 22
1694444664626 159.62007769506403 23
1694444664671 159.5881342126368 24
1694444664716 159.55619714465502 25
1694444664767 159.52426648982495 26
1694444664807 159.492342246853 27
1694444664842 159.46042441444598 28
1694444664883 159.42851299131084 29
1694444664930 159.39660797615485 30
1694444664977 159.36470936768544 31
1694444665028 159.33281716461056 32
1694444665077 159.3009313656381 33
1694444665123 159.26905196947638 34
1694444665156 159.23717897483402 35
1694444665187 159.20531238041985 36
1694444665222 159.17345218494293 37
1694444665251 159.14159838711262 38
1694444665290 159.10975098563856 39
1694444665322 159.0779099792306 40
1694444665359 159.0460753665989 41
1694444665395 159.01424714645387 42
1694444665433 158.98242531750614 43
1694444665473 158.95060987846668 44
1694444665508 158.91880082804664 45
1694444665552 158.88699816495748 46
1694444665600 158.8552018879109 47
1694444665645 158.82341199561893 48
1694444665685 158.7916284867938 49
1694444665728 158.75985136014793 50
1694444665761 158.72808061439412 51
1694444665802 158.6963162482454 52
1694444665843 158.66455826041505 53
1694444665892 158.63280664961658 54
1694444665954 158.6010614145639 55
1694444666007 158.56932255397098 56
1694444666052 158.53759006655216 57
1694444666100 158.50586395102204 58
1694444666158 158.47414420609547 59
1694444666208 158.44243083048758 60
1694444666255 158.4107238229137 61
1694444666301 158.3790231820895 62
1694444666339 158.3473289067309 63
1694444666376 158.31564099555396 64
1694444666422 158.28395944727515 65
1694444666455 158.2522842606112 66
1694444666490 158.22061543427893 67
1694444666526 158.18895296699566 68
1694444666558 158.15729685747877 69
1694444666599 158.125647104446 70
1694444666644 158.09400370661538 71
1694444666690 158.06236666270505 72
1694444666729 158.0307359714336 73
1694444666771 157.99911163151975 74
1694444666804 157.9674936416825 75
1694444666859 157.9358820006412 76
1694444666924 157.90427670711532 77
1694444666958 157.8726777598247 78
1694444667000 157.8410851574894 79
1694444667042 157.80949889882976 80
1694444667083 157.77791898256635 81
1694444667118 157.74634540741997 82
1694444667156 157.71477817211178 83
1694444667188 157.68321727536306 84
1694444667218 157.65166271589555 85
1694444667251 157.62011449243107 86
1694444667289 157.58857260369174 87
1694444667327 157.55703704840002 88
1694444667367 157.52550782527848 89
1694444667406 157.49398493305011 90
1694444667443 157.46246837043807 91
1694444667475 157.43095813616586 92
1694444667510 157.39945422895704 93
1694444667544 157.36795664753572 94
1694444667584 157.33646539062602 95
1694444667617 157.30498045695242 96
1694444667656 157.2735018452397 97
1694444667692 157.24202955421282 98
1694444667725 157.21056358259702 99
1694444667768 157.1791039291179 100
1694444667804 157.1476505925011 101
1694444667846 157.11620357147274 102
1694444667890 157.0847628647591 103
1694444667924 157.0533284710867 104
1694444667968 157.02190038918235 105
1694444668011 156.99047861777314 106
1694444668054 156.95906315558634 107
1694444668091 156.9276540013496 108
1694444668124 156.89625115379073 109
1694444668159 156.86485461163787 110
1694444668200 156.83346437361928 111
1694444668238 156.80208043846363 112
1694444668274 156.77070280489983 113
1694444668308 156.73933147165698 114
1694444668342 156.70796643746442 115
1694444668375 156.67660770105186 116
1694444668408 156.64525526114926 117
1694444668441 156.61390911648667 118
1694444668475 156.58256926579458 119
1694444668507 156.55123570780364 120
1694444668540 156.5199084412448 121
1694444668574 156.4885874648493 122
1694444668607 156.45727277734852 123
1694444668644 156.4259643774742 124
1694444668690 156.3946622639583 125
1694444668724 156.3633664355331 126
1694444668759 156.332076890931 127
1694444668793 156.3007936288848 128
1694444668826 156.26951664812754 129
1694444668859 156.2382459473924 130
1694444668891 156.20698152541286 131
1694444668924 156.1757233809228 132
1694444668954 156.14447151265617 133
1694444668989 156.11322591934731 134
1694444669024 156.08198659973073 135
1694444669058 156.05075355254124 136
1694444669092 156.0195267765139 137
1694444669125 155.98830627038402 138
1694444669160 155.95709203288718 139
1694444669205 155.92588406275917 140
1694444669241 155.8946823587361 141
1694444669276 155.86348691955436 142
1694444669309 155.83229774395045 143
1694444669345 155.8011148306613 144
1694444669378 155.76993817842398 145
1694444669417 155.7387677859759 146
1694444669457 155.70760365205467 147
1694444669499 155.67644577539815 148
1694444669537 155.64529415474448 149
1694444669566 155.61414878883207 150
1694444669603 155.58300967639957 151
1694444669640 155.5518768161859 152
1694444669671 155.52075020693016 153
1694444669705 155.48962984737182 154
1694444669740 155.45851573625058 155
1694444669770 155.42740787230628 156
1694444669801 155.3963062542792 157
1694444669838 155.3652108809097 158
1694444669870 155.33412175093858 159
1694444669907 155.30303886310674 160
1694444669943 155.27196221615534 161
1694444669978 155.24089180882586 162
1694444670010 155.2098276398601 163
1694444670051 155.17876970800003 164
1694444670090 155.1477180119878 165
1694444670120 155.11667255056594 166
1694444670154 155.08563332247718 167
1694444670190 155.05460032646454 168
1694444670223 155.02357356127126 169
1694444670257 154.9925530256409 170
1694444670300 154.96153871831714 171
1694444670334 154.93053063804405 172
1694444670380 154.8995287835659 173
1694444670421 154.86853315362717 174
1694444670457 154.83754374697273 175
1694444670500 154.80656056234753 176
1694444670530 154.77558359849698 177
1694444670570 154.74461285416655 178
1694444670610 154.713648328102 179
1694444670654 154.68269001904952 180
1694444670689 154.6517379257553 181
1694444670722 154.620792046966 182
1694444670756 154.5898523814284 183
1694444670794 154.55891892788952 184
1694444670827 154.5279916850968 185
1694444670869 154.4970706517977 186
1694444670922 154.46615582674025 187
1694444670962 154.4352472086724 188
1694444670994 154.4043447963425 189
1694444671036 154.3734485884992 190
1694444671078 154.34255858389136 191
1694444671120 154.31167478126807 192
1694444671168 154.2807971793787 193
1694444671209 154.2499257769729 194
1694444671244 154.2190605728005 195
1694444671290 154.18820156561162 196
1694444671338 154.15734875415671 197
1694444671385 154.12650213718635 198
1694444671426 154.09566171345145 199
1694444671457 154.06482748170313 200
1694444671487 154.03399944069287 201
1694444671517 154.00317758917217 202
1694444671554 153.97236192589307 203
1694444671583 153.94155244960763 204
1694444671611 153.91074915906833 205
1694444671643 153.87995205302784 206
1694444671677 153.84916113023903 207
1694444671708 153.8183763894551 208
1694444671740 153.78759782942944 209
1694444671773 153.75682544891578 210
1694444671807 153.72605924666803 211
1694444671836 153.69529922144034 212
1694444671870 153.6645453719872 213
1694444671905 153.63379769706327 214
1694444671936 153.6030561954235 215
1694444671967 153.57232086582306 216
1694444672006 153.54159170701743 217
1694444672037 153.51086871776232 218
1694444672068 153.48015189681362 219
1694444672096 153.4494412429276 220
1694444672138 153.4187367548608 221
1694444672179 153.3880384313697 222
1694444672217 153.35734627121147 223
1694444672257 153.3266602731432 224
1694444672294 153.29598043592247 225
1694444672334 153.26530675830693 226
1694444672374 153.2346392390546 227
1694444672410 153.20397787692363 228
1694444672441 153.17332267067258 229
1694444672480 153.14267361906008 230
1694444672528 153.11203072084524 231
1694444672573 153.0813939747872 232
1694444672610 153.0507633796455 233
1694444672656 153.02013893417984 234
1694444672692 152.98952063715026 235
1694444672728 152.95890848731693 236
1694444672774 152.92830248344038 237
1694444672808 152.89770262428138 238
1694444672840 152.86710890860095 239
1694444672909 152.83652133516023 240
1694444672979 152.80593990272078 241
1694444673018 152.77536461004442 242
1694444673076 152.744795455893 243
1694444673107 152.71423243902896 244
1694444673139 152.68367555821467 245
1694444673183 152.65312481221295 246
1694444673224 152.6225801997868 247
1694444673259 152.59204171969947 248
1694444673295 152.56150937071445 249
1694444673329 152.53098315159554 250
1694444673366 152.50046306110673 251
1694444673403 152.4699490980123 252
1694444673436 152.43944126107672 253
1694444673470 152.40893954906488 254
1694444673505 152.37844396074163 255
1694444673542 152.34795449487237 256
1694444673574 152.3174711502226 257
1694444673609 152.286993925558 258
1694444673641 152.25652281964466 259
1694444673682 152.22605783124885 260
1694444673722 152.1955989591371 261
1694444673752 152.16514620207616 262
1694444673789 152.13469955883306 263
1694444673825 152.10425902817505 264
1694444673858 152.07382460886967 265
1694444673894 152.04339629968473 266
1694444673932 152.0129740993882 267
1694444673967 151.98255800674838 268
1694444674006 151.9521480205338 269
1694444674046 151.92174413951318 270
1694444674086 151.89134636245564 271
1694444674126 151.86095468813036 272
1694444674161 151.83056911530693 273
1694444674196 151.80018964275507 274
1694444674230 151.7698162692449 275
1694444674261 151.73944899354655 276
1694444674307 151.70908781443063 277
1694444674341 151.67873273066797 278
1694444674376 151.64838374102948 279
1694444674408 151.61804084428647 280
1694444674440 151.58770403921045 281
1694444674469 151.55737332457326 282
1694444674505 151.52704869914683 283
1694444674537 151.49673016170354 284
1694444674570 151.46641771101574 285
1694444674607 151.43611134585638 286
1694444674639 151.40581106499837 287
1694444674673 151.375516867215 288
1694444674705 151.34522875127973 289
1694444674739 151.3149467159665 290
1694444674771 151.28467076004915 291
1694444674805 151.254400882302 292
1694444674841 151.22413708149958 293
1694444674872 151.1938793564166 294
1694444674934 151.1636277058281 295
1694444674988 151.13338212850937 296
1694444675031 151.10314262323593 297
1694444675068 151.07290918878346 298
1694444675107 151.04268182392798 299
1694444675143 151.01246052744574 300
1694444675206 150.9822452981133 301
1694444675251 150.95203613470738 302
1694444675294 150.92183303600493 303
1694444675339 150.89163600078334 304
1694444675388 150.86144502781988 305
1694444675457 150.83126011589246 306
1694444675518 150.80108126377905 307
1694444675560 150.77090847025787 308
1694444675608 150.7407417341074 309
1694444675657 150.7105810541063 310
1694444675696 150.68042642903376 311
1694444675739 150.6502778576688 312
1694444675774 150.62013533879104 313
1694444675816 150.58999887118014 314
1694444675858 150.55986845361605 315
1694444675895 150.52974408487907 316
1694444675942 150.49962576374958 317
1694444675976 150.46951348900834 318
1694444676023 150.4394072594364 319
1694444676061 150.40930707381486 320
1694444676096 150.37921293092515 321
1694444676144 150.34912482954917 322
1694444676193 150.31904276846868 323
1694444676241 150.28896674646595 324
1694444676283 150.25889676232345 325
1694444676319 150.22883281482382 326
1694444676361 150.1987749027501 327
1694444676392 150.16872302488542 328
1694444676426 150.13867718001322 329
1694444676458 150.10863736691715 330
1694444676496 150.0786035843812 331
1694444676530 150.0485758311896 332
1694444676568 150.0185541061266 333
1694444676606 149.98853840797705 334
1694444676641 149.95852873552582 335
1694444676677 149.92852508755803 336
1694444676713 149.8985274628591 337
1694444676746 149.86853586021476 338
1694444676783 149.8385502784108 339
1694444676819 149.8085707162335 340
1694444676853 149.7785971724692 341
1694444676885 149.74862964590451 342
1694444676919 149.71866813532642 343
1694444676952 149.68871263952198 344
1694444676987 149.65876315727857 345
1694444677022 149.6288196873839 346
1694444677057 149.5988822286258 347
1694444677089 149.56895077979237 348
1694444677124 149.539025339672 349
1694444677162 149.50910590705334 350
1694444677200 149.47919248072517 351
1694444677245 149.44928505947672 352
1694444677289 149.41938364209727 353
1694444677323 149.38948822737635 354
1694444677373 149.35959881410392 355
1694444677429 149.32971540107002 356
1694444677478 149.29983798706502 357
1694444677511 149.26996657087946 358
1694444677554 149.24010115130415 359
1694444677587 149.21024172713018 360
1694444677621 149.1803882971489 361
1694444677667 149.15054086015186 362
1694444677703 149.12069941493093 363
1694444677746 149.09086396027803 364
1694444677788 149.06103449498553 365
1694444677826 149.031211017846 366
1694444677871 149.00139352765217 367
1694444677906 148.97158202319713 368
1694444677943 148.94177650327413 369
1694444677987 148.91197696667672 370
1694444678026 148.88218341219863 371
1694444678076 148.8523958386339 372
1694444678111 148.82261424477682 373
1694444678160 148.7928386294218 374
1694444678191 148.7630689913637 375
1694444678234 148.73330532939744 376
1694444678276 148.70354764231828 377
1694444678309 148.67379592892175 378
1694444678344 148.64405018800352 379
1694444678384 148.61431041835957 380
1694444678421 148.58457661878612 381
1694444678456 148.55484878807962 382
1694444678491 148.5251269250368 383
1694444678524 148.49541102845458 384
1694444678559 148.46570109713022 385
1694444678593 148.43599712986108 386
1694444678638 148.40629912544486 387
1694444678678 148.37660708267953 388
1694444678713 148.34692100036324 389
1694444678746 148.31724087729438 390
1694444678787 148.28756671227165 391
1694444678821 148.25789850409387 392
1694444678856 148.22823625156028 393
1694444678893 148.1985799534702 394
1694444678926 148.16892960862333 395
1694444678958 148.1392852158195 396
1694444678992 148.10964677385886 397
1694444679029 148.08001428154176 398
1694444679073 148.05038773766876 399
1694444679106 148.02076714104084 400
1694444679158 147.99115249045894 401
1694444679201 147.96154378472448 402
1694444679245 147.9319410226391 403
1694444679295 147.90234420300447 404
1694444679339 147.8727533246228 405
1694444679388 147.84316838629636 406
1694444679426 147.81358938682766 407
1694444679473 147.7840163250196 408
1694444679506 147.75444919967504 409
1694444679545 147.72488800959746 410
1694444679584 147.69533275359026 411
1694444679616 147.6657834304573 412
1694444679658 147.63624003900247 413
1694444679696 147.60670257803017 414
1694444679728 147.57717104634483 415
1694444679776 147.54764544275116 416
1694444679806 147.5181257660542 417
1694444679841 147.4886120150591 418
1694444679879 147.4591041885714 419
1694444679910 147.4296022853968 420
1694444679951 147.40010630434125 421
1694444679993 147.37061624421094 422
1694444680027 147.3411321038123 423
1694444680074 147.311653881952 424
1694444680110 147.28218157743697 425
1694444680157 147.25271518907437 426
1694444680191 147.22325471567166 427
1694444680224 147.19380015603647 428
1694444680256 147.16435150897664 429
1694444680295 147.13490877330037 430
1694444680327 147.10547194781594 431
1694444680360 147.07604103133204 432
1694444680391 147.0466160226576 433
1694444680425 147.01719692060155 434
1694444680463 146.98778372397337 435
1694444680503 146.95837643158256 436
1694444680539 146.928975042239 437
1694444680568 146.89957955475268 438
1694444680602 146.87018996793404 439
1694444680639 146.84080628059354 440
1694444680673 146.81142849154202 441
1694444680710 146.78205659959042 442
1694444680745 146.7526906035501 443
1694444680778 146.72333050223256 444
1694444680812 146.69397629444953 445
1694444680844 146.66462797901303 446
1694444680877 146.6352855547353 447
1694444680910 146.60594902042888 448
1694444680951 146.5766183749064 449
1694444680991 146.54729361698082 450
1694444681022 146.51797474546538 451
1694444681057 146.48866175917354 452
1694444681094 146.45935465691898 453
1694444681125 146.43005343751557 454
1694444681163 146.40075809977756 455
1694444681200 146.37146864251932 456
1694444681241 146.34218506455548 457
1694444681278 146.31290736470098 458
1694444681317 146.2836355417709 459
1694444681354 146.2543695945806 460
1694444681394 146.22510952194577 461
1694444681439 146.19585532268215 462
1694444681476 146.16660699560592 463
1694444681511 146.13736453953342 464
1694444681551 146.10812795328113 465
1694444681589 146.0788972356659 466
1694444681628 146.04967238550483 467
1694444681671 146.0204534016152 468
1694444681707 145.9912402828145 469
1694444681740 145.96203302792054 470
1694444681777 145.93283163575128 471
1694444681820 145.90363610512503 472
1694444681867 145.87444643486026 473
1694444681906 145.84526262377574 474
1694444681950 145.8160846706904 475
1694444681992 145.7869125744234 476
1694444682039 145.7577463337943 477
1694444682073 145.72858594762275 478
1694444682113 145.69943141472868 479
1694444682157 145.67028273393217 480
1694444682200 145.64113990405377 481
1694444682244 145.6120029239141 482
1694444682290 145.58287179233398 483
1694444682322 145.55374650813457 484
1694444682352 145.52462707013723 485
1694444682388 145.49551347716363 486
1694444682420 145.4664057280355 487
1694444682458 145.43730382157506 488
1694444682492 145.4082077566045 489
1694444682527 145.3791175319465 490
1694444682559 145.3500331464238 491
1694444682601 145.32095459885943 492
1694444682670 145.29188188807666 493
1694444682709 145.26281501289907 494
1694444682741 145.23375397215037 495
1694444682787 145.20469876465458 496
1694444682819 145.1756493892359 497
1694444682861 145.14660584471883 498
1694444682893 145.11756812992812 499
