1694437058826 161.82539865528582 0
1694437058874 161.50343796725284 1
1694437058931 161.18218394760004 2
1694437058976 160.86163497980706 3
1694437059018 160.54178945113767 4
1694437059065 160.22264575263074 5
1694437059100 159.9042022790911 6
1694437059134 159.58645742908078 7
1694437059165 159.2694096049102 8
1694437059193 158.95305721262918 9
1694437059234 158.63739866201783 10
1694437059293 158.32243236657823 11
1694437059330 158.00815674352518 12
1694437059370 157.69457021377764 13
1694437059405 157.38167120194979 14
1694437059436 157.0694581363424 15
1694437059465 156.75792944893408 16
1694437059499 156.4470835753724 17
1694437059532 156.13691895496555 18
1694437059566 155.8274340306732 19
1694437059594 155.51862724909827 20
1694437059626 155.2104970604781 21
1694437059656 154.9030419186758 22
1694437059686 154.59626028117182 23
1694437059715 154.2901506090551 24
1694437059756 153.98471136701494 25
1694437059790 153.67994102333205 26
1694437059826 153.3758380498704 27
1694437059866 153.07240092206837 28
1694437059893 152.76962811893057 29
1694437059924 152.46751812301937 30
1694437059956 152.16606942044618 31
1694437059986 151.8652805008635 32
1694437060036 151.56514985745613 33
1694437060098 151.26567598693302 34
1694437060157 150.96685738951885 35
1694437060199 150.66869256894577 36
1694437060233 150.37118003244495 37
1694437060271 150.0743182907384 38
1694437060309 149.7781058580308 39
1694437060344 149.48254125200097 40
1694437060390 149.18762299379398 41
1694437060441 148.89334960801258 42
1694437060477 148.5997196227093 43
1694437060515 148.30673156937823 44
1694437060560 148.01438398294664 45
1694437060608 147.72267540176728 46
1694437060642 147.43160436760982 47
1694437060690 147.14116942565298 48
1694437060727 146.8513691244764 49
1694437060760 146.56220201605285 50
1694437060790 146.27366665573965 51
1694437060821 145.98576160227105 52
1694437060867 145.69848541775036 53
1694437060926 145.4118366676414 54
1694437060971 145.1258139207613 55
1694437061022 144.84041574927173 56
1694437061055 144.55564072867185 57
1694437061088 144.27148743778966 58
1694437061120 143.9879544587745 59
1694437061150 143.70504037708923 60
1694437061177 143.42274378150216 61
1694437061206 143.14106326407932 62
1694437061235 142.8599974201767 63
1694437061275 142.57954484843253 64
1694437061306 142.2997041507592 65
1694437061338 142.02047393233588 66
1694437061373 141.74185280160046 67
1694437061408 141.46383937024217 68
1694437061439 141.18643225319366 69
1694437061468 140.90963006862327 70
1694437061499 140.63343143792753 71
1694437061535 140.3578349857235 72
1694437061570 140.0828393398411 73
1694437061610 139.80844313131539 74
1694437061668 139.53464499437928 75
1694437061725 139.2614435664556 76
1694437061775 138.9888374881499 77
1694437061825 138.7168254032426 78
1694437061872 138.44540595868173 79
1694437061909 138.17457780457528 80
1694437061949 137.90433959418374 81
1694437061991 137.63468998391272 82
1694437062024 137.3656276333054 83
1694437062054 137.09715120503517 84
1694437062087 136.82925936489823 85
1694437062123 136.56195078180613 86
1694437062158 136.2952241277785 87
1694437062198 136.0290780779356 88
1694437062237 135.76351131049097 89
1694437062284 135.49852250674422 90
1694437062317 135.23411035107372 91
1694437062355 134.9702735309291 92
1694437062394 134.7070107368243 93
1694437062432 134.44432066233003 94
1694437062474 134.18220200406674 95
1694437062505 133.92065346169733 96
1694437062539 133.65967373791992 97
1694437062572 133.3992615384607 98
1694437062615 133.1394155720668 99
1694437062683 132.8801345504991 100
1694437062719 132.62141718852504 101
1694437062760 132.3632622039116 102
1694437062800 132.1056683174182 103
1694437062839 131.84863425278962 104
1694437062874 131.59215873674881 105
1694437062910 131.33624049899004 106
1694437062941 131.0808782721717 107
1694437062972 130.82607079190947 108
1694437063007 130.57181679676907 109
1694437063039 130.31811502825957 110
1694437063069 130.06496423082615 111
1694437063104 129.81236315184336 112
1694437063136 129.56031054160817 113
1694437063176 129.30880515333288 114
1694437063214 129.05784574313844 115
1694437063277 128.80743107004744 116
1694437063321 128.55755989597728 117
1694437063373 128.3082309857334 118
1694437063431 128.0594431070022 119
1694437063477 127.81119503034466 120
1694437063528 127.56348552918908 121
1694437063575 127.31631337982452 122
1694437063621 127.06967736139408 123
1694437063683 126.8235762558881 124
1694437063744 126.57800884813729 125
1694437063814 126.33297392580627 126
1694437063851 126.08847027938664 127
1694437063906 125.84449670219043 128
1694437063962 125.60105199034335 129
1694437064016 125.35813494277816 130
1694437064049 125.11574436122811 131
1694437064081 124.8738790502202 132
1694437064119 124.6325378170686 133
1694437064155 124.39171947186811 134
1694437064204 124.15142282748755 135
1694437064240 123.91164669956325 136
1694437064293 123.67238990649238 137
1694437064332 123.43365126942658 138
1694437064375 123.19542961226527 139
1694437064408 122.9577237616494 140
1694437064440 122.72053254695469 141
1694437064472 122.48385480028533 142
1694437064504 122.24768935646756 143
1694437064532 122.0120350530431 144
1694437064560 121.7768907302628 145
1694437064592 121.54225523108029 146
1694437064623 121.30812740114544 147
1694437064653 121.0745060887982 148
1694437064680 120.841390145062 149
1694437064716 120.6087784236376 150
1694437064750 120.37666978089665 151
1694437064786 120.14506307587546 152
1694437064818 119.9139571702686 153
1694437064885 119.68335092842268 154
1694437064946 119.45324321733013 155
1694437065020 119.22363290662277 156
1694437065071 118.99451886856582 157
1694437065118 118.76589997805145 158
1694437065153 118.5377751125927 159
1694437065188 118.31014315231725 160
1694437065232 118.08300297996121 161
1694437065265 117.85635348086306 162
1694437065298 117.6301935429573 163
1694437065353 117.40452205676853 164
1694437065402 117.17933791540526 165
1694437065451 116.95464001455368 166
1694437065481 116.73042725247176 167
1694437065527 116.506698529983 168
1694437065560 116.28345275047052 169
1694437065594 116.06068881987088 170
1694437065632 115.83840564666818 171
1694437065665 115.61660214188787 172
1694437065699 115.3952772190909 173
1694437065731 115.17442979436764 174
1694437065767 114.95405878633196 175
1694437065801 114.73416311611521 176
1694437065836 114.51474170736032 177
1694437065868 114.2957934862158 178
1694437065923 114.07731738132989 179
1694437065986 113.8593123238447 180
1694437066052 113.64177724739012 181
1694437066123 113.42471108807813 182
1694437066188 113.2081127844969 183
1694437066224 112.99198127770488 184
1694437066260 112.77631551122498 185
1694437066292 112.56111443103879 186
1694437066324 112.34637698558078 187
1694437066366 112.13210212573239 188
1694437066406 111.9182888048164 189
1694437066468 111.70493597859108 190
1694437066504 111.49204260524445 191
1694437066533 111.2796076453885 192
1694437066568 111.06763006205357 193
1694437066599 110.85610882068254 194
1694437066675 110.64504288912514 195
1694437066727 110.43443123763237 196
1694437066791 110.22427283885062 197
1694437066851 110.01456666781631 198
1694437066890 109.8053117019499 199
1694437066925 109.59650692105058 200
1694437066971 109.38815130729039 201
1694437067006 109.18024384520876 202
1694437067038 108.972783521707 203
1694437067075 108.76576932604246 204
1694437067107 108.55920024982323 205
1694437067140 108.3530752870024 206
1694437067174 108.14739343387262 207
1694437067237 107.94215368906062 208
1694437067294 107.73735505352153 209
1694437067358 107.53299653053355 210
1694437067413 107.3290771256924 211
1694437067481 107.12559584690581 212
1694437067524 106.92255170438813 213
1694437067578 106.71994371065482 214
1694437067633 106.51777088051709 215
1694437067674 106.31603223107642 216
1694437067722 106.11472678171911 217
1694437067779 105.91385355411107 218
1694437067821 105.71341157219217 219
1694437067872 105.51339986217116 220
1694437067927 105.31381745252006 221
1694437067972 105.11466337396892 222
1694437068017 104.91593665950059 223
1694437068067 104.71763634434521 224
1694437068144 104.51976146597505 225
1694437068208 104.32231106409915 226
1694437068266 104.12528418065808 227
1694437068326 103.9286798598186 228
1694437068394 103.7324971479685 229
1694437068482 103.5367350937113 230
1694437068531 103.34139274786101 231
1694437068582 103.14646916343699 232
1694437068628 102.95196339565864 233
1694437068670 102.75787450194024 234
1694437068720 102.56420154188584 235
1694437068766 102.37094357728401 236
1694437068856 102.17809967210269 237
1694437068898 101.98566889248411 238
1694437068936 101.7936503067396 239
1694437068974 101.60204298534447 240
1694437069018 101.41084600093292 241
1694437069053 101.22005842829303 242
1694437069088 101.02967934436141 243
1694437069127 100.83970782821854 244
1694437069159 100.6501429610833 245
1694437069207 100.4609838263082 246
1694437069249 100.27222950937423 247
1694437069284 100.08387909788584 248
1694437069321 99.89593168156601 249
1694437069356 99.70838635225111 250
1694437069390 99.52124220388608 251
1694437069443 99.3344983325193 252
1694437069486 99.14815383629771 253
1694437069550 98.9622078154619 254
1694437069613 98.77665937234106 255
1694437069676 98.5915076113481 256
1694437069738 98.40675163897481 257
1694437069801 98.22239056378679 258
1694437069859 98.03842349641876 259
1694437069910 97.85484954956952 260
1694437069956 97.67166783799712 261
1694437070000 97.48887747851408 262
1694437070045 97.30647758998238 263
1694437070105 97.12446729330884 264
1694437070151 96.94284571144013 265
1694437070188 96.761611969358 266
1694437070224 96.58076519407449 267
1694437070271 96.40030451462722 268
1694437070317 96.22022906207444 269
1694437070360 96.04053796949039 270
1694437070407 95.86123037196053 271
1694437070443 95.6823054065768 272
1694437070473 95.5037622124328 273
1694437070519 95.32559993061925 274
1694437070554 95.14781770421902 275
1694437070588 94.97041467830272 276
1694437070620 94.79338999992379 277
1694437070657 94.61674281811396 278
1694437070690 94.4404722838785 279
1694437070724 94.26457755019162 280
1694437070765 94.08905777199179 281
1694437070811 93.91391210617708 282
1694437070853 93.7391397116007 283
1694437070883 93.56473974906619 284
1694437070917 93.39071138132289 285
1694437070948 93.21705377306142 286
1694437070984 93.04376609090902 287
1694437071023 92.87084750342505 288
1694437071054 92.69829718109636 289
1694437071090 92.5261142963328 290
1694437071122 92.35429802346268 291
1694437071156 92.18284753872818 292
1694437071190 92.01176202028101 293
1694437071242 91.84104064817771 294
1694437071286 91.67068260437524 295
1694437071324 91.50068707272658 296
1694437071359 91.33105323897608 297
1694437071392 91.16178029075523 298
1694437071437 90.992867417578 299
1694437071471 90.82431381083649 300
1694437071501 90.65611866379658 301
1694437071537 90.48828117159334 302
1694437071571 90.32080053122682 303
1694437071607 90.1536759415575 304
1694437071642 89.98690660330197 305
1694437071684 89.82049171902858 306
1694437071720 89.65443049315297 307
1694437071758 89.4887221319339 308
1694437071794 89.3233658434687 309
1694437071840 89.15836083768909 310
1694437071891 88.99370632635676 311
1694437071942 88.82940152305915 312
1694437071990 88.66544564320506 313
1694437072039 88.50183790402042 314
1694437072074 88.33857752454398 315
1694437072118 88.17566372562301 316
1694437072157 88.01309572990911 317
1694437072190 87.85087276185392 318
1694437072241 87.68899404770484 319
1694437072326 87.52745881550086 320
1694437072431 87.36626629506833 321
1694437072508 87.20541571801671 322
1694437072622 87.04490631773444 323
1694437072673 86.88473732938466 324
1694437072720 86.72490798990107 325
1694437072772 86.56541753798378 326
1694437072818 86.40626521409517 327
1694437072857 86.24745026045561 328
1694437072901 86.08897192103949 329
1694437072940 85.9308294415709 330
1694437072976 85.77302206951978 331
1694437073018 85.61554905409753 332
1694437073053 85.45840964625303 333
1694437073090 85.30160309866855 334
1694437073125 85.14512866575565 335
1694437073160 84.98898560365114 336
1694437073202 84.83317317021296 337
1694437073236 84.67769062501617 338
1694437073276 84.5225372293489 339
1694437073317 84.36771224620827 340
1694437073356 84.21321494029647 341
1694437073405 84.05904457801662 342
1694437073442 83.90520042746881 343
1694437073492 83.75168175844622 344
1694437073539 83.5984878424309 345
1694437073594 83.44561795259 346
1694437073642 83.29307136377173 347
1694437073676 83.14084735250134 348
1694437073704 82.98894519697727 349
1694437073742 82.83736417706717 350
1694437073786 82.68610357430396 351
1694437073836 82.53516267188192 352
1694437073870 82.38454075465273 353
1694437073903 82.23423710912174 354
1694437073937 82.0842510234438 355
1694437073972 81.93458178741962 356
1694437074014 81.78522869249177 357
1694437074093 81.63619103174089 358
1694437074158 81.48746809988174 359
1694437074209 81.33905919325942 360
1694437074257 81.19096360984554 361
1694437074305 81.04318064923436 362
1694437074366 80.89570961263892 363
1694437074435 80.74854980288742 364
1694437074487 80.60170052441917 365
1694437074539 80.45516108328096 366
1694437074604 80.30893078712323 367
1694437074661 80.1630089451963 368
1694437074707 80.01739486834663 369
1694437074770 79.872087869013 370
1694437074841 79.72708726122275 371
1694437074886 79.58239236058822 372
1694437074963 79.4380024843028 373
1694437075009 79.29391695113732 374
1694437075050 79.1501350814363 375
1694437075084 79.0066561971143 376
1694437075118 78.86347962165217 377
1694437075185 78.72060468009342 378
1694437075285 78.57803069904044 379
1694437075335 78.43575700665097 380
1694437075402 78.29378293263434 381
1694437075454 78.15210780824783 382
1694437075509 78.01073096629308 383
1694437075560 77.86965174111246 384
1694437075611 77.72886946858532 385
1694437075689 77.58838348612453 386
1694437075739 77.44819313267277 387
1694437075791 77.30829774869902 388
1694437075837 77.16869667619488 389
1694437075868 77.029389258671 390
1694437075903 76.89037484115362 391
1694437075938 76.75165277018081 392
1694437075970 76.61322239379913 393
1694437076004 76.47508306155987 394
1694437076060 76.33723412451569 395
1694437076102 76.19967493521699 396
1694437076132 76.06240484770841 397
1694437076177 75.9254232175253 398
1694437076223 75.78872940169025 399
1694437076292 75.65232275870957 400
1694437076343 75.51620264856979 401
1694437076389 75.38036843273424 402
1694437076419 75.24481947413945 403
1694437076456 75.10955513719182 404
1694437076499 74.97457478776414 405
1694437076534 74.83987779319202 406
1694437076582 74.70546352227055 407
1694437076610 74.57133134525098 408
1694437076643 74.43748063383707 409
1694437076675 74.30391076118178 410
1694437076708 74.17062110188391 411
1694437076750 74.0376110319846 412
1694437076807 73.90487992896408 413
1694437076859 73.77242717173806 414
1694437076900 73.64025214065462 415
1694437076936 73.50835421749069 416
1694437076972 73.3767327854487 417
1694437077002 73.24538722915321 418
1694437077033 73.11431693464769 419
1694437077072 72.983521289391 420
1694437077106 72.85299968225426 421
1694437077136 72.72275150351737 422
1694437077171 72.59277614486578 423
1694437077205 72.46307299938712 424
1694437077245 72.33364146156808 425
1694437077284 72.20448092729083 426
1694437077316 72.07559079383002 427
1694437077348 71.94697045984934 428
1694437077384 71.81861932539834 429
1694437077418 71.69053679190907 430
1694437077449 71.56272226219299 431
1694437077478 71.4351751404376 432
1694437077507 71.30789483220322 433
1694437077538 71.18088074441982 434
1694437077568 71.05413228538377 435
1694437077603 70.92764886475463 436
1694437077646 70.80142989355194 437
1694437077694 70.67547478415203 438
1694437077735 70.54978295028482 439
1694437077787 70.42435380703073 440
1694437077837 70.2991867708173 441
1694437077907 70.17428125941628 442
1694437077966 70.04963669194028 443
1694437078016 69.92525248883967 444
1694437078056 69.80112807189956 445
1694437078091 69.67726286423644 446
1694437078126 69.55365629029525 447
1694437078156 69.43030777584612 448
1694437078186 69.30721674798139 449
1694437078231 69.18438263511237 450
1694437078285 69.06180486696633 451
1694437078345 68.93948287458339 452
1694437078420 68.81741609031344 453
1694437078501 68.695603947813 454
1694437078560 68.57404588204226 455
1694437078625 68.45274132926197 456
1694437078676 68.33168972703034 457
1694437078715 68.21089051420005 458
1694437078756 68.0903431309152 459
1694437078802 67.97004701860823 460
1694437078839 67.850001619997 461
1694437078873 67.73020637908165 462
1694437078904 67.61066074114169 463
1694437078937 67.4913641527329 464
1694437078974 67.3723160616844 465
1694437079009 67.25351591709571 466
1694437079049 67.13496316933359 467
1694437079085 67.01665727002924 468
1694437079114 66.89859767207527 469
1694437079155 66.78078382962273 470
1694437079187 66.66321519807816 471
1694437079224 66.54589123410062 472
1694437079263 66.42881139559883 473
1694437079308 66.31197514172811 474
1694437079341 66.19538193288759 475
1694437079388 66.07903123071716 476
1694437079430 65.96292249809467 477
1694437079467 65.84705519913298 478
1694437079502 65.73142879917701 479
1694437079539 65.61604276480094 480
1694437079584 65.50089656380527 481
1694437079621 65.38598966521394 482
1694437079650 65.27132153927147 483
1694437079693 65.15689165744011 484
1694437079724 65.04269949239695 485
1694437079756 64.92874451803111 486
1694437079789 64.81502620944089 487
1694437079825 64.70154404293082 488
1694437079860 64.58829749600905 489
1694437079898 64.47528604738433 490
1694437079935 64.36250917696326 491
1694437079971 64.24996636584754 492
1694437080015 64.13765709633104 493
1694437080058 64.02558085189709 494
1694437080094 63.9137371172157 495
1694437080127 63.80212537814072 496
1694437080157 63.69074512170712 497
1694437080192 63.57959583612815 498
1694437080222 63.468677010792625 499
