1694445013762 0.0598077290539185 0
1694445014066 0.05200447056844687 1
1694445014338 0.016390005113557322 2
1694445014651 0.021890557945350643 3
1694445014963 0.013862668745434462 4
1694445015259 0.0011866002761850407 5
1694445015534 0.04141742581700187 6
1694445015786 0.002637703316349295 7
1694445016053 0.051102568449971054 8
1694445016366 0.23975571219304415 9
1694445016625 0.02745519065125158 10
1694445016905 0.07127528271245973 11
1694445017161 0.17681642103175454 12
1694445017451 0.18420973261744822 13
1694445017738 0.00028799830259364196 14
1694445018020 0.0025319278777819997 15
1694445018283 0.07851837922101196 16
1694445018663 0.34134998246919906 17
1694445018902 0.0005308122111710825 18
1694445019158 0.7268561029273257 19
1694445019419 0.09303272997526889 20
1694445019676 0.10588274401919645 21
1694445019930 0.0011704463281806638 22
1694445020181 0.002328020818370244 23
1694445020442 0.0005351489588659486 24
1694445020697 0.03601369013051057 25
1694445020941 0.039256143551990356 26
1694445021193 0.08715293805445588 27
1694445021464 0.3325664144564754 28
1694445021721 0.3757161769515254 29
1694445021978 0.06788566829744541 30
1694445022233 0.20846180989181848 31
1694445022505 0.08738068885596825 32
1694445022749 0.05880358073044544 33
1694445022999 0.006971202159192209 34
1694445023261 0.025800489227556542 35
1694445023587 0.00029020838666576497 36
1694445023857 0.022584218534649182 37
1694445024117 0.08280151792408631 38
1694445024382 0.0229861675342237 39
1694445024643 0.007627407041049038 40
1694445024905 0.0003589405250929563 41
1694445025183 3.767296384397554e-05 42
1694445025438 0.01008942708195429 43
1694445025701 0.1255736472709704 44
1694445025956 0.005788049731797728 45
1694445026245 0.005896012666591891 46
1694445026523 0.0298571727234065 47
1694445026788 0.275594375161951 48
1694445027044 0.018610692828615265 49
1694445027316 0.00036716290769553384 50
1694445027575 0.01996554407541689 51
1694445027833 0.22066902804670088 52
1694445028079 0.0034668582570364665 53
1694445028334 0.21011534653877997 54
1694445028594 0.32429725505403356 55
1694445028828 0.002918420677672446 56
1694445029074 0.0950370118898139 57
1694445029333 0.2052692186900333 58
1694445029588 0.05256611748716419 59
1694445029848 0.0036326522575214687 60
1694445030130 0.054718548714448506 61
1694445030405 0.02530749849588366 62
1694445030645 0.34084888957687764 63
1694445030898 0.25513332214319256 64
1694445031150 0.16585700307768905 65
1694445031413 0.02187702953502952 66
1694445031673 0.08243684986694268 67
1694445031910 0.010265737640597112 68
1694445032158 0.04987808186813779 69
1694445032437 0.014612080190487032 70
1694445032725 0.3555394164526556 71
1694445033000 0.004505980576562812 72
1694445033270 0.6426418591424276 73
1694445033530 0.10997819811009371 74
1694445033794 0.660205321946877 75
1694445034047 0.5036900729512401 76
1694445034316 0.003876956859655307 77
1694445034584 0.028858180045934538 78
1694445034839 0.00030006101645559753 79
1694445035101 0.3839406711668369 80
1694445035361 0.00203475778041099 81
1694445035618 0.2056923032054092 82
1694445035863 0.07989954285386201 83
1694445036134 0.07240788812858955 84
1694445036427 0.02500509783904422 85
1694445036709 0.16815379800929953 86
1694445036976 0.07283064813540534 87
1694445037237 0.0009706958561887207 88
1694445037486 0.0037998730059062035 89
1694445037733 0.0029385792074139603 90
1694445037999 0.04920228152554393 91
1694445038251 0.018330443908704693 92
1694445038504 0.022410770264482304 93
1694445038769 0.08424889993959331 94
1694445039037 0.060032852059162235 95
1694445039307 0.025617441753659223 96
1694445039561 0.08909907348306936 97
1694445039815 0.02865992286966578 98
1694445040074 0.026108752337007293 99
1694445040351 0.02802526296923368 100
1694445040628 0.1612673389924593 101
1694445040885 0.022591752264199075 102
1694445041138 0.19129769407245376 103
1694445041394 0.09652673986283526 104
1694445041664 0.5565523921069855 105
1694445041924 0.12543096387433608 106
1694445042188 0.04922317582831665 107
1694445042443 0.07363013009136328 108
1694445042700 0.01709642514350944 109
1694445042965 0.5539640350786035 110
1694445043233 0.0026037630293796713 111
1694445043496 0.01555161151884022 112
1694445043764 0.07573793524425654 113
1694445044023 0.021672561246427084 114
1694445044276 0.0554884273858754 115
1694445044539 6.267334602455152e-07 116
1694445044789 0.021147672896885645 117
1694445045035 0.020938691028355088 118
1694445045284 0.009677730133393639 119
1694445045525 0.021148485159916703 120
1694445045756 0.14639990737724068 121
1694445046020 0.002359382964074643 122
1694445046257 0.15676330120390827 123
1694445046511 0.042705862901767824 124
1694445046751 0.028786838972846156 125
1694445047021 0.0039816318782385455 126
1694445047293 0.06222364270383064 127
1694445047576 0.05488050214306233 128
1694445047842 0.11018472733399821 129
1694445048115 0.030867726464296485 130
1694445048360 0.28219677340648375 131
1694445048636 0.18225682438659288 132
1694445048903 0.006818160851808726 133
1694445049131 0.13016572495018458 134
1694445049380 0.1976719909528478 135
1694445049626 0.19243295861284287 136
1694445049877 0.9511356323549452 137
1694445050127 2.5979215291296893 138
1694445050395 0.16568948978551237 139
1694445050661 0.012749960617548952 140
1694445050905 0.038984442698504075 141
1694445051148 0.00018333259698233702 142
1694445051407 0.06068733506278875 143
1694445051668 0.013696628137842354 144
1694445051923 0.04314605182128995 145
1694445052178 0.026421823168258536 146
1694445052435 0.05018084826384932 147
1694445052737 0.07181325184624694 148
1694445052991 0.08193058325738897 149
1694445053259 0.04267558022633803 150
1694445053528 0.007386731674186829 151
1694445053789 0.46266470055887793 152
1694445054052 0.07312094782156783 153
1694445054306 0.20241489977555688 154
1694445054577 0.3061298645056216 155
1694445054859 0.37099321240127486 156
1694445055116 0.20382534365279 157
1694445055391 0.03437951354383468 158
1694445055646 0.005747148222432664 159
1694445055899 0.12704552862146423 160
1694445056139 0.28151981000763077 161
1694445056405 0.11351702600452697 162
1694445056686 0.03755505172042674 163
1694445056962 4.2584952433413717e-05 164
1694445057221 0.10070306198176153 165
1694445057497 0.022732381476235762 166
1694445057806 0.002251651788969078 167
1694445058065 0.03386707170787506 168
1694445058351 0.0580755710196757 169
1694445058596 0.0382748017894534 170
1694445058839 0.08522719636597198 171
1694445059135 4.979758727503406e-07 172
1694445059424 0.2298503695320749 173
1694445059686 0.3021335913988028 174
1694445059938 0.03979818918319399 175
1694445060211 0.03665241003084179 176
1694445060502 0.04767879085066903 177
1694445060763 0.021803113575601624 178
1694445061028 0.019296978421674875 179
1694445061334 0.03959808605389871 180
1694445061601 0.0005920264913350292 181
1694445061911 0.002118462788107679 182
1694445062192 0.2331348917271974 183
1694445062452 0.29511786419669345 184
1694445062698 0.00028266069538900577 185
1694445062975 0.11391857307457397 186
1694445063266 0.07319208832230602 187
1694445063562 0.36115815327677214 188
1694445063813 0.001387674365229354 189
1694445064058 0.035364936863795896 190
1694445064322 0.20733139458611305 191
1694445064594 0.09321344370191575 192
1694445064851 0.00823220862004071 193
1694445065113 0.0640988645925507 194
1694445065354 0.12129158884560001 195
1694445065587 0.011999305220855057 196
1694445065810 0.036193441598392696 197
1694445066034 0.05426059115274923 198
1694445066294 0.10858297991154334 199
1694445066543 0.006219032455592634 200
1694445066771 0.1382403619645933 201
1694445066999 0.8988596702738015 202
1694445067227 0.002070586748931852 203
1694445067480 0.7242063364959634 204
1694445067725 0.9741656335786913 205
1694445067972 0.04215801772537393 206
1694445068240 0.3484255564447548 207
1694445068491 0.03729099070706445 208
1694445068727 3.517497574361323e-05 209
1694445068959 0.02812068574918132 210
1694445069184 0.08636125768304714 211
1694445069416 0.038871927696627964 212
1694445069653 0.03826358285884906 213
1694445069910 0.3503722404088223 214
1694445070161 0.05475517017586063 215
1694445070433 6.074822710274704e-05 216
1694445070703 0.017915064373686864 217
1694445070974 0.0043091568784268406 218
1694445071216 0.0816925263420316 219
1694445071470 0.0025839800535485927 220
1694445071727 0.002070530771988497 221
1694445071987 1.4100456798590448 222
1694445072270 0.04810454652017982 223
1694445072543 0.02825405470198625 224
1694445072823 0.008416511770107648 225
1694445073104 0.015239623871570773 226
1694445073368 0.08462895581450522 227
1694445073677 0.17213780943381016 228
1694445073933 0.050604930153241995 229
1694445074197 0.7067759340619165 230
1694445074474 0.0005347645380990211 231
1694445074758 8.148877556872105e-05 232
1694445075033 0.01122296368319803 233
1694445075297 0.6747713278156757 234
1694445075562 0.1865407809406262 235
1694445075815 0.02174485591500994 236
1694445076065 0.005163358607441174 237
1694445076309 0.14526849688040236 238
1694445076558 0.06212729117591542 239
1694445076812 0.05793480496961432 240
1694445077047 0.0022475437245939546 241
1694445077295 0.002916516737360827 242
1694445077558 0.09188627266184986 243
1694445077818 0.02243497525808929 244
1694445078060 0.18747040618087654 245
1694445078317 0.01176068236074103 246
1694445078572 0.677765454634109 247
1694445078818 0.031986156384813454 248
1694445079056 0.7964490282306458 249
1694445079336 0.08444522555256669 250
1694445079598 0.067795585925423 251
1694445079850 0.008717720693870184 252
1694445080098 0.0010203957670440146 253
1694445080354 0.004182931723673493 254
1694445080611 0.035437226610769736 255
1694445080882 0.3509649038944507 256
1694445081134 0.10869040993540532 257
1694445081399 0.04374685919148476 258
1694445081647 0.01456806492321493 259
1694445081877 1.079313614188358 260
1694445082133 0.036858739095432205 261
1694445082393 0.005816122777403338 262
1694445082642 0.22464918281000484 263
1694445082921 0.06137150734580157 264
1694445083176 0.0013766772602582843 265
1694445083440 0.264573909626659 266
1694445083715 0.01849462220403378 267
1694445083976 0.08016990604341853 268
1694445084224 0.1480281160105011 269
1694445084506 0.017663931782058318 270
1694445084754 0.46202149080234245 271
1694445085013 0.048877407015636455 272
1694445085275 0.035164207457940744 273
1694445085562 0.1364152227770366 274
1694445085817 0.00030366534028003316 275
1694445086068 0.07668817731789483 276
1694445086350 0.36139378078633155 277
1694445086622 0.0005035382726925665 278
1694445086901 0.012306910747478845 279
1694445087163 0.35374707596912364 280
1694445087430 0.01674950792640086 281
1694445087688 0.006708654896158567 282
1694445087940 0.5133472867934294 283
1694445088212 0.005340328088718371 284
1694445088469 0.029002024943883178 285
1694445088672 1.3041938060378986 286
1694445088956 0.012072666103881635 287
1694445089206 4.797603139661807e-05 288
1694445089466 0.16408784144493238 289
1694445089731 0.005488138902863649 290
1694445089982 0.035432237755624714 291
1694445090232 0.1272333668070976 292
1694445090496 0.06415283588108253 293
1694445090738 0.46429703115256726 294
1694445090999 0.07027039415823717 295
1694445091246 0.0013330182021478636 296
1694445091507 0.14697569439863364 297
1694445091755 0.0036254370114854402 298
1694445092024 0.01918747928596639 299
1694445092294 0.004906203196745347 300
1694445092539 0.016200609152219984 301
1694445092809 0.09893282360259291 302
1694445093077 0.07502311959919675 303
1694445093331 0.03450102942734287 304
1694445093584 0.03695704540802844 305
1694445093869 0.0005155702216752877 306
1694445094119 0.05637093784343729 307
1694445094410 0.2314371699165388 308
1694445094660 0.019653651811792856 309
1694445094918 0.05200261275659346 310
1694445095191 0.2178487043943654 311
1694445095460 0.0006491749935424926 312
1694445095719 0.11942588430785293 313
1694445095868 0.012858403413220145 314
1694445096239 0.13536061338609687 315
1694445096516 9.352096781575112e-05 316
1694445096787 0.003305135463899577 317
1694445097069 0.05318961318903892 318
1694445097344 0.049330540227851785 319
1694445097607 0.1882539297754229 320
1694445097874 0.00838501514453088 321
1694445098105 0.04125565382160504 322
1694445098406 0.01652092420925234 323
1694445098652 0.009839106492640913 324
1694445098914 0.04254387682088442 325
1694445099164 0.0013804220064653578 326
1694445099418 0.11981435945324516 327
1694445099691 0.0012661614380856405 328
1694445099966 0.13599492991304682 329
1694445100235 0.0031791982019017196 330
1694445100489 0.46487653317031524 331
1694445100745 0.01686298593959207 332
1694445101022 0.0005559995497710177 333
1694445101279 0.0716412243188756 334
1694445101548 0.12882921981902237 335
1694445101825 0.10272130121879035 336
1694445102066 0.006891332289635559 337
1694445102362 0.32537100847562744 338
1694445102624 0.0007469544187438344 339
1694445102908 0.08114412242450143 340
1694445103137 0.032614834749964294 341
1694445103398 0.2083345881017527 342
1694445103653 0.0678013415134251 343
1694445103945 0.02387576480923637 344
1694445104225 0.07260367784833935 345
1694445104505 0.07489683259895874 346
1694445104787 0.016521327144543997 347
1694445105065 0.07722449278815977 348
1694445105323 0.10923244061671449 349
1694445105624 0.20134613418101246 350
1694445105894 0.008434245094792249 351
1694445106163 0.0998942148401455 352
1694445106427 0.09209689765405517 353
1694445106704 0.0465335251195633 354
1694445106954 0.15170580000796274 355
1694445107255 0.0032790308815369056 356
1694445107523 0.001552694654415581 357
1694445107790 0.02024220265630636 358
1694445108073 0.0002948350170786221 359
1694445108327 0.03662546603978697 360
1694445108592 0.03482870044925539 361
1694445108847 0.11416173361675395 362
1694445109110 0.059104067324565426 363
1694445109392 0.005546115517861328 364
1694445109653 0.38708482573254316 365
1694445109915 0.07505834221473413 366
1694445110168 0.0012975632860760123 367
1694445110435 0.01104873138952542 368
1694445110701 0.02683288470037678 369
1694445110955 0.026061828633921678 370
1694445111188 0.12468261566127703 371
1694445111443 0.25487552901111804 372
1694445111709 0.004130907231848172 373
1694445111962 0.007688500045524036 374
1694445112208 0.07225423936058349 375
1694445112486 0.030366349818473373 376
1694445112741 0.12982828773134442 377
1694445113019 0.9460600801553183 378
1694445113281 0.31623014240764347 379
1694445113542 0.04281726200993578 380
1694445113820 0.004760257521269216 381
1694445114089 0.08590047191665984 382
1694445114346 0.007248075878459805 383
1694445114609 0.002494820926067656 384
1694445114849 0.015584082873181714 385
1694445115084 0.015248591580515888 386
1694445115343 0.46281832975024284 387
1694445115603 0.012284519247365774 388
1694445115836 0.15544198998351427 389
1694445116102 0.009126950356912083 390
1694445116351 0.05213786436974719 391
1694445116605 0.007544326381263114 392
1694445116859 7.613245049714478e-05 393
1694445117124 0.0014367436522311908 394
1694445117386 0.026278126789623112 395
1694445117646 0.026152596331232108 396
1694445117901 0.012765590474301994 397
1694445118150 0.016128217452767872 398
1694445118415 0.055057407388698416 399
1694445118675 0.011925200749311856 400
1694445118922 0.3757686636401205 401
1694445119170 0.1351455799223393 402
1694445119429 0.8464961031502428 403
1694445119689 5.902626896091046e-05 404
1694445119950 0.14168813215559758 405
1694445120224 0.003518504890764579 406
1694445120503 0.007336197324949154 407
1694445120767 0.03406447971048641 408
1694445121035 0.06701336987254539 409
1694445121312 0.5310483794205059 410
1694445121563 0.04968060371306361 411
1694445121844 7.568988550233384e-05 412
1694445122125 0.3861569919989306 413
1694445122397 0.021919558274109657 414
1694445122673 0.11325229528230382 415
1694445122924 0.01850855913430388 416
1694445123171 0.0008887892606060197 417
1694445123468 0.01103927280070774 418
1694445123712 0.0355440600803873 419
1694445124011 0.21744246117789232 420
1694445124288 0.13704022285179734 421
1694445124596 0.00026881658477822054 422
1694445124864 0.1786933708195857 423
1694445125126 0.04254671830256481 424
1694445125418 0.004626764169287446 425
1694445125694 0.11759954872320243 426
1694445125939 0.005936172828030807 427
1694445126200 0.008448307184095305 428
1694445126492 0.027018722137842767 429
1694445126762 0.14504445580189224 430
1694445127020 0.04791064879936148 431
1694445127345 0.012423789772165668 432
1694445127606 0.003310809837531175 433
1694445127856 0.016822692634336483 434
1694445128149 0.07834242287861051 435
1694445128436 0.0056866944862212195 436
1694445128691 0.0024370342599935838 437
1694445128965 0.0652652125756777 438
1694445129220 0.25166237961311133 439
1694445129489 0.0569719127922001 440
1694445129752 0.24596565335326606 441
1694445130003 0.0003350518069837041 442
1694445130264 0.0830578956482927 443
1694445130528 0.10062112027323444 444
1694445130777 0.2853045373332322 445
1694445131040 0.0016854249935494157 446
1694445131300 0.009379590048974405 447
1694445131574 0.25504222732223647 448
1694445131831 0.13887790462738306 449
1694445132087 0.15898868095931645 450
1694445132353 0.04636848549875558 451
1694445132628 0.05070907186060572 452
1694445132899 0.009515688564039032 453
1694445133151 0.012497010753098654 454
1694445133409 0.029704832553578826 455
1694445133655 0.1607363286521046 456
1694445133904 0.007990185770123266 457
1694445134165 0.034249491028806 458
1694445134453 9.46087110583592e-05 459
1694445134722 0.08919290583631415 460
1694445134999 0.05167745916843448 461
1694445135279 0.012818881357055646 462
1694445135557 0.09775119179694675 463
1694445135838 0.020481511640563062 464
1694445136087 0.07723070374244101 465
1694445136365 0.10269546661853379 466
1694445136642 0.0008570820976191048 467
1694445136911 0.10563513957415081 468
1694445137170 0.09229868691294225 469
1694445137444 0.1537815799943214 470
1694445137719 0.012399407002084415 471
1694445138008 0.047238836488189585 472
1694445138301 0.43024069767130946 473
1694445138575 0.07902647292077356 474
1694445138843 0.023114110904756662 475
1694445139093 0.1398898099723237 476
1694445139373 0.18533800699328032 477
1694445139677 0.018584913910788724 478
1694445139956 0.5674990376773993 479
1694445140216 0.00019818683948596034 480
1694445140490 0.03680883840807068 481
1694445140756 0.017141237347807734 482
1694445140999 0.027669445455746507 483
1694445141243 0.15767013539040386 484
1694445141494 0.010973098510344613 485
1694445141750 0.003526461931338803 486
1694445142019 0.0004507237307035945 487
1694445142284 0.1198392080200993 488
1694445142550 0.00925318288219055 489
1694445142800 0.0009723150370260675 490
1694445143048 0.07031580053263273 491
1694445143299 0.0020303380390661358 492
1694445143566 0.01954692250830652 493
1694445143835 0.036321964475255125 494
1694445144136 0.0021472112586907455 495
1694445144397 0.11671483041334386 496
1694445144654 0.036270974803896606 497
1694445144917 0.0010147640510843998 498
1694445145166 0.0007161828688957527 499
