1694441505602 172.76047824284154 0
1694441505642 172.10288152587714 1
1694441505682 169.84579808940558 2
1694441505724 170.46447015283943 3
1694441505763 169.7345731120576 4
1694441505808 167.175622979812 5
1694441505862 165.29440491350027 6
1694441505914 164.75609724056537 7
1694441505973 163.64455003115677 8
1694441506029 161.3073708281952 9
1694441506068 159.61695323758562 10
1694441506108 159.7350158464784 11
1694441506148 160.25477267700873 12
1694441506190 155.71397856739978 13
1694441506230 154.83331145950382 14
1694441506274 154.04473581450802 15
1694441506312 151.6541577174276 16
1694441506351 151.98926284469476 17
1694441506404 151.61953692400564 18
1694441506453 149.7515786124245 19
1694441506506 148.43878562916 20
1694441506552 147.51204531868183 21
1694441506611 146.62538195486965 22
1694441506674 143.83772709672363 23
1694441506724 142.92072814183018 24
1694441506772 141.50267569993406 25
1694441506827 140.74884555021956 26
1694441506883 140.504315619724 27
1694441506934 138.27276649841423 28
1694441506979 138.22927716798725 29
1694441507024 137.194628337926 30
1694441507072 137.00592294193714 31
1694441507118 135.24454811754143 32
1694441507171 134.26842970527503 33
1694441507212 131.8181042160122 34
1694441507250 131.49502933510948 35
1694441507294 131.00140154992107 36
1694441507335 129.54220669008575 37
1694441507375 127.99196357917336 38
1694441507413 127.91192558482622 39
1694441507451 125.43738221938116 40
1694441507491 125.30794699710485 41
1694441507533 124.61638461311692 42
1694441507574 122.65287380518465 43
1694441507611 122.91349033160543 44
1694441507650 121.93742210344148 45
1694441507692 121.01185411557381 46
1694441507733 120.4506899554442 47
1694441507774 118.78435461612303 48
1694441507815 118.13142127180062 49
1694441507855 115.89591092836473 50
1694441507894 116.10078057385917 51
1694441507931 114.65338519293098 52
1694441507972 113.74067815821152 53
1694441508014 114.03976101023711 54
1694441508058 112.28732337154351 55
1694441508100 111.34912054415682 56
1694441508144 111.00103733465475 57
1694441508191 109.64694144744324 58
1694441508232 109.25209652931846 59
1694441508273 108.13214927956183 60
1694441508316 106.04268912181114 61
1694441508359 107.42973936742786 62
1694441508396 104.68405496020681 63
1694441508437 104.02905929377236 64
1694441508473 103.35856559271133 65
1694441508515 103.26233177019752 66
1694441508549 101.85286454858694 67
1694441508588 101.06183516616782 68
1694441508630 100.59282951953755 69
1694441508667 98.62679728838101 70
1694441508706 99.32446313116812 71
1694441508754 98.9765840608301 72
1694441508798 98.20959408252665 73
1694441508835 95.78920485107919 74
1694441508875 95.91816557308263 75
1694441508914 94.68545839645829 76
1694441508952 94.77977149650872 77
1694441508991 93.75661176570402 78
1694441509030 93.46344782931563 79
1694441509073 92.59188102338192 80
1694441509111 90.67826366760927 81
1694441509153 91.37651296803155 82
1694441509192 90.31238576408406 83
1694441509231 88.49170406649925 84
1694441509273 89.4956998384296 85
1694441509318 88.14275525459303 86
1694441509363 86.66858862988036 87
1694441509400 86.93164840408834 88
1694441509439 86.39405743723788 89
1694441509477 85.94888479934743 90
1694441509516 84.58680106744083 91
1694441509553 84.71652431847247 92
1694441509597 83.0751118185478 93
1694441509638 82.37310043125417 94
1694441509678 82.18014785377804 95
1694441509717 81.51887450242732 96
1694441509762 81.19582438244352 97
1694441509799 81.13674781772409 98
1694441509836 79.86177239299411 99
1694441509876 78.68048639534406 100
1694441509915 78.52004466107677 101
1694441509956 77.52691707213178 102
1694441509995 76.37397705077639 103
1694441510037 75.91878655041694 104
1694441510078 75.5595144288047 105
1694441510116 75.62737941160974 106
1694441510154 74.4253524517445 107
1694441510193 73.97791230860771 108
1694441510227 73.62729837849375 109
1694441510266 73.36075522279343 110
1694441510307 72.28540550486122 111
1694441510346 71.8095925803131 112
1694441510385 70.80769557840803 113
1694441510424 70.5337333154564 114
1694441510460 70.58220047358004 115
1694441510495 69.79608392295708 116
1694441510533 69.04575377476793 117
1694441510573 68.97063852284887 118
1694441510617 67.93698552035106 119
1694441510661 67.5347955697412 120
1694441510705 67.1593433104084 121
1694441510745 66.3993774880516 122
1694441510788 66.81120886760688 123
1694441510826 65.38296445260593 124
1694441510866 65.56296511846035 125
1694441510905 64.99167237532284 126
1694441510943 64.5878219325175 127
1694441510980 63.39973238388742 128
1694441511016 63.692782938381825 129
1694441511056 62.898055862117864 130
1694441511092 62.31592216034916 131
1694441511133 61.7261224297308 132
1694441511186 61.3338993395318 133
1694441511225 61.5968603837361 134
1694441511272 60.29245552524081 135
1694441511313 60.32661693074282 136
1694441511361 59.0597749774573 137
1694441511403 58.80096362082674 138
1694441511459 58.80282022632599 139
1694441511510 58.177161497993644 140
1694441511551 57.5036010105109 141
1694441511597 57.12293651174385 142
1694441511642 57.18430563414087 143
1694441511680 57.32272372448196 144
1694441511724 55.65375963825214 145
1694441511766 56.002872581785255 146
1694441511805 54.98806708178678 147
1694441511841 54.07078898232722 148
1694441511883 54.310722892116104 149
1694441511924 53.799900317357924 150
1694441511961 53.747916542322436 151
1694441511997 52.67104128361525 152
1694441512038 52.590134080039896 153
1694441512082 51.51593835973331 154
1694441512124 51.93709231139171 155
1694441512164 51.37465704572174 156
1694441512225 50.87946635584242 157
1694441512268 50.46527467124367 158
1694441512305 49.83569056295549 159
1694441512346 49.47355074893686 160
1694441512387 49.00143501556089 161
1694441512427 49.19673194303988 162
1694441512472 49.178732353803085 163
1694441512511 48.93803492531847 164
1694441512548 48.25433521799212 165
1694441512586 47.552815747419785 166
1694441512626 46.810898441206156 167
1694441512664 47.39130192327776 168
1694441512706 46.730359076417244 169
1694441512748 45.71272652296017 170
1694441512790 45.362650086381485 171
1694441512823 45.59027086390267 172
1694441512859 45.0946116456255 173
1694441512900 44.64226675098278 174
1694441512941 45.02247207648782 175
1694441512979 44.199901345962616 176
1694441513016 43.91109260603795 177
1694441513058 43.578919444298116 178
1694441513099 42.532231247574174 179
1694441513140 43.50537680721226 180
1694441513181 42.81114872132641 181
1694441513219 42.133727044829996 182
1694441513256 41.7906961270253 183
1694441513294 41.54640704017629 184
1694441513330 41.64611872508618 185
1694441513367 40.8315659299283 186
1694441513409 40.51753988989655 187
1694441513450 40.39526368333322 188
1694441513492 39.68761199520999 189
1694441513531 39.31917438859119 190
1694441513569 39.852651133111394 191
1694441513609 39.14059785752092 192
1694441513647 38.81763742879279 193
1694441513686 38.849834347315564 194
1694441513725 38.13353529056014 195
1694441513765 38.45793670231515 196
1694441513804 37.72452536997936 197
1694441513846 37.832384650766755 198
1694441513894 37.32681934618199 199
1694441513934 36.78814568305963 200
1694441513976 36.294854707503525 201
1694441514021 36.37224999355435 202
1694441514063 36.2645249351789 203
1694441514099 35.98079275736972 204
1694441514138 35.592967564693495 205
1694441514177 35.47285395403266 206
1694441514213 35.283248000175114 207
1694441514254 34.97891190898626 208
1694441514296 34.48349033584578 209
1694441514334 34.22206599959967 210
1694441514376 34.16028354299392 211
1694441514412 33.700552050641406 212
1694441514448 33.670588645593305 213
1694441514485 33.394744404856716 214
1694441514526 32.9051965604747 215
1694441514567 33.374886246368256 216
1694441514601 32.78289709349131 217
1694441514641 32.182741630241736 218
1694441514681 31.8159030528673 219
1694441514723 31.995667294858848 220
1694441514762 31.223100270014125 221
1694441514800 31.55655227734007 222
1694441514839 31.219588811334507 223
1694441514876 31.007430303002998 224
1694441514912 30.712828500782418 225
1694441514953 30.712786553976894 226
1694441514995 30.01462762065543 227
1694441515034 30.007038497142208 228
1694441515074 29.775484514204855 229
1694441515113 29.731242192676323 230
1694441515152 29.588910633183296 231
1694441515192 29.425297543871306 232
1694441515232 29.131627173165146 233
1694441515277 28.560865833871553 234
1694441515315 28.48453890896521 235
1694441515355 27.933516058962535 236
1694441515391 28.265416472534774 237
1694441515434 27.799843491609426 238
1694441515475 27.873961942206634 239
1694441515515 27.716460545041418 240
1694441515556 27.627242482007816 241
1694441515596 27.0655221626372 242
1694441515639 26.967239228977242 243
1694441515679 26.749664242806897 244
1694441515720 26.203933349501405 245
1694441515757 26.458288808731503 246
1694441515796 26.170436800495025 247
1694441515832 25.810869557826297 248
1694441515875 25.65390102211413 249
1694441515916 25.58637643666974 250
1694441515953 25.326863892714254 251
1694441515996 25.2738329530943 252
1694441516033 25.058783577841744 253
1694441516074 24.661082743949486 254
1694441516111 24.621239751860333 255
1694441516144 24.640676224308642 256
1694441516184 24.242490870098155 257
1694441516227 24.149651157201035 258
1694441516273 24.027333616346272 259
1694441516311 23.3339860572793 260
1694441516351 23.723821778339516 261
1694441516391 23.41068177615855 262
1694441516431 23.098857088966064 263
1694441516467 23.040538591223353 264
1694441516509 22.540531527421827 265
1694441516549 22.7901968786848 266
1694441516590 22.432269195871463 267
1694441516627 22.39550788689048 268
1694441516667 22.59493778254003 269
1694441516705 22.289631845362674 270
1694441516746 22.36823225233428 271
1694441516782 21.91445408217595 272
1694441516820 21.798783567510018 273
1694441516860 21.23363093387601 274
1694441516900 21.677122934427015 275
1694441516936 21.01885491317519 276
1694441516971 21.008263534545772 277
1694441517011 20.975809240112316 278
1694441517046 20.920920704725606 279
1694441517087 20.568834298433615 280
1694441517129 20.64094951433157 281
1694441517168 20.505658083268933 282
1694441517211 20.413955061632223 283
1694441517252 19.931555165178942 284
1694441517290 19.725086834985497 285
1694441517331 19.626558059254375 286
1694441517371 19.437796273546788 287
1694441517407 19.641840728848504 288
1694441517445 19.092211380983418 289
1694441517482 19.18574836348991 290
1694441517522 19.04067080097801 291
1694441517561 18.74278758263813 292
1694441517597 18.525354547568277 293
1694441517636 18.622096254360294 294
1694441517676 18.5686611131043 295
1694441517711 18.32734166034178 296
1694441517752 18.503100415813286 297
1694441517794 18.114119504321504 298
1694441517830 17.98370581468887 299
1694441517866 17.998527159739183 300
1694441517905 17.715542185573902 301
1694441517948 17.63698651710021 302
1694441517987 17.641249204049256 303
1694441518027 17.270758612428246 304
1694441518064 17.60675804364711 305
1694441518104 17.22245736175779 306
1694441518141 16.946231856411732 307
1694441518175 16.820752771872968 308
1694441518215 16.603070264224815 309
1694441518257 16.830281117033074 310
1694441518298 16.64206011848618 311
1694441518336 16.514611913373475 312
1694441518379 16.265398483583056 313
1694441518419 16.08520528792163 314
1694441518462 16.370566093098837 315
1694441518500 16.126027449271906 316
1694441518537 16.12910360027045 317
1694441518577 15.604781951629219 318
1694441518618 15.778703819319249 319
1694441518655 15.549987532039264 320
1694441518692 15.65052094157084 321
1694441518739 15.321964419651337 322
1694441518789 15.401950705045394 323
1694441518845 15.117490713142905 324
1694441518901 15.052798667322039 325
1694441518947 14.629499904796536 326
1694441519005 14.819796014286577 327
1694441519042 14.514615105653041 328
1694441519080 14.700303323820153 329
1694441519118 14.595573405139337 330
1694441519157 14.645431216812757 331
1694441519195 14.267840644468846 332
1694441519235 14.077675704319342 333
1694441519275 14.106828261958375 334
1694441519316 14.051165136017339 335
1694441519355 13.828310094487943 336
1694441519393 13.658815251020082 337
1694441519428 13.715837673895715 338
1694441519475 13.85050963133778 339
1694441519516 13.67582143255707 340
1694441519557 13.55936732653491 341
1694441519596 13.368001966974775 342
1694441519639 13.193535591473006 343
1694441519682 13.184435812536346 344
1694441519726 12.96946090136804 345
1694441519763 13.22948261497246 346
1694441519802 13.01392752340927 347
1694441519841 12.84130499501851 348
1694441519882 12.787461596025059 349
1694441519925 12.674264836556878 350
1694441519967 12.609389019671998 351
1694441520010 12.391436637610475 352
1694441520056 12.612445648970633 353
1694441520099 12.323027734280577 354
1694441520135 12.443566252095616 355
1694441520174 12.102912126389217 356
1694441520210 12.206598281477756 357
1694441520250 12.080860090649425 358
1694441520287 11.90549989328604 359
1694441520328 11.683599629964013 360
1694441520366 11.85015390318491 361
1694441520405 11.88880805902696 362
1694441520441 11.746457691785501 363
1694441520480 11.525334532836407 364
1694441520517 11.632061060908121 365
1694441520557 11.292609646040118 366
1694441520594 11.311523047286519 367
1694441520632 11.044092001989153 368
1694441520671 11.209607007436574 369
1694441520711 11.230980693196056 370
1694441520752 11.010131928348354 371
1694441520791 10.935562576901088 372
1694441520825 10.73049140800433 373
1694441520867 10.946444932252493 374
1694441520903 10.79737932093263 375
1694441520940 10.447413453051302 376
1694441520981 10.656771522396378 377
1694441521018 10.658222810470681 378
1694441521059 10.505779613128484 379
1694441521103 10.261509736925701 380
1694441521141 10.361230913629681 381
1694441521181 10.323561168513452 382
1694441521218 10.223459596907439 383
1694441521259 10.114829270244948 384
1694441521297 10.03664287186432 385
1694441521336 9.927919641092302 386
1694441521374 10.036796276789628 387
1694441521410 9.940169628756356 388
1694441521448 9.786604579220484 389
1694441521489 9.853622087165563 390
1694441521526 9.514280178027002 391
1694441521569 9.45915934807283 392
1694441521608 9.472126043581039 393
1694441521645 9.740466500893241 394
1694441521683 9.63273688268468 395
1694441521720 9.459844727765756 396
1694441521758 9.194015953249517 397
1694441521800 9.342976073996043 398
1694441521838 9.0414897973353 399
1694441521877 9.23259807449315 400
1694441521913 9.057684664295595 401
1694441521954 8.992282069162904 402
1694441521992 8.968275522463712 403
1694441522030 9.158610799919098 404
1694441522070 8.898430824441208 405
1694441522107 8.926459570608232 406
1694441522146 8.763720299622806 407
1694441522183 8.66807673453871 408
1694441522223 8.44840267024456 409
1694441522263 8.450284655347158 410
1694441522299 8.375631179433475 411
1694441522338 8.477725865307736 412
1694441522377 8.299165886059996 413
1694441522412 8.344937814643188 414
1694441522454 8.217760367941125 415
1694441522493 8.248391028837553 416
1694441522530 8.003876957687961 417
1694441522572 8.041971570856628 418
1694441522609 8.123958288612378 419
1694441522647 8.040119840526371 420
1694441522684 8.01767613776321 421
1694441522724 8.02701996585697 422
1694441522763 8.009227726229687 423
1694441522800 7.772471673176889 424
1694441522838 7.789525163263359 425
1694441522875 7.911438212137712 426
1694441522912 7.529837206125862 427
1694441522946 7.663460281307988 428
1694441522988 7.6651884090697395 429
1694441523027 7.627947636853272 430
1694441523069 7.442517543047566 431
1694441523108 7.391167496665083 432
1694441523145 7.2503712488940035 433
1694441523187 7.33635394056895 434
1694441523227 7.44298065539688 435
1694441523263 7.348952316494816 436
1694441523302 7.197871335315579 437
1694441523338 7.133128045165139 438
1694441523377 7.121138980513549 439
1694441523416 7.10911351781826 440
1694441523454 7.072205885543195 441
1694441523491 7.023555310548663 442
1694441523529 7.021965964580309 443
1694441523570 6.793761060375488 444
1694441523609 6.960254805269562 445
1694441523651 6.724626986184017 446
1694441523694 6.691191323829138 447
1694441523732 6.798263200985723 448
1694441523774 6.790324822404935 449
1694441523809 6.780132151782007 450
1694441523846 6.562671875853228 451
1694441523885 6.81289975458041 452
1694441523927 6.666144617878954 453
1694441523961 6.66287386306179 454
1694441524004 6.50568080438933 455
1694441524048 6.535521601652274 456
1694441524093 6.458569390244968 457
1694441524132 6.335000697744732 458
1694441524170 6.366854921058785 459
1694441524208 6.3437067459964895 460
1694441524247 6.0804631279528305 461
1694441524288 6.2389399604664595 462
1694441524324 6.060721668008929 463
1694441524365 6.195971210698746 464
1694441524402 6.028926299232376 465
1694441524438 6.167173686530665 466
1694441524478 6.003299980723526 467
1694441524518 6.07847971210286 468
1694441524556 6.060524561159575 469
1694441524593 5.896122198150206 470
1694441524629 5.973514334110162 471
1694441524664 5.94041749916691 472
1694441524700 5.736735958173546 473
1694441524740 5.850901759148263 474
1694441524782 5.641442777843366 475
1694441524819 5.7010660272649725 476
1694441524860 5.6618463243497485 477
1694441524897 5.704899754950082 478
1694441524936 5.632207560450891 479
1694441524971 5.661142589453769 480
1694441525011 5.6053217503409 481
1694441525051 5.714472956420335 482
1694441525092 5.493950612684543 483
1694441525129 5.407001128475509 484
1694441525169 5.584588575778488 485
1694441525205 5.371889373231984 486
1694441525245 5.399580216519615 487
1694441525282 5.282147837954851 488
1694441525319 5.234859673511817 489
1694441525361 5.329967756059203 490
1694441525401 5.2945756783936835 491
1694441525437 5.139025917375631 492
1694441525479 5.195263808288191 493
1694441525516 5.241163901958676 494
1694441525557 5.135326826310564 495
1694441525594 5.13226043497567 496
1694441525631 4.981257348095221 497
1694441525668 5.047436376730837 498
1694441525710 4.994709796459675 499
