1694441505611 -0.0066933294075886 0
1694441505651 -0.005852682097245543 1
1694441505692 -0.00706703966592559 2
1694441505732 -0.005931297889628873 3
1694441505774 -0.005988465784883212 4
1694441505816 -0.0060687437646720355 5
1694441505875 -0.005839506214686985 6
1694441505929 -0.006159294471589805 7
1694441505987 -0.006903670862000499 8
1694441506039 -0.005740241352764297 9
1694441506079 -0.006135647780305842 10
1694441506117 -0.00616145838157367 11
1694441506159 -0.006876486487928712 12
1694441506199 -0.00615153475660124 13
1694441506240 -0.006724373671799455 14
1694441506280 -0.006078867647726582 15
1694441506322 -0.005817357954946312 16
1694441506365 -0.006051334955038623 17
1694441506418 -0.006250621928671318 18
1694441506465 -0.0058006604433802345 19
1694441506514 -0.006139904244198302 20
1694441506566 -0.0053473188136423655 21
1694441506628 -0.006586063334256043 22
1694441506687 -0.006356335607315966 23
1694441506735 -0.006240712516794256 24
1694441506782 -0.00642027788031041 25
1694441506841 -0.006280645471931967 26
1694441506897 -0.006686906672916715 27
1694441506946 -0.005285067237114749 28
1694441506989 -0.006705215899503791 29
1694441507037 -0.005987999668061406 30
1694441507082 -0.00639137129253009 31
1694441507130 -0.005916374593007312 32
1694441507181 -0.0055461139988106645 33
1694441507223 -0.005640415830502121 34
1694441507260 -0.005956150720058062 35
1694441507304 -0.006350989058973466 36
1694441507343 -0.0059952385402590735 37
1694441507385 -0.006000156076686025 38
1694441507422 -0.006588143892621856 39
1694441507462 -0.0057989918333938295 40
1694441507502 -0.006759526440358821 41
1694441507543 -0.005792442609901416 42
1694441507583 -0.005809144501189856 43
1694441507620 -0.005891402125654421 44
1694441507659 -0.005785806728553222 45
1694441507700 -0.006154228257785999 46
1694441507745 -0.006387906755737083 47
1694441507784 -0.006426681860519423 48
1694441507826 -0.006403380672568293 49
1694441507866 -0.006289856731056975 50
1694441507904 -0.006576871730804568 51
1694441507941 -0.006508459844764003 52
1694441507981 -0.0057599426820400534 53
1694441508026 -0.005869079303452818 54
1694441508067 -0.005772248082551057 55
1694441508113 -0.006302338911838179 56
1694441508157 -0.0053943027785468 57
1694441508201 -0.005355012903423884 58
1694441508243 -0.00610612023407775 59
1694441508283 -0.0059809508241206455 60
1694441508326 -0.005524930347142298 61
1694441508368 -0.006771157549066542 62
1694441508408 -0.006104730225769517 63
1694441508444 -0.0055748999692570855 64
1694441508482 -0.005895766141569725 65
1694441508522 -0.00601644323751005 66
1694441508560 -0.005478939117169235 67
1694441508595 -0.005969754315873654 68
1694441508639 -0.00674065575609295 69
1694441508677 -0.005356619744020907 70
1694441508715 -0.005964473109226542 71
1694441508766 -0.005985106964139453 72
1694441508808 -0.005799647684549214 73
1694441508847 -0.0057374066681088465 74
1694441508883 -0.006461699973764112 75
1694441508925 -0.005903560910910821 76
1694441508961 -0.0055857014810019034 77
1694441509002 -0.0062681241764332984 78
1694441509039 -0.005512272502009363 79
1694441509082 -0.005550551779580637 80
1694441509118 -0.005353690625700125 81
1694441509161 -0.005625667397165968 82
1694441509201 -0.005959341114101457 83
1694441509242 -0.005025425282045859 84
1694441509283 -0.006850786455112834 85
1694441509328 -0.005728805642465806 86
1694441509372 -0.005648958779623792 87
1694441509410 -0.005665955932238953 88
1694441509448 -0.005077620401278349 89
1694441509488 -0.00635763897746533 90
1694441509526 -0.00498763191668683 91
1694441509563 -0.005568403720920045 92
1694441509607 -0.005158055151486707 93
1694441509649 -0.005048890102723691 94
1694441509687 -0.00455197126705742 95
1694441509729 -0.005213771996220196 96
1694441509770 -0.0060076565846400865 97
1694441509808 -0.005913745117947622 98
1694441509844 -0.0053824754525368945 99
1694441509886 -0.005306129395941328 100
1694441509925 -0.006476278027170546 101
1694441509966 -0.005801269540714804 102
1694441510002 -0.005223504813242297 103
1694441510046 -0.00490861849123525 104
1694441510088 -0.005262934579072898 105
1694441510126 -0.005114095446314693 106
1694441510163 -0.005101735207793778 107
1694441510200 -0.0052494408109931 108
1694441510234 -0.0052610499521372756 109
1694441510276 -0.005701136086690983 110
1694441510317 -0.004711420546050782 111
1694441510357 -0.005511078303254813 112
1694441510394 -0.0048570033643426935 113
1694441510432 -0.005497234596194334 114
1694441510467 -0.004605572720578932 115
1694441510506 -0.005495898352968487 116
1694441510543 -0.0044866049976686195 117
1694441510583 -0.004511462938316724 118
1694441510627 -0.0050851481474256666 119
1694441510670 -0.0048131136451452505 120
1694441510714 -0.004642050665348618 121
1694441510756 -0.0043683690878471015 122
1694441510797 -0.005347225308332648 123
1694441510837 -0.004949543578800064 124
1694441510876 -0.004506629590750544 125
1694441510915 -0.004460123067929089 126
1694441510950 -0.005143573103173926 127
1694441510990 -0.004950936076330237 128
1694441511026 -0.005569373742154715 129
1694441511064 -0.005792043735151076 130
1694441511103 -0.004750730545755477 131
1694441511147 -0.004583254961302963 132
1694441511196 -0.005118236183472513 133
1694441511233 -0.005123632692752178 134
1694441511284 -0.0051201210185753965 135
1694441511323 -0.0048817402189071935 136
1694441511373 -0.00415997030361237 137
1694441511415 -0.004836136078420594 138
1694441511476 -0.004769150605966832 139
1694441511522 -0.0045390652065018244 140
1694441511562 -0.004882349641714745 141
1694441511609 -0.00442088715682698 142
1694441511650 -0.004947526249606815 143
1694441511694 -0.004329939950171946 144
1694441511735 -0.004208817176374113 145
1694441511777 -0.005609541979912036 146
1694441511812 -0.004455855843625178 147
1694441511854 -0.004472303745649553 148
1694441511892 -0.003647401756162294 149
1694441511933 -0.004959773414334512 150
1694441511969 -0.0041562420424055 151
1694441512008 -0.00426541238284317 152
1694441512047 -0.004042860692033745 153
1694441512091 -0.0035418858216016424 154
1694441512134 -0.0036951566091198984 155
1694441512174 -0.003935758687120039 156
1694441512235 -0.004337197817019689 157
1694441512277 -0.004561640165152481 158
1694441512314 -0.004072081904893388 159
1694441512358 -0.00462638082334621 160
1694441512398 -0.0037326074942025667 161
1694441512438 -0.0030836104324876157 162
1694441512480 -0.0037559000585041247 163
1694441512520 -0.004305144872685185 164
1694441512558 -0.0030986820157081763 165
1694441512595 -0.0037092858260519 166
1694441512633 -0.003966602157001953 167
1694441512674 -0.003229492258780553 168
1694441512717 -0.003460819244012203 169
1694441512758 -0.003315825950344742 170
1694441512797 -0.004633339740711229 171
1694441512832 -0.004354333951573031 172
1694441512869 -0.003743498819954949 173
1694441512910 -0.0021881812543806944 174
1694441512949 -0.0031985040464186376 175
1694441512988 -0.003139523880371753 176
1694441513027 -0.004692768573271167 177
1694441513070 -0.0032971664158354397 178
1694441513111 -0.0031204799238724323 179
1694441513149 -0.0022656178827820117 180
1694441513188 -0.0035758364772504603 181
1694441513227 -0.002218052088554634 182
1694441513264 -0.0037126418065651645 183
1694441513303 -0.002586598234210813 184
1694441513339 -0.0029724766461340923 185
1694441513377 -0.003606103878912581 186
1694441513418 -0.0015973744261588152 187
1694441513459 -0.0027813998165522325 188
1694441513501 -0.002709621511159055 189
1694441513541 -0.0027621091361613725 190
1694441513578 -0.0026590058552151685 191
1694441513619 -0.0023615253276290105 192
1694441513655 -0.0024966697602981647 193
1694441513696 -0.003152120499986699 194
1694441513734 -0.0026309396061816592 195
1694441513774 -0.002418122299779224 196
1694441513815 -0.001493083094609604 197
1694441513862 -0.0020851726955972705 198
1694441513902 -0.001536295617926342 199
1694441513945 -0.0014748031880795764 200
1694441513987 -0.002329443904586448 201
1694441514030 -0.0021318199417277306 202
1694441514073 -0.0029242978173360523 203
1694441514109 -0.0027953579170074683 204
1694441514147 -0.002863298413800175 205
1694441514185 -0.0025376100298968307 206
1694441514223 -0.0024190350047637033 207
1694441514264 -0.0015263671671155166 208
1694441514305 -0.0006337140272865138 209
1694441514344 -0.001038015110123247 210
1694441514386 -0.002566667204712436 211
1694441514422 -0.000994000989152255 212
1694441514457 -0.0013748261729864542 213
1694441514496 -0.002344159780879762 214
1694441514533 -0.0017231478872692385 215
1694441514575 -0.0012895083807300534 216
1694441514612 -0.0013802571194392321 217
1694441514653 -0.00175996137797374 218
1694441514690 -0.0006725275197327907 219
1694441514731 -0.0003569561090921436 220
1694441514771 -0.0005437416715421417 221
1694441514809 -0.000423398309228995 222
1694441514848 0.00022538481643818997 223
1694441514885 -0.0011225946930613073 224
1694441514921 0.0002669006060841417 225
1694441514965 -0.0019111570061878247 226
1694441515002 -0.0003643827810042577 227
1694441515045 -0.0003941417111608114 228
1694441515081 -0.0001881248516171219 229
1694441515123 -0.001168272466313125 230
1694441515163 -0.0009243447499884816 231
1694441515202 -0.0007268060476288696 232
1694441515242 -0.0012453410955195476 233
1694441515284 -0.0008627580491862297 234
1694441515326 0.00011612697095697566 235
1694441515363 -0.0007290925734497744 236
1694441515402 -0.00045154313197537377 237
1694441515444 0.0010013366542646063 238
1694441515483 0.00169514114271474 239
1694441515524 -0.0004813235614311573 240
1694441515565 0.00020280140804385116 241
1694441515606 0.0024334354335285857 242
1694441515648 -0.0006012230513123829 243
1694441515690 9.410142541632638e-06 244
1694441515728 0.0006540435299011715 245
1694441515766 -0.0010922529847809948 246
1694441515803 0.0014229588544419913 247
1694441515843 0.0023156917208493333 248
1694441515881 -9.907066527192754e-05 249
1694441515926 0.00027019104471392996 250
1694441515961 0.0006496443125502127 251
1694441516003 0.001468595537385653 252
1694441516042 0.0011590189298075204 253
1694441516082 0.002209123770084309 254
1694441516119 0.0005565058442623672 255
1694441516155 0.0014758499244091894 256
1694441516197 0.003112196764245123 257
1694441516241 0.0027083452934507646 258
1694441516282 0.0011318868704244256 259
1694441516321 0.0006332713887436947 260
1694441516361 0.0016062013085718085 261
1694441516399 0.001445559627843096 262
1694441516440 0.0008331349544921096 263
1694441516480 0.00046792758431313253 264
1694441516517 0.0022212733961921582 265
1694441516561 0.001667029600853298 266
1694441516599 0.0014227325244814404 267
1694441516638 0.001238817170245321 268
1694441516676 0.0007403514701032066 269
1694441516716 0.001373300951859724 270
1694441516754 0.0006875671359345414 271
1694441516793 0.001485011564287264 272
1694441516831 0.0024345955676829956 273
1694441516869 0.0020993091166346955 274
1694441516909 0.0024942425044396366 275
1694441516945 0.0028803318243890708 276
1694441516981 0.0015123371713061662 277
1694441517019 0.0025783482090533383 278
1694441517057 0.0017662478226597722 279
1694441517097 0.0043390903021245375 280
1694441517140 0.0032760351484932837 281
1694441517179 0.002817817609310991 282
1694441517219 0.0036781256363520587 283
1694441517262 0.004124475980651243 284
1694441517300 0.004037658519435161 285
1694441517341 0.0024788336178196424 286
1694441517380 0.002315494590925171 287
1694441517417 0.0048038382830468684 288
1694441517453 0.005977445754133837 289
1694441517492 0.006012772053135551 290
1694441517532 0.002923986860409622 291
1694441517570 0.004630116596551548 292
1694441517605 0.0048302944759529565 293
1694441517646 0.00343517539675664 294
1694441517684 0.0026293457285553323 295
1694441517719 0.0033408651867744554 296
1694441517763 0.004094803825832605 297
1694441517803 0.005554087704206623 298
1694441517840 0.0024995106348795204 299
1694441517872 0.0075852533976178416 300
1694441517914 0.0055003684835149835 301
1694441517956 0.0062662070515420165 302
1694441517997 0.0069573321446427805 303
1694441518036 0.004677732163707593 304
1694441518075 0.0028813530176735602 305
1694441518113 0.0033016651564644617 306
1694441518148 0.005915591625491046 307
1694441518184 0.006380257798199618 308
1694441518224 0.0038199404238653534 309
1694441518266 0.004656768072440309 310
1694441518306 0.005575810853941543 311
1694441518345 0.005726087059738871 312
1694441518389 0.00656131151202255 313
1694441518431 0.0064154365753977816 314
1694441518471 0.004818627882602566 315
1694441518509 0.00584996356743217 316
1694441518546 0.007589627696139356 317
1694441518587 0.006199557760246277 318
1694441518626 0.006851187880503318 319
1694441518665 0.006560555617958874 320
1694441518701 0.00807314877508214 321
1694441518752 0.00925626485085762 322
1694441518799 0.007386823770412221 323
1694441518864 0.009768529346498411 324
1694441518909 0.006263380801378893 325
1694441518957 0.008358925387641158 326
1694441519014 0.007389663103241184 327
1694441519051 0.008407974505598048 328
1694441519087 0.006974963356797703 329
1694441519129 0.005837228273207318 330
1694441519166 0.00706118385581378 331
1694441519206 0.006878973417715151 332
1694441519243 0.009246579525542753 333
1694441519284 0.008793479302907303 334
1694441519324 0.00533846454894904 335
1694441519364 0.008152149082211513 336
1694441519400 0.009275261384579792 337
1694441519439 0.009828145083259132 338
1694441519485 0.007978015619043877 339
1694441519527 0.008779426737507756 340
1694441519566 0.007336041838737928 341
1694441519606 0.008672405388022608 342
1694441519652 0.009858500942625192 343
1694441519691 0.009703720473567379 344
1694441519734 0.012485826048238002 345
1694441519772 0.007715144306341792 346
1694441519812 0.011293635503182298 347
1694441519852 0.007849880292115308 348
1694441519891 0.010825351902790992 349
1694441519935 0.01071231892041058 350
1694441519976 0.00847792917066692 351
1694441520020 0.014105938180217992 352
1694441520068 0.01063363154044572 353
1694441520108 0.01145838246684494 354
1694441520146 0.010974354320694046 355
1694441520182 0.01000244672435835 356
1694441520219 0.011872321204735137 357
1694441520258 0.00982851373129634 358
1694441520297 0.008028924385759417 359
1694441520337 0.015006373646865523 360
1694441520377 0.011202679291182127 361
1694441520411 0.01182496208844075 362
1694441520451 0.011645613253640885 363
1694441520489 0.014460715685583825 364
1694441520528 0.014446101454998916 365
1694441520565 0.016761321702745913 366
1694441520604 0.010745844257137982 367
1694441520643 0.01057770365418087 368
1694441520681 0.016799209314712016 369
1694441520720 0.011306703195179013 370
1694441520762 0.011553037024952584 371
1694441520799 0.014796787730691041 372
1694441520834 0.01429427760525559 373
1694441520877 0.014495239199122212 374
1694441520912 0.011470781830167809 375
1694441520950 0.01687170692253559 376
1694441520990 0.013706028829844397 377
1694441521029 0.016013595742454867 378
1694441521070 0.012030559814139474 379
1694441521112 0.011465362494424425 380
1694441521152 0.014103076069686749 381
1694441521192 0.014241129497419625 382
1694441521228 0.015572752634302911 383
1694441521268 0.012948562863258739 384
1694441521307 0.01817583037012893 385
1694441521344 0.019063919091769965 386
1694441521383 0.01198321197814789 387
1694441521417 0.01365720609851917 388
1694441521459 0.019096272052092633 389
1694441521497 0.015351853875650856 390
1694441521537 0.017583794236914585 391
1694441521579 0.016637594837496383 392
1694441521618 0.015502335143437573 393
1694441521654 0.01841426464379403 394
1694441521691 0.015531191420573798 395
1694441521730 0.01630868032797428 396
1694441521769 0.016230285389510546 397
1694441521808 0.017992047376932385 398
1694441521849 0.01914790815210421 399
1694441521886 0.01804719249561071 400
1694441521920 0.01651829527347959 401
1694441521965 0.020064286482451732 402
1694441522001 0.015392565335977548 403
1694441522039 0.01634143929899412 404
1694441522079 0.019185416081551887 405
1694441522115 0.023933937780796444 406
1694441522153 0.025787291511298438 407
1694441522194 0.016603198434119948 408
1694441522232 0.01994249810885318 409
1694441522271 0.02097800635841862 410
1694441522308 0.019149599796997374 411
1694441522346 0.01998629210528724 412
1694441522384 0.02569506225367435 413
1694441522423 0.020573300512065296 414
1694441522461 0.020548510328942338 415
1694441522501 0.019058934436438024 416
1694441522540 0.023297487986868592 417
1694441522580 0.023943765366190695 418
1694441522616 0.022934084426901147 419
1694441522656 0.023201154452649253 420
1694441522694 0.021966969237355194 421
1694441522734 0.022089583070315166 422
1694441522772 0.02329839617781526 423
1694441522809 0.022907912689566712 424
1694441522846 0.022414959786952515 425
1694441522885 0.02530415750190207 426
1694441522919 0.027314021397088717 427
1694441522955 0.02586650614055741 428
1694441522996 0.024468181543674028 429
1694441523035 0.022659728420284853 430
1694441523078 0.025151203772941888 431
1694441523118 0.024776909635945255 432
1694441523157 0.02777003003522116 433
1694441523197 0.022616598385079678 434
1694441523234 0.02541283619400725 435
1694441523274 0.02693411245998878 436
1694441523310 0.02329161209848718 437
1694441523347 0.025959251899657088 438
1694441523387 0.021999099306315162 439
1694441523426 0.028086301714632 440
1694441523462 0.03025232863570204 441
1694441523499 0.02464427298701999 442
1694441523538 0.03128828918160387 443
1694441523579 0.021468370142333493 444
1694441523618 0.025294505526277322 445
1694441523662 0.028777639631044516 446
1694441523703 0.030254264486442084 447
1694441523743 0.03200973750184288 448
1694441523782 0.03139036953933416 449
1694441523818 0.024650303762767556 450
1694441523856 0.035221579601705466 451
1694441523898 0.03441779017526758 452
1694441523933 0.02415327673610268 453
1694441523971 0.03419043618610518 454
1694441524014 0.028048973582450176 455
1694441524059 0.03580356545665353 456
1694441524103 0.028522982539533115 457
1694441524140 0.031311661309421424 458
1694441524179 0.02698672549448955 459
1694441524217 0.033648330846676844 460
1694441524256 0.024928304342807905 461
1694441524297 0.032183060448849554 462
1694441524332 0.03320547560980425 463
1694441524373 0.03051347258824566 464
1694441524411 0.03786708260426064 465
1694441524449 0.03030353339115499 466
1694441524490 0.03573515544559647 467
1694441524528 0.0409884397892013 468
1694441524564 0.036411425033702316 469
1694441524601 0.03680550215131406 470
1694441524636 0.04499715568677465 471
1694441524673 0.035521103272728394 472
1694441524709 0.041277444489944526 473
1694441524751 0.03361069323498189 474
1694441524790 0.0404597451129417 475
1694441524830 0.03936622998993489 476
1694441524867 0.03480288150391975 477
1694441524908 0.03772173744074869 478
1694441524945 0.03189549212007248 479
1694441524982 0.03493602530262219 480
1694441525021 0.030767513717133044 481
1694441525062 0.0367816937083878 482
1694441525100 0.03465646210152129 483
1694441525140 0.03611265724440793 484
1694441525178 0.03902436943661358 485
1694441525214 0.03070192743588518 486
1694441525254 0.039130692291236446 487
1694441525291 0.03629449667928486 488
1694441525330 0.04553315864971774 489
1694441525372 0.040042425569564166 490
1694441525409 0.04057160574707297 491
1694441525450 0.037680127065748525 492
1694441525488 0.033737654922007865 493
1694441525528 0.04516317186400942 494
1694441525566 0.035592123917928875 495
1694441525604 0.04482275089571852 496
1694441525640 0.04197726249099665 497
1694441525679 0.03730156968115794 498
1694441525719 0.0450637613416468 499
