1694436729969 175.07857188431976 0
1694436729997 174.47129504630868 1
1694436730027 172.14138614083515 2
1694436730055 171.29741890538384 3
1694436730084 169.62325267081692 4
1694436730114 168.8138578699862 5
1694436730146 167.58437648046825 6
1694436730185 165.50511338465057 7
1694436730215 164.4409573924711 8
1694436730250 163.59051650133418 9
1694436730286 162.1867166197319 10
1694436730317 160.0435508441704 11
1694436730348 159.6807146195732 12
1694436730378 157.93374843912687 13
1694436730408 156.67327402726175 14
1694436730439 155.73564494170304 15
1694436730470 153.78871306358923 16
1694436730501 152.60413996477658 17
1694436730529 151.6899278696933 18
1694436730559 150.24627166107507 19
1694436730590 149.16756804878256 20
1694436730619 148.08961523589113 21
1694436730650 146.9728497213022 22
1694436730680 145.65819066878322 23
1694436730716 144.86313805392462 24
1694436730751 143.4076214112189 25
1694436730786 142.6364030913479 26
1694436730819 141.68301095024597 27
1694436730854 140.16830621430313 28
1694436730888 139.27584323836257 29
1694436730924 138.14612496907995 30
1694436730965 137.35769441395817 31
1694436730999 135.81220762906247 32
1694436731035 134.8571117902541 33
1694436731071 133.61048969813248 34
1694436731110 132.8558821305679 35
1694436731146 131.88990060286923 36
1694436731192 130.72707274124758 37
1694436731237 129.4757248144104 38
1694436731276 128.08326041842014 39
1694436731311 127.86609784565316 40
1694436731346 126.78917901588595 41
1694436731382 125.65357111126882 42
1694436731419 124.88461087910403 43
1694436731454 124.02634408497924 44
1694436731486 122.26979876418676 45
1694436731521 121.58040819402979 46
1694436731559 120.8268279368149 47
1694436731592 119.9262032524822 48
1694436731621 119.30876593718 49
1694436731650 118.2964987032929 50
1694436731680 117.53962017550924 51
1694436731711 116.1970697950225 52
1694436731743 115.86392256288168 53
1694436731773 114.93355980940706 54
1694436731804 113.51556522127167 55
1694436731834 113.06894692638562 56
1694436731862 112.17276781775531 57
1694436731895 111.24616331329644 58
1694436731924 110.81119071586595 59
1694436731952 109.56737448298578 60
1694436731984 109.02818001744276 61
1694436732016 108.12787868155799 62
1694436732046 107.04448926934593 63
1694436732078 106.04806174369115 64
1694436732107 105.21247675292537 65
1694436732138 104.7097019496714 66
1694436732168 104.16832951199416 67
1694436732198 103.08665372643372 68
1694436732227 102.45871718137033 69
1694436732254 101.38616017829901 70
1694436732285 100.8204297920527 71
1694436732317 100.22889364126205 72
1694436732348 98.87675880932773 73
1694436732381 98.38419297938695 74
1694436732411 97.66492457827097 75
1694436732440 96.81898039375979 76
1694436732471 96.81658079153186 77
1694436732501 95.49931290859988 78
1694436732535 95.32682963569214 79
1694436732572 94.3234919652985 80
1694436732610 93.5496048219328 81
1694436732648 92.83119272621391 82
1694436732681 92.02819918887539 83
1694436732714 91.49475446454029 84
1694436732747 90.88169967193585 85
1694436732777 90.03429303771237 86
1694436732804 89.32783784967638 87
1694436732836 88.51255783779595 88
1694436732868 88.11851054874893 89
1694436732900 87.8352774447874 90
1694436732929 86.78237689830524 91
1694436732962 85.92598075622708 92
1694436732994 85.48004747542431 93
1694436733023 84.62513321011083 94
1694436733051 84.21632356353047 95
1694436733083 83.63137529422752 96
1694436733117 83.30890843835607 97
1694436733155 82.43889599861586 98
1694436733193 82.05917331003107 99
1694436733229 81.34160268353104 100
1694436733269 80.83416083469093 101
1694436733304 80.25984124198472 102
1694436733337 79.6536126458521 103
1694436733372 79.03422073196401 104
1694436733403 78.65690241607876 105
1694436733432 77.87880252574942 106
1694436733461 77.40545582306227 107
1694436733493 76.60683863802619 108
1694436733526 75.78055239824064 109
1694436733557 75.79619690258524 110
1694436733591 75.12862666977755 111
1694436733625 74.6591572128889 112
1694436733661 74.04734579487828 113
1694436733695 73.27691308203237 114
1694436733727 72.7013718901826 115
1694436733759 72.04126592154672 116
1694436733794 71.96875268657506 117
1694436733825 71.51050126697231 118
1694436733854 70.77810713918196 119
1694436733885 70.44309148178715 120
1694436733914 69.78149957820598 121
1694436733943 69.73617200870798 122
1694436733974 69.35313234279741 123
1694436734005 68.34839733259312 124
1694436734035 68.06472568461162 125
1694436734068 67.63786297499078 126
1694436734097 67.23230769925458 127
1694436734128 66.91852199962543 128
1694436734160 66.10513840766863 129
1694436734192 65.59359686994578 130
1694436734223 65.13474001467509 131
1694436734256 64.84907473570297 132
1694436734290 64.08179675364096 133
1694436734318 63.872911272400586 134
1694436734352 63.52674710529943 135
1694436734389 62.40939248150628 136
1694436734418 62.56192875726251 137
1694436734451 61.77782557820839 138
1694436734482 61.706638782119924 139
1694436734517 61.097974669236386 140
1694436734551 60.76853174946295 141
1694436734583 60.26993087561724 142
1694436734613 59.785827064779895 143
1694436734644 59.30164011440766 144
1694436734680 59.056635974991515 145
1694436734714 58.53455791198068 146
1694436734749 58.6933047299802 147
1694436734782 57.795407536892974 148
1694436734816 57.49871062859261 149
1694436734849 57.09654830483319 150
1694436734882 56.66111672394184 151
1694436734916 56.092580170997024 152
1694436734951 55.67173112541966 153
1694436734996 55.88835268133248 154
1694436735032 55.30529265249008 155
1694436735065 55.089206602767995 156
1694436735102 54.228483048801365 157
1694436735137 53.67861191844049 158
1694436735171 53.770800566782455 159
1694436735204 53.17547611931744 160
1694436735236 53.05142640733146 161
1694436735265 52.52830446172318 162
1694436735294 52.303499561075256 163
1694436735324 51.890663913679944 164
1694436735357 51.735742861716545 165
1694436735388 51.20819806764205 166
1694436735419 51.12380073370037 167
1694436735449 50.64041205512192 168
1694436735479 50.00342551650195 169
1694436735510 49.853383641228675 170
1694436735540 49.83707775522993 171
1694436735570 49.588808378860456 172
1694436735612 48.924515305975135 173
1694436735650 48.58972433505567 174
1694436735688 48.36147834191247 175
1694436735731 47.798093591628785 176
1694436735772 47.644772921630036 177
1694436735811 47.2293442098246 178
1694436735848 47.088501208725326 179
1694436735897 46.65420691743554 180
1694436735947 46.548720520162504 181
1694436735982 46.185702047527556 182
1694436736027 45.70373265378945 183
1694436736061 45.55365778488959 184
1694436736092 45.32076325386034 185
1694436736129 44.98158760959791 186
1694436736162 44.75274120895251 187
1694436736190 44.4428881280545 188
1694436736223 43.772452393319526 189
1694436736254 43.64940137084406 190
1694436736287 43.86215970146674 191
1694436736320 43.50760981599176 192
1694436736351 42.78557583809012 193
1694436736385 42.46732212666797 194
1694436736418 42.349251505402286 195
1694436736450 42.069161179346565 196
1694436736480 41.99823117846314 197
1694436736516 41.81002572226039 198
1694436736547 41.46140467270187 199
1694436736579 40.99260043472815 200
1694436736612 40.976311495784074 201
1694436736644 40.53339888254349 202
1694436736673 40.02074786736734 203
1694436736707 39.84582535660115 204
1694436736738 39.87312223151448 205
1694436736771 39.278837321442026 206
1694436736801 39.30758277317309 207
1694436736834 39.25577285322819 208
1694436736866 38.674292355998354 209
1694436736897 38.59659407889965 210
1694436736929 38.52600893598824 211
1694436736961 38.18457677651208 212
1694436736997 37.767748981819565 213
1694436737040 37.567099844366886 214
1694436737078 37.10021692193612 215
1694436737116 37.228143108399586 216
1694436737152 36.59615306968378 217
1694436737188 36.559252138570876 218
1694436737221 36.45607704689999 219
1694436737250 35.964348145287616 220
1694436737281 36.074705470174926 221
1694436737313 35.86626276113233 222
1694436737346 35.555398531680915 223
1694436737378 35.409705016452065 224
1694436737411 35.140458727758244 225
1694436737441 34.806707523043194 226
1694436737471 34.68237880371379 227
1694436737500 34.4155071574593 228
1694436737531 34.576395854064906 229
1694436737563 34.304047114310194 230
1694436737594 33.988543776363656 231
1694436737628 33.65271908446238 232
1694436737658 33.36658578762429 233
1694436737691 33.6273777018026 234
1694436737727 33.253284832205026 235
1694436737757 32.959689460746056 236
1694436737787 32.56735889606113 237
1694436737818 32.699659007204694 238
1694436737850 32.6824285786729 239
1694436737885 31.9200812460034 240
1694436737918 31.856831578068608 241
1694436737951 31.59585764197667 242
1694436737989 31.776716275167587 243
1694436738027 31.407137783894488 244
1694436738066 31.20120204791141 245
1694436738108 30.91995159988935 246
1694436738146 30.880321755948486 247
1694436738184 30.558291758645474 248
1694436738219 30.530792224324127 249
1694436738255 30.537708629002037 250
1694436738291 29.975906884874963 251
1694436738330 29.964614594497085 252
1694436738362 29.915013694930416 253
1694436738396 29.772842007877884 254
1694436738429 29.642302151672727 255
1694436738462 29.210413357804576 256
1694436738498 29.080947545747478 257
1694436738531 28.986176659166965 258
1694436738569 28.837296265782506 259
1694436738608 28.667726505657406 260
1694436738645 28.434151830925455 261
1694436738676 28.194693288697483 262
1694436738710 28.114507735760206 263
1694436738744 27.99369512706304 264
1694436738786 27.80847187565005 265
1694436738827 27.737103484567733 266
1694436738875 27.332401925485062 267
1694436738912 27.344513499487192 268
1694436738950 27.03106317586023 269
1694436738990 27.109225565045 270
1694436739031 26.690798566503116 271
1694436739070 26.69636868211101 272
1694436739108 26.703679183230946 273
1694436739149 26.448680169476482 274
1694436739187 26.39420316007645 275
1694436739220 26.24458434803211 276
1694436739253 26.03458317058342 277
1694436739287 25.76864753767872 278
1694436739322 25.703440594864926 279
1694436739361 25.69349354861022 280
1694436739396 25.530109366557433 281
1694436739429 25.45686588656791 282
1694436739462 25.32430160047229 283
1694436739503 25.041638119438115 284
1694436739540 24.95822589051403 285
1694436739575 24.72537204814608 286
1694436739609 24.609069950487804 287
1694436739640 24.443361959527785 288
1694436739669 24.33851242335588 289
1694436739715 24.52907502549838 290
1694436739765 24.132696047212665 291
1694436739805 23.90098475859166 292
1694436739860 23.671643185161084 293
1694436739896 23.665881620321553 294
1694436739933 23.551688506502423 295
1694436739968 23.41155467443235 296
1694436740001 23.15963613061045 297
1694436740034 23.201875624625185 298
1694436740065 22.902290095220938 299
1694436740097 23.021818970632104 300
1694436740137 22.76536916555121 301
1694436740178 22.768727286124697 302
1694436740218 22.490407095222647 303
1694436740259 22.289244253297547 304
1694436740298 22.31009593985913 305
1694436740335 22.29061005033538 306
1694436740374 22.166840147647452 307
1694436740409 22.30669823699848 308
1694436740442 21.871801242426752 309
1694436740470 21.876123885816817 310
1694436740502 21.77372303025211 311
1694436740533 21.61666214576087 312
1694436740563 21.582748895877028 313
1694436740594 21.414265604146795 314
1694436740627 21.31109893049928 315
1694436740657 21.312279444224846 316
1694436740688 21.15106341303336 317
1694436740720 20.866905011497273 318
1694436740752 20.740575069520307 319
1694436740791 20.715446820999706 320
1694436740832 20.585664985101452 321
1694436740867 20.53029555874443 322
1694436740904 20.56892534960103 323
1694436740940 20.47193220973672 324
1694436740971 20.192303203567267 325
1694436741005 20.000422739850276 326
1694436741040 20.023428439317595 327
1694436741072 19.822055921487465 328
1694436741111 19.871563814782153 329
1694436741154 19.89695151748801 330
1694436741196 19.76330213304239 331
1694436741235 19.665452822217105 332
1694436741267 19.390983587392313 333
1694436741305 19.354547399186185 334
1694436741343 19.292165002742127 335
1694436741385 19.27987382091991 336
1694436741424 19.16102211834784 337
1694436741464 18.934595669649532 338
1694436741498 18.92780879883951 339
1694436741534 18.889912406645998 340
1694436741568 18.88613304778258 341
1694436741603 18.526213352755523 342
1694436741636 18.504705360438667 343
1694436741666 18.45555635822179 344
1694436741695 18.400695151795173 345
1694436741732 18.228800129556983 346
1694436741773 18.400614970167826 347
1694436741804 18.118093901896838 348
1694436741839 18.007771319433235 349
1694436741869 18.120426107170534 350
1694436741897 17.909762826570503 351
1694436741937 17.714410723921883 352
1694436741973 17.57338255334654 353
1694436742007 17.64408966806071 354
1694436742050 17.42821347698264 355
1694436742086 17.343856507509123 356
1694436742125 17.508447539196087 357
1694436742162 17.316411137304865 358
1694436742194 17.181651630698173 359
1694436742233 17.27014007088732 360
1694436742277 17.000878111579095 361
1694436742319 17.01380086691198 362
1694436742364 16.85665498464307 363
1694436742421 16.71393311499715 364
1694436742480 16.70211155871274 365
1694436742543 16.68345120633124 366
1694436742611 16.50801317602316 367
1694436742662 16.467491530136662 368
1694436742704 16.593164222150715 369
1694436742738 16.425138979195722 370
1694436742777 16.35225006481352 371
1694436742815 16.322096386546075 372
1694436742858 16.33215134591195 373
1694436742899 16.168254386042463 374
1694436742944 16.01929349929822 375
1694436742976 15.976643174044863 376
1694436743012 15.899161054765019 377
1694436743048 15.6202067351171 378
1694436743081 15.699317611783233 379
1694436743117 15.53619599727135 380
1694436743152 15.564343962078402 381
1694436743186 15.474280745563037 382
1694436743224 15.499657744773913 383
1694436743259 15.462179208726313 384
1694436743294 15.311587393218915 385
1694436743333 15.253595191544255 386
1694436743370 15.20519693840854 387
1694436743403 15.259535073224924 388
1694436743439 15.212733925013382 389
1694436743471 15.037232159039679 390
1694436743499 14.880279091128116 391
1694436743531 14.939196045204781 392
1694436743561 14.954825243086376 393
1694436743590 14.905721372512255 394
1694436743619 14.782150243533975 395
1694436743648 14.517386991821663 396
1694436743679 14.507211913737317 397
1694436743710 14.543270638778047 398
1694436743744 14.434448430045999 399
1694436743780 14.504221040113455 400
1694436743814 14.321034231073698 401
1694436743844 14.300520052865878 402
1694436743878 14.305444133514557 403
1694436743919 14.324785005179384 404
1694436743974 13.992816094264876 405
1694436744020 14.09234214763274 406
1694436744070 14.056647569652844 407
1694436744111 13.889578543247046 408
1694436744152 13.778473414600588 409
1694436744199 13.829094023785473 410
1694436744241 13.824854857644901 411
1694436744281 13.79703403078362 412
1694436744319 13.675177911858194 413
1694436744355 13.787294343927663 414
1694436744386 13.43929999198664 415
1694436744418 13.423435803336876 416
1694436744452 13.65939448165346 417
1694436744482 13.583222762834302 418
1694436744513 13.28828763944133 419
1694436744544 13.360940849526557 420
1694436744575 13.14088028805961 421
1694436744618 13.294368702622315 422
1694436744664 13.219919099863322 423
1694436744699 13.154362293588147 424
1694436744731 12.970593253113897 425
1694436744762 13.060702048964792 426
1694436744790 12.952489230900563 427
1694436744821 12.945995748368585 428
1694436744852 12.743433400441976 429
1694436744884 12.903842042324287 430
1694436744916 12.964597569300985 431
1694436744944 12.780989326886363 432
1694436744977 12.647380119851437 433
1694436745009 12.646718496605459 434
1694436745044 12.678949142735002 435
1694436745076 12.564137359871577 436
1694436745107 12.610333048655619 437
1694436745137 12.298359927977648 438
1694436745167 12.357273872266417 439
1694436745198 12.32210161711176 440
1694436745229 12.40358693084703 441
1694436745260 12.177203296555094 442
1694436745291 12.158257058277854 443
1694436745322 12.038221789634967 444
1694436745360 12.234732029142803 445
1694436745390 12.01162161684567 446
1694436745423 12.159901053418713 447
1694436745454 12.245479668577781 448
1694436745484 11.976577867075715 449
1694436745514 12.015925815521785 450
1694436745547 11.782080857606251 451
1694436745579 11.952223570321582 452
1694436745609 11.759295468666528 453
1694436745641 11.797529633897687 454
1694436745671 11.820913820167982 455
1694436745700 11.64507347898961 456
1694436745732 11.643880121896927 457
1694436745764 11.726440231106183 458
1694436745795 11.542585289921949 459
1694436745826 11.680453483524955 460
1694436745854 11.434226829924821 461
1694436745884 11.555898499282403 462
1694436745915 11.356443795178453 463
1694436745951 11.36857574384989 464
1694436745980 11.16111178719758 465
1694436746012 11.35032208693838 466
1694436746052 11.37094464744775 467
1694436746084 11.17996385149824 468
1694436746121 11.099206314009095 469
1694436746159 11.173589057353425 470
1694436746194 11.08192954219611 471
1694436746232 11.051298027462842 472
1694436746268 10.962995231876398 473
1694436746306 11.044916144215351 474
1694436746345 10.995878478361591 475
1694436746381 10.897228722057486 476
1694436746414 10.993937476260282 477
1694436746450 10.818695071483711 478
1694436746482 10.8613162596157 479
1694436746532 10.771585639910603 480
1694436746595 10.824036524017275 481
1694436746656 10.670396943326239 482
1694436746689 10.724283416823749 483
1694436746725 10.71853802520646 484
1694436746757 10.423585939874169 485
1694436746785 10.754675830796732 486
1694436746814 10.630300268657594 487
1694436746845 10.516796478758138 488
1694436746875 10.349313248349356 489
1694436746904 10.473552794773473 490
1694436746933 10.406449875171237 491
1694436746960 10.38761623155332 492
1694436746990 10.424212153815414 493
1694436747020 10.316169095747222 494
1694436747050 10.300108934127541 495
1694436747081 10.352612526834172 496
1694436747112 10.257251657427645 497
1694436747142 10.198464526568062 498
1694436747170 10.155434942482632 499
