1694442000521 -0.0023155626405977348 0
1694442000566 -0.0023129682580869115 1
1694442000622 -0.0023103649875695353 2
1694442000680 -0.002307752810376096 3
1694442000771 -0.00230513170780422 4
1694442000851 -0.002302501661117562 5
1694442000923 -0.0022998626515482457 6
1694442000966 -0.002297214660293312 7
1694442001022 -0.002294557668517605 8
1694442001071 -0.0022918916573511083 9
1694442001119 -0.0022892166078916087 10
1694442001167 -0.0022865325012029203 11
1694442001223 -0.0022838393183162164 12
1694442001275 -0.0022811370402280318 13
1694442001338 -0.002278425647901816 14
1694442001416 -0.0022757051222654923 15
1694442001489 -0.002272975444217007 16
1694442001599 -0.0022702015699431755 17
1694442001702 -0.0022674185569613314 18
1694442001810 -0.0022646263865784277 19
1694442001884 -0.002261825040070553 20
1694442001938 -0.0022590144986809335 21
1694442001991 -0.002256194743623041 22
1694442002098 -0.0022533657560768194 23
1694442002155 -0.002250527517189127 24
1694442002200 -0.0022476800080770687 25
1694442002250 -0.0022448232098237764 26
1694442002319 -0.0022419571034808516 27
1694442002417 -0.002239081670069032 28
1694442002480 -0.0022361968905737495 29
1694442002517 -0.0022333027459506827 30
1694442002558 -0.002230399217121759 31
1694442002603 -0.002227486284978708 32
1694442002645 -0.002224563930377288 33
1694442002687 -0.002221632134143947 34
1694442002733 -0.002218690877070495 35
1694442002823 -0.0022157401399165444 36
1694442002906 -0.0022127799034119544 37
1694442002998 -0.0022098101482492805 38
1694442003078 -0.002206830855090658 39
1694442003150 -0.002203842004567358 40
1694442003217 -0.0022008435772746804 41
1694442003271 -0.002197835553775951 42
1694442003361 -0.0021948179146034086 43
1694442003409 -0.0021917906402533216 44
1694442003451 -0.002188753711192648 45
1694442003491 -0.0021857071078510426 46
1694442003540 -0.002182650810629516 47
1694442003606 -0.0021795847998935525 48
1694442003645 -0.0021765090559753286 49
1694442003704 -0.002173423559174825 50
1694442003753 -0.002170328289758716 51
1694442003806 -0.0021672232279592585 52
1694442003850 -0.0021641083539754025 53
1694442003917 -0.0021609836479763445 54
1694442003989 -0.002157849090092423 55
1694442004032 -0.0021547046604242226 56
1694442004075 -0.002151550339038355 57
1694442004112 -0.002148386105965683 58
1694442004153 -0.0021452119412077586 59
1694442004193 -0.0021420278247274993 60
1694442004237 -0.002138833736457846 61
1694442004275 -0.002135629656296434 62
1694442004319 -0.0021324155641073705 63
1694442004376 -0.002129191439721456 64
1694442004430 -0.0021259572629350743 65
1694442004474 -0.0021227130135106353 66
1694442004527 -0.0021194586711781316 67
1694442004564 -0.0021161942156309177 68
1694442004627 -0.002112919626530596 69
1694442004674 -0.002109634883503464 70
1694442004720 -0.002106339966142734 71
1694442004756 -0.0021030348540054256 72
1694442004807 -0.00209971952661836 73
1694442004849 -0.0020963939634699447 74
1694442004898 -0.0020930581440152807 75
1694442004932 -0.0020897120476774944 76
1694442004975 -0.002086355653842853 77
1694442005016 -0.0020829889418638725 78
1694442005051 -0.0020796118910593187 79
1694442005083 -0.002076224480713318 80
1694442005142 -0.0020728266900724712 81
1694442005179 -0.0020694184983538477 82
1694442005214 -0.002065999884737435 83
1694442005259 -0.0020625708283670274 84
1694442005302 -0.0020591313083531126 85
1694442005345 -0.0020556813037735377 86
1694442005382 -0.002052220793667292 87
1694442005421 -0.00204874975704028 88
1694442005464 -0.0020452681728657662 89
1694442005504 -0.0020417760200777124 90
1694442005547 -0.0020382732775778845 91
1694442005587 -0.002034759924233853 92
1694442005647 -0.0020312359388745538 93
1694442005704 -0.002027701300298501 94
1694442005753 -0.002024155987263576 95
1694442005791 -0.0020205999784983497 96
1694442005841 -0.0020170332526912027 97
1694442005891 -0.0020134557884978754 98
1694442005939 -0.0020098675645368047 99
1694442005981 -0.002006268559394675 100
1694442006023 -0.0020026587516177585 101
1694442006066 -0.0019990381197223517 102
1694442006111 -0.00199540664218234 103
1694442006178 -0.0019917642974436323 104
1694442006239 -0.0019881110639108357 105
1694442006289 -0.00198444691995614 106
1694442006356 -0.0019807718439144306 107
1694442006409 -0.0019770858140835124 108
1694442006481 -0.0019733888087301032 109
1694442006570 -0.001969680806079621 110
1694442006652 -0.0019659617843250654 111
1694442006723 -0.0019622317216214658 112
1694442006781 -0.0019584905960909893 113
1694442006883 -0.001954738385815169 114
1694442006927 -0.0019509750688446736 115
1694442006996 -0.0019472006231886496 116
1694442007079 -0.0019434150268240469 117
1694442007141 -0.001939618257690956 118
1694442007181 -0.0019358102936914978 119
1694442007233 -0.0019319911126931544 120
1694442007283 -0.0019281606925267702 121
1694442007334 -0.0019243190109856645 122
1694442007385 -0.001920466045827851 123
1694442007434 -0.0019166017747760389 124
1694442007481 -0.0019127261755129688 125
1694442007536 -0.001908839225688963 126
1694442007573 -0.0019049409029132658 127
1694442007610 -0.0019010311847627026 128
1694442007653 -0.0018971100487752413 129
1694442007715 -0.0018931774724524342 130
1694442007769 -0.0018892334332583083 131
1694442007821 -0.0018852779086209193 132
1694442007876 -0.0018813108759314634 133
1694442007934 -0.0018773323125433894 134
1694442008001 -0.0018733421957750629 135
1694442008059 -0.0018693405029066579 136
1694442008105 -0.0018653272111799346 137
1694442008164 -0.00186130229780046 138
1694442008214 -0.0018572657399396064 139
1694442008275 -0.001853217514725669 140
1694442008323 -0.0018491575992560794 141
1694442008377 -0.0018450859705849698 142
1694442008422 -0.0018410026057340545 143
1694442008463 -0.0018369074816848574 144
1694442008530 -0.0018328005753833754 145
1694442008589 -0.001828681863734749 146
1694442008647 -0.0018245513236117006 147
1694442008718 -0.0018204089318434313 148
1694442008767 -0.0018162546652280565 149
1694442008819 -0.0018120885005197263 150
1694442008860 -0.0018079104144392844 151
1694442008908 -0.0018037203836693827 152
1694442008961 -0.001799518384851151 153
1694442009001 -0.001795304394592856 154
1694442009056 -0.0017910783894621307 155
1694442009091 -0.0017868403459895266 156
1694442009136 -0.0017825902406656269 157
1694442009190 -0.001778328049946598 158
1694442009256 -0.0017740537502479725 159
1694442009306 -0.0017697673179475348 160
1694442009362 -0.0017654687293857663 161
1694442009416 -0.00176115796086318 162
1694442009463 -0.001756834988644984 163
1694442009508 -0.0017524997889557525 164
1694442009552 -0.0017481523379816455 165
1694442009592 -0.0017437926118710756 166
1694442009636 -0.001739420586735152 167
1694442009707 -0.0017350362386454599 168
1694442009758 -0.0017306395436342825 169
1694442009802 -0.0017262304776963777 170
1694442009848 -0.0017218090167874234 171
1694442009890 -0.0017173751368249057 172
1694442009938 -0.0017129288136872312 173
1694442009978 -0.0017084700232148364 174
1694442010013 -0.0017039987412090785 175
1694442010050 -0.00169951494343068 176
1694442010096 -0.0016950186056037264 177
1694442010152 -0.001690509703411669 178
1694442010194 -0.0016859882125015435 179
1694442010232 -0.0016814541084790857 180
1694442010281 -0.0016769073669120615 181
1694442010320 -0.0016723479633273808 182
1694442010371 -0.0016677758732146497 183
1694442010409 -0.001663191072025283 184
1694442010448 -0.0016585935351671743 185
1694442010497 -0.001653983238014689 186
1694442010532 -0.0016493601558973392 187
1694442010573 -0.0016447242641079995 188
1694442010611 -0.0016400755379022414 189
1694442010659 -0.001635413952490783 190
1694442010700 -0.0016307394830503696 191
1694442010751 -0.001626052104713338 192
1694442010799 -0.0016213517925762755 193
1694442010839 -0.001616638521694247 194
1694442010883 -0.0016119122670830155 195
1694442010935 -0.0016071730037181542 196
1694442010996 -0.0016024207065361562 197
1694442011039 -0.0015976553504328805 198
1694442011078 -0.0015928769102664386 199
1694442011124 -0.0015880853608500889 200
1694442011192 -0.001583280676964005 201
1694442011247 -0.0015784628333412876 202
1694442011298 -0.0015736318046808417 203
1694442011356 -0.0015687875656384964 204
1694442011394 -0.0015639300908298903 205
1694442011438 -0.0015590593548311382 206
1694442011473 -0.001554175332179275 207
1694442011510 -0.001549277997367593 208
1694442011547 -0.0015443673248523027 209
1694442011585 -0.0015394432890480925 210
1694442011625 -0.0015345058643283505 211
1694442011665 -0.0015295550250289391 212
1694442011704 -0.0015245907454424223 213
1694442011747 -0.0015196129998207297 214
1694442011784 -0.001514621762375823 215
1694442011825 -0.0015096170072796955 216
1694442011860 -0.001504598708664151 217
1694442011897 -0.0014995668406170282 218
1694442011948 -0.0014945213771895283 219
1694442011988 -0.001489462292389332 220
1694442012037 -0.0014843895601839296 221
1694442012079 -0.0014793031545001778 222
1694442012120 -0.0014742030492234104 223
1694442012166 -0.0014690892181987714 224
1694442012214 -0.001463961635227884 225
1694442012258 -0.001458820274076178 226
1694442012300 -0.00145366510846201 227
1694442012343 -0.0014484961120673212 228
1694442012390 -0.001443313258530976 229
1694442012435 -0.0014381165214487623 230
1694442012471 -0.0014329058743793865 231
1694442012507 -0.0014276812908349257 232
1694442012547 -0.0014224427442914855 233
1694442012590 -0.0014171902081789867 234
1694442012646 -0.0014119236558880477 235
1694442012681 -0.0014066430607690972 236
1694442012716 -0.0014013483961277107 237
1694442012754 -0.0013960396352297177 238
1694442012799 -0.0013907167512989815 239
1694442012857 -0.001385379717518509 240
1694442012899 -0.0013800285070275642 241
1694442012959 -0.0013746630929249992 242
1694442013007 -0.0013692834482670335 243
1694442013050 -0.0013638895460703626 244
1694442013109 -0.0013584813593052747 245
1694442013152 -0.0013530588609029781 246
1694442013203 -0.0013476220237527148 247
1694442013279 -0.0013421708207017602 248
1694442013365 -0.0013367052245525368 249
1694442013435 -0.0013312252080686093 250
1694442013492 -0.0013257307439695776 251
1694442013562 -0.0013202218049341852 252
1694442013617 -0.0013146983635956566 253
1694442013670 -0.0013091603925474704 254
1694442013719 -0.0013036078643422488 255
1694442013786 -0.0012980407514857628 256
1694442013858 -0.001292459026443371 257
1694442013893 -0.0012868626616400203 258
1694442013945 -0.0012812516294546938 259
1694442013991 -0.001275625902225963 260
1694442014035 -0.0012699854522491005 261
1694442014093 -0.0012643302517743038 262
1694442014158 -0.0012586602730142449 263
1694442014215 -0.0012529754881323019 264
1694442014269 -0.0012472758692556596 265
1694442014329 -0.001241561388461765 266
1694442014380 -0.0012358320177920934 267
1694442014433 -0.001230087729239271 268
1694442014480 -0.001224328494755289 269
1694442014548 -0.001218554286249951 270
1694442014681 -0.001212765075589095 271
1694442014763 -0.0012069608345943728 272
1694442014825 -0.0012011415350445809 273
1694442014866 -0.001195307148676772 274
1694442014907 -0.0011894576471831453 275
1694442014948 -0.0011835930022126018 276
1694442015000 -0.0011777131853720757 277
1694442015051 -0.0011718181682238704 278
1694442015091 -0.0011659079222852142 279
1694442015133 -0.0011599824190335895 280
1694442015179 -0.001154041629899849 281
1694442015220 -0.0011480855262731016 282
1694442015258 -0.0011421140794960483 283
1694442015310 -0.00113612726087009 284
1694442015352 -0.0011301250416537734 285
1694442015410 -0.001124107393058349 286
1694442015537 -0.0011180742862542115 287
1694442015589 -0.0011120256923664584 288
1694442015639 -0.0011059615824757785 289
1694442015707 -0.0010998819276213379 290
1694442015777 -0.0010937866987967837 291
1694442015839 -0.0010876758669489117 292
1694442015876 -0.0010815494029858819 293
1694442015916 -0.0010754072777681145 294
1694442015960 -0.001069249462111177 295
1694442015994 -0.0010630759267882262 296
1694442016034 -0.0010568866425295642 297
1694442016080 -0.0010506815800166436 298
1694442016148 -0.0010444607098896164 299
1694442016202 -0.001038224002745114 300
1694442016246 -0.0010319714291335824 301
1694442016284 -0.0010257029595595046 302
1694442016320 -0.0010194185644869513 303
1694442016369 -0.0010131182143309214 304
1694442016419 -0.0010068018794651135 305
1694442016463 -0.0010004695302157085 306
1694442016509 -0.0009941211368684755 307
1694442016559 -0.0009877566696590012 308
1694442016601 -0.0009813760987817943 309
1694442016650 -0.0009749793943851781 310
1694442016688 -0.0009685665265721788 311
1694442016730 -0.0009621374654023018 312
1694442016772 -0.0009556921808897556 313
1694442016808 -0.0009492306430018971 314
1694442016850 -0.0009427528216616743 315
1694442016895 -0.0009362586867498468 316
1694442016955 -0.0009297482080969921 317
1694442016993 -0.0009232213554928315 318
1694442017054 -0.0009166780986797907 319
1694442017098 -0.0009101184073556645 320
1694442017147 -0.0009035422511713964 321
1694442017196 -0.0008969495997335208 322
1694442017253 -0.0008903404226054956 323
1694442017306 -0.0008837146893010406 324
1694442017344 -0.0008770723692901328 325
1694442017383 -0.0008704134319992285 326
1694442017438 -0.0008637378468063783 327
1694442017475 -0.0008570455830463342 328
1694442017563 -0.000850336610004998 329
1694442017603 -0.0008436108969249734 330
1694442017638 -0.0008368684130029003 331
1694442017672 -0.0008301091273876793 332
1694442017707 -0.0008233330091862445 333
1694442017751 -0.0008165400274562362 334
1694442017790 -0.0008097301512108857 335
1694442017838 -0.0008029033494152404 336
1694442017874 -0.0007960595909912715 337
1694442017913 -0.0007891988448123222 338
1694442017954 -0.0007823210797088809 339
1694442017989 -0.0007754262644625864 340
1694442018031 -0.0007685143678080042 341
1694442018091 -0.0007615853584364007 342
1694442018135 -0.0007546392049921913 343
1694442018170 -0.0007476758760693869 344
1694442018206 -0.0007406953402226968 345
1694442018247 -0.0007336975659530953 346
1694442018288 -0.0007266825217207007 347
1694442018347 -0.0007196501759370033 348
1694442018397 -0.0007126004969661981 349
1694442018452 -0.0007055334531262947 350
1694442018495 -0.0006984490126900056 351
1694442018544 -0.0006913471438809715 352
1694442018590 -0.0006842278148779801 353
1694442018641 -0.0006770909938142999 354
1694442018693 -0.0006699366487723513 355
1694442018738 -0.0006627647477914778 356
1694442018786 -0.0006555752588615071 357
1694442018836 -0.000648368149927192 358
1694442018879 -0.0006411433888864337 359
1694442018926 -0.0006339009435871734 360
1694442018985 -0.0006266407818356079 361
1694442019026 -0.0006193628713850874 362
1694442019067 -0.0006120671799458854 363
1694442019123 -0.0006047536751787597 364
1694442019168 -0.0005974223246982824 365
1694442019215 -0.0005900730960735068 366
1694442019260 -0.0005827059568215276 367
1694442019309 -0.0005753208744161409 368
1694442019374 -0.000567917816282737 369
1694442019410 -0.0005604967498000768 370
1694442019476 -0.0005530576422967393 371
1694442019537 -0.0005456004610560061 372
1694442019602 -0.0005381251733129755 373
1694442019656 -0.0005306317462550059 374
1694442019701 -0.0005231201470243807 375
1694442019751 -0.0005155903427100927 376
1694442019794 -0.0005080423003602785 377
1694442019850 -0.0005004759869691178 378
1694442019908 -0.0004928913694868253 379
1694442019951 -0.0004852884148145442 380
1694442020012 -0.0004776670898045676 381
1694442020048 -0.000470027361265446 382
1694442020100 -0.0004623691959522169 383
1694442020179 -0.00045469256057373286 384
1694442020231 -0.00044699742179488133 385
1694442020275 -0.0004392837462252608 386
1694442020316 -0.0004315515004327253 387
1694442020374 -0.00042380065093472474 388
1694442020422 -0.000416031164198305 389
1694442020465 -0.00040824300664432656 390
1694442020501 -0.00040043614464679855 391
1694442020548 -0.000392610544529548 392
1694442020600 -0.00038476617256777423 393
1694442020640 -0.000376902994989603 394
1694442020696 -0.00036902097797342215 395
1694442020740 -0.00036112008764921377 396
1694442020785 -0.0003532002900998865 397
1694442020827 -0.0003452615513575008 398
1694442020870 -0.0003373038374099302 399
1694442020920 -0.0003293271141906473 400
1694442020969 -0.00032283834613111573 401
1694442021023 -0.0003163336809184347 402
1694442021065 -0.00030981308973809796 403
1694442021109 -0.0003032765437358531 404
1694442021149 -0.0002967240140152594 405
1694442021209 -0.00029015547163679933 406
1694442021260 -0.000283570887623652 407
1694442021306 -0.0002769702329528112 408
1694442021354 -0.0002703534785610806 409
1694442021398 -0.00026372059534751635 410
1694442021455 -0.00025707155416276883 411
1694442021500 -0.0002504063258217393 412
1694442021552 -0.0002437248810960302 413
1694442021626 -0.00023702719071083678 414
1694442021691 -0.00023031322535804755 415
1694442021758 -0.0002235829556802571 416
1694442021830 -0.00021683635228209042 417
1694442021889 -0.00021007338572465173 418
1694442021969 -0.00020329402652974338 419
1694442022054 -0.00019649824517320447 420
1694442022094 -0.00018968601209268243 421
1694442022131 -0.000182857297682526 422
1694442022177 -0.0001760120722915648 423
1694442022217 -0.00016915030623310123 424
1694442022253 -0.00016227196977447456 425
1694442022290 -0.00015537703313905915 426
1694442022344 -0.00014846546651314796 427
1694442022394 -0.0001415372400361825 428
1694442022474 -0.00013459232380785835 429
1694442022543 -0.00012763068788479437 430
1694442022600 -0.00012065230228142099 431
1694442022642 -0.00011365713697042423 432
1694442022716 -0.00010664516188074735 433
1694442022761 -9.961634690003329e-05 434
1694442022801 -9.257066187418062e-05 435
1694442022846 -8.550807660467896e-05 436
1694442022893 -7.842856085127359e-05 437
1694442022929 -7.133208433129923e-05 438
1694442022967 -6.42186167216785e-05 439
1694442023009 -5.708812765226057e-05 440
1694442023045 -4.994058671292656e-05 441
1694442023083 -4.2775963452257315e-05 442
1694442023132 -3.5594227373758613e-05 443
1694442023171 -2.839534793919185e-05 444
1694442023214 -2.117929456679768e-05 445
1694442023259 -1.3946036632850323e-05 446
1694442023306 -6.6955434721016616e-06 447
1694442023347 5.722156283249902e-07 448
1694442023391 7.857271417610612e-06 449
1694442023444 1.515965469300884e-05 450
1694442023481 2.247939629329565e-05 451
1694442023520 2.9816527097548118e-05 452
1694442023558 3.7171078033138016e-05 453
1694442023604 4.454308006407448e-05 454
1694442023652 5.193256420432668e-05 455
1694442023701 5.933956150472319e-05 456
1694442023747 6.676410306227787e-05 457
1694442023792 7.420622001796939e-05 458
1694442023884 8.166594355507595e-05 459
1694442023982 8.914330489795397e-05 460
1694442024068 9.663833531747823e-05 461
1694442024174 0.00010415106612671199 462
1694442024242 0.00011168152868212822 463
1694442024341 0.00011922975438116712 464
1694442024406 0.00012679577466745418 465
1694442024466 0.00013437962102846868 466
1694442024555 0.0001419813249928792 467
1694442024639 0.00014960091813509546 468
1694442024703 0.0001572384320700504 469
1694442024774 0.00016489389845841806 470
1694442024846 0.00017256734900350512 471
1694442024889 0.00018025881545413736 472
1694442024944 0.00018796832960055188 473
1694442024993 0.00019569592327806085 474
1694442025051 0.00020344162836227753 475
1694442025100 0.0002112054767782201 476
1694442025140 0.00021898750049031968 477
1694442025223 0.00022678773150797138 478
1694442025312 0.00023460620188653358 479
1694442025396 0.00024244294371900121 480
1694442025465 0.0002502979891496615 481
1694442025507 0.0002581713703631028 482
1694442025559 0.000266063119586768 483
1694442025602 0.0002739732690932861 484
1694442025650 0.00028190185120080535 485
1694442025687 0.0002898488982692182 486
1694442025730 0.00029781444270415847 487
1694442025786 0.0003057985169528932 488
1694442025836 0.0003138011535088747 489
1694442025899 0.00032182238490829906 490
1694442025956 0.00032986224373499073 491
1694442026008 0.00033792076261141 492
1694442026061 0.00034599797420742373 493
1694442026101 0.00035409391123908396 494
1694442026169 0.00036220860646063446 495
1694442026213 0.0003703420926784995 496
1694442026261 0.00037849440273518553 497
1694442026311 0.00038666556952526854 498
1694442026369 0.00039485562598162716 499
