1694439020983 170.35381532718978 0
1694439021016 170.9576448875824 1
1694439021049 171.3282102325853 2
1694439021081 171.81575295503526 3
1694439021113 171.28477007104422 4
1694439021145 168.87671503086264 5
1694439021178 168.19034101798482 6
1694439021217 171.25152273395085 7
1694439021256 170.36130133006458 8
1694439021307 170.23420859666513 9
1694439021350 167.82109006120749 10
1694439021390 168.41480984041957 11
1694439021419 167.3938633923379 12
1694439021449 169.47654420872385 13
1694439021482 169.0128829282652 14
1694439021515 171.619446479128 15
1694439021548 169.699180830679 16
1694439021579 168.9047886881091 17
1694439021607 168.65932325145718 18
1694439021639 167.75261434573076 19
1694439021672 167.25332917392504 20
1694439021707 166.76264351573792 21
1694439021741 167.56168841456858 22
1694439021789 166.688845354254 23
1694439021822 166.85794036983393 24
1694439021862 166.60541120618163 25
1694439021898 166.97312315327335 26
1694439021933 166.97679062454506 27
1694439021969 166.8328374698214 28
1694439022007 166.64311293835186 29
1694439022046 167.06250157624893 30
1694439022081 167.52288274082727 31
1694439022113 166.25950230790755 32
1694439022146 165.01113189822775 33
1694439022191 165.32753041118752 34
1694439022237 165.13886805438068 35
1694439022287 168.65808633097362 36
1694439022339 164.7603570003232 37
1694439022376 164.1582334804376 38
1694439022413 167.25481611536165 39
1694439022447 164.3441536014255 40
1694439022480 166.06204832748668 41
1694439022515 166.27238780046315 42
1694439022551 164.9651790322411 43
1694439022582 164.42099942493434 44
1694439022611 167.01722640497528 45
1694439022641 159.7886464612669 46
1694439022672 164.50949664341846 47
1694439022701 165.12447985274392 48
1694439022731 165.99661271754874 49
1694439022761 163.8346147714555 50
1694439022794 161.85161086892992 51
1694439022824 163.7976585604798 52
1694439022856 165.68337306424368 53
1694439022887 165.87716633127175 54
1694439022919 164.67053149077884 55
1694439022948 164.1754104526965 56
1694439022979 164.21566056809561 57
1694439023014 159.74711044897762 58
1694439023046 164.72480582627054 59
1694439023076 160.36493293047977 60
1694439023109 161.35642858843488 61
1694439023138 163.15778353419813 62
1694439023167 162.5905970198871 63
1694439023197 162.2914024926922 64
1694439023227 161.92953618208873 65
1694439023258 161.3390334183843 66
1694439023289 161.49905573937517 67
1694439023317 161.23632209026184 68
1694439023347 161.33885499767692 69
1694439023380 161.24745712848264 70
1694439023410 161.14429216395158 71
1694439023440 159.36900317199084 72
1694439023470 160.67977485068846 73
1694439023500 160.86807621873498 74
1694439023530 159.8408214754203 75
1694439023561 161.35511258593365 76
1694439023592 159.70949815276438 77
1694439023622 159.66105135258562 78
1694439023652 158.71681535697417 79
1694439023681 159.1749988213435 80
1694439023712 159.94063093815203 81
1694439023742 160.55024748945362 82
1694439023773 160.14749946664097 83
1694439023802 159.64629250053633 84
1694439023831 159.90186656906678 85
1694439023863 161.6675013354102 86
1694439023895 159.03266724277202 87
1694439023925 158.75746341691186 88
1694439023955 159.52778682407035 89
1694439023986 159.35993066233738 90
1694439024018 158.5950899301726 91
1694439024048 160.8349981599194 92
1694439024079 158.3590421157654 93
1694439024109 159.60939422311336 94
1694439024138 157.9816303649586 95
1694439024170 157.8264743285213 96
1694439024200 158.4438408365058 97
1694439024230 159.321673245896 98
1694439024262 159.39372220582158 99
1694439024294 155.09378671314016 100
1694439024326 156.96194624909523 101
1694439024357 157.67835473709124 102
1694439024386 156.12349097103387 103
1694439024416 155.85723594752477 104
1694439024446 158.7272703666472 105
1694439024477 158.1625207717057 106
1694439024507 156.6617209213064 107
1694439024537 155.06278406833295 108
1694439024566 156.12827187721814 109
1694439024597 157.4997293684438 110
1694439024627 156.2306815107503 111
1694439024656 156.50906426830602 112
1694439024686 158.00677174522923 113
1694439024715 153.63832326075547 114
1694439024745 154.52705047915003 115
1694439024776 155.76817938284051 116
1694439024806 154.72657474368884 117
1694439024837 155.10918382993395 118
1694439024866 157.02700790332207 119
1694439024897 158.2923425605861 120
1694439024927 156.98262076930638 121
1694439024957 153.63350284540516 122
1694439024987 153.78832653063634 123
1694439025019 152.90709745930795 124
1694439025048 153.2316398172623 125
1694439025079 153.26650968994525 126
1694439025110 154.460469602628 127
1694439025140 155.9456387437985 128
1694439025170 152.83577422168125 129
1694439025200 154.73268774959357 130
1694439025231 153.89201026179794 131
1694439025262 153.99893780772825 132
1694439025294 154.21186062966265 133
1694439025323 151.62891999181264 134
1694439025355 155.06284595653366 135
1694439025382 152.55064605923636 136
1694439025413 153.6215332122207 137
1694439025443 151.6751869530671 138
1694439025474 152.63413359800228 139
1694439025503 154.16344931904612 140
1694439025534 154.6615729559599 141
1694439025564 151.75962982855978 142
1694439025594 152.19662415803492 143
1694439025624 153.52258847741183 144
1694439025653 152.19530424779313 145
1694439025682 153.9626642047413 146
1694439025713 152.07583453440975 147
1694439025745 153.27030422328852 148
1694439025777 152.8237735001824 149
1694439025808 150.79937575504172 150
1694439025839 151.6928117672381 151
1694439025870 150.83967579865674 152
1694439025900 152.06508906554913 153
1694439025930 148.97535581466937 154
1694439025959 149.48050960064484 155
1694439025990 152.00362941160765 156
1694439026022 150.32518228189798 157
1694439026051 149.19593838213393 158
1694439026081 150.4287150905592 159
1694439026111 150.41929650662345 160
1694439026141 152.45407137068167 161
1694439026171 151.15348559893062 162
1694439026202 152.14597201259906 163
1694439026234 148.99953826701264 164
1694439026265 149.91467962262868 165
1694439026296 151.4893622552139 166
1694439026326 151.3191462320089 167
1694439026356 147.72208655349428 168
1694439026387 149.6546640522848 169
1694439026417 147.2211925266429 170
1694439026447 147.07268908791212 171
1694439026477 147.66148141698346 172
1694439026506 148.1804488748541 173
1694439026536 148.78392189265418 174
1694439026567 147.72087962092297 175
1694439026598 149.18845907322412 176
1694439026627 150.119269869028 177
1694439026658 148.74090684746062 178
1694439026687 149.24440581946257 179
1694439026715 148.0119901980464 180
1694439026746 146.2330468663847 181
1694439026775 147.49020987773 182
1694439026805 147.4201949114506 183
1694439026833 148.14750955487173 184
1694439026862 147.3514057207078 185
1694439026893 148.2674579829902 186
1694439026925 145.9891913210436 187
1694439026954 147.9739605174325 188
1694439026984 147.25315540025042 189
1694439027015 147.66992750640435 190
1694439027045 147.39350896327866 191
1694439027076 147.57505132013125 192
1694439027107 145.79896499157095 193
1694439027136 146.20070603119262 194
1694439027164 146.84613141236738 195
1694439027195 147.06888223689808 196
1694439027227 147.23377186998556 197
1694439027258 147.39999818776562 198
1694439027288 147.5005778850914 199
1694439027317 146.05038473947187 200
1694439027346 145.84224901187898 201
1694439027377 145.41362643446533 202
1694439027406 146.33407493825845 203
1694439027436 145.2552926907686 204
1694439027466 144.53657937186867 205
1694439027496 144.89077618487258 206
1694439027526 147.02971384042706 207
1694439027555 143.21159049010387 208
1694439027586 143.48968746391154 209
1694439027616 142.20646189337293 210
1694439027645 144.4913225317857 211
1694439027675 144.46722739232987 212
1694439027705 144.56010619142978 213
1694439027734 143.3443576959822 214
1694439027765 144.69278492500825 215
1694439027795 143.930627251483 216
1694439027825 142.07598684779953 217
1694439027855 143.793901687641 218
1694439027884 143.53623432268623 219
1694439027914 142.27970615275896 220
1694439027947 143.6293240011284 221
1694439027976 145.0689459534158 222
1694439028009 143.58463809912618 223
1694439028039 143.36272110656367 224
1694439028068 142.85458153899575 225
1694439028098 142.67756716697463 226
1694439028127 141.1630284249015 227
1694439028157 140.52322371685725 228
1694439028187 142.48395208354563 229
1694439028218 143.0519380678998 230
1694439028248 143.98141092560266 231
1694439028277 144.34920509852756 232
1694439028308 142.25449156264344 233
1694439028337 142.10512941752873 234
1694439028368 142.51425127189228 235
1694439028398 141.69338503526927 236
1694439028429 140.17374963677273 237
1694439028458 139.96158757499614 238
1694439028489 141.56218430296198 239
1694439028519 139.4661990321234 240
1694439028547 140.81995414022973 241
1694439028579 140.8877707371568 242
1694439028609 141.48668997234043 243
1694439028639 139.13422408172335 244
1694439028667 139.96042298945582 245
1694439028699 141.82728510073193 246
1694439028729 140.49323255131816 247
1694439028759 141.44945190737045 248
1694439028789 140.65440936538545 249
1694439028822 138.7332927626147 250
1694439028850 141.55662038137584 251
1694439028881 139.8398526344174 252
1694439028913 138.77216970988883 253
1694439028943 139.7326630858486 254
1694439028974 141.97728847955446 255
1694439029003 139.9534634879662 256
1694439029034 139.17134903656847 257
1694439029064 138.00860138238363 258
1694439029095 138.58726180170814 259
1694439029124 138.98098535410608 260
1694439029155 138.55934538359358 261
1694439029183 138.59746827498955 262
1694439029213 139.31092747972812 263
1694439029244 139.1552821378127 264
1694439029275 137.8980050169862 265
1694439029306 136.94516673216935 266
1694439029335 138.61698741916203 267
1694439029366 139.62933520253506 268
1694439029398 138.76759232895148 269
1694439029428 137.74152830208536 270
1694439029459 136.62671465487992 271
1694439029488 137.7560981168251 272
1694439029517 136.07730860081563 273
1694439029548 135.52453365841788 274
1694439029579 136.18353371608325 275
1694439029608 136.77365062952848 276
1694439029641 137.48786119878764 277
1694439029671 136.94967526238523 278
1694439029703 135.8457916259813 279
1694439029732 138.42635639840023 280
1694439029763 135.8447740630783 281
1694439029796 134.9590696697919 282
1694439029830 136.50266954208493 283
1694439029863 135.42443375636668 284
1694439029901 134.85850248122082 285
1694439029933 135.26112932769138 286
1694439029963 136.25028858654358 287
1694439029993 136.06116110111066 288
1694439030027 135.05331648560067 289
1694439030057 135.87766722060667 290
1694439030087 136.10622138822043 291
1694439030117 136.09848323758152 292
1694439030153 133.4563611036959 293
1694439030183 134.8765363637522 294
1694439030219 134.5963637093937 295
1694439030247 136.4579774368048 296
1694439030277 133.89114639524882 297
1694439030308 132.57196379838376 298
1694439030337 135.33439674131586 299
1694439030367 134.8303790004328 300
1694439030396 132.84464138388165 301
1694439030426 136.32327804174287 302
1694439030456 133.17819627842917 303
1694439030486 133.24849053000733 304
1694439030515 136.19629446841995 305
1694439030546 134.7793711383827 306
1694439030577 134.75835084628494 307
1694439030606 132.6877460456316 308
1694439030637 132.47428164633996 309
1694439030668 133.95719353925998 310
1694439030698 133.30522731459763 311
1694439030727 131.2269163769151 312
1694439030756 132.99218821191602 313
1694439030785 132.54400044701103 314
1694439030815 132.74585222772646 315
1694439030845 131.56115010890053 316
1694439030876 133.36506090005665 317
1694439030906 133.63218866795904 318
1694439030938 134.51538447802776 319
1694439030967 132.26677234190126 320
1694439030997 133.0258727417931 321
1694439031028 131.0966719859237 322
1694439031057 131.83104624336343 323
1694439031087 131.9709482198078 324
1694439031118 132.76167918586407 325
1694439031148 130.9254883969052 326
1694439031176 130.91510985576224 327
1694439031207 132.25963311779864 328
1694439031240 131.90836662765616 329
1694439031271 131.188490774795 330
1694439031300 132.69028143787236 331
1694439031330 130.3055616907167 332
1694439031360 131.2459238683621 333
1694439031390 130.69232140750216 334
1694439031418 130.39955480395022 335
1694439031449 129.7756855713174 336
1694439031478 131.26385422459526 337
1694439031509 130.12070420438195 338
1694439031538 130.5786922055476 339
1694439031567 130.7926477202072 340
1694439031597 131.09346335876162 341
1694439031628 131.95108329133683 342
1694439031660 130.56960333255083 343
1694439031689 131.52649183798417 344
1694439031719 129.42434966903457 345
1694439031752 130.43113936217077 346
1694439031781 127.71938671458548 347
1694439031813 129.18697475286757 348
1694439031844 128.15921997631656 349
1694439031874 128.535016977058 350
1694439031902 128.0116217090006 351
1694439031932 128.62157361897488 352
1694439031963 129.39937007725544 353
1694439031994 128.72648278042922 354
1694439032025 127.83889871809721 355
1694439032057 129.51870697265775 356
1694439032088 126.22398285580714 357
1694439032118 129.30745008561547 358
1694439032149 129.27389355328268 359
1694439032180 128.16161485527695 360
1694439032212 126.97528521025022 361
1694439032242 127.2231120370057 362
1694439032271 126.40656688002014 363
1694439032302 127.3601422002886 364
1694439032333 127.8025745303968 365
1694439032364 127.48325770132013 366
1694439032393 128.33556996930844 367
1694439032423 128.025968256177 368
1694439032456 127.28569328772917 369
1694439032487 127.98583767536421 370
1694439032516 126.27703228975808 371
1694439032546 125.11326825491714 372
1694439032575 127.29283861317757 373
1694439032604 126.30280197835656 374
1694439032634 126.39740173383855 375
1694439032663 125.78162551718908 376
1694439032694 125.00881896416243 377
1694439032724 126.62501032723557 378
1694439032753 125.77034225288863 379
1694439032782 126.19797736353311 380
1694439032810 126.33152023450594 381
1694439032839 125.34807457771929 382
1694439032869 124.76439597467704 383
1694439032898 127.32874417687825 384
1694439032927 125.7066421753753 385
1694439032955 125.62458930575784 386
1694439032987 125.51180917013853 387
1694439033016 125.85548224784716 388
1694439033047 126.0849750942993 389
1694439033077 124.43488916589175 390
1694439033106 126.13876031159661 391
1694439033134 126.11812681755218 392
1694439033163 125.18735992392621 393
1694439033193 125.39687183278566 394
1694439033224 123.53457263637408 395
1694439033253 122.63685321152904 396
1694439033282 123.92088626203167 397
1694439033310 121.82196519808905 398
1694439033339 124.5314293003161 399
1694439033371 124.70377292614792 400
1694439033400 124.47673626143109 401
1694439033430 122.98447489612056 402
1694439033460 121.74097113342079 403
1694439033489 123.99635817788784 404
1694439033517 127.31611359773093 405
1694439033548 125.58969353077708 406
1694439033577 123.40808787723785 407
1694439033606 123.6709684996971 408
1694439033633 125.68409536173856 409
1694439033665 122.65288064076887 410
1694439033694 122.45554670257886 411
1694439033720 123.59355007450698 412
1694439033750 124.58235520134497 413
1694439033779 121.87381204222942 414
1694439033809 123.52124792378632 415
1694439033840 122.14555880756346 416
1694439033870 121.64050929008158 417
1694439033899 123.01140454573898 418
1694439033927 122.38369628188518 419
1694439033956 122.74975379000941 420
1694439033986 123.57002338202074 421
1694439034015 122.72526010859568 422
1694439034045 122.73412243006595 423
1694439034075 122.46996192180207 424
1694439034107 123.26457786202762 425
1694439034136 121.19864879648811 426
1694439034167 120.68751308306518 427
1694439034196 120.79081573627388 428
1694439034225 121.48685049580885 429
1694439034254 123.40810043279288 430
1694439034284 120.76976642776455 431
1694439034314 121.6609545405107 432
1694439034345 121.63018834894427 433
1694439034376 120.70591767880272 434
1694439034405 119.88029244221399 435
1694439034435 120.73761944455532 436
1694439034464 119.2132380086939 437
1694439034495 120.40851614896478 438
1694439034522 121.7719623381242 439
1694439034552 120.15412494799088 440
1694439034583 120.43689301398702 441
1694439034612 120.03525189177184 442
1694439034642 118.88670767243504 443
1694439034671 119.73849448145567 444
1694439034699 120.66331151478671 445
1694439034727 120.24116868643559 446
1694439034756 119.39738658243503 447
1694439034786 121.45839844483886 448
1694439034813 121.4497122009571 449
1694439034843 118.65281683873074 450
1694439034875 119.31164546734972 451
1694439034902 118.56354106168841 452
1694439034931 120.16480698827198 453
1694439034961 117.88426258698173 454
1694439034990 118.51358290072935 455
1694439035019 119.37446828291729 456
1694439035049 119.10958474320779 457
1694439035079 119.78960922879571 458
1694439035108 119.31838389536888 459
1694439035138 117.40496301352519 460
1694439035166 118.94760894756942 461
1694439035196 118.32309666921722 462
1694439035225 119.32600242357988 463
1694439035255 117.78024287907712 464
1694439035285 117.63586808039221 465
1694439035313 117.76562432004312 466
1694439035343 117.5788113795814 467
1694439035374 117.24138387014465 468
1694439035402 117.40758290456405 469
1694439035431 117.25755548116034 470
1694439035462 116.78257291502443 471
1694439035492 117.64252470006284 472
1694439035520 117.22457975445582 473
1694439035550 117.36730708040584 474
1694439035580 116.65170263407101 475
1694439035609 116.39965415431584 476
1694439035638 117.43602707132692 477
1694439035666 116.7998250954425 478
1694439035696 117.57829732030955 479
1694439035725 115.57299629752528 480
1694439035754 116.7394983142799 481
1694439035783 116.81675139177956 482
1694439035812 116.35522361316806 483
1694439035842 115.88719633532413 484
1694439035872 115.83125790059796 485
1694439035902 115.93461535586496 486
1694439035933 115.88857780781302 487
1694439035963 115.83979193457486 488
1694439035993 115.42699692137361 489
1694439036023 116.18652130303084 490
1694439036055 115.28373908902068 491
1694439036084 114.07891820851226 492
1694439036113 114.49693889485674 493
1694439036141 116.23608950883896 494
1694439036170 114.5279958092279 495
1694439036202 114.05907601427926 496
1694439036232 114.62239729476596 497
1694439036265 114.86141931172263 498
1694439036297 115.79223913600845 499
