1694439020990 -0.010311432021223643 0
1694439021025 -0.009779366696708536 1
1694439021057 -0.009431418355011711 2
1694439021090 -0.009866818254118392 3
1694439021122 -0.01080948888327038 4
1694439021154 -0.009926676976698579 5
1694439021186 -0.010335434018043044 6
1694439021226 -0.009993185156043749 7
1694439021270 -0.009736203532208165 8
1694439021316 -0.010205355304046648 9
1694439021360 -0.009634440053897242 10
1694439021397 -0.009910832143957382 11
1694439021427 -0.008986761235595164 12
1694439021457 -0.01010825082262623 13
1694439021489 -0.009784509793429486 14
1694439021526 -0.010316527142260723 15
1694439021557 -0.009743264006015107 16
1694439021586 -0.010439986686644698 17
1694439021614 -0.009816069400630179 18
1694439021646 -0.010010320165166897 19
1694439021680 -0.009765531552147655 20
1694439021714 -0.008813025908263716 21
1694439021751 -0.009951552936120489 22
1694439021796 -0.010358408208128056 23
1694439021830 -0.008672916055547875 24
1694439021870 -0.010299171593464607 25
1694439021906 -0.009715141901918578 26
1694439021943 -0.009452077408700799 27
1694439021979 -0.00896279578186232 28
1694439022019 -0.009768874205983824 29
1694439022055 -0.009376207460568109 30
1694439022089 -0.00933474173185389 31
1694439022121 -0.009823545008329049 32
1694439022158 -0.010278960111176572 33
1694439022198 -0.009278371791324291 34
1694439022247 -0.009877412349350134 35
1694439022298 -0.009403907427323999 36
1694439022348 -0.00904070455929018 37
1694439022386 -0.009692516007582475 38
1694439022420 -0.009143852301464195 39
1694439022454 -0.009233285661779389 40
1694439022487 -0.010681922449773174 41
1694439022526 -0.010409865172959831 42
1694439022558 -0.010241338075525297 43
1694439022589 -0.01030702897879432 44
1694439022617 -0.009044095768980576 45
1694439022648 -0.009987317714946542 46
1694439022678 -0.009938546336891951 47
1694439022709 -0.009972173993951783 48
1694439022739 -0.009213239862456701 49
1694439022770 -0.009939346389507664 50
1694439022800 -0.00997617322529476 51
1694439022830 -0.009798277056628724 52
1694439022864 -0.009834525700027852 53
1694439022895 -0.01033179326888689 54
1694439022925 -0.01085988090697998 55
1694439022957 -0.009305310180478088 56
1694439022988 -0.010293267673799678 57
1694439023023 -0.008531725216812891 58
1694439023053 -0.009459175926707752 59
1694439023084 -0.010054680211204703 60
1694439023114 -0.00956434139304796 61
1694439023145 -0.00990728059668844 62
1694439023174 -0.009470287115692422 63
1694439023205 -0.009698516470479701 64
1694439023233 -0.009457870860654971 65
1694439023264 -0.010451106189918846 66
1694439023295 -0.008711873544837268 67
1694439023325 -0.009857206188625067 68
1694439023355 -0.0090215915764984 69
1694439023387 -0.00952715775569768 70
1694439023417 -0.00922626646906144 71
1694439023446 -0.010116739184942158 72
1694439023477 -0.009632240666162195 73
1694439023507 -0.010264926795586549 74
1694439023538 -0.010805680809265139 75
1694439023568 -0.009237755018739247 76
1694439023600 -0.01099802106361314 77
1694439023628 -0.009228665527799995 78
1694439023660 -0.009397047626626298 79
1694439023689 -0.009531041341536373 80
1694439023719 -0.009616994435240889 81
1694439023748 -0.010018931136354547 82
1694439023779 -0.011035595856865976 83
1694439023809 -0.009732300275324235 84
1694439023838 -0.009420134272835723 85
1694439023871 -0.009224753205795633 86
1694439023902 -0.010016529628297022 87
1694439023932 -0.010343459778563657 88
1694439023962 -0.008436934901525417 89
1694439023993 -0.009659545878203168 90
1694439024025 -0.01137543910971961 91
1694439024056 -0.010999711493284048 92
1694439024086 -0.010569784934897797 93
1694439024116 -0.009775496556783114 94
1694439024145 -0.010294724368753227 95
1694439024177 -0.010995268444862205 96
1694439024208 -0.010704937325086039 97
1694439024238 -0.010234634292337619 98
1694439024270 -0.009663099234936245 99
1694439024303 -0.010067641737594668 100
1694439024333 -0.010229514322779298 101
1694439024364 -0.009372755626311458 102
1694439024394 -0.009395596351014834 103
1694439024423 -0.010039312638583597 104
1694439024454 -0.009677977838788765 105
1694439024484 -0.00786707208516324 106
1694439024514 -0.009367365658344617 107
1694439024543 -0.00962218893183886 108
1694439024574 -0.008816553789191994 109
1694439024605 -0.008980652531749955 110
1694439024633 -0.00943892552972092 111
1694439024662 -0.00911850468241271 112
1694439024694 -0.010355464005021853 113
1694439024723 -0.009617979769438456 114
1694439024753 -0.009764603458502386 115
1694439024782 -0.009726265237070209 116
1694439024812 -0.009269682859877282 117
1694439024843 -0.009617597004761391 118
1694439024874 -0.010115686079873898 119
1694439024905 -0.010072301254505867 120
1694439024933 -0.009599281726585307 121
1694439024963 -0.008967852011099842 122
1694439024994 -0.009955839866513383 123
1694439025026 -0.01035136010140758 124
1694439025056 -0.009069370054154424 125
1694439025088 -0.009483751933822449 126
1694439025117 -0.009247213355241923 127
1694439025147 -0.009069206039427069 128
1694439025178 -0.009332016788110131 129
1694439025208 -0.008939514858784081 130
1694439025238 -0.009403642072987939 131
1694439025270 -0.008493049993282042 132
1694439025301 -0.009935854029294866 133
1694439025330 -0.008975026760659643 134
1694439025361 -0.009611076849823874 135
1694439025391 -0.00925260290007257 136
1694439025422 -0.010206834217533434 137
1694439025449 -0.009556055867722346 138
1694439025481 -0.009956759982267416 139
1694439025511 -0.009143992620503028 140
1694439025542 -0.008798087176662639 141
1694439025572 -0.009963659487008059 142
1694439025600 -0.008752834503297668 143
1694439025630 -0.009902739758262946 144
1694439025660 -0.00921450728663853 145
1694439025690 -0.008781119364970724 146
1694439025722 -0.009674208813287954 147
1694439025751 -0.009625806519794056 148
1694439025784 -0.009468883073308065 149
1694439025815 -0.009768023159606232 150
1694439025846 -0.009682006494022843 151
1694439025877 -0.00968648578207909 152
1694439025908 -0.010165581414671943 153
1694439025938 -0.009065067011150285 154
1694439025966 -0.010639764267075025 155
1694439025996 -0.010017907552106076 156
1694439026028 -0.009271881250298764 157
1694439026058 -0.009108435641700607 158
1694439026089 -0.010056498493177468 159
1694439026118 -0.00966557241191257 160
1694439026148 -0.011272030696058088 161
1694439026178 -0.008437564991445434 162
1694439026210 -0.010039260706678155 163
1694439026242 -0.010243534907200313 164
1694439026272 -0.00835293521479552 165
1694439026303 -0.010108064683884033 166
1694439026332 -0.009407511918836375 167
1694439026363 -0.00969251731076759 168
1694439026394 -0.008790163601612777 169
1694439026425 -0.009020347623794 170
1694439026455 -0.010023011993550268 171
1694439026483 -0.008972964222059288 172
1694439026514 -0.009791149736477323 173
1694439026544 -0.009671809779086438 174
1694439026574 -0.008805608751399241 175
1694439026606 -0.010546697108619218 176
1694439026634 -0.009100200636717792 177
1694439026664 -0.010483720289980791 178
1694439026694 -0.009830978217519215 179
1694439026725 -0.00953866040403284 180
1694439026753 -0.010304253372980687 181
1694439026782 -0.00979383641257292 182
1694439026812 -0.008808837336620856 183
1694439026841 -0.010139223991660007 184
1694439026870 -0.010091701843700784 185
1694439026899 -0.009733665365497357 186
1694439026931 -0.009584544643958637 187
1694439026960 -0.009226857622508078 188
1694439026991 -0.00988662322466971 189
1694439027022 -0.008958700416383136 190
1694439027052 -0.009649644162026627 191
1694439027082 -0.010058202792735393 192
1694439027114 -0.010143222752712289 193
1694439027143 -0.008668306396082626 194
1694439027171 -0.010488635458155926 195
1694439027202 -0.009728452036712243 196
1694439027234 -0.009915416494111762 197
1694439027265 -0.00981863525111848 198
1694439027295 -0.009961545991832965 199
1694439027325 -0.00982754979211764 200
1694439027354 -0.010160102161746565 201
1694439027383 -0.010897817708944713 202
1694439027414 -0.01076826568626199 203
1694439027444 -0.01050456245760989 204
1694439027474 -0.010375333500119766 205
1694439027503 -0.008712863138242488 206
1694439027532 -0.010205653473085663 207
1694439027562 -0.009363528861257242 208
1694439027593 -0.010469020022110032 209
1694439027622 -0.009730383490144545 210
1694439027651 -0.009132184084236439 211
1694439027681 -0.010096881573780747 212
1694439027711 -0.009446225343406889 213
1694439027742 -0.010337060221302652 214
1694439027773 -0.010364903047129337 215
1694439027802 -0.010142129951004053 216
1694439027832 -0.009787746402902808 217
1694439027862 -0.008926078001910698 218
1694439027892 -0.010048106283019553 219
1694439027922 -0.009168423410846449 220
1694439027955 -0.009232982249182564 221
1694439027982 -0.00993979220572494 222
1694439028016 -0.009284872109104558 223
1694439028045 -0.010085085678103178 224
1694439028075 -0.010398039827053784 225
1694439028105 -0.010237673450440798 226
1694439028134 -0.009074040821936302 227
1694439028164 -0.009128956196177818 228
1694439028195 -0.010385895759328356 229
1694439028226 -0.009320320325998166 230
1694439028255 -0.009105353204766464 231
1694439028284 -0.009508321304715572 232
1694439028315 -0.010062103947185541 233
1694439028344 -0.008767128545592584 234
1694439028376 -0.010573055650947794 235
1694439028406 -0.010567038114045912 236
1694439028436 -0.008905282952388793 237
1694439028464 -0.00973791257026524 238
1694439028496 -0.00928175993696323 239
1694439028526 -0.009687594204322414 240
1694439028555 -0.01000489313218611 241
1694439028586 -0.010524540842286045 242
1694439028615 -0.009819979516378252 243
1694439028645 -0.010182262817319376 244
1694439028675 -0.008621936160579713 245
1694439028706 -0.00977753866076747 246
1694439028737 -0.01021120017413657 247
1694439028766 -0.008851131792886324 248
1694439028796 -0.00843762000732462 249
1694439028828 -0.01003415326530921 250
1694439028859 -0.007953843420177131 251
1694439028890 -0.009022344567776619 252
1694439028921 -0.009806742273017921 253
1694439028950 -0.009559838240267515 254
1694439028980 -0.009717564681335222 255
1694439029011 -0.008741848344557601 256
1694439029042 -0.009863142991531237 257
1694439029072 -0.009137433822809848 258
1694439029101 -0.010138540536242413 259
1694439029132 -0.009568528891452432 260
1694439029161 -0.009432073521066009 261
1694439029190 -0.010601609379379262 262
1694439029221 -0.010002724425682619 263
1694439029251 -0.008758814491956812 264
1694439029283 -0.009328284521728625 265
1694439029313 -0.009014008369878423 266
1694439029343 -0.009799431848655837 267
1694439029375 -0.010057223502403456 268
1694439029405 -0.010218234129705461 269
1694439029436 -0.008663959669837018 270
1694439029465 -0.00920545186362176 271
1694439029495 -0.009630356067972468 272
1694439029525 -0.009694091219598855 273
1694439029556 -0.008737811860830114 274
1694439029585 -0.009433042292379401 275
1694439029615 -0.01008401792696767 276
1694439029648 -0.010134501394834627 277
1694439029678 -0.009228808614373918 278
1694439029710 -0.010515541967642372 279
1694439029740 -0.01003605805543395 280
1694439029771 -0.009095676680198617 281
1694439029806 -0.009400870992272381 282
1694439029839 -0.009850171943588393 283
1694439029872 -0.008830199959422913 284
1694439029909 -0.009295875371217566 285
1694439029940 -0.008683060111760676 286
1694439029969 -0.008652892509662946 287
1694439030000 -0.00917794492159385 288
1694439030034 -0.009421839108651353 289
1694439030063 -0.010606217068108048 290
1694439030094 -0.010098011473448798 291
1694439030128 -0.00930185503827019 292
1694439030160 -0.009935656891049582 293
1694439030193 -0.009591853337294953 294
1694439030227 -0.009837478490501095 295
1694439030255 -0.008831715249446148 296
1694439030284 -0.009910333725623666 297
1694439030315 -0.00896243782574846 298
1694439030344 -0.009380148833035618 299
1694439030375 -0.00913712305023151 300
1694439030404 -0.009913278877028198 301
1694439030433 -0.008736080251153355 302
1694439030463 -0.007753278458768609 303
1694439030492 -0.009177123143993882 304
1694439030523 -0.010864711162600793 305
1694439030554 -0.010202015791677788 306
1694439030584 -0.009416981358494114 307
1694439030614 -0.009281039681044545 308
1694439030644 -0.009013895914355974 309
1694439030676 -0.008430824240344581 310
1694439030705 -0.009407502381658217 311
1694439030734 -0.009540143101997467 312
1694439030763 -0.008493268932726394 313
1694439030792 -0.010195988363066455 314
1694439030823 -0.009590296428407141 315
1694439030853 -0.008363569388649461 316
1694439030882 -0.009456771132485553 317
1694439030914 -0.010773492249021688 318
1694439030945 -0.010556181741794513 319
1694439030974 -0.009848165180072588 320
1694439031005 -0.009860517486795839 321
1694439031035 -0.009200168832805167 322
1694439031065 -0.009985607012480191 323
1694439031095 -0.009221054993845179 324
1694439031125 -0.009400400689692612 325
1694439031155 -0.008675172509928997 326
1694439031183 -0.009878546709257696 327
1694439031216 -0.009771906503501127 328
1694439031248 -0.009569193415803978 329
1694439031278 -0.008774524025394026 330
1694439031307 -0.010637331691327079 331
1694439031338 -0.01007238211813588 332
1694439031367 -0.009554086632844072 333
1694439031397 -0.00867945910125445 334
1694439031426 -0.010321346964879297 335
1694439031456 -0.009705485844780926 336
1694439031485 -0.009140840445421183 337
1694439031515 -0.009600650193989368 338
1694439031545 -0.009763864778557174 339
1694439031574 -0.009287519752817941 340
1694439031605 -0.009799893441750696 341
1694439031636 -0.008493066291698659 342
1694439031666 -0.009627714261793763 343
1694439031696 -0.01117141323529669 344
1694439031727 -0.00949415974312795 345
1694439031759 -0.009719143958381693 346
1694439031788 -0.010018385250744721 347
1694439031820 -0.008627904655275742 348
1694439031852 -0.00938761746386696 349
1694439031880 -0.009669243626178936 350
1694439031910 -0.008669224148819543 351
1694439031941 -0.009680784219402216 352
1694439031971 -0.009237710384728981 353
1694439032000 -0.009574702067379093 354
1694439032032 -0.00975924249882043 355
1694439032063 -0.008374697761556193 356
1694439032094 -0.009160043233747528 357
1694439032126 -0.010033876123024754 358
1694439032157 -0.008908664551571688 359
1694439032189 -0.01090284330708502 360
1694439032219 -0.010002654303477465 361
1694439032249 -0.009358037583923284 362
1694439032278 -0.010366674976262091 363
1694439032311 -0.00955890058761466 364
1694439032341 -0.00910471552284986 365
1694439032372 -0.010184511128416673 366
1694439032400 -0.009507766364117431 367
1694439032431 -0.010040169917505892 368
1694439032463 -0.010330682510056866 369
1694439032493 -0.01003713568633069 370
1694439032523 -0.009287687727923322 371
1694439032552 -0.008655048190475245 372
1694439032581 -0.009302260179028243 373
1694439032611 -0.008202614463732383 374
1694439032641 -0.010311175789135651 375
1694439032671 -0.01000084058093953 376
1694439032701 -0.009823872879617612 377
1694439032730 -0.00997888792644841 378
1694439032760 -0.00931968555624163 379
1694439032789 -0.009051596325050593 380
1694439032816 -0.009560116286045917 381
1694439032847 -0.008730379247872566 382
1694439032877 -0.009206777695540236 383
1694439032905 -0.00962303021218558 384
1694439032933 -0.008996355050666649 385
1694439032964 -0.00855660537720948 386
1694439032994 -0.009533374567941122 387
1694439033024 -0.00919789303866847 388
1694439033054 -0.009251764820302766 389
1694439033083 -0.008942011804036198 390
1694439033113 -0.009619873333510887 391
1694439033141 -0.008834285683994914 392
1694439033171 -0.009721051282203907 393
1694439033200 -0.00865616176058337 394
1694439033231 -0.010268851784564603 395
1694439033260 -0.00903008786845283 396
1694439033289 -0.00942702377700888 397
1694439033316 -0.00929189288269927 398
1694439033346 -0.009541168691657775 399
1694439033378 -0.009301696340483945 400
1694439033407 -0.009651117632496042 401
1694439033437 -0.009942186788696628 402
1694439033466 -0.008248554984126022 403
1694439033496 -0.009875364219879668 404
1694439033526 -0.01009512238962551 405
1694439033555 -0.009866875521191032 406
1694439033584 -0.009716262893910255 407
1694439033612 -0.010803731290897067 408
1694439033641 -0.010328122994569311 409
1694439033672 -0.009261766481655886 410
1694439033700 -0.009621294007249759 411
1694439033728 -0.009437928311253119 412
1694439033757 -0.009378465584533258 413
1694439033787 -0.007917964926666965 414
1694439033816 -0.010756010643227398 415
1694439033847 -0.010271787245633934 416
1694439033876 -0.01023151291902269 417
1694439033905 -0.00985410151082533 418
1694439033934 -0.00929704662774089 419
1694439033963 -0.009469342891523791 420
1694439033994 -0.008871047611147542 421
1694439034022 -0.010985968476952213 422
1694439034053 -0.009896557993167354 423
1694439034083 -0.008900606550515944 424
1694439034113 -0.008900088392828964 425
1694439034144 -0.010966003974415717 426
1694439034174 -0.00956016006767979 427
1694439034203 -0.009324526347125328 428
1694439034231 -0.009783043419186344 429
1694439034262 -0.009401343296317144 430
1694439034292 -0.00964719699213279 431
1694439034321 -0.009392679024250228 432
1694439034352 -0.01004737835306213 433
1694439034384 -0.009444978985488017 434
1694439034412 -0.009680733991345614 435
1694439034442 -0.009743954260555077 436
1694439034471 -0.00952003987917216 437
1694439034501 -0.010353427392666426 438
1694439034530 -0.00989749564913378 439
1694439034560 -0.009070666510857528 440
1694439034591 -0.009023666590580293 441
1694439034619 -0.008751219501204277 442
1694439034648 -0.009152063263352828 443
1694439034677 -0.00905128695992774 444
1694439034705 -0.00920760893606909 445
1694439034733 -0.009356187784657077 446
1694439034764 -0.009669889571852774 447
1694439034793 -0.009567947905413376 448
1694439034820 -0.009759763886227901 449
1694439034850 -0.00839670939441417 450
1694439034881 -0.009703985431091633 451
1694439034909 -0.008513539204506149 452
1694439034939 -0.009733463344256954 453
1694439034968 -0.009163553407952607 454
1694439034997 -0.007242553609376978 455
1694439035027 -0.010033609703501867 456
1694439035056 -0.00852234581918987 457
1694439035085 -0.009687863847790412 458
1694439035114 -0.010423202060823478 459
1694439035145 -0.00861168879078078 460
1694439035174 -0.009537494592878781 461
1694439035202 -0.009236216232839212 462
1694439035233 -0.009371967461504482 463
1694439035262 -0.010267397351193086 464
1694439035292 -0.009176920958214208 465
1694439035320 -0.009947561887494905 466
1694439035350 -0.009220830167503857 467
1694439035381 -0.010895253462115173 468
1694439035409 -0.009004005967600204 469
1694439035439 -0.009663002387686026 470
1694439035468 -0.010554739000918412 471
1694439035498 -0.008117513013611077 472
1694439035528 -0.00944883164411725 473
1694439035557 -0.009593135576636103 474
1694439035587 -0.009572441878576754 475
1694439035615 -0.009313745051453992 476
1694439035644 -0.009912249528789774 477
1694439035673 -0.009189082204898114 478
1694439035703 -0.00946258019153201 479
1694439035731 -0.010229113029724735 480
1694439035761 -0.00921895408503648 481
1694439035791 -0.00976170466611781 482
1694439035819 -0.010048448200253857 483
1694439035849 -0.009159530547407924 484
1694439035879 -0.0101071798641168 485
1694439035909 -0.00965247789296586 486
1694439035940 -0.009477016330564858 487
1694439035969 -0.009250285193255436 488
1694439036000 -0.009088486024096287 489
1694439036029 -0.009177089041937814 490
1694439036061 -0.008117273202875808 491
1694439036092 -0.008835324202905337 492
1694439036119 -0.01053070323475258 493
1694439036148 -0.00922423541148576 494
1694439036178 -0.009296099864475327 495
1694439036209 -0.009456690004255863 496
1694439036241 -0.009114204797892045 497
1694439036271 -0.01068323582059727 498
1694439036304 -0.008216946289988147 499
