1694436994774 -0.0042322697483536675 0
1694436994815 -0.004227714722541798 1
1694436994865 -0.004223148666439247 2
1694436994913 -0.00421857156686456 3
1694436994967 -0.004213983410634947 4
1694436995049 -0.004209384184562515 5
1694436995112 -0.004204773875456702 6
1694436995183 -0.004200152470124285 7
1694436995220 -0.004195519955368487 8
1694436995259 -0.00419087631798809 9
1694436995322 -0.004186221544781432 10
1694436995365 -0.004181555622540634 11
1694436995408 -0.0041768785380575935 12
1694436995454 -0.004172190278118881 13
1694436995493 -0.004167490829509957 14
1694436995572 -0.004162780179011394 15
1694436995649 -0.004158058313402213 16
1694436995708 -0.004153325219458548 17
1694436995809 -0.004148580883953423 18
1694436995879 -0.004143825293656089 19
1694436995917 -0.004139058435334686 20
1694436995955 -0.0041342802957538005 21
1694436995989 -0.0041294908616746895 22
1694436996061 -0.004124690119856611 23
1694436996120 -0.004119878057056381 24
1694436996170 -0.004115054660027928 25
1694436996223 -0.004110219915522517 26
1694436996272 -0.004105373810289414 27
1694436996329 -0.004100516331074111 28
1694436996379 -0.0040956474646214325 29
1694436996419 -0.004090767197672429 30
1694436996455 -0.004085875516966375 31
1694436996503 -0.004080972409240102 32
1694436996560 -0.0040760578612271114 33
1694436996601 -0.004071131859660904 34
1694436996675 -0.004066194391270983 35
1694436996779 -0.004061245442785966 36
1694436996870 -0.0040562850009293605 37
1694436996973 -0.004051313052426009 38
1694436997049 -0.004046329583997643 39
1694436997119 -0.004041334582363554 40
1694436997200 -0.004036328034240588 41
1694436997266 -0.004031309926344928 42
1694436997373 -0.004026280245389202 43
1694436997447 -0.004021238978085595 44
1694436997523 -0.004016186111143849 45
1694436997577 -0.004011121631271708 46
1694436997635 -0.004006045525175805 47
1694436997685 -0.00400095777956011 48
1694436997755 -0.003995858381127704 49
1694436997860 -0.003990747316579224 50
1694436997954 -0.0039856245726153094 51
1694436997999 -0.003980490135932824 52
1694436998060 -0.0039753439932284085 53
1694436998123 -0.003970186131197373 54
1694436998168 -0.003965016536533028 55
1694436998209 -0.003959835195926686 56
1694436998244 -0.003954642096070327 57
1694436998286 -0.0039494372236521524 58
1694436998323 -0.00394422056536059 59
1694436998358 -0.003938992107882955 60
1694436998398 -0.00393375183790412 61
1694436998425 -0.0039284997421087375 62
1694436998457 -0.003923235807179903 63
1694436998498 -0.003917960019800049 64
1694436998534 -0.0039126723666498275 65
1694436998569 -0.003907372834410561 66
1694436998607 -0.003902061409759572 67
1694436998640 -0.003896738079376183 68
1694436998675 -0.003891402829937496 69
1694436998721 -0.003886055648120612 70
1694436998769 -0.003880696520599747 71
1694436998812 -0.0038753254340511134 72
1694436998867 -0.003869942375148483 73
1694436998918 -0.0038645473305649602 74
1694436998988 -0.003859140286973428 75
1694436999041 -0.0038537212310467694 76
1694436999080 -0.0038482901494565347 77
1694436999115 -0.0038428470288733863 78
1694436999143 -0.0038373918559684306 79
1694436999176 -0.003831924617411886 80
1694436999219 -0.0038264452998735266 81
1694436999289 -0.0038209538900231266 82
1694436999327 -0.003815450374529794 83
1694436999364 -0.003809934740062193 84
1694436999395 -0.0038044069732896535 85
1694436999441 -0.0037988670608803954 86
1694436999475 -0.0037933149895030827 87
1694436999508 -0.003787750745825491 88
1694436999540 -0.003782174316516951 89
1694436999584 -0.0037765856882450155 90
1694436999619 -0.003770984847678349 91
1694436999659 -0.0037653717814851717 92
1694436999727 -0.003759746476334591 93
1694436999774 -0.003754108918894161 94
1694436999811 -0.0037484590958341 95
1694436999843 -0.003742796993823072 96
1694436999876 -0.003737122599530851 97
1694436999908 -0.0037314358996272112 98
1694436999944 -0.003725736880781705 99
1694436999977 -0.0037200255296658824 100
1694437000012 -0.0037143018329506283 101
1694437000058 -0.003708565777307493 102
1694437000090 -0.0037028173494089156 103
1694437000123 -0.0036970565359277785 104
1694437000157 -0.003691283323537853 105
1694437000188 -0.0036854976989122434 106
1694437000220 -0.003679699648727164 107
1694437000256 -0.0036738891596579393 108
1694437000315 -0.0036680662183810053 109
1694437000390 -0.0036622308115739077 110
1694437000435 -0.0036563829259153025 111
1694437000467 -0.0036505225480845116 112
1694437000498 -0.0036446496647615234 113
1694437000529 -0.0036387642626278804 114
1694437000561 -0.0036328663283669016 115
1694437000599 -0.0036269558486612397 116
1694437000628 -0.003621032810196656 117
1694437000658 -0.003615097199659134 118
1694437000691 -0.0036091490037355456 119
1694437000722 -0.0036031882091152045 120
1694437000763 -0.0035972148024887574 121
1694437000797 -0.0035912287705466284 122
1694437000832 -0.0035852300999830167 123
1694437000861 -0.0035792187774921214 124
1694437000892 -0.003573194789770362 125
1694437000928 -0.003567158123514824 126
1694437000969 -0.0035611087654257023 127
1694437001023 -0.003555046702204301 128
1694437001064 -0.0035489719205528125 129
1694437001099 -0.0035428844071767607 130
1694437001140 -0.0035367841487818907 131
1694437001195 -0.003530671132077501 132
1694437001249 -0.0035245453437739993 133
1694437001310 -0.003518406770583793 134
1694437001350 -0.0035122553992208427 135
1694437001386 -0.0035060912164024405 136
1694437001417 -0.003499914208846544 137
1694437001447 -0.003493724363274886 138
1694437001480 -0.003487521666410087 139
1694437001516 -0.003481306104978321 140
1694437001548 -0.0034750776657059834 141
1694437001582 -0.0034688363353247986 142
1694437001617 -0.0034625821005662694 143
1694437001687 -0.003456314948165451 144
1694437001751 -0.003450034864860285 145
1694437001789 -0.0034437418373911566 146
1694437001826 -0.003437435852500448 147
1694437001869 -0.0034311168969338723 148
1694437001907 -0.003424784957439364 149
1694437001946 -0.0034184400207681875 150
1694437001987 -0.0034120820736736057 151
1694437002033 -0.0034057111029128784 152
1694437002064 -0.0033993270952445975 153
1694437002112 -0.00339293003743224 154
1694437002143 -0.003386519916241282 155
1694437002173 -0.00338009671843964 156
1694437002206 -0.0033736604307998963 157
1694437002238 -0.003367211040095963 158
1694437002269 -0.003360748533107083 159
1694437002300 -0.003354272896613386 160
1694437002347 -0.003347784117400332 161
1694437002389 -0.0033412821822560446 162
1694437002427 -0.0033347670779717564 163
1694437002456 -0.003328238791342697 164
1694437002487 -0.003321697309166982 165
1694437002520 -0.0033151426182465027 166
1694437002550 -0.0033085747053875902 167
1694437002582 -0.003301993557399019 168
1694437002613 -0.0032953991610937816 169
1694437002649 -0.00328879150328909 170
1694437002684 -0.003282170570805487 171
1694437002719 -0.0032755363504672896 172
1694437002751 -0.003268888829103256 173
1694437002782 -0.0032622279935456966 174
1694437002814 -0.0032555538306311416 175
1694437002847 -0.003248866327199895 176
1694437002883 -0.003242165470096925 177
1694437002931 -0.0032354512461707507 178
1694437002974 -0.003228723642274778 179
1694437003012 -0.00322198264526663 180
1694437003087 -0.003215228242007262 181
1694437003181 -0.0032084604193634014 182
1694437003258 -0.003201679164205773 183
1694437003322 -0.0031948844634088758 184
1694437003360 -0.0031880763038529825 185
1694437003400 -0.003181254672421696 186
1694437003435 -0.003174419556004171 187
1694437003476 -0.0031675709414946684 188
1694437003518 -0.0031607088157903362 189
1694437003552 -0.0031538331657947616 190
1694437003583 -0.0031469439784166386 191
1694437003614 -0.0031400412405684364 192
1694437003642 -0.003133124939168397 193
1694437003676 -0.003126195061138315 194
1694437003706 -0.003119251593407757 195
1694437003737 -0.003112294522908954 196
1694437003779 -0.00310532383658102 197
1694437003813 -0.003098339521366844 198
1694437003847 -0.003091341564215977 199
1694437003876 -0.0030843299520821876 200
1694437003907 -0.0030773046719256847 201
1694437003936 -0.0030702657107104514 202
1694437003967 -0.0030632130554089088 203
1694437003998 -0.003056146692995032 204
1694437004032 -0.0030490666104530106 205
1694437004067 -0.003041972794768366 206
1694437004098 -0.003034865232935946 207
1694437004127 -0.0030277439119534844 208
1694437004164 -0.003020608818826487 209
1694437004194 -0.003013459940565788 210
1694437004226 -0.003006297264187774 211
1694437004259 -0.0029991207767152694 212
1694437004292 -0.002991930465176873 213
1694437004326 -0.002984726316607622 214
1694437004359 -0.0029775083180483275 215
1694437004392 -0.0029702764565466833 216
1694437004424 -0.0029630307191561567 217
1694437004456 -0.00295577109293621 218
1694437004497 -0.002948497564953634 219
1694437004543 -0.0029412101222807685 220
1694437004586 -0.0029339087519968388 221
1694437004651 -0.0029265934411881744 222
1694437004711 -0.0029192641769464345 223
1694437004761 -0.0029119209463712714 224
1694437004816 -0.002904563736568333 225
1694437004849 -0.0028971925346494842 226
1694437004885 -0.00288980732773525 227
1694437004922 -0.0028824081029519277 228
1694437004956 -0.002874994847431367 229
1694437004992 -0.0028675675483151863 230
1694437005048 -0.002860126192750334 231
1694437005104 -0.0028526707678915297 232
1694437005187 -0.0028452012609001542 233
1694437005243 -0.002837717658944694 234
1694437005279 -0.002830219949202073 235
1694437005312 -0.0028227081188554326 236
1694437005347 -0.0028151821550956857 237
1694437005379 -0.0028076420451215167 238
1694437005409 -0.0028000877761384935 239
1694437005451 -0.0027925193353599553 240
1694437005485 -0.0027849367100076794 241
1694437005525 -0.002777339887310326 242
1694437005562 -0.0027697288545036614 243
1694437005601 -0.002762103598833221 244
1694437005647 -0.002754464107550536 245
1694437005682 -0.0027468103679157974 246
1694437005716 -0.0027391423671978554 247
1694437005750 -0.002731460092672444 248
1694437005783 -0.002723763531623513 249
1694437005820 -0.002716052671344338 250
1694437005856 -0.002708327499134855 251
1694437005888 -0.002700588002304549 252
1694437005922 -0.002692834168170233 253
1694437005970 -0.002685065984058266 254
1694437006004 -0.0026772834373023358 255
1694437006039 -0.002669486515245012 256
1694437006071 -0.0026616752052379677 257
1694437006100 -0.0026538494946404256 258
1694437006140 -0.0026460093708213783 259
1694437006179 -0.002638154821158478 260
1694437006209 -0.002630285833036927 261
1694437006244 -0.002622402393851697 262
1694437006276 -0.00261450449100753 263
1694437006310 -0.002606592111916939 264
1694437006351 -0.0025986652440017632 265
1694437006382 -0.002590723874692502 266
1694437006413 -0.0025827679914298685 267
1694437006444 -0.002574797581663457 268
1694437006474 -0.002566812632851523 269
1694437006504 -0.002558813132462312 270
1694437006552 -0.002550799067973175 271
1694437006589 -0.0025427704268712326 272
1694437006639 -0.0025347271966520424 273
1694437006731 -0.002526669364822487 274
1694437006813 -0.0025185969188983304 275
1694437006857 -0.0025105098464035525 276
1694437006896 -0.0025024081348745675 277
1694437006941 -0.0024942917718560054 278
1694437006975 -0.002486160744902488 279
1694437007009 -0.0024780150415786295 280
1694437007043 -0.002469854649459924 281
1694437007078 -0.002461679556130081 282
1694437007116 -0.0024534897491850227 283
1694437007150 -0.0024452852162293315 284
1694437007180 -0.0024370659448786913 285
1694437007211 -0.0024288319227583344 286
1694437007238 -0.002420583137505483 287
1694437007271 -0.0024123195767651318 288
1694437007304 -0.002404041228194931 289
1694437007343 -0.002395748079462523 290
1694437007375 -0.002387440118246431 291
1694437007405 -0.002379117332234726 292
1694437007441 -0.0023707797091281346 293
1694437007485 -0.0023624272366360444 294
1694437007520 -0.0023540599024798325 295
1694437007558 -0.002345677694392201 296
1694437007600 -0.002337280600115843 297
1694437007634 -0.002328868607405221 298
1694437007675 -0.0023204417040256775 299
1694437007723 -0.0023119998777538786 300
1694437007771 -0.002303543116377371 301
1694437007813 -0.0022950714076954704 302
1694437007845 -0.0022865847395179273 303
1694437007878 -0.002278083099667594 304
1694437007910 -0.0022695664759768697 305
1694437007941 -0.0022610348562912552 306
1694437007976 -0.002252488228467131 307
1694437008010 -0.002243926580372646 308
1694437008041 -0.0022353498998879395 309
1694437008076 -0.002226758174904031 310
1694437008111 -0.002218151393325263 311
1694437008143 -0.002209529543066413 312
1694437008175 -0.0022008926120558048 313
1694437008217 -0.0021922405882326412 314
1694437008260 -0.002183573459548338 315
1694437008296 -0.0021748912139671894 316
1694437008329 -0.002166193839464592 317
1694437008368 -0.0021574813240297086 318
1694437008410 -0.002148753655663027 319
1694437008450 -0.0021400108223774694 320
1694437008481 -0.00213125281219928 321
1694437008515 -0.0021224796131664725 322
1694437008567 -0.002113691213329938 323
1694437008607 -0.0021048876007527806 324
1694437008642 -0.0020960687635125375 325
1694437008681 -0.0020872346896974037 326
1694437008716 -0.002078385367408897 327
1694437008753 -0.0020695207847634123 328
1694437008791 -0.0020606409298882244 329
1694437008830 -0.002051745790924153 330
1694437008865 -0.002042835356026229 331
1694437008902 -0.002033909613360585 332
1694437008933 -0.0020249685511086746 333
1694437008967 -0.0020160121574643863 334
1694437008999 -0.0020070404206351533 335
1694437009032 -0.0019980533288419533 336
1694437009061 -0.001989050870319309 337
1694437009092 -0.001980033033314399 338
1694437009125 -0.0019709998060895018 339
1694437009160 -0.001961951176919996 340
1694437009192 -0.001952887134094361 341
1694437009230 -0.0019438076659159531 342
1694437009268 -0.0019347127607018955 343
1694437009298 -0.001925602406783078 344
1694437009327 -0.001916476592503935 345
1694437009366 -0.0019073353062242226 346
1694437009397 -0.0018981785363161308 347
1694437009429 -0.001889006271168281 348
1694437009461 -0.001879818499181063 349
1694437009496 -0.0018706152087724082 350
1694437009526 -0.00186139638837024 351
1694437009560 -0.0018521620264222438 352
1694437009595 -0.001842912111386319 353
1694437009629 -0.0018336466317379063 354
1694437009663 -0.0018243655759644373 355
1694437009694 -0.0018150689325715508 356
1694437009725 -0.00180575669007621 357
1694437009759 -0.001796428837012698 358
1694437009791 -0.0017870853619290639 359
1694437009826 -0.0017777262533889004 360
1694437009866 -0.0017683514999713434 361
1694437009902 -0.0017589610902681851 362
1694437009933 -0.0017495550128903137 363
1694437009964 -0.0017401332564610517 364
1694437009992 -0.001730695809620375 365
1694437010031 -0.0017212426610224707 366
1694437010063 -0.001711773799339067 367
1694437010096 -0.0017022892132549927 368
1694437010125 -0.0016927888914723965 369
1694437010158 -0.001683272822709192 370
1694437010187 -0.0016737409956972815 371
1694437010219 -0.0016641933991867752 372
1694437010252 -0.001654630021942216 373
1694437010285 -0.0016450508527434682 374
1694437010316 -0.0016354558803883812 375
1694437010350 -0.0016258450936896818 376
1694437010386 -0.0016162184814763059 377
1694437010421 -0.0016065760325931766 378
1694437010455 -0.0015969177359027587 379
1694437010489 -0.0015872435802821716 380
1694437010523 -0.0015775535546258546 381
1694437010551 -0.001567847647845344 382
1694437010583 -0.0015581258488670535 383
1694437010612 -0.0015483881466353822 384
1694437010641 -0.0015386345301113824 385
1694437010671 -0.00152886498827276 386
1694437010701 -0.0015190795101129861 387
1694437010732 -0.0015092780846439613 388
1694437010760 -0.0014994607008942396 389
1694437010791 -0.0014896273479070299 390
1694437010824 -0.0014797780147473016 391
1694437010853 -0.0014699126904924587 392
1694437010883 -0.0014600313642403329 393
1694437010911 -0.0014501340251047434 394
1694437010939 -0.001440220662216829 395
1694437010974 -0.0014302912647257138 396
1694437011011 -0.0014203458217978415 397
1694437011040 -0.0014103843226165313 398
1694437011075 -0.001400406756383532 399
1694437011109 -0.001390413112318134 400
1694437011140 -0.0013804033796578352 401
1694437011175 -0.001370377547656565 402
1694437011214 -0.0013603356055875704 403
1694437011250 -0.0013502775427414182 404
1694437011292 -0.0013402033484275488 405
1694437011326 -0.0013301130119722782 406
1694437011364 -0.0013200065227205737 407
1694437011400 -0.001309883870036277 408
1694437011432 -0.0012997450433007707 409
1694437011462 -0.0012895900319140896 410
1694437011499 -0.0012794188252949201 411
1694437011532 -0.0012692314128797122 412
1694437011560 -0.0012590277841251218 413
1694437011592 -0.0012488079285046805 414
1694437011633 -0.0012385718355116815 415
1694437011664 -0.001228319494657626 416
1694437011699 -0.0012180508954733327 417
1694437011731 -0.0012077660275080504 418
1694437011763 -0.0011974648803316779 419
1694437011798 -0.001187147443530323 420
1694437011832 -0.0011768137067122986 421
1694437011867 -0.001166463659502126 422
1694437011905 -0.0011560972915460876 423
1694437011940 -0.0011457145925086731 424
1694437011980 -0.0011353155520739122 425
1694437012013 -0.0011249001599451525 426
1694437012043 -0.0011144684058461696 427
1694437012098 -0.0011040202795185028 428
1694437012133 -0.0010935557707258958 429
1694437012166 -0.0010830748692487457 430
1694437012200 -0.0010725775648918745 431
1694437012235 -0.0010620638474738708 432
1694437012266 -0.0010515337068390807 433
1694437012304 -0.0010409871328482811 434
1694437012351 -0.0010304241153837879 435
1694437012409 -0.0010198446443481224 436
1694437012456 -0.001009248709662458 437
1694437012507 -0.0009986363012703947 438
1694437012543 -0.0009880074091352942 439
1694437012578 -0.0009773620232400582 440
1694437012611 -0.0009667001335889047 441
1694437012650 -0.0009560217302071461 442
1694437012688 -0.0009453268031391904 443
1694437012728 -0.0009346153424516501 444
1694437012757 -0.0009238873382306778 445
1694437012787 -0.0009131427805850745 446
1694437012826 -0.0009023816596416268 447
1694437012858 -0.0008916039655513242 448
1694437012890 -0.0008808096884849181 449
1694437012929 -0.0008699988186335883 450
1694437012957 -0.0008591713462107187 451
1694437012989 -0.0008483272614505655 452
1694437013027 -0.0008374665546084792 453
1694437013060 -0.0008265892159617927 454
1694437013091 -0.0008156952358091552 455
1694437013128 -0.00080478460447031 456
1694437013166 -0.0007938573122874271 457
1694437013200 -0.0007829133496235485 458
1694437013254 -0.0007719527068639209 459
1694437013295 -0.0007609753744155512 460
1694437013330 -0.0007499813427074287 461
1694437013367 -0.0007389706021903031 462
1694437013400 -0.0007279431433373507 463
1694437013433 -0.00071689895664373 464
1694437013470 -0.0007058380326254721 465
1694437013500 -0.0006947603618239206 466
1694437013533 -0.0006836659347988494 467
1694437013573 -0.0006725547421357891 468
1694437013606 -0.0006614267744409208 469
1694437013639 -0.000650282022343518 470
1694437013678 -0.0006391204764948366 471
1694437013708 -0.0006279421275701136 472
1694437013755 -0.000616746966265902 473
1694437013789 -0.0006055349833022916 474
1694437013829 -0.0005943061694215768 475
1694437013859 -0.0005830605153906987 476
1694437013890 -0.0005717980119976929 477
1694437013927 -0.0005605186500534654 478
1694437013956 -0.0005492224203944573 479
1694437013995 -0.0005379093138784263 480
1694437014028 -0.0005265793213873327 481
1694437014066 -0.000515232433824675 482
1694437014099 -0.0005038686421194871 483
1694437014132 -0.0004924879372243396 484
1694437014166 -0.0004810903101135633 485
1694437014198 -0.0004696757517868022 486
1694437014231 -0.00045824425326612683 487
1694437014261 -0.0004467958055982546 488
1694437014294 -0.0004353303998538838 489
1694437014329 -0.00042384802712680525 490
1694437014360 -0.00041234867853545687 491
1694437014397 -0.00040083234522203526 492
1694437014429 -0.0003892990183529399 493
1694437014463 -0.0003777486891189952 494
1694437014493 -0.00036618134873478425 495
1694437014531 -0.0003545969884397593 496
1694437014564 -0.00034299559949690916 497
1694437014594 -0.0003313771731947579 498
1694437014627 -0.0003197417008462544 499
