1694436629599 156.04725312033 0
1694436629631 145.2578894003742 1
1694436629661 135.11798738791774 2
1694436629692 124.38781977213509 3
1694436629724 115.52079406007071 4
1694436629758 107.31231703453611 5
1694436629791 99.63339023207244 6
1694436629838 91.46197797003947 7
1694436629879 84.46706487550698 8
1694436629918 79.00485000943111 9
1694436629951 73.24459356108855 10
1694436629990 67.98463859524433 11
1694436630026 63.846586762421495 12
1694436630062 58.92483329619357 13
1694436630097 54.94789337061453 14
1694436630127 51.72501614974671 15
1694436630159 48.243801061429345 16
1694436630192 45.272960588450516 17
1694436630222 42.15477589168404 18
1694436630255 39.966744641112086 19
1694436630288 37.3114150791892 20
1694436630326 35.44952863328091 21
1694436630358 33.1941827670597 22
1694436630391 31.28429657902563 23
1694436630425 29.2366955664352 24
1694436630452 28.111238753321693 25
1694436630487 26.5074626849501 26
1694436630519 24.950038424598365 27
1694436630548 23.47507843985395 28
1694436630576 22.14102502291309 29
1694436630605 21.458910771321268 30
1694436630633 19.865971515198837 31
1694436630661 19.404212994373307 32
1694436630695 18.550581881276127 33
1694436630726 17.253077084113812 34
1694436630757 16.683248712026128 35
1694436630791 15.94572986397207 36
1694436630829 15.309603478536877 37
1694436630862 14.581140524106866 38
1694436630893 13.888245531809217 39
1694436630920 13.564884574497732 40
1694436630950 12.943414726053966 41
1694436630979 12.597113139012498 42
1694436631012 12.147455505728 43
1694436631042 11.77783722932247 44
1694436631073 11.311615685981343 45
1694436631105 10.947897298115931 46
1694436631133 10.5007593993503 47
1694436631164 10.34194155579595 48
1694436631195 10.007329353038532 49
1694436631224 9.67368088592776 50
1694436631253 9.46855041955525 51
1694436631285 9.299114592000988 52
1694436631316 8.843891903506204 53
1694436631347 8.646795183156385 54
1694436631382 8.436060847560134 55
1694436631413 8.300871670133802 56
1694436631444 8.046190706836274 57
1694436631476 8.020926287328384 58
1694436631525 7.724185603958988 59
1694436631561 7.57995931225331 60
1694436631595 7.6096371889393115 61
1694436631632 7.326570650873767 62
1694436631668 7.203902088921556 63
1694436631706 7.127340652020819 64
1694436631735 7.000399113340683 65
1694436631767 6.83477443132997 66
1694436631800 6.796515243214603 67
1694436631835 6.642945223948464 68
1694436631868 6.613088833461013 69
1694436631902 6.459204939931278 70
1694436631935 6.334592151410851 71
1694436631965 6.429248766902411 72
1694436631995 6.278763014090541 73
1694436632029 6.0910678359631 74
1694436632059 6.113771770881379 75
1694436632088 6.0337180304874005 76
1694436632116 5.949309492900689 77
1694436632147 5.92324882854802 78
1694436632177 5.921379029634403 79
1694436632204 5.740784126612014 80
1694436632233 5.741050193784831 81
1694436632264 5.6931164691049725 82
1694436632295 5.678153235129486 83
1694436632327 5.5515026185620435 84
1694436632357 5.5625660390774945 85
1694436632388 5.691392227163578 86
1694436632419 5.5726024068806606 87
1694436632447 5.543179103979655 88
1694436632478 5.524741016350161 89
1694436632506 5.4046509105037845 90
1694436632538 5.2411943009606965 91
1694436632568 5.353515376718628 92
1694436632599 5.342335037417074 93
1694436632630 5.240947212177747 94
1694436632658 5.341257248397639 95
1694436632692 5.306788858155967 96
1694436632721 5.3150389285383355 97
1694436632752 5.207556214586226 98
1694436632784 5.136943007537617 99
1694436632813 5.188551333029337 100
1694436632844 5.250092973794148 101
1694436632876 5.21381814686805 102
1694436632906 5.112181160247148 103
1694436632938 5.073904170626329 104
1694436632969 5.023498797586494 105
1694436632998 5.170246990289626 106
1694436633030 5.084179351281331 107
1694436633058 5.020653608316456 108
1694436633086 4.964028621151174 109
1694436633119 5.01652902305018 110
1694436633149 5.129473237210764 111
1694436633178 4.967064886734938 112
1694436633205 5.013008400303823 113
1694436633234 5.031359005976328 114
1694436633266 4.930905594742427 115
1694436633295 4.993293424879584 116
1694436633325 4.997551910570228 117
1694436633352 4.984302529767258 118
1694436633383 5.003337900940984 119
1694436633416 4.94178436813536 120
1694436633452 4.966640166845359 121
1694436633487 5.047888731907363 122
1694436633520 5.0566317632920335 123
1694436633549 4.943334267630591 124
1694436633578 4.97314158333567 125
1694436633608 4.842111050760139 126
1694436633638 4.926070097617565 127
1694436633665 4.827361325801934 128
1694436633698 4.862217166778365 129
1694436633727 4.989344072438089 130
1694436633758 4.844053108605123 131
1694436633788 4.8331188161699545 132
1694436633819 4.890371851545232 133
1694436633849 4.896177053252612 134
1694436633878 4.953101696027251 135
1694436633909 4.793362562401483 136
1694436633942 4.870422567787028 137
1694436633975 4.911616613186809 138
1694436634006 4.837349132793424 139
1694436634040 4.881927706870836 140
1694436634072 4.797438118623606 141
1694436634101 4.845744324590992 142
1694436634130 4.793630029806529 143
1694436634164 4.85556357928626 144
1694436634193 4.834479439303192 145
1694436634223 4.813721008879399 146
1694436634261 4.806361447977776 147
1694436634290 4.842340613202517 148
1694436634321 4.880672856430687 149
1694436634355 4.808297150892364 150
1694436634387 4.797312662187868 151
1694436634419 4.827853624794317 152
1694436634449 4.815960307507654 153
1694436634482 4.880751492768153 154
1694436634511 4.829711616350146 155
1694436634542 4.740572696403624 156
1694436634568 4.853776310672954 157
1694436634597 4.8500020472282666 158
1694436634625 4.806524623948299 159
1694436634656 4.830728507415279 160
1694436634687 4.819784883936872 161
1694436634717 4.8677914659073105 162
1694436634749 4.822052436642545 163
1694436634778 4.843797917861062 164
1694436634804 4.735491956953657 165
1694436634834 4.8006626796925485 166
1694436634867 4.794610125904779 167
1694436634897 4.778558392035311 168
1694436634925 4.870392683717301 169
1694436634957 4.868685868908545 170
1694436634988 4.85560649201851 171
1694436635018 4.782125905553469 172
1694436635048 4.792413991402228 173
1694436635076 4.836119217538406 174
1694436635104 4.753593016260993 175
1694436635133 4.815053153266584 176
1694436635162 4.798103168299577 177
1694436635193 4.755352972492603 178
1694436635224 4.894034362277836 179
1694436635255 4.776056893776921 180
1694436635284 4.806771860235393 181
1694436635315 4.866342831820721 182
1694436635345 4.731586413155815 183
1694436635376 4.737070699196862 184
