1694436629607 -0.010805275275644677 0
1694436629639 -0.0094931069520523 1
1694436629668 -0.01005498457257703 2
1694436629699 -0.01083629797007446 3
1694436629731 -0.011070442755908738 4
1694436629764 -0.010281561582797583 5
1694436629799 -0.010296051193799949 6
1694436629848 -0.010819872703317746 7
1694436629890 -0.010475815243696118 8
1694436629926 -0.009042404651280256 9
1694436629959 -0.008444950288219788 10
1694436629998 -0.008501350193317325 11
1694436630033 -0.008086956309673266 12
1694436630070 -0.008424590096305362 13
1694436630103 -0.007395928052442935 14
1694436630134 -0.008467727148639081 15
1694436630166 -0.007568007733440352 16
1694436630199 -0.007243799702363107 17
1694436630229 -0.0058912579590815195 18
1694436630264 -0.005742357279932886 19
1694436630298 -0.004958449881510729 20
1694436630332 -0.005338443749935973 21
1694436630367 -0.004624127332723882 22
1694436630399 -0.0036338236687365466 23
1694436630430 -0.0028355293546671323 24
1694436630462 -0.0027646907491067907 25
1694436630495 -0.0019448037383127392 26
1694436630526 -2.6692456721155722e-05 27
1694436630554 0.0007379379032612654 28
1694436630584 0.0023425786055381037 29
1694436630612 0.001813220210108879 30
1694436630641 0.0025233378655569183 31
1694436630670 0.003756957827740437 32
1694436630701 0.005020025529191008 33
1694436630732 0.006540114046311163 34
1694436630764 0.006130576712834901 35
1694436630799 0.008910734546536014 36
1694436630838 0.01067639772561424 37
1694436630869 0.00901353174608055 38
1694436630898 0.010091399528543987 39
1694436630927 0.008924062861931481 40
1694436630958 0.013843305432523656 41
1694436630988 0.015859895583553385 42
1694436631019 0.013731076400729125 43
1694436631049 0.016556923804427637 44
1694436631080 0.01814406967320703 45
1694436631112 0.016231510173312924 46
1694436631142 0.01917138748137215 47
1694436631173 0.020173128493548687 48
1694436631202 0.020513539714755447 49
1694436631231 0.025316215361231853 50
1694436631261 0.020088822502171033 51
1694436631293 0.02443846757116097 52
1694436631323 0.02616281841529422 53
1694436631355 0.032493611770732955 54
1694436631390 0.025149925076604296 55
1694436631419 0.025328220411413027 56
1694436631451 0.03299065991521377 57
1694436631487 0.031267206132132186 58
1694436631532 0.03077675995441842 59
1694436631569 0.03537289423307566 60
1694436631605 0.03133742641856441 61
1694436631641 0.029989503197014877 62
1694436631679 0.03196229854231103 63
1694436631713 0.036898751049137535 64
1694436631743 0.03399695655164825 65
1694436631776 0.04091181440868441 66
1694436631808 0.035448427294986984 67
1694436631844 0.04660891273938861 68
1694436631876 0.04185020527269223 69
1694436631912 0.04311591925180891 70
1694436631942 0.04162089525899637 71
1694436631972 0.04326151490355401 72
1694436632005 0.04619615320938186 73
1694436632035 0.041485982912475294 74
1694436632066 0.047748301866590404 75
1694436632095 0.04855606727631501 76
1694436632125 0.0493663951748321 77
1694436632154 0.04853479763299928 78
1694436632184 0.04653880320660331 79
1694436632211 0.05212523218690357 80
1694436632240 0.05056009461309385 81
1694436632271 0.03765498746067397 82
1694436632302 0.044134930079247514 83
1694436632333 0.057609005525076196 84
1694436632366 0.0500410919168266 85
1694436632395 0.05519062153894305 86
1694436632426 0.05825408747902838 87
1694436632455 0.04949848986054528 88
1694436632484 0.061126752086580805 89
1694436632513 0.04750109572830297 90
1694436632545 0.05464334473655952 91
1694436632576 0.05980475513801564 92
1694436632606 0.06192578364598367 93
1694436632636 0.06169933800003291 94
1694436632666 0.053253712214738624 95
1694436632698 0.056072031227433095 96
1694436632729 0.05935321411005823 97
1694436632761 0.05358612265904239 98
1694436632791 0.05541457967849195 99
1694436632821 0.05490516318705796 100
1694436632851 0.05819259096920271 101
1694436632883 0.06278802285371143 102
1694436632913 0.06015766030840275 103
1694436632946 0.05352413178925397 104
1694436632976 0.05887793271333219 105
1694436633006 0.054284357129503635 106
1694436633036 0.06422224572879176 107
1694436633064 0.060788928651028806 108
1694436633095 0.05929712521913166 109
1694436633126 0.0557763538869539 110
1694436633156 0.061514677506396165 111
1694436633185 0.061830138250065 112
1694436633212 0.05049318396129254 113
1694436633242 0.05443644385904656 114
1694436633274 0.06185895743419634 115
1694436633302 0.06345827840004858 116
1694436633332 0.07102698810577923 117
1694436633359 0.05646257954900347 118
1694436633391 0.06025429633925672 119
1694436633427 0.06115761615295523 120
1694436633462 0.06064960199912406 121
1694436633494 0.06792251260647897 122
1694436633527 0.06746249295172213 123
1694436633555 0.06136530070942736 124
1694436633585 0.06130653189299473 125
1694436633615 0.06274805315629006 126
1694436633644 0.060746777603743696 127
1694436633675 0.0659104814396374 128
1694436633705 0.06207177601008895 129
1694436633735 0.07381315727771576 130
1694436633766 0.05411220658298721 131
1694436633795 0.06012816071884819 132
1694436633826 0.0675581419909177 133
1694436633856 0.06400603760376433 134
1694436633885 0.06298095632411438 135
1694436633917 0.06543916020293683 136
1694436633949 0.053614585216422705 137
1694436633981 0.05639352977754186 138
1694436634016 0.05720641534172166 139
1694436634047 0.05915224534121377 140
1694436634080 0.05658771388178385 141
1694436634107 0.056574213048292576 142
1694436634140 0.05477025723568185 143
1694436634170 0.054782764503868764 144
1694436634199 0.060164717686739255 145
1694436634232 0.05797428490089418 146
1694436634269 0.0663631460702252 147
1694436634297 0.07087058011137648 148
1694436634328 0.056524899801627226 149
1694436634365 0.06826884544169887 150
1694436634394 0.06913348112839734 151
1694436634426 0.05407375938774106 152
1694436634457 0.06794660017941467 153
1694436634489 0.06981229862421179 154
1694436634517 0.05135108430039981 155
1694436634548 0.06607107088451025 156
1694436634575 0.06810214018492233 157
1694436634603 0.05424884443932798 158
1694436634632 0.05959446653223055 159
1694436634663 0.056556380015389984 160
1694436634694 0.0626020003830936 161
1694436634723 0.06169639125310711 162
1694436634756 0.0639462405925385 163
1694436634784 0.06600826095326118 164
1694436634811 0.06106056188107889 165
1694436634841 0.06761404648327896 166
1694436634875 0.06571760674053051 167
1694436634903 0.057489475980271654 168
1694436634934 0.06646451817663557 169
1694436634965 0.06413985831976488 170
1694436634996 0.06180751630258685 171
1694436635025 0.06297721624003305 172
1694436635055 0.05576461045362724 173
1694436635083 0.0624464052139071 174
1694436635111 0.07246025571373982 175
1694436635141 0.06595235796005616 176
1694436635169 0.060159238722213626 177
1694436635200 0.06317056245940145 178
1694436635232 0.0584094934506304 179
1694436635261 0.0628770769246133 180
1694436635292 0.06406155596167562 181
1694436635321 0.06241256358971714 182
1694436635353 0.05913570287938774 183
1694436635382 0.06363918741737751 184
