1694437546551 0.0 0
1694437546825 0.0 1
1694437547106 0.0 2
1694437547396 0.0 3
1694437547686 0.0 4
1694437548011 0.0 5
1694437548334 0.0 6
1694437548649 0.0 7
1694437548932 0.0 8
1694437549168 0.0 9
1694437549457 0.0 10
1694437549730 0.0 11
1694437550055 0.0 12
1694437550317 0.0 13
1694437550628 0.0 14
1694437550879 0.0 15
1694437551150 0.0 16
1694437551459 0.0 17
1694437551719 0.0 18
1694437551990 0.0 19
1694437552237 0.0 20
1694437552503 0.0 21
1694437552753 0.0 22
1694437553028 0.0 23
1694437553272 0.0 24
1694437553514 0.0 25
1694437553762 0.0 26
1694437554013 0.0 27
1694437554263 0.0 28
1694437554525 0.0 29
1694437554799 0.0 30
1694437555065 0.0 31
1694437555332 0.0 32
1694437555592 0.0 33
1694437555843 0.0 34
1694437556103 0.0 35
1694437556375 0.0 36
1694437556633 0.0 37
1694437556888 0.0 38
1694437557151 0.0 39
1694437557423 0.0 40
1694437557675 0.0 41
1694437557945 0.0 42
1694437558220 0.0 43
1694437558494 0.0 44
1694437558782 0.0 45
1694437559074 0.0 46
1694437559321 0.0 47
1694437559553 0.0 48
1694437559816 0.0 49
1694437560095 0.0 50
1694437560338 0.0 51
1694437560587 0.0 52
1694437560827 0.0 53
1694437561093 0.0 54
1694437561345 0.0 55
1694437561593 0.0 56
1694437561850 0.0 57
1694437562110 0.0 58
1694437562351 0.0 59
1694437562582 0.0 60
1694437562827 0.0 61
1694437563085 0.0 62
1694437563330 0.0 63
1694437563568 0.0 64
1694437563813 0.0 65
1694437564054 0.0 66
1694437564322 0.0 67
1694437564577 0.0 68
1694437564847 0.0 69
1694437565114 0.0 70
1694437565400 0.0 71
1694437565658 0.0 72
1694437565910 0.0 73
1694437566159 0.0 74
1694437566410 0.0 75
1694437566679 0.0 76
1694437566942 0.0 77
1694437567191 0.0 78
1694437567460 0.0 79
1694437567725 0.0 80
1694437568006 0.0 81
1694437568264 0.0 82
1694437568529 0.0 83
1694437568784 0.0 84
1694437569048 0.0 85
1694437569295 0.0 86
1694437569545 0.0 87
1694437569796 0.0 88
1694437570046 0.0 89
1694437570297 0.0 90
1694437570541 0.0 91
1694437570805 0.0 92
1694437571062 0.0 93
1694437571312 0.0 94
1694437571584 0.0 95
1694437571848 0.0 96
1694437572116 0.0 97
1694437572360 0.0 98
1694437572609 0.0 99
1694437572851 0.0 100
1694437573101 0.0 101
1694437573342 0.0 102
1694437573600 0.0 103
1694437573844 0.0 104
1694437574104 0.0 105
1694437574368 0.0 106
1694437574619 0.0 107
1694437574869 0.0 108
1694437575129 0.0 109
1694437575394 0.0 110
1694437575631 0.0 111
1694437575875 0.0 112
1694437576125 0.0 113
1694437576377 0.0 114
1694437576620 0.0 115
1694437576868 0.0 116
1694437577144 0.0 117
1694437577428 0.0 118
1694437577701 0.0 119
1694437577967 0.0 120
1694437578229 0.0 121
1694437578480 0.0 122
1694437578736 0.0 123
1694437579053 0.0 124
1694437579351 0.0 125
1694437579620 0.0 126
1694437579873 0.0 127
1694437580126 0.0 128
1694437580383 0.0 129
1694437580639 0.0 130
1694437580889 0.0 131
1694437581150 0.0 132
1694437581417 0.0 133
1694437581678 0.0 134
1694437581926 0.0 135
1694437582168 0.0 136
1694437582418 0.0 137
1694437582667 0.0 138
1694437582913 0.0 139
1694437583157 0.0 140
1694437583405 0.0 141
1694437583667 0.0 142
1694437583902 0.0 143
1694437584153 0.0 144
1694437584412 0.0 145
1694437584634 0.0 146
1694437584878 0.0 147
1694437585120 0.0 148
1694437585354 0.0 149
1694437585612 0.0 150
1694437585859 0.0 151
1694437586116 0.0 152
1694437586351 0.0 153
1694437586613 0.0 154
1694437586862 0.0 155
1694437587130 0.0 156
1694437587381 0.0 157
1694437587634 0.0 158
1694437587878 0.0 159
1694437588138 0.0 160
1694437588431 0.0 161
1694437588688 0.0 162
1694437588936 0.0 163
1694437589185 0.0 164
1694437589439 0.0 165
1694437589707 0.0 166
1694437589957 0.0 167
1694437590219 0.0 168
1694437590465 0.0 169
1694437590730 0.0 170
1694437590987 0.0 171
1694437591253 0.0 172
1694437591505 0.0 173
1694437591744 0.0 174
1694437591982 0.0 175
1694437592210 0.0 176
1694437592473 0.0 177
1694437592729 0.0 178
1694437592991 0.0 179
1694437593262 0.0 180
1694437593504 0.0 181
1694437593767 0.0 182
1694437594023 0.0 183
1694437594279 0.0 184
1694437594538 0.0 185
1694437594796 0.0 186
1694437595064 0.0 187
1694437595320 0.0 188
1694437595602 0.0 189
1694437595852 0.0 190
1694437596112 0.0 191
1694437596374 0.0 192
1694437596629 0.0 193
1694437596885 0.0 194
1694437597145 0.0 195
1694437597401 0.0 196
1694437597646 0.0 197
1694437597890 0.0 198
1694437598138 0.0 199
1694437598384 0.0 200
1694437598656 0.0 201
1694437598900 0.0 202
1694437599165 0.0 203
1694437599428 0.0 204
1694437599683 0.0 205
1694437599935 0.0 206
1694437600184 0.0 207
1694437600473 0.0 208
1694437600740 0.0 209
1694437601015 0.0 210
1694437601259 0.0 211
1694437601543 0.0 212
1694437601807 0.0 213
1694437602052 0.0 214
1694437602333 0.0 215
1694437602578 0.0 216
1694437602827 0.0 217
1694437603072 0.0 218
1694437603320 0.0 219
1694437603606 0.0 220
1694437603855 0.0 221
1694437604102 0.0 222
1694437604370 0.0 223
1694437604623 0.0 224
1694437604879 0.0 225
1694437605146 0.0 226
1694437605402 0.0 227
1694437605704 0.0 228
1694437605960 0.0 229
1694437606205 0.0 230
1694437606477 0.0 231
1694437606738 0.0 232
1694437606991 0.0 233
1694437607252 0.0 234
1694437607516 0.0 235
1694437607779 0.0 236
1694437608043 0.0 237
1694437608312 0.0 238
1694437608579 0.0 239
1694437608831 0.0 240
1694437609097 0.0 241
1694437609355 0.0 242
1694437609618 0.0 243
1694437609878 0.0 244
1694437610130 0.0 245
1694437610414 0.0 246
1694437610681 0.0 247
1694437610946 0.0 248
1694437611206 0.0 249
1694437611479 0.0 250
1694437611743 0.0 251
1694437612008 0.0 252
1694437612273 0.0 253
1694437612522 0.0 254
1694437612775 0.0 255
1694437613042 0.0 256
1694437613302 0.0 257
1694437613598 0.0 258
1694437613862 0.0 259
1694437614148 0.0 260
1694437614408 0.0 261
1694437614698 0.0 262
1694437614975 0.0 263
1694437615233 0.0 264
1694437615535 0.0 265
1694437615822 0.0 266
1694437616082 0.0 267
1694437616377 0.0 268
1694437616631 0.0 269
1694437616901 0.0 270
1694437617170 0.0 271
1694437617456 0.0 272
1694437617712 0.0 273
1694437617976 0.0 274
1694437618234 0.0 275
1694437618524 0.0 276
1694437618794 0.0 277
1694437619057 0.0 278
1694437619311 0.0 279
1694437619580 0.0 280
1694437619846 0.0 281
1694437620112 0.0 282
1694437620430 0.0 283
1694437620696 0.0 284
1694437620951 0.0 285
1694437621207 0.0 286
1694437621460 0.0 287
1694437621714 0.0 288
1694437621966 0.0 289
1694437622229 0.0 290
1694437622494 0.0 291
1694437622750 0.0 292
1694437623010 0.0 293
1694437623260 0.0 294
1694437623521 0.0 295
1694437623782 0.0 296
1694437624033 0.0 297
1694437624300 0.0 298
1694437624563 0.0 299
1694437624821 0.0 300
1694437625079 0.0 301
1694437625334 0.0 302
1694437625583 0.0 303
1694437625853 0.0 304
1694437626119 0.0 305
1694437626378 0.0 306
1694437626638 0.0 307
1694437626903 0.0 308
1694437627164 0.0 309
1694437627416 0.0 310
1694437627668 0.0 311
1694437627929 0.0 312
1694437628187 0.0 313
1694437628457 0.0 314
1694437628732 0.0 315
1694437628983 0.0 316
1694437629242 0.0 317
1694437629502 0.0 318
1694437629767 0.0 319
1694437630016 0.0 320
1694437630282 0.0 321
1694437630561 0.0 322
1694437630815 0.0 323
1694437631082 0.0 324
1694437631346 0.0 325
1694437631617 0.0 326
1694437631868 0.0 327
1694437632133 0.0 328
1694437632394 0.0 329
1694437632644 0.0 330
1694437632881 0.0 331
1694437633126 0.0 332
1694437633404 0.0 333
1694437633662 0.0 334
1694437633915 0.0 335
1694437634181 0.0 336
1694437634432 0.0 337
1694437634681 0.0 338
1694437634931 0.0 339
1694437635187 0.0 340
1694437635454 0.0 341
1694437635720 0.0 342
1694437636000 0.0 343
1694437636274 0.0 344
1694437636528 0.0 345
1694437636790 0.0 346
1694437637045 0.0 347
1694437637295 0.0 348
1694437637550 0.0 349
1694437637804 0.0 350
1694437638070 0.0 351
1694437638333 0.0 352
1694437638600 0.0 353
1694437638865 0.0 354
1694437639136 0.0 355
1694437639401 0.0 356
1694437639654 0.0 357
1694437639919 0.0 358
1694437640183 0.0 359
1694437640456 0.0 360
1694437640723 0.0 361
1694437640971 0.0 362
1694437641251 0.0 363
1694437641504 0.0 364
1694437641761 0.0 365
1694437642038 0.0 366
1694437642293 0.0 367
1694437642546 0.0 368
1694437642806 0.0 369
1694437643070 0.0 370
1694437643329 0.0 371
1694437643575 0.0 372
1694437643821 0.0 373
1694437644082 0.0 374
1694437644336 0.0 375
1694437644614 0.0 376
1694437644863 0.0 377
1694437645120 0.0 378
1694437645378 0.0 379
1694437645635 0.0 380
1694437645884 0.0 381
1694437646167 0.0 382
1694437646431 0.0 383
1694437646685 0.0 384
1694437646930 0.0 385
1694437647211 0.0 386
1694437647468 0.0 387
1694437647722 0.0 388
1694437647988 0.0 389
1694437648250 0.0 390
1694437648511 0.0 391
1694437648767 0.0 392
1694437649034 0.0 393
1694437649313 0.0 394
1694437649571 0.0 395
1694437649830 0.0 396
1694437650101 0.0 397
1694437650357 0.0 398
1694437650632 0.0 399
1694437650886 0.0 400
1694437651149 0.0 401
1694437651403 0.0 402
1694437651660 0.0 403
1694437651922 0.0 404
1694437652174 0.0 405
1694437652433 0.0 406
1694437652678 0.0 407
1694437652932 0.0 408
1694437653183 0.0 409
1694437653432 0.0 410
1694437653685 0.0 411
1694437653940 0.0 412
1694437654205 0.0 413
1694437654470 0.0 414
1694437654739 0.0 415
1694437655004 0.0 416
1694437655271 0.0 417
1694437655543 0.0 418
1694437655805 0.0 419
1694437656072 0.0 420
1694437656355 0.0 421
1694437656624 0.0 422
1694437656884 0.0 423
1694437657129 0.0 424
1694437657410 0.0 425
1694437657674 0.0 426
1694437657938 0.0 427
1694437658213 0.0 428
1694437658488 0.0 429
1694437658749 0.0 430
1694437658999 0.0 431
1694437659264 0.0 432
1694437659529 0.0 433
1694437659798 0.0 434
1694437660079 0.0 435
1694437660346 0.0 436
1694437660638 0.0 437
1694437660901 0.0 438
1694437661165 0.0 439
1694437661423 0.0 440
1694437661680 0.0 441
1694437661939 0.0 442
1694437662199 0.0 443
1694437662462 0.0 444
1694437662730 0.0 445
1694437662990 0.0 446
1694437663252 0.0 447
1694437663540 0.0 448
1694437663815 0.0 449
1694437664074 0.0 450
1694437664332 0.0 451
1694437664600 0.0 452
1694437664880 0.0 453
1694437665154 0.0 454
1694437665425 0.0 455
1694437665705 0.0 456
1694437665960 0.0 457
1694437666201 0.0 458
1694437666487 0.0 459
1694437666750 0.0 460
1694437667013 0.0 461
1694437667282 0.0 462
1694437667543 0.0 463
1694437667806 0.0 464
1694437668058 0.0 465
1694437668309 0.0 466
1694437668570 0.0 467
1694437668827 0.0 468
1694437669095 0.0 469
1694437669352 0.0 470
1694437669613 0.0 471
1694437669867 0.0 472
1694437670134 0.0 473
1694437670405 0.0 474
1694437670666 0.0 475
1694437670925 0.0 476
1694437671173 0.0 477
1694437671423 0.0 478
1694437671672 0.0 479
1694437671919 0.0 480
1694437672166 0.0 481
1694437672422 0.0 482
1694437672673 0.0 483
1694437672921 0.0 484
1694437673174 0.0 485
1694437673431 0.0 486
1694437673690 0.0 487
1694437673936 0.0 488
1694437674220 0.0 489
1694437674457 0.0 490
1694437674706 0.0 491
1694437674948 0.0 492
1694437675213 0.0 493
1694437675472 0.0 494
1694437675737 0.0 495
1694437675982 0.0 496
1694437676226 0.0 497
1694437676531 0.0 498
1694437676797 0.0 499
