1694444053078 0.0 0
1694444053368 0.0 1
1694444053649 0.0 2
1694444053930 0.0 3
1694444054208 0.0 4
1694444054482 0.0 5
1694444054772 0.0 6
1694444055049 0.0 7
1694444055324 0.0 8
1694444055628 0.0 9
1694444055911 0.0 10
1694444056213 0.0 11
1694444056508 0.0 12
1694444056795 0.0 13
1694444057077 0.0 14
1694444057375 0.0 15
1694444057656 0.0 16
1694444057923 0.0 17
1694444058207 0.0 18
1694444058484 0.0 19
1694444058760 0.0 20
1694444059042 0.0 21
1694444059322 0.0 22
1694444059630 0.0 23
1694444059918 0.0 24
1694444060314 0.0 25
1694444060606 0.0 26
1694444060889 0.0 27
1694444061178 0.0 28
1694444061454 0.0 29
1694444061740 0.0 30
1694444062027 0.0 31
1694444062326 0.0 32
1694444062601 0.0 33
1694444062891 0.0 34
1694444063162 0.0 35
1694444063449 0.0 36
1694444063717 0.0 37
1694444063988 0.0 38
