1694443358135 0.0587056229838097 0
1694443358440 0.24041595577049774 1
1694443358729 0.6419747911305471 2
1694443359003 1.616044330029549 3
1694443359291 1.1114433166720523 4
1694443359563 0.49922055752979727 5
1694443359817 0.18557196147348015 6
1694443360107 1.3175686330199203 7
1694443360401 0.010330770769620943 8
1694443360694 0.6811356862899842 9
1694443360970 0.9899514024733724 10
1694443361264 0.49773790827939546 11
1694443361548 0.38930442183717673 12
1694443361822 0.6992213622068936 13
1694443362103 0.22061866781326592 14
1694443362367 0.0209773484709863 15
1694443362617 0.19917095797106063 16
1694443362904 0.2573299839902601 17
1694443363184 0.20510306957348498 18
1694443363437 0.11783870765213703 19
1694443363723 1.5442766518007986 20
1694443364017 1.1115392449535928 21
1694443364297 0.21804323560465075 22
1694443364574 1.2176471874374055 23
1694443364837 1.0462183914667635 24
1694443365122 0.3595037631942294 25
1694443365410 0.9556532619291574 26
1694443365710 0.20567473502452072 27
1694443365989 0.4700672026646159 28
1694443366264 0.6224436405700237 29
1694443366538 0.7632156211410897 30
1694443366853 1.422230091721545 31
1694443367136 0.7098484247332769 32
1694443367418 0.18845311429672187 33
1694443367709 0.4223320165887446 34
1694443367967 0.057547318804297434 35
1694443368250 0.3726759308117676 36
1694443368521 0.13763134160831286 37
1694443368780 0.32421668217062183 38
1694443369119 0.26979133679933825 39
1694443369391 0.23103856474200488 40
1694443369656 0.6328271067600886 41
1694443370029 0.23364790746581685 42
1694443370297 0.40993426408054845 43
1694443370573 13.669084697249835 44
1694443370856 0.011160709397644322 45
1694443371135 0.2617121027409928 46
1694443371423 0.1281321715761972 47
1694443371674 0.032870588772927395 48
1694443371970 0.30900825162058504 49
1694443372261 0.29657306067070455 50
1694443372551 0.35663219966319887 51
1694443372816 0.25300284233069104 52
1694443373074 0.22255260035568444 53
1694443373349 0.44306084135320895 54
1694443373614 0.6669867125519222 55
1694443373914 0.02530345172387379 56
1694443374202 0.9971208000146434 57
1694443374474 0.4415867099673837 58
1694443374760 0.13980590726865708 59
1694443375043 0.8802876297679532 60
1694443375321 0.40292427142916115 61
1694443375594 1.019505541931292 62
1694443375867 0.20575796640450345 63
1694443376157 1.2647348451079305 64
1694443376441 1.002016272290275 65
1694443376728 1.4129749975116506 66
1694443377019 0.5577217501422731 67
1694443377323 0.07153326403614717 68
1694443377612 0.30179744352378596 69
1694443377888 0.6184767614690075 70
1694443378165 0.15125455698759166 71
1694443378458 0.08824350680142774 72
1694443378734 0.0002887467567358332 73
1694443379004 0.3871872077114849 74
1694443379245 0.6798132997089741 75
1694443379511 0.4685515444877486 76
1694443379765 0.39032760479191136 77
1694443380016 0.7771848130075327 78
1694443380284 1.00826193762987 79
1694443380487 0.4580230386836555 80
1694443380797 0.3482001905188203 81
1694443381071 0.36468445288676277 82
1694443381335 1.1592323576555685 83
1694443381612 0.40452959538563626 84
1694443381885 0.6023017049293433 85
1694443382157 1.2889808187522733 86
1694443382437 0.9095504397837633 87
1694443382717 0.015398897160856725 88
1694443383027 0.2138809777847401 89
1694443383309 1.326368409637731 90
1694443383588 0.32647374320961425 91
1694443383879 0.6880074989364021 92
1694443384217 0.6258810715744944 93
1694443384578 0.7047107012169347 94
1694443384867 0.7450018728187026 95
1694443385155 0.31768902847653385 96
1694443385428 1.145865231766716 97
1694443385770 0.11049309505391836 98
1694443386059 0.7730211288500347 99
1694443386344 0.6776961377266004 100
1694443386629 0.27232320818602884 101
1694443386887 1.2976434693840166 102
1694443387169 0.6609964837540268 103
1694443387448 0.008072851830569864 104
1694443387721 0.2967142451427354 105
1694443388017 1.4443588060340589 106
1694443388307 0.8931275773963608 107
1694443388591 0.5784400173364624 108
1694443388854 0.3700103692907492 109
1694443389128 0.5177446176866741 110
1694443389404 4.637917909235025e-05 111
1694443389648 0.43854743554118353 112
1694443389915 0.5197593994571595 113
1694443390169 0.5607825797458209 114
1694443390429 0.023131718108904645 115
1694443390684 0.056609549093651415 116
1694443390938 1.0659657232012962 117
1694443391234 1.6648586803108434 118
1694443391500 0.4543793868589358 119
1694443391754 0.03901397572777853 120
1694443392018 0.7336628566907182 121
1694443392265 0.30039670572394306 122
1694443392536 0.34775270552571336 123
1694443392783 0.7966764860322673 124
1694443393017 1.5252696145782194 125
1694443393263 0.9362176208015246 126
1694443393516 0.008959941134583956 127
1694443393780 0.02421517418849223 128
1694443394034 0.772618350860663 129
1694443394290 0.7658356322471872 130
1694443394560 0.0527995179352219 131
1694443394843 0.014128012567356619 132
1694443395114 0.6217452444496329 133
1694443395396 0.5162872610595889 134
1694443395671 1.972055898358287 135
1694443396063 0.004146090318097188 136
1694443396347 0.5371524043805364 137
1694443396630 0.7871608135258488 138
1694443396900 0.9821868690942092 139
1694443397157 1.3586230533109713 140
1694443397467 2.2949806931463606 141
1694443397754 0.5714064415107243 142
1694443398052 0.22924729280649989 143
1694443398327 0.37502892137102545 144
1694443398592 0.44208694291445333 145
1694443398852 0.5417780361569707 146
1694443399165 0.23102973462133483 147
1694443399521 0.5937207936392153 148
1694443399790 0.6279850928150714 149
1694443400051 1.188233582597971 150
1694443400328 0.5179009592387982 151
1694443400613 1.2204225026013853 152
1694443400906 0.6128876009756486 153
1694443401164 1.493578052433125 154
1694443401430 1.0782460038413813 155
1694443401699 0.4699284535677359 156
1694443401967 0.2855452425577706 157
1694443402237 1.2481615095618455 158
1694443402523 0.41331234872186756 159
1694443402821 0.23596565196969485 160
1694443403117 0.14759927350042276 161
1694443403403 0.9084775884297156 162
1694443403659 0.9895797081215835 163
1694443403934 0.19804909488545427 164
1694443404243 0.04579705983260218 165
1694443404521 0.330581611044175 166
1694443404772 0.0250210747185655 167
1694443405034 0.6467338021731305 168
1694443405292 1.439754259034505 169
1694443405552 0.04602418302985993 170
1694443405829 0.16079327325105935 171
1694443406111 1.2371178591847478 172
1694443406397 0.7297589518663787 173
1694443406670 0.1777762180163506 174
1694443406941 0.07321283120483645 175
1694443407210 0.3771625277410588 176
1694443407467 0.2828011101735377 177
1694443407722 0.9476364956518262 178
1694443407956 0.01862102585356895 179
1694443408200 0.4484005698684674 180
1694443408445 1.247163997691378 181
1694443408722 1.4288235231881379 182
1694443408986 0.0620283581960803 183
1694443409270 0.24015389385314917 184
1694443409588 0.7307957220895455 185
1694443409892 0.01066386906170155 186
1694443410176 1.238495800867019 187
1694443410489 1.8688788678363741 188
1694443410785 0.17043968750101454 189
1694443411078 0.6199315833841437 190
1694443411378 0.09241368830303302 191
1694443411676 0.7405058177175872 192
1694443411955 0.712186335133037 193
1694443412249 0.7396019403325614 194
1694443412533 0.35745786487737224 195
1694443412832 0.7822760588073873 196
1694443413102 0.4023339131892288 197
1694443413403 0.6205073722549145 198
1694443413717 0.5513805629821261 199
1694443414024 0.3134542352242521 200
1694443414305 0.5632455808310148 201
1694443414581 0.2915454706525343 202
1694443414847 0.00031068034663858256 203
1694443415115 0.7136433645221829 204
1694443415379 0.659856998460846 205
1694443415660 0.5153779784631605 206
1694443415925 1.1095468633739993 207
1694443416229 0.8142417698571187 208
1694443416534 0.21321923610766114 209
1694443416823 0.9187216532491592 210
1694443417090 0.1284473617393216 211
1694443417379 0.9680974894761829 212
1694443417640 0.8110046554199836 213
1694443417930 0.4530964916367781 214
1694443418239 0.22166569756736304 215
1694443418520 0.6972257468783577 216
1694443418795 0.49122695662313487 217
1694443419083 0.1261294949343293 218
1694443419370 0.09242499328193036 219
1694443419658 0.42739708117411046 220
1694443419956 1.0259473247241164 221
1694443420255 0.8266230906445171 222
1694443420545 1.1825637378511524 223
1694443420828 0.6453876389057899 224
1694443421021 0.2872169487828077 225
1694443421367 0.44345566881161275 226
1694443421637 0.2793643266334683 227
1694443421920 0.5381940378819265 228
1694443422205 0.09606446944886116 229
1694443422491 0.2145376002930748 230
1694443422776 0.11343815362386431 231
1694443423039 0.0642038092037783 232
1694443423316 1.0477750892656275 233
1694443423592 1.8433217892276121 234
1694443423859 0.2675344911185563 235
1694443424129 0.30912532627001754 236
1694443424421 0.4600970001162231 237
1694443424720 1.8266637165941981 238
1694443424973 1.0234808553335981 239
1694443425251 0.2270399455313743 240
1694443425526 0.34618178434186 241
1694443425807 0.09806082287325298 242
1694443426068 0.673076127506844 243
1694443426336 0.5422343076859628 244
1694443426609 0.39200654402313334 245
1694443426882 0.0013472889815025703 246
1694443427141 0.1993028975833359 247
1694443427419 0.45651354838373426 248
1694443427683 0.8189406404883107 249
1694443427940 0.4492630990945816 250
1694443428217 0.32259143706930576 251
1694443428482 2.16410615742475 252
1694443428739 1.0829650895399585 253
1694443429009 0.19223671209938023 254
1694443429271 0.15686248386359122 255
1694443429558 0.0627072034092782 256
1694443429842 0.04374744552998383 257
1694443430121 0.48808042125382584 258
1694443430388 0.25857511311399695 259
1694443430660 0.09628565894359375 260
1694443430938 0.24341083827786966 261
1694443431195 1.6256615165066957 262
1694443431445 0.5990055990306057 263
1694443431766 0.6191486957908487 264
1694443432049 0.28012940812328324 265
1694443432321 0.002901497503091732 266
1694443432593 0.0989335031606769 267
1694443432866 0.12003269609581409 268
1694443433143 0.9738329723253142 269
1694443433438 0.9704265220614722 270
1694443433722 0.6503025002274843 271
1694443433974 1.207056596577005 272
1694443434264 0.7174644018360623 273
1694443434541 0.0755415499757463 274
1694443434794 0.12081313555591915 275
1694443435084 0.41902470142173515 276
1694443435376 0.07082353052863156 277
1694443435657 0.8490372911713587 278
1694443435936 0.5252894459632171 279
1694443436215 0.8499066451015284 280
1694443436483 0.1818374865747601 281
1694443436755 0.7671568475605455 282
1694443437035 0.8271238377625566 283
1694443437336 0.2644518838464884 284
1694443437620 0.5202314640629606 285
1694443437880 0.2745881149180446 286
1694443438161 0.2824567426602487 287
1694443438459 1.3085400109122038 288
1694443438737 0.1351518072855271 289
1694443439000 0.9468346978500732 290
1694443439264 0.49194487110554636 291
1694443439529 0.3999814596117561 292
1694443439827 0.24388362849522094 293
1694443440122 0.13660254704192312 294
1694443440419 0.06598864648458852 295
1694443440690 0.028240790257217666 296
1694443440954 0.35909891422314777 297
1694443441239 0.11941674232439761 298
1694443441517 0.48039040359527724 299
1694443441800 0.15631478015979167 300
1694443442093 0.0021624052275395125 301
1694443442389 1.1600539058844201 302
1694443442679 0.03486493916332855 303
1694443442953 0.19328069043121587 304
1694443443252 1.1842271901508046 305
1694443443532 1.2979957239101987 306
1694443443843 0.031988291593406375 307
1694443444126 0.5759543287357131 308
1694443444451 0.15519799407117466 309
1694443444742 1.2010753758755592 310
1694443445079 0.0023966533656935413 311
1694443445379 0.26579771453852447 312
1694443445656 0.41778455710296153 313
1694443445942 0.6007093342894105 314
1694443446222 0.1448929781691817 315
1694443446492 0.487260493334267 316
1694443446705 0.3596216334266653 317
1694443447036 0.03947826921427303 318
1694443447319 1.063557707102999 319
1694443447596 0.34674786543611313 320
1694443447880 0.596966367481922 321
1694443448171 0.8995602333790913 322
1694443448444 0.4078742575482554 323
1694443448735 0.10467284104462395 324
1694443449009 0.07960717805916899 325
1694443449304 0.355156377476607 326
1694443449588 1.0209399323158028 327
1694443449876 0.5559543769060442 328
1694443450149 0.016649898579260945 329
1694443450435 0.20835956921833895 330
1694443450728 0.9052211079893245 331
1694443451020 0.891734849261629 332
1694443451307 0.4412351515911748 333
1694443451598 1.5733981729386333 334
1694443451894 0.44893899085880745 335
1694443452166 0.8164415417231898 336
1694443452450 0.4174143399233194 337
1694443452732 0.25544324158651693 338
1694443453005 0.17378850638572574 339
1694443453289 0.420363914128173 340
1694443453565 0.2888049973798327 341
1694443453844 0.3861606587108003 342
1694443454121 0.24568499590300713 343
1694443454410 0.6267169915927999 344
1694443454688 1.0098016956845812 345
1694443454972 0.36459618072383726 346
1694443455236 0.8200397441161195 347
1694443455518 0.00039910104392484435 348
1694443455783 0.2855829400335138 349
1694443456080 0.14994611262792373 350
1694443456379 0.6750599851182518 351
1694443456658 0.939911072706165 352
1694443456938 1.73690951224113 353
1694443457225 0.4858107805624869 354
1694443457487 0.44198679018931464 355
1694443457757 0.46387773486700806 356
1694443458022 0.9714264800530299 357
1694443458310 0.2719274612728694 358
1694443458590 0.36470873650580116 359
1694443458883 0.5374043080161982 360
1694443459201 0.30744126177724873 361
1694443459473 0.13207310813023054 362
1694443459736 0.036804247089470804 363
1694443460030 1.0411328017237405 364
1694443460315 0.33895726483315813 365
1694443460586 1.117763427253157 366
1694443460869 1.398868290574366 367
1694443461152 0.44677400261800687 368
1694443461425 0.4839518003281315 369
1694443461722 0.7328181341203076 370
1694443461996 0.2683533116267477 371
1694443462280 0.401980277811812 372
1694443462572 0.4493039866180947 373
1694443462836 0.34915757699451744 374
1694443463115 1.418161195184099 375
1694443463405 0.36824457181233455 376
1694443463694 1.740278239472395 377
1694443463977 2.104367852643146 378
1694443464292 0.04572842907587144 379
1694443464575 0.6889717533331319 380
1694443464861 1.0550277185298889 381
1694443465149 0.5512765002792174 382
1694443465425 0.9269008514877619 383
1694443465706 0.31595578017220427 384
1694443465975 0.31821577162694675 385
1694443466281 0.259096064864972 386
1694443466586 1.243683812706857 387
1694443466879 0.008459176354110254 388
1694443467120 1.2187434562298733 389
1694443467446 0.8481145800487205 390
1694443467729 0.06935314572541747 391
1694443468003 0.2386615643615878 392
1694443468286 0.588570322412652 393
1694443468545 1.0551883190433229 394
1694443468820 1.3199704279887572 395
1694443469102 0.5774377249353895 396
1694443469384 0.6307187966001347 397
1694443469655 0.6344038746247749 398
1694443469949 0.48494734035057374 399
1694443470249 0.24725374052233637 400
1694443470523 1.6338758201334445 401
1694443470799 0.1597389958344074 402
1694443471075 0.7754702542199601 403
1694443471361 0.22417771356165622 404
1694443471644 0.25057209144854137 405
1694443471923 0.5261367183068657 406
1694443472214 0.2088359327549432 407
1694443472504 0.29773162822546556 408
1694443472768 0.7611725716674018 409
1694443473038 0.24806877717608752 410
1694443473338 0.42720670840100694 411
1694443473622 0.1343785014285909 412
1694443473927 0.6020633535063534 413
1694443474236 0.30028384640792016 414
1694443474557 0.41504008913904156 415
1694443474885 0.26959944714379713 416
1694443475170 0.3220185327438383 417
1694443475489 0.020376826011855607 418
1694443475756 0.5074138325439317 419
1694443476083 0.280966122906298 420
1694443476389 0.33344269352977335 421
1694443476686 0.7891936198499913 422
1694443476989 0.4989763324246399 423
1694443477305 1.0749740930670841 424
1694443477597 0.19389964684989294 425
1694443477878 1.2050011131884415 426
1694443478166 0.9054198671144261 427
1694443478454 0.6022142150331864 428
1694443478739 0.21028472407347712 429
1694443479017 0.05515011538902341 430
1694443479353 1.147818653488789 431
1694443479653 0.13641469823403518 432
1694443479940 0.6340148996266659 433
1694443480293 0.46102501270174645 434
1694443480587 0.3112430079211461 435
1694443480871 0.5529399859658225 436
1694443481174 1.077272230817028 437
1694443481463 0.35867735782268473 438
1694443481729 0.9385277263396324 439
1694443482009 0.4536663624107267 440
1694443482293 0.3592150632355065 441
1694443482574 0.3711831757573123 442
1694443482861 0.13380614961572324 443
1694443483037 0.7334130761798232 444
1694443483411 0.42880046391721904 445
1694443483704 0.28230106667860155 446
1694443483987 0.23331580667160545 447
1694443484266 0.08250929473589697 448
1694443484533 1.210834908312097 449
1694443484802 0.19213750907530125 450
1694443485065 0.30045064389066245 451
1694443485349 1.1916836802627553 452
1694443485629 0.24151721570278073 453
1694443485913 0.49519843274495406 454
1694443486200 0.5308066180114656 455
1694443486506 1.0715400173741594 456
1694443486787 0.17270960097740765 457
1694443487073 0.33457868915803074 458
1694443487363 0.5053445525016463 459
1694443487631 0.4984242020119158 460
1694443487922 1.3016273010754087 461
1694443488199 0.10914818628860443 462
1694443488474 0.5017469139112258 463
1694443488789 1.2238340480027623 464
1694443489086 1.4982722461738778 465
1694443489367 0.3602447258551172 466
1694443489654 0.5669278476624369 467
1694443489924 0.8387550979993722 468
1694443490228 0.8432274743887543 469
1694443490517 0.2704827308916715 470
1694443490793 0.16993859292778457 471
1694443491066 0.8149760783274093 472
1694443491334 0.6566808099528405 473
1694443491615 0.8149990975077945 474
1694443491902 0.16075193902151538 475
1694443492191 0.8185016680112184 476
1694443492473 0.392334040744302 477
1694443492749 0.9042424041289293 478
1694443493037 0.16556601490474981 479
1694443493321 1.60067682218322 480
1694443493612 0.47970097890142027 481
1694443493789 1.2737095582789235 482
1694443494145 0.5488940386115346 483
1694443494422 0.47158491542061887 484
1694443494702 1.0565531685842582 485
1694443494975 0.34638746399568165 486
1694443495263 0.23153715918890355 487
1694443495541 0.519404946044614 488
1694443495822 0.09188133799555306 489
1694443496112 0.2869756487081378 490
1694443496408 0.4613964769894824 491
1694443496748 0.16170770189818254 492
1694443497029 1.143506972466195 493
1694443497315 0.516449955620255 494
1694443497592 0.5365414879216914 495
1694443497854 0.2110082095841137 496
1694443498150 0.20789593785648997 497
1694443498436 0.5638595904100729 498
1694443498718 0.21898065849489617 499
