1694443358143 0.0 0
1694443358448 0.0 1
1694443358736 0.0 2
1694443359014 0.0 3
1694443359299 0.0 4
1694443359570 0.0 5
1694443359831 0.0 6
1694443360116 0.0 7
1694443360409 0.0 8
1694443360701 0.0 9
1694443360985 0.0 10
1694443361272 0.0 11
1694443361557 0.0 12
1694443361831 0.0 13
1694443362110 0.0 14
1694443362374 0.0 15
1694443362638 0.0 16
1694443362911 0.0 17
1694443363192 0.0 18
1694443363453 0.0 19
1694443363733 0.0 20
1694443364025 0.0 21
1694443364304 0.0 22
1694443364582 0.0 23
1694443364844 0.0 24
1694443365130 0.0 25
1694443365417 0.0 26
1694443365717 0.0 27
1694443365997 0.0 28
1694443366272 0.0 29
1694443366549 0.0 30
1694443366861 0.0 31
1694443367143 0.0 32
1694443367433 0.0 33
1694443367717 0.0 34
1694443367975 0.0 35
1694443368259 0.0 36
1694443368528 0.0 37
1694443368786 0.0 38
1694443369127 0.0 39
1694443369399 0.0 40
1694443369666 0.0 41
1694443370040 0.0 42
1694443370305 0.0 43
1694443370582 0.0 44
1694443370864 0.0 45
1694443371142 0.0 46
1694443371429 0.0 47
1694443371681 0.0 48
1694443371979 0.0 49
1694443372269 0.0 50
1694443372559 0.0 51
1694443372823 0.0 52
1694443373083 0.0 53
1694443373358 0.0 54
1694443373621 0.0 55
1694443373921 0.0 56
1694443374210 0.0 57
1694443374483 0.0 58
1694443374768 0.0 59
1694443375050 0.0 60
1694443375328 0.0 61
1694443375603 0.0 62
1694443375875 0.0 63
1694443376163 0.0 64
1694443376449 0.0 65
1694443376736 0.0 66
1694443377027 0.0 67
1694443377331 0.0 68
1694443377620 0.0 69
1694443377896 0.0 70
1694443378172 0.0 71
1694443378465 0.0 72
1694443378741 0.0 73
1694443379013 0.0 74
1694443379254 0.0 75
1694443379518 0.0 76
1694443379772 0.0 77
1694443380023 0.0 78
1694443380292 0.0 79
1694443380538 0.0 80
1694443380804 0.0 81
1694443381078 0.0 82
1694443381344 0.0 83
1694443381618 0.0 84
1694443381893 0.0 85
1694443382165 0.0 86
1694443382448 0.0 87
1694443382723 0.0 88
1694443383034 0.0 89
1694443383318 0.0 90
1694443383595 0.0 91
1694443383886 0.0 92
1694443384227 0.0 93
1694443384586 0.0 94
1694443384875 0.0 95
1694443385163 0.0 96
1694443385435 0.0 97
1694443385777 0.0 98
1694443386066 0.0 99
1694443386350 0.0 100
1694443386636 0.0 101
1694443386914 0.0 102
1694443387178 0.0 103
1694443387455 0.0 104
1694443387729 0.0 105
1694443388028 0.0 106
1694443388315 0.0 107
1694443388599 0.0 108
1694443388861 0.0 109
1694443389137 0.0 110
1694443389412 0.0 111
1694443389657 0.0 112
1694443389921 0.0 113
1694443390176 0.0 114
1694443390435 0.0 115
1694443390692 0.0 116
1694443390949 0.0 117
1694443391241 0.0 118
1694443391506 0.0 119
1694443391761 0.0 120
1694443392025 0.0 121
1694443392272 0.0 122
1694443392545 0.0 123
1694443392789 0.0 124
1694443393027 0.0 125
1694443393269 0.0 126
1694443393523 0.0 127
1694443393787 0.0 128
1694443394042 0.0 129
1694443394297 0.0 130
1694443394568 0.0 131
1694443394853 0.0 132
1694443395122 0.0 133
1694443395402 0.0 134
1694443395681 0.0 135
1694443396072 0.0 136
1694443396356 0.0 137
1694443396637 0.0 138
1694443396908 0.0 139
1694443397166 0.0 140
1694443397474 0.0 141
1694443397762 0.0 142
1694443398059 0.0 143
1694443398333 0.0 144
1694443398599 0.0 145
1694443398861 0.0 146
1694443399174 0.0 147
1694443399531 0.0 148
1694443399798 0.0 149
1694443400059 0.0 150
1694443400335 0.0 151
1694443400621 0.0 152
1694443400915 0.0 153
1694443401171 0.0 154
1694443401437 0.0 155
1694443401713 0.0 156
1694443401974 0.0 157
1694443402249 0.0 158
1694443402529 0.0 159
1694443402830 0.0 160
1694443403124 0.0 161
1694443403411 0.0 162
1694443403667 0.0 163
1694443403941 0.0 164
1694443404253 0.0 165
1694443404528 0.0 166
1694443404781 0.0 167
1694443405042 0.0 168
1694443405299 0.0 169
1694443405561 0.0 170
1694443405836 0.0 171
1694443406119 0.0 172
1694443406405 0.0 173
1694443406677 0.0 174
1694443406948 0.0 175
1694443407216 0.0 176
1694443407475 0.0 177
1694443407728 0.0 178
1694443407962 0.0 179
1694443408208 0.0 180
1694443408451 0.0 181
1694443408730 0.0 182
1694443408993 0.0 183
1694443409278 0.0 184
1694443409595 0.0 185
1694443409900 0.0 186
1694443410186 0.0 187
1694443410497 0.0 188
1694443410794 0.0 189
1694443411086 0.0 190
1694443411385 0.0 191
1694443411684 0.0 192
1694443411963 0.0 193
1694443412257 0.0 194
1694443412541 0.0 195
1694443412839 0.0 196
1694443413110 0.0 197
1694443413412 0.0 198
1694443413725 0.0 199
1694443414032 0.0 200
1694443414313 0.0 201
1694443414588 0.0 202
1694443414855 0.0 203
1694443415121 0.0 204
1694443415389 0.0 205
1694443415668 0.0 206
1694443415931 0.0 207
1694443416236 0.0 208
1694443416543 0.0 209
1694443416832 0.0 210
1694443417098 0.0 211
1694443417386 0.0 212
1694443417648 0.0 213
1694443417937 0.0 214
1694443418247 0.0 215
1694443418527 0.0 216
1694443418803 0.0 217
1694443419089 0.0 218
1694443419383 0.0 219
1694443419668 0.0 220
1694443419963 0.0 221
1694443420264 0.0 222
1694443420553 0.0 223
1694443420836 0.0 224
1694443421102 0.0 225
1694443421374 0.0 226
1694443421644 0.0 227
1694443421926 0.0 228
1694443422212 0.0 229
1694443422499 0.0 230
1694443422784 0.0 231
1694443423047 0.0 232
1694443423324 0.0 233
1694443423599 0.0 234
1694443423867 0.0 235
1694443424135 0.0 236
1694443424430 0.0 237
1694443424727 0.0 238
1694443424981 0.0 239
1694443425260 0.0 240
1694443425533 0.0 241
1694443425814 0.0 242
1694443426077 0.0 243
1694443426344 0.0 244
1694443426617 0.0 245
1694443426889 0.0 246
1694443427148 0.0 247
1694443427426 0.0 248
1694443427690 0.0 249
1694443427947 0.0 250
1694443428224 0.0 251
1694443428488 0.0 252
1694443428746 0.0 253
1694443429016 0.0 254
1694443429278 0.0 255
1694443429569 0.0 256
1694443429850 0.0 257
1694443430128 0.0 258
1694443430396 0.0 259
1694443430668 0.0 260
1694443430946 0.0 261
1694443431203 0.0 262
1694443431452 0.0 263
1694443431774 0.0 264
1694443432055 0.0 265
1694443432328 0.0 266
1694443432600 0.0 267
1694443432874 0.0 268
1694443433151 0.0 269
1694443433447 0.0 270
1694443433730 0.0 271
1694443433982 0.0 272
1694443434271 0.0 273
1694443434549 0.0 274
1694443434801 0.0 275
1694443435091 0.0 276
1694443435384 0.0 277
1694443435665 0.0 278
1694443435944 0.0 279
1694443436222 0.0 280
1694443436491 0.0 281
1694443436762 0.0 282
1694443437043 0.0 283
1694443437344 0.0 284
1694443437629 0.0 285
1694443437886 0.0 286
1694443438169 0.0 287
1694443438467 0.0 288
1694443438744 0.0 289
1694443439008 0.0 290
1694443439272 0.0 291
1694443439536 0.0 292
1694443439835 0.0 293
1694443440131 0.0 294
1694443440427 0.0 295
1694443440697 0.0 296
1694443440962 0.0 297
1694443441246 0.0 298
1694443441525 0.0 299
1694443441806 0.0 300
1694443442100 0.0 301
1694443442397 0.0 302
1694443442686 0.0 303
1694443442961 0.0 304
1694443443260 0.0 305
1694443443539 0.0 306
1694443443855 0.0 307
1694443444135 0.0 308
1694443444459 0.0 309
1694443444751 0.0 310
1694443445087 0.0 311
1694443445387 0.0 312
1694443445667 0.0 313
1694443445950 0.0 314
1694443446229 0.0 315
1694443446500 0.0 316
1694443446776 0.0 317
1694443447043 0.0 318
1694443447326 0.0 319
1694443447603 0.0 320
1694443447889 0.0 321
1694443448179 0.0 322
1694443448453 0.0 323
1694443448743 0.0 324
1694443449016 0.0 325
1694443449313 0.0 326
1694443449595 0.0 327
1694443449883 0.0 328
1694443450158 0.0 329
1694443450442 0.0 330
1694443450735 0.0 331
1694443451029 0.0 332
1694443451316 0.0 333
1694443451605 0.0 334
1694443451900 0.0 335
1694443452173 0.0 336
1694443452456 0.0 337
1694443452738 0.0 338
1694443453015 0.0 339
1694443453296 0.0 340
1694443453571 0.0 341
1694443453851 0.0 342
1694443454129 0.0 343
1694443454418 0.0 344
1694443454697 0.0 345
1694443454981 0.0 346
1694443455262 0.0 347
1694443455525 0.0 348
1694443455789 0.0 349
1694443456088 0.0 350
1694443456387 0.0 351
1694443456666 0.0 352
1694443456945 0.0 353
1694443457233 0.0 354
1694443457494 0.0 355
1694443457765 0.0 356
1694443458033 0.0 357
1694443458317 0.0 358
1694443458598 0.0 359
1694443458892 0.0 360
1694443459210 0.0 361
1694443459480 0.0 362
1694443459744 0.0 363
1694443460043 0.0 364
1694443460323 0.0 365
1694443460595 0.0 366
1694443460877 0.0 367
1694443461161 0.0 368
1694443461433 0.0 369
1694443461732 0.0 370
1694443462004 0.0 371
1694443462288 0.0 372
1694443462579 0.0 373
1694443462853 0.0 374
1694443463121 0.0 375
1694443463413 0.0 376
1694443463701 0.0 377
1694443463984 0.0 378
1694443464299 0.0 379
1694443464582 0.0 380
1694443464869 0.0 381
1694443465156 0.0 382
1694443465432 0.0 383
1694443465713 0.0 384
1694443465981 0.0 385
1694443466288 0.0 386
1694443466595 0.0 387
1694443466886 0.0 388
1694443467152 0.0 389
1694443467453 0.0 390
1694443467736 0.0 391
1694443468014 0.0 392
1694443468294 0.0 393
1694443468553 0.0 394
1694443468827 0.0 395
1694443469111 0.0 396
1694443469394 0.0 397
1694443469663 0.0 398
1694443469959 0.0 399
1694443470258 0.0 400
1694443470531 0.0 401
1694443470806 0.0 402
1694443471083 0.0 403
1694443471367 0.0 404
1694443471652 0.0 405
1694443471935 0.0 406
1694443472221 0.0 407
1694443472512 0.0 408
1694443472777 0.0 409
1694443473060 0.0 410
1694443473347 0.0 411
1694443473631 0.0 412
1694443473936 0.0 413
1694443474245 0.0 414
1694443474565 0.0 415
1694443474894 0.0 416
1694443475182 0.0 417
1694443475500 0.0 418
1694443475780 0.0 419
1694443476089 0.0 420
1694443476399 0.0 421
1694443476693 0.0 422
1694443477000 0.0 423
1694443477313 0.0 424
1694443477604 0.0 425
1694443477885 0.0 426
1694443478176 0.0 427
1694443478463 0.0 428
1694443478746 0.0 429
1694443479026 0.0 430
1694443479363 0.0 431
1694443479663 0.0 432
1694443479948 0.0 433
1694443480299 0.0 434
1694443480594 0.0 435
1694443480880 0.0 436
1694443481182 0.0 437
1694443481470 0.0 438
1694443481736 0.0 439
1694443482017 0.0 440
1694443482300 0.0 441
1694443482582 0.0 442
1694443482868 0.0 443
1694443483134 0.0 444
1694443483418 0.0 445
1694443483711 0.0 446
1694443483993 0.0 447
1694443484274 0.0 448
1694443484541 0.0 449
1694443484810 0.0 450
1694443485072 0.0 451
1694443485356 0.0 452
1694443485636 0.0 453
1694443485920 0.0 454
1694443486207 0.0 455
1694443486513 0.0 456
1694443486794 0.0 457
1694443487081 0.0 458
1694443487369 0.0 459
1694443487638 0.0 460
1694443487930 0.0 461
1694443488205 0.0 462
1694443488481 0.0 463
1694443488797 0.0 464
1694443489094 0.0 465
1694443489374 0.0 466
1694443489663 0.0 467
1694443489932 0.0 468
1694443490235 0.0 469
1694443490525 0.0 470
1694443490800 0.0 471
1694443491073 0.0 472
1694443491343 0.0 473
1694443491622 0.0 474
1694443491909 0.0 475
1694443492199 0.0 476
1694443492481 0.0 477
1694443492756 0.0 478
1694443493046 0.0 479
1694443493330 0.0 480
1694443493620 0.0 481
1694443493872 0.0 482
1694443494152 0.0 483
1694443494430 0.0 484
1694443494711 0.0 485
1694443494983 0.0 486
1694443495270 0.0 487
1694443495549 0.0 488
1694443495831 0.0 489
1694443496120 0.0 490
1694443496416 0.0 491
1694443496756 0.0 492
1694443497037 0.0 493
1694443497322 0.0 494
1694443497599 0.0 495
1694443497877 0.0 496
1694443498157 0.0 497
1694443498444 0.0 498
1694443498727 0.0 499
