1694444300180 172.40299513297032 0
1694444300213 172.88993273203005 1
1694444300244 172.33633238721748 2
1694444300277 172.12971598477074 3
1694444300306 172.34381171463693 4
1694444300337 171.60581812241028 5
1694444300376 171.7148742132084 6
1694444300427 171.6409240567913 7
1694444300466 171.08807928755462 8
1694444300538 172.19574918612463 9
1694444300572 171.9614745495559 10
1694444300603 171.31249501495557 11
1694444300636 171.14905831265992 12
1694444300672 170.60570459917164 13
1694444300703 170.79480420912685 14
1694444300735 170.0101887078644 15
1694444300766 170.14838075591442 16
1694444300799 170.13418382331184 17
1694444300832 170.09611928374966 18
1694444300871 170.23849119204596 19
1694444300906 169.65783707375695 20
1694444300941 170.10113763370836 21
1694444300973 170.00314240925275 22
1694444301003 169.27282722342903 23
1694444301034 169.86019288362445 24
1694444301066 168.83042988428278 25
1694444301098 169.39930848871032 26
1694444301128 169.48957815290834 27
1694444301161 169.3401626443947 28
1694444301192 168.7104745896845 29
1694444301226 168.30914353978096 30
1694444301257 168.28674174392683 31
1694444301288 168.89984996638574 32
1694444301319 168.5227024072405 33
1694444301350 168.1183633243596 34
1694444301384 167.66486037861014 35
1694444301417 167.53805253536825 36
1694444301448 167.81009491470985 37
1694444301479 167.1455675915375 38
1694444301510 168.5023853878262 39
1694444301541 166.8529663750704 40
1694444301572 166.22110798097737 41
1694444301603 166.8462699837753 42
1694444301635 166.63421446693303 43
1694444301669 165.80489771176198 44
1694444301699 166.0970353783211 45
1694444301729 165.9985051211936 46
1694444301760 166.1358994025772 47
1694444301792 166.23807719952237 48
1694444301823 165.79104600497033 49
1694444301854 166.28277505495785 50
1694444301886 165.79327068959572 51
1694444301917 165.5061412230975 52
1694444301949 165.69705073786957 53
1694444301979 165.7386224352377 54
1694444302010 166.01230044671465 55
1694444302041 164.8312840989652 56
1694444302072 165.01235419706003 57
1694444302104 164.72619278734177 58
1694444302135 164.87369674892895 59
1694444302169 164.3819972962669 60
1694444302204 164.31663572740558 61
1694444302235 164.53526888782764 62
1694444302266 163.8495105324253 63
1694444302298 164.0168882031562 64
1694444302328 163.78562632800856 65
1694444302358 163.5484391805121 66
1694444302389 163.38264134529214 67
1694444302421 163.74167130068972 68
1694444302452 163.36271353354843 69
1694444302483 163.67393966856284 70
1694444302515 162.7042202480162 71
1694444302545 163.63016916799037 72
1694444302577 163.2761282258394 73
1694444302608 162.8829760722664 74
1694444302638 162.39827711611224 75
1694444302672 163.36066922071427 76
1694444302704 162.3863828110984 77
1694444302734 162.07868073683784 78
1694444302764 162.48619507303476 79
1694444302796 162.08168329589506 80
1694444302826 161.76200454515694 81
1694444302858 162.46897996634868 82
1694444302890 161.28647748013512 83
1694444302921 161.49074730962843 84
1694444302951 161.7402413180567 85
1694444302984 161.493199470748 86
1694444303015 160.53412634914267 87
1694444303047 161.04196386220715 88
1694444303080 161.01016287536692 89
1694444303112 160.60183546782304 90
1694444303141 160.7790839595598 91
1694444303176 159.9846936919672 92
1694444303209 159.74038764829055 93
1694444303240 159.77178617570502 94
1694444303270 160.2020241020452 95
1694444303302 159.93426371649574 96
1694444303333 159.25202648510623 97
1694444303368 159.71781486260628 98
1694444303398 159.64616830825514 99
1694444303428 159.3210022805793 100
1694444303460 159.228588751247 101
1694444303490 159.03870210770737 102
1694444303521 159.16596768171573 103
1694444303552 158.74158950763456 104
1694444303584 158.870586846372 105
1694444303616 158.4869211487469 106
1694444303647 157.85795168189085 107
1694444303680 159.06440228850428 108
1694444303714 157.9070861190893 109
1694444303744 157.75081391285397 110
1694444303775 157.76358560810087 111
1694444303805 157.80342565807996 112
1694444303836 157.21957832686167 113
1694444303867 157.59463706227123 114
1694444303898 157.7314918083258 115
1694444303930 157.7237254600208 116
1694444303960 157.38605391411474 117
1694444303991 157.06020303068345 118
1694444304022 157.92433584599775 119
1694444304055 156.7489233019432 120
1694444304086 156.70099721447477 121
1694444304118 156.85413369327725 122
1694444304148 156.53848756778368 123
1694444304187 157.24842553511408 124
1694444304218 156.98812576440935 125
1694444304249 155.784511001549 126
1694444304278 156.39625846919154 127
1694444304307 156.464398052446 128
1694444304337 155.5650172859671 129
1694444304370 155.10426269735711 130
1694444304403 155.3908484696487 131
1694444304434 155.70715070314944 132
1694444304467 155.61392257305127 133
1694444304498 154.91366043613988 134
1694444304529 155.07842356568602 135
1694444304560 154.4684263603363 136
1694444304590 154.16740381444967 137
1694444304621 155.06125571832035 138
1694444304654 154.5093907977008 139
1694444304687 154.13371185860487 140
1694444304722 153.62465630575596 141
1694444304754 153.74105283465892 142
1694444304784 154.146969732661 143
1694444304816 153.92961730667935 144
1694444304847 153.97511942303052 145
1694444304879 153.31615479161826 146
1694444304910 152.93654133161073 147
1694444304940 153.68716779597307 148
1694444304971 153.11513636255188 149
1694444305002 153.0638047270851 150
1694444305034 153.00481618928552 151
1694444305065 153.03721068896883 152
1694444305095 152.74576157430008 153
1694444305128 152.8517700350822 154
1694444305162 152.3001147732656 155
1694444305191 152.875494117358 156
1694444305223 152.80272016344847 157
1694444305255 152.1811130382307 158
1694444305286 152.20559372738887 159
1694444305318 151.67179305153388 160
1694444305350 151.88627767703292 161
1694444305381 151.29103990404138 162
1694444305413 151.42593247506252 163
1694444305445 151.5632853567498 164
1694444305476 151.385184728151 165
1694444305506 151.4998631072136 166
1694444305538 151.25748269431915 167
1694444305570 150.83751643255425 168
1694444305601 150.632947359656 169
1694444305632 150.43489598639286 170
1694444305665 150.46877183453256 171
1694444305694 149.60409739252103 172
1694444305726 150.20714318950758 173
1694444305756 149.89751094032084 174
1694444305786 149.8396403835521 175
1694444305817 149.2810608250136 176
1694444305849 150.10160432696304 177
1694444305882 149.24331723143956 178
1694444305913 149.44645658031814 179
1694444305946 150.17936620240297 180
1694444305977 149.68437214194742 181
1694444306010 149.14571330806857 182
1694444306042 148.8909788160127 183
1694444306073 148.65806184484597 184
1694444306104 148.63861251700533 185
1694444306135 148.34503661330353 186
1694444306167 149.13085960306967 187
1694444306200 148.5465733983942 188
1694444306233 148.52009952919119 189
1694444306264 148.25303636540053 190
1694444306299 147.79167886757466 191
1694444306331 148.47195021418273 192
1694444306364 148.65087172811997 193
1694444306398 147.59718449814395 194
1694444306430 147.5959568383414 195
1694444306461 147.40196648519765 196
1694444306491 147.7354559362997 197
1694444306522 147.0465546114155 198
1694444306554 147.53008906720348 199
1694444306585 147.58071661566632 200
1694444306617 147.04622411105544 201
1694444306648 147.0991668855637 202
1694444306681 147.13092077496808 203
1694444306713 146.516767686613 204
1694444306746 145.98137847830998 205
1694444306778 146.30345466299573 206
1694444306808 146.26566787278867 207
1694444306839 146.54444190685112 208
1694444306869 145.95193855043317 209
1694444306901 145.92965889359556 210
1694444306932 146.82250011636197 211
1694444306963 145.8534822621027 212
1694444306994 145.39636523508707 213
1694444307025 144.9603862715937 214
1694444307057 145.20615160048536 215
1694444307086 145.28123040346154 216
1694444307118 144.7879745404623 217
1694444307149 144.8119129124962 218
1694444307182 145.06959698872538 219
1694444307212 144.43337592330477 220
1694444307243 144.34631953015602 221
1694444307273 144.24923825208225 222
1694444307306 144.59557451670932 223
1694444307338 144.36595215792082 224
1694444307371 143.82623343725726 225
1694444307403 143.65573999016704 226
1694444307436 143.96090235690278 227
1694444307467 144.09526351643544 228
1694444307499 143.49879764012528 229
1694444307533 143.53511197885422 230
1694444307565 143.89429730576086 231
1694444307597 143.67333285894125 232
1694444307628 142.97644757615052 233
1694444307662 143.7309262621586 234
1694444307697 142.45199370184093 235
1694444307727 142.93251711883096 236
1694444307758 142.33778414227942 237
1694444307787 142.50663836784074 238
1694444307818 143.18250965209512 239
1694444307849 142.27165650268742 240
1694444307880 142.5768698469788 241
1694444307912 142.372669172595 242
1694444307946 141.88530418495517 243
1694444307977 142.28726361400038 244
1694444308010 141.82458249362497 245
1694444308041 142.04900527600864 246
1694444308071 141.59883204520142 247
1694444308102 141.094172878199 248
1694444308134 141.48500643063696 249
1694444308168 141.00062330477087 250
1694444308203 141.2038106429833 251
1694444308234 140.87571771696363 252
1694444308264 141.1602814625695 253
1694444308296 140.7106907025251 254
1694444308328 141.2198559777282 255
1694444308362 140.71702534306556 256
1694444308394 141.2051318030609 257
1694444308425 140.47076450028322 258
1694444308473 140.75859414737118 259
1694444308513 140.4157650235017 260
1694444308549 139.8987349421644 261
1694444308580 140.13098479792907 262
1694444308610 139.4676126917493 263
1694444308641 140.10469280936272 264
1694444308674 140.04888373706177 265
1694444308706 139.53018697382382 266
1694444308739 139.74416647382307 267
1694444308771 139.4080515893178 268
1694444308800 139.26683210720793 269
1694444308833 139.2940002881026 270
1694444308864 139.31243436363826 271
1694444308896 138.9533046039894 272
1694444308930 139.18666637982324 273
1694444308963 139.00415118586434 274
1694444309000 138.35482905167305 275
1694444309035 138.21349356962392 276
1694444309071 138.3211394758888 277
1694444309102 138.20043948306548 278
1694444309134 137.98563076370053 279
1694444309167 137.6294204078614 280
1694444309197 138.05575831214844 281
1694444309228 137.4512282870611 282
1694444309261 137.56291501009125 283
1694444309292 138.25280810793686 284
1694444309325 137.25096326455792 285
1694444309358 137.397776249266 286
1694444309389 137.940044224219 287
1694444309421 137.10714664933357 288
1694444309454 136.59515115364076 289
1694444309487 136.56302294804058 290
1694444309517 137.06393407145507 291
1694444309547 136.71717415787654 292
1694444309579 136.2883589495091 293
1694444309609 136.80056424621404 294
1694444309643 136.3938125942151 295
1694444309679 135.92018657934452 296
1694444309710 136.0948101169145 297
1694444309746 136.25737396465453 298
1694444309777 135.85310553881328 299
1694444309808 135.8242470757289 300
1694444309841 135.13518802969162 301
1694444309874 135.398902437433 302
1694444309906 135.37423523893514 303
1694444309938 135.28612770349727 304
1694444309969 135.28248863755923 305
1694444310001 135.22573695552256 306
1694444310030 134.86475672010286 307
1694444310063 134.53741972497602 308
1694444310094 135.09406812244387 309
1694444310125 134.81002898917265 310
1694444310158 135.10410399716167 311
1694444310188 134.7935478271969 312
1694444310220 134.5585985171129 313
1694444310250 133.8063641870032 314
1694444310281 134.54805719677574 315
1694444310313 134.10878409804613 316
1694444310344 133.7822717246721 317
1694444310377 133.63672447765023 318
1694444310408 133.57462535220816 319
1694444310439 133.50872109884307 320
1694444310470 134.3001909082081 321
1694444310502 133.13056551814984 322
1694444310533 133.32027162530923 323
1694444310564 133.0185136819353 324
1694444310595 133.21155975708234 325
1694444310628 133.07734316746863 326
1694444310663 133.28059426899898 327
1694444310694 132.23779203702193 328
1694444310725 132.05452800251038 329
1694444310755 132.7900595539503 330
1694444310786 132.5759385258683 331
1694444310818 132.42053046311534 332
1694444310849 132.0891463052376 333
1694444310881 132.37466542090297 334
1694444310913 132.25914409082776 335
1694444310945 132.1163687561633 336
1694444310977 132.19571966354692 337
1694444311009 132.18318571449936 338
1694444311039 131.52481046876568 339
1694444311072 131.51688341465112 340
1694444311104 131.02392374038217 341
1694444311135 131.3805553210075 342
1694444311168 131.1872899375521 343
1694444311201 131.44548772227 344
1694444311230 131.18001858232446 345
1694444311263 130.47977850889612 346
1694444311294 131.24844605305657 347
1694444311327 130.4968901339946 348
1694444311358 130.81278023485757 349
1694444311388 130.77635251176784 350
1694444311419 130.34807048917082 351
1694444311451 130.10120245480877 352
1694444311481 129.9947008232904 353
1694444311512 129.99214572079393 354
1694444311543 129.91600521594867 355
1694444311574 129.73686733270713 356
1694444311605 130.05567159268674 357
1694444311637 129.5259335685042 358
1694444311671 129.49228454336085 359
1694444311703 129.40255060079053 360
1694444311732 129.0220168226675 361
1694444311763 129.39851132316213 362
1694444311794 128.83380427759482 363
1694444311824 128.72895928070096 364
1694444311855 128.96626218183172 365
1694444311885 128.6672542728901 366
1694444311916 128.51544454119272 367
1694444311947 128.36896031591297 368
1694444311980 128.32776778273137 369
1694444312013 128.43845855235958 370
1694444312044 128.13193712403594 371
1694444312077 127.92552193941394 372
1694444312107 128.2042429256551 373
1694444312137 128.2624014524431 374
1694444312171 127.85589995433781 375
1694444312203 128.3059215223686 376
1694444312235 127.66041110831021 377
1694444312267 127.86802350829457 378
1694444312298 127.64702373611613 379
1694444312328 127.37784060652265 380
1694444312361 126.78172011014206 381
1694444312391 127.17563282203602 382
1694444312424 127.07415627758947 383
1694444312456 126.89797052672775 384
1694444312487 126.80502853474579 385
1694444312519 126.92062712526135 386
1694444312549 126.73546227333226 387
1694444312579 126.55613354378934 388
1694444312611 126.2203083640711 389
1694444312642 125.97992983591256 390
1694444312676 126.29083086651308 391
1694444312709 126.31002800190335 392
1694444312739 126.62457221417313 393
1694444312772 126.16888990059658 394
1694444312802 126.18584529398628 395
1694444312835 125.89031457134521 396
1694444312868 125.60469276626375 397
1694444312901 125.43245242897308 398
1694444312931 125.6365509544627 399
1694444312963 125.43368598492373 400
1694444312994 125.20726796297109 401
1694444313027 124.96210518478071 402
1694444313056 125.17724684079303 403
1694444313087 125.17136052116503 404
1694444313117 125.00304477004957 405
1694444313148 124.66070911657943 406
1694444313182 124.5991813089562 407
1694444313226 124.47417818549079 408
1694444313265 124.43233550909572 409
1694444313300 124.02166768904789 410
1694444313333 123.8228106778233 411
1694444313367 123.78973697409964 412
1694444313401 123.58609207834135 413
1694444313430 123.36073180639202 414
1694444313462 123.59682345472541 415
1694444313495 123.94022347355443 416
1694444313526 123.79592251378162 417
1694444313558 124.08396944861052 418
1694444313592 123.03610870647333 419
1694444313624 123.7807405796253 420
1694444313660 123.17593117155192 421
1694444313690 123.26990371856937 422
1694444313720 122.86102307601617 423
1694444313754 122.95118756803889 424
1694444313789 122.55346859796958 425
1694444313823 122.46468643041058 426
1694444313854 122.57086478005085 427
1694444313891 122.12838643551252 428
1694444313925 122.10961419841684 429
1694444313957 122.34063153432272 430
1694444313990 122.80836434319441 431
1694444314021 122.31068984936893 432
1694444314054 122.73598514951001 433
1694444314087 122.0959159012521 434
1694444314126 122.11865517735353 435
1694444314163 121.35722938403097 436
1694444314195 121.47928755576703 437
1694444314227 121.23927617937572 438
1694444314261 121.7207964464914 439
1694444314294 121.41273229780515 440
1694444314328 121.49987736314172 441
1694444314359 121.03710846676704 442
1694444314392 120.96357558276912 443
1694444314423 120.8869162619671 444
1694444314453 121.1898662042802 445
1694444314487 120.9868222402195 446
1694444314520 120.50680915151335 447
1694444314552 121.12257303004641 448
1694444314585 120.2275138826955 449
1694444314619 120.66734122945326 450
1694444314655 120.31942014461703 451
1694444314688 120.55967758433611 452
1694444314722 120.35324323132303 453
1694444314755 119.56313659842009 454
1694444314789 120.26399540031117 455
1694444314820 120.34900417242217 456
1694444314854 119.63744198023915 457
1694444314889 119.38873246987353 458
1694444314923 119.93384238340833 459
1694444314955 120.14049095942836 460
1694444314987 119.28871512615397 461
1694444315018 119.02546156476289 462
1694444315049 118.97979029142888 463
1694444315082 119.2843067467238 464
1694444315113 119.0638409110315 465
1694444315144 118.88139722134376 466
1694444315177 118.95158089001504 467
1694444315212 118.33802534521939 468
1694444315242 118.7965699186468 469
1694444315273 118.62853746447601 470
1694444315304 118.86861426899503 471
1694444315335 118.20051865650208 472
1694444315365 118.10855130524267 473
1694444315395 118.4173888136452 474
1694444315426 118.06140607537739 475
1694444315455 117.96223215459774 476
1694444315486 118.14159627608053 477
1694444315517 117.57374075201037 478
1694444315549 118.06808290280654 479
1694444315582 117.90439702955 480
1694444315614 117.57402829999143 481
1694444315644 117.151621623259 482
1694444315683 117.31163493841053 483
1694444315715 117.3974649770392 484
1694444315744 117.51757215241126 485
1694444315775 117.23054461057157 486
1694444315806 117.20623899860561 487
1694444315837 117.10664435989155 488
1694444315868 117.0667918833671 489
1694444315899 116.5993454368668 490
1694444315930 116.65971134731747 491
1694444315960 116.22949912778046 492
1694444315990 116.28817471119778 493
1694444316021 116.5634788241663 494
1694444316051 115.92999433809995 495
1694444316082 115.58741510870207 496
1694444316113 115.60761327177622 497
1694444316143 115.31708339447397 498
1694444316179 115.58253817870552 499
