1694436694557 -0.005937254866307695 0
1694436694592 -0.006675352356929176 1
1694436694630 -0.006142296110940526 2
1694436694667 -0.005966222782130659 3
1694436694697 -0.006510036233354555 4
1694436694728 -0.006183910164632378 5
1694436694759 -0.005504944024619762 6
1694436694799 -0.00558870648560883 7
1694436694827 -0.00586944596377692 8
1694436694869 -0.006644896578310133 9
1694436694900 -0.006231212831022903 10
1694436694932 -0.006406848488996086 11
1694436694966 -0.0057601784333343176 12
1694436695000 -0.006867920349739487 13
1694436695037 -0.006228707901944519 14
1694436695071 -0.005793998371691256 15
1694436695101 -0.006095906226215808 16
1694436695132 -0.005822803598984239 17
1694436695163 -0.0056998150778067025 18
1694436695194 -0.006440251339955072 19
1694436695224 -0.006407009902071215 20
1694436695261 -0.005376630190347731 21
1694436695294 -0.005881636146306324 22
1694436695326 -0.0059362155718936105 23
1694436695358 -0.006002273304381411 24
1694436695388 -0.00575088828391479 25
1694436695416 -0.005432620662762178 26
1694436695447 -0.0056152984127542105 27
1694436695479 -0.006158259302123437 28
1694436695510 -0.005416933069339658 29
1694436695542 -0.005517326106166509 30
1694436695571 -0.00581250401790534 31
1694436695601 -0.006325108163512283 32
1694436695632 -0.0057473530712575105 33
1694436695664 -0.005696712633146195 34
1694436695695 -0.006150199982267068 35
1694436695727 -0.0058359532010332504 36
1694436695769 -0.005363704577008743 37
1694436695811 -0.005269800670250069 38
1694436695853 -0.006246542473418604 39
1694436695907 -0.005266763755451764 40
1694436695946 -0.005430636585682658 41
1694436695986 -0.005966502116944827 42
1694436696018 -0.005954919418718729 43
1694436696049 -0.006203175103586478 44
1694436696080 -0.006625159344369358 45
1694436696110 -0.005843929514662172 46
1694436696141 -0.005051464782746207 47
1694436696170 -0.0056459028370934305 48
1694436696199 -0.005587144781693976 49
1694436696229 -0.005890369419228714 50
1694436696260 -0.005476459482755214 51
1694436696293 -0.0051086654674905585 52
1694436696324 -0.005959665327454067 53
1694436696354 -0.005449093912882619 54
1694436696385 -0.005795125656717914 55
1694436696417 -0.005537413704125749 56
1694436696448 -0.005664415957759017 57
1694436696480 -0.005042357520342433 58
1694436696512 -0.0057815619515617644 59
1694436696550 -0.00593837064592706 60
1694436696588 -0.005998347933581227 61
1694436696624 -0.004757125688161112 62
1694436696665 -0.005198424441858807 63
1694436696709 -0.0055073166260375395 64
1694436696741 -0.005760998530867756 65
1694436696769 -0.005373074090817553 66
1694436696799 -0.005760468544296238 67
1694436696839 -0.005374429046326901 68
1694436696872 -0.005447710873625278 69
1694436696908 -0.005435297003177908 70
1694436696944 -0.005510242505482932 71
1694436696977 -0.005079710837201157 72
1694436697007 -0.005698755767596486 73
1694436697035 -0.005204636373073779 74
1694436697066 -0.005216428636780179 75
1694436697095 -0.005188443752916827 76
1694436697130 -0.005416281664863742 77
1694436697162 -0.0051406413410657326 78
1694436697196 -0.005184113031844406 79
1694436697230 -0.005378890293244121 80
1694436697269 -0.005749296723265074 81
1694436697315 -0.005721552700752808 82
1694436697372 -0.005234248034427402 83
1694436697424 -0.004749945023276414 84
1694436697468 -0.005061502037284837 85
1694436697510 -0.004363381270265698 86
1694436697550 -0.00523536316044293 87
1694436697587 -0.005073692805341423 88
1694436697634 -0.005535243352986052 89
1694436697697 -0.005414931973574344 90
1694436697747 -0.0048269497395594385 91
1694436697785 -0.005219446709965547 92
1694436697821 -0.005382925073766032 93
1694436697852 -0.004637237660709115 94
1694436697884 -0.004867996389484652 95
1694436697918 -0.0047780714024547866 96
1694436697948 -0.0048329764970245215 97
1694436697978 -0.004857804775823205 98
1694436698011 -0.005057524938645974 99
1694436698048 -0.004587230790874752 100
1694436698083 -0.004902266371278996 101
1694436698116 -0.00410421439919495 102
1694436698147 -0.004818519872509697 103
1694436698177 -0.00482365091686332 104
1694436698212 -0.004345114771135528 105
1694436698247 -0.004118544737833574 106
1694436698281 -0.004750665011335586 107
1694436698312 -0.004400672004305939 108
1694436698347 -0.004229519557887196 109
1694436698380 -0.0040470728813377654 110
1694436698410 -0.004981163146228429 111
1694436698447 -0.004529520664107389 112
1694436698480 -0.004691438839977247 113
1694436698518 -0.0039475299272515585 114
1694436698558 -0.005023433643660091 115
1694436698592 -0.004240376065625329 116
1694436698623 -0.004677278735467194 117
1694436698653 -0.004362642684070384 118
1694436698685 -0.003886210755182251 119
1694436698716 -0.004376756710335439 120
1694436698745 -0.004011353959336494 121
1694436698777 -0.004055635446020833 122
1694436698808 -0.0038778629249935914 123
1694436698839 -0.003599631544399351 124
1694436698869 -0.004199581464390922 125
1694436698900 -0.003938151393695577 126
1694436698932 -0.004594328129226666 127
1694436698965 -0.004716364448387411 128
1694436698999 -0.003712454885859362 129
1694436699030 -0.0038240907631112986 130
1694436699060 -0.0031112084578739374 131
1694436699087 -0.00417853268343138 132
1694436699117 -0.003960799610952304 133
1694436699147 -0.003478380214537502 134
1694436699179 -0.003569040697356085 135
1694436699211 -0.003785220984144466 136
1694436699249 -0.0037136181684116476 137
1694436699287 -0.003986224954070083 138
1694436699317 -0.0035087725409725934 139
1694436699350 -0.004034684542027156 140
1694436699382 -0.0029679021411306294 141
1694436699413 -0.0035983891952926506 142
1694436699444 -0.00395222634693404 143
1694436699475 -0.003401827316890982 144
1694436699506 -0.003642822518938882 145
1694436699538 -0.003600024019149606 146
1694436699569 -0.002939558952611776 147
1694436699598 -0.0034984397453743377 148
1694436699628 -0.0028003039669906027 149
1694436699660 -0.003783992494144073 150
1694436699692 -0.002896446439074385 151
1694436699725 -0.003444819800155541 152
1694436699755 -0.003353283038797894 153
1694436699786 -0.003472940553158166 154
1694436699816 -0.0025670356450480103 155
1694436699849 -0.0032715952266442194 156
1694436699881 -0.0031856141561554807 157
1694436699912 -0.0030395018284123942 158
1694436699944 -0.0029140189410772344 159
1694436699975 -0.002993729670370593 160
1694436700005 -0.0029025857030626767 161
1694436700036 -0.003145250685840706 162
1694436700067 -0.0031032068421898984 163
1694436700097 -0.0022087400691812586 164
1694436700129 -0.0031129450340692255 165
1694436700160 -0.0019810222406293487 166
1694436700192 -0.0025158792047590417 167
1694436700225 -0.00234877554420998 168
1694436700256 -0.002149638177396218 169
1694436700288 -0.0033989092701891543 170
1694436700324 -0.002039541271786627 171
1694436700371 -0.001659858693648042 172
1694436700410 -0.0023959739203038843 173
1694436700445 -0.0035213021975071257 174
1694436700480 -0.0018681980495673933 175
1694436700524 -0.0018107199265131602 176
1694436700558 -0.002305789677418124 177
1694436700588 -0.002327632999726381 178
1694436700620 -0.0016568529053326841 179
1694436700653 -0.002063698016671056 180
1694436700684 -0.002489402153336373 181
1694436700714 -0.0031385302291113693 182
1694436700743 -0.0018383907385233211 183
1694436700772 -0.002154921359379447 184
1694436700803 -0.0016752516137559237 185
1694436700846 -0.001265640015596592 186
1694436700881 -0.001807034106765526 187
1694436700916 -0.0031947717627807126 188
1694436700955 -0.0013902666263745367 189
1694436700997 -0.0018703473085945888 190
1694436701040 -0.0013095156440949829 191
1694436701086 -0.0017229661906053018 192
1694436701130 -0.002521659756245187 193
1694436701177 -0.0019213368447414947 194
1694436701232 -0.001653875448526021 195
1694436701275 -0.0008208408705341341 196
1694436701308 -0.0013644137411090718 197
1694436701339 -0.0015760255179111393 198
1694436701375 -0.0012163243481195796 199
1694436701418 -0.0015698476163958919 200
1694436701463 -0.0011693164267956302 201
1694436701510 -0.0007885661409563482 202
1694436701552 -0.0011646005794931913 203
1694436701605 -0.00035575321200598253 204
1694436701653 -0.0007959353518969259 205
1694436701691 -0.001270652406802908 206
1694436701730 0.0002247775126124063 207
1694436701767 4.592828256266834e-05 208
1694436701803 -0.0013216400614410873 209
1694436701842 -0.000598534616359947 210
1694436701879 -0.0009393809334696801 211
1694436701919 -0.0011859292358336049 212
1694436701958 -0.000614551051023593 213
1694436701997 -0.0009456819740849554 214
1694436702034 -0.0005538014176886819 215
1694436702068 -0.0003339666776125405 216
1694436702102 1.7389139294610167e-05 217
1694436702138 0.0008309358244297238 218
1694436702168 -0.0013616712567514622 219
1694436702202 0.00022067198678898947 220
1694436702235 0.0004089272983557324 221
1694436702268 -0.0002690002554817106 222
1694436702306 -0.0005905606027205579 223
1694436702367 0.000743495746741929 224
1694436702443 -2.403164600317531e-05 225
1694436702496 -0.0010447917409710517 226
1694436702549 0.0003493627600289484 227
1694436702600 -6.616918034541008e-05 228
1694436702649 0.0007265975228035737 229
1694436702687 -2.1896414640787398e-05 230
1694436702718 0.0009265749626740094 231
1694436702750 3.637030397019014e-05 232
1694436702780 0.0007056006471942711 233
1694436702810 0.00116190825121687 234
1694436702843 -0.0005769021138355424 235
1694436702876 0.0004402870875572784 236
1694436702910 0.0021413607602622786 237
1694436702944 0.0010283866765303795 238
1694436702984 0.0009087272325740692 239
1694436703021 0.0016646208487351988 240
1694436703058 0.0012779468783180592 241
1694436703096 0.001608917634622009 242
1694436703131 0.0020339306392045398 243
1694436703163 0.0006586035966407167 244
1694436703195 0.001730211669515258 245
1694436703226 0.0006637907710947966 246
1694436703259 0.002552989555728691 247
1694436703292 0.002388777752723281 248
1694436703324 0.001231306486310868 249
1694436703369 0.0013401648505171337 250
1694436703417 0.0016890081905067689 251
1694436703460 0.0012002541430091718 252
1694436703500 0.001950094771602906 253
1694436703531 0.001283220885997638 254
1694436703566 0.0006840697005027208 255
1694436703597 0.002705311146007583 256
1694436703629 0.002795663513095903 257
1694436703662 0.0017827594175369166 258
1694436703695 0.0019344155778096006 259
1694436703728 0.002356958464519887 260
1694436703757 0.0016124014674299136 261
1694436703787 0.0020269780350766764 262
1694436703818 0.0015646678533101088 263
1694436703853 0.002566663057848695 264
1694436703892 0.002780121682461334 265
1694436703936 0.0021349931792078447 266
1694436703976 0.0019727057438102547 267
1694436704018 0.0028441901768717637 268
1694436704059 0.0029690990963364694 269
1694436704093 0.0021320730926494003 270
1694436704125 0.002144800397436808 271
1694436704162 0.0033716522392478465 272
1694436704200 0.0028669071757233544 273
1694436704241 0.0035186489499349216 274
1694436704280 0.004317128081156474 275
1694436704317 0.003393053736526208 276
1694436704351 0.003155869732830774 277
1694436704385 0.0027087263221304836 278
1694436704417 0.002520406976765588 279
1694436704450 0.003418536455614074 280
1694436704481 0.0038864671892773206 281
1694436704514 0.0027640201759798755 282
1694436704545 0.0035714441660044116 283
1694436704579 0.00402761621518144 284
1694436704610 0.004509707039282107 285
1694436704640 0.0036962101621677013 286
1694436704670 0.0036277855923286806 287
1694436704703 0.004792245296744269 288
1694436704735 0.0049225083639928835 289
1694436704767 0.0033100460874252446 290
1694436704800 0.004164187140829112 291
1694436704833 0.005886177471081 292
1694436704861 0.003789556837389463 293
1694436704893 0.005904659837881132 294
1694436704927 0.00410974132871067 295
1694436704956 0.004240042396086996 296
1694436704983 0.005647407588361464 297
1694436705016 0.004542683622704713 298
1694436705046 0.006452204535687511 299
1694436705077 0.003993503199124726 300
1694436705112 0.006651246345138695 301
1694436705142 0.004488533662383332 302
1694436705170 0.0038108857408686303 303
1694436705199 0.006814885849613095 304
1694436705231 0.007080172014804598 305
1694436705261 0.007704213534849957 306
1694436705293 0.0047710023919864675 307
1694436705326 0.00425495904957407 308
1694436705353 0.0058433802605890595 309
1694436705383 0.006353457238390203 310
1694436705415 0.005000241745659828 311
1694436705444 0.006867295312838473 312
1694436705474 0.006779708106631643 313
1694436705504 0.006608505853218927 314
1694436705534 0.004660096663726909 315
1694436705566 0.004620227128325327 316
1694436705594 0.006298309112445777 317
1694436705626 0.00725477005677122 318
1694436705656 0.007285683358539297 319
1694436705686 0.006780577446591551 320
1694436705721 0.008106309243867793 321
1694436705749 0.006735320867793826 322
1694436705778 0.007734186819305711 323
1694436705808 0.005867010744912027 324
1694436705838 0.00814974964127102 325
1694436705867 0.007875999067807449 326
1694436705896 0.007958087894519572 327
1694436705932 0.005937868917129219 328
1694436705963 0.008466601996693024 329
1694436705995 0.008969298699511352 330
1694436706035 0.005499512232487569 331
1694436706070 0.007981726951589052 332
1694436706107 0.007324352383525468 333
1694436706141 0.006283044174237418 334
1694436706175 0.008851945463688726 335
1694436706204 0.006982917909736486 336
1694436706237 0.006659930120772151 337
1694436706271 0.008701930723013951 338
1694436706305 0.008142646644868523 339
1694436706349 0.009217559068061987 340
1694436706396 0.009822731281818986 341
1694436706436 0.007989142244499092 342
1694436706472 0.008712626362769926 343
1694436706509 0.007680105641563184 344
1694436706545 0.0118069998341499 345
1694436706580 0.01148027252175543 346
1694436706614 0.008290531640289367 347
1694436706645 0.01205589519048611 348
1694436706679 0.00882462001363371 349
1694436706714 0.009970427607240429 350
1694436706742 0.010258924009415304 351
1694436706768 0.009434450932925276 352
1694436706794 0.00882988278405683 353
1694436706822 0.009101726058739934 354
1694436706852 0.010747688038067471 355
1694436706883 0.008285948534583198 356
1694436706916 0.009293874867793761 357
1694436706952 0.008634299620379648 358
1694436707002 0.010626812158120225 359
1694436707049 0.008357955937034589 360
1694436707091 0.014003667692780053 361
1694436707139 0.009583414593385964 362
1694436707193 0.012585066004876855 363
1694436707233 0.008022452940211533 364
1694436707268 0.00972161376345082 365
1694436707305 0.011811472368495668 366
1694436707337 0.012132412900616507 367
1694436707370 0.008091118476436066 368
1694436707402 0.012017374643622292 369
1694436707441 0.01190897597936924 370
1694436707476 0.011702904232576472 371
1694436707511 0.010702503401525787 372
1694436707549 0.008895003281481073 373
1694436707583 0.01289871251605823 374
1694436707616 0.010630813563391683 375
1694436707652 0.008738156915398365 376
1694436707688 0.013166406089908378 377
1694436707723 0.011330490241206026 378
1694436707757 0.011352121309772145 379
1694436707790 0.012180157391659896 380
1694436707825 0.01480521991717132 381
1694436707858 0.014332388744404567 382
1694436707894 0.012147699966199244 383
1694436707929 0.007912787759373652 384
1694436707960 0.009037143688724325 385
1694436707991 0.013230646668466961 386
1694436708021 0.011850513833000065 387
1694436708052 0.013646122192784937 388
1694436708081 0.013198348341094124 389
1694436708113 0.012698068153192299 390
1694436708144 0.013418980945844705 391
1694436708175 0.01120202290700334 392
1694436708208 0.01507718786688339 393
1694436708239 0.013187980163876234 394
1694436708268 0.015950755655818383 395
1694436708298 0.0106958160613283 396
1694436708328 0.01237363617627063 397
1694436708362 0.014130278682351172 398
1694436708393 0.014005271699734978 399
1694436708424 0.01242613382721669 400
1694436708455 0.010349709678198593 401
1694436708486 0.013674631039261143 402
1694436708518 0.015941591529413213 403
1694436708548 0.010457454575989011 404
1694436708580 0.015545943910943105 405
1694436708613 0.015725341128740022 406
1694436708646 0.017472640628369396 407
1694436708677 0.015184993621900511 408
1694436708709 0.012482741367037087 409
1694436708742 0.013836395589515993 410
1694436708774 0.013701003156506908 411
1694436708809 0.012674398199610915 412
1694436708841 0.011681928673423103 413
1694436708871 0.016377388394065218 414
1694436708901 0.014295229418698652 415
1694436708930 0.015636302609333796 416
1694436708959 0.019010338856794817 417
1694436708989 0.01763779766888318 418
1694436709020 0.021410146891883808 419
1694436709046 0.016433454823425064 420
1694436709074 0.014506170333132062 421
1694436709104 0.017789793500822104 422
1694436709136 0.01956589120900276 423
1694436709168 0.016869143937906728 424
1694436709199 0.014865192888109946 425
1694436709231 0.013652776549087475 426
1694436709261 0.014569062819323797 427
1694436709289 0.013289706566804393 428
1694436709318 0.014601890230687586 429
1694436709350 0.015236488277505233 430
1694436709381 0.019982230311833105 431
1694436709409 0.02114220428528335 432
1694436709438 0.016620207160778833 433
1694436709473 0.01846460183360732 434
1694436709503 0.016870863518219426 435
1694436709535 0.017877236386575013 436
1694436709566 0.015520657627276502 437
1694436709597 0.016817877166272033 438
1694436709626 0.013588559792998556 439
1694436709655 0.020246680312935972 440
1694436709684 0.019266619033247778 441
1694436709715 0.017595740217133837 442
1694436709745 0.01854724804790686 443
1694436709773 0.01745871706832325 444
1694436709802 0.019056061454141626 445
1694436709832 0.01863326066432225 446
1694436709864 0.01975939517623071 447
1694436709895 0.018161618421008163 448
1694436709926 0.02023906178670043 449
1694436709957 0.01971456938920857 450
1694436709988 0.021010134095483912 451
1694436710016 0.020464005506758975 452
1694436710047 0.01991879078306058 453
1694436710075 0.022365911223561685 454
1694436710106 0.021695612648002682 455
1694436710138 0.017977092403926975 456
1694436710170 0.021680696624640783 457
1694436710197 0.022567588194793653 458
1694436710229 0.021269302791990685 459
1694436710261 0.02312265116877088 460
1694436710290 0.0176567971145295 461
1694436710320 0.02207572635494559 462
1694436710351 0.018340517310744042 463
1694436710380 0.02242925851313604 464
1694436710409 0.020273203484779234 465
1694436710440 0.01784112965821094 466
1694436710473 0.022514118831558294 467
1694436710501 0.019800928138917984 468
1694436710531 0.024698375849564025 469
1694436710560 0.01894603450311738 470
1694436710587 0.024412387664259683 471
1694436710617 0.01870882825721565 472
1694436710648 0.022273188132040378 473
1694436710676 0.020747840481225133 474
1694436710704 0.02267092039235663 475
1694436710733 0.023654090314383702 476
1694436710761 0.020630131640720806 477
1694436710787 0.020982052571920096 478
1694436710817 0.019854763897549144 479
1694436710849 0.02421697691621094 480
1694436710878 0.025028775150219396 481
1694436710906 0.02996873727601701 482
1694436710936 0.024397360690193937 483
1694436710966 0.024091599171453315 484
1694436710992 0.02442684840522369 485
1694436711024 0.0267978659030933 486
1694436711055 0.02393328168505604 487
1694436711082 0.023528337400253063 488
1694436711109 0.026178037526398468 489
1694436711137 0.029249889480184033 490
1694436711170 0.02069629266275208 491
1694436711197 0.021167135083882127 492
1694436711228 0.02507822151947614 493
1694436711261 0.02667483466411713 494
1694436711289 0.018668475202488488 495
1694436711319 0.021940980439918545 496
1694436711350 0.0250222233659686 497
1694436711381 0.026288150960711687 498
1694436711410 0.028139044027036153 499
