1694436864302 159.0921099997865 0
1694436864346 155.94641331843113 1
1694436864409 152.86934181362957 2
1694436864480 149.85933524565888 3
1694436864527 146.91486967760952 4
1694436864556 144.03445662022705 5
1694436864601 141.21664219702865 6
1694436864637 138.46000632921178 7
1694436864706 135.76316193988433 8
1694436864764 133.12475417715686 9
1694436864821 130.54345965564798 10
1694436864881 128.0179857159649 11
1694436864928 125.54706970173211 12
1694436864979 123.12947825375015 13
1694436865038 120.76400662087764 14
1694436865100 118.44947798723868 15
1694436865150 116.18474281536747 16
1694436865210 113.96867820491094 17
1694436865257 111.80018726652011 18
1694436865313 109.6781985105682 19
1694436865357 107.60166525034366 20
1694436865413 105.56956501937395 21
1694436865453 103.58089900254365 22
1694436865542 101.63469148067945 23
1694436865603 99.72998928828213 24
1694436865650 97.86586128409229 25
1694436865684 96.04139783418555 26
1694436865714 94.25571030729901 27
1694436865745 92.5079305820987 28
1694436865779 90.79721056610366 29
1694436865816 89.12272172599039 30
1694436865853 87.48365462900678 31
1694436865918 85.87921849523173 32
1694436865974 84.30864076042265 33
1694436866023 82.77116664919976 34
1694436866059 81.26605875832105 35
1694436866113 79.79259664980859 36
1694436866155 78.3500764536922 37
1694436866202 76.93781048014175 38
1694436866235 75.55512684076565 39
1694436866268 74.20136907885731 40
1694436866302 72.87589580837748 41
1694436866331 71.57808036146479 42
1694436866370 70.3073104442722 43
1694436866407 69.0629878009317 44
1694436866445 67.84452788545394 45
1694436866481 66.65135954137504 46
1694436866516 65.482924688966 47
1694436866549 64.3386780198259 48
1694436866584 63.218086698683095 49
1694436866621 62.12063007223357 50
1694436866656 61.045799384849595 51
1694436866690 59.99309750099542 52
1694436866721 58.962038634190954 53
1694436866761 57.95214808236822 54
1694436866795 56.962961969468644 55
1694436866833 55.99402699313348 56
1694436866905 55.04490017834255 57
1694436866980 54.1151486368604 58
1694436867028 53.20434933235199 59
1694436867064 52.31208885103369 60
1694436867120 51.437963177728115 61
1694436867171 50.58157747719474 62
1694436867221 49.74254588061128 63
1694436867256 48.920491277083656 64
1694436867302 48.11504511006531 65
1694436867345 47.32584717856967 66
1694436867397 46.55254544306198 67
1694436867447 45.794795835919636 68
1694436867497 45.05226207635291 69
1694436867538 44.324615489680134 70
1694436867587 43.611534830854495 71
1694436867655 42.91270611214131 72
1694436867715 42.227822434847866 73
1694436867774 41.5565838250096 74
1694436867823 40.8986970729389 75
1694436867896 40.253875576545255 76
1694436867931 39.621839188337184 77
1694436867961 39.00231406601899 78
1694436868007 38.3950325265971 79
1694436868043 37.79973290391301 80
1694436868079 37.21615940952155 81
1694436868121 36.64406199683552 82
1694436868157 36.083196228459244 83
1694436868203 35.533323146635574 84
1694436868237 34.99420914673282 85
1694436868271 34.46562585369939 86
1694436868304 33.947350001416424 87
1694436868338 33.4391633148793 88
1694436868372 32.940852395141526 89
1694436868405 32.4522086069555 90
1694436868440 31.9730279690465 91
1694436868480 31.503111046957397 92
1694436868530 31.04226284840366 93
1694436868568 30.590292721079006 94
1694436868639 30.147014252853975 95
1694436868673 29.712245174310734 96
1694436868704 29.28580726355907 97
1694436868754 28.867526253279483 98
1694436868815 28.457231739940926 99
1694436868864 28.05475709514173 100
1694436868903 27.659939379023584 101
1694436868995 27.27261925570964 102
1694436869032 26.892640910718956 103
1694436869064 26.519851970310516 104
1694436869097 26.15410342271144 105
1694436869141 25.795249541184745 106
1694436869188 25.443147808893386 107
1694436869229 25.09765884551803 108
1694436869269 24.758646335587393 109
1694436869312 24.425976958480486 110
1694436869340 24.09952032006161 111
1694436869373 23.779148885909322 112
1694436869411 23.46473791610199 113
1694436869440 23.156165401523126 114
1694436869471 22.853312001650725 115
1694436869506 22.55606098379554 116
1694436869538 22.264298163754297 117
1694436869567 21.977911847844343 118
1694436869600 21.696792776287314 119
1694436869634 21.42083406790996 120
1694436869664 21.149931166131086 121
1694436869702 20.883981786204465 122
1694436869731 20.62288586368792 123
1694436869766 20.366545504109972 124
1694436869802 20.114864933805606 125
1694436869831 19.86775045189387 126
1694436869860 19.625110383370203 127
1694436869888 19.38685503328753 128
1694436869923 19.15289664200027 129
1694436869956 18.923149341446436 130
1694436869989 18.697529112443284 131
1694436870031 18.475953742972795 132
1694436870062 18.25834278743363 133
1694436870107 18.044617526836905 134
1694436870148 17.834700929923546 135
1694436870180 17.62851761518167 136
1694436870228 17.425993813742714 137
1694436870265 17.22705733313585 138
1694436870311 17.03163752188034 139
1694436870348 16.83966523489627 140
1694436870380 16.651072799714484 141
1694436870416 16.465793983466888 142
1694436870450 16.28376396063882 143
1694436870479 16.10491928156562 144
1694436870512 15.929197841656055 145
1694436870540 15.756538851325297 146
1694436870572 15.586882806621094 147
1694436870615 15.42017146052678 148
1694436870648 15.25634779492513 149
1694436870678 15.095355993207862 150
1694436870717 14.937141413515375 151
1694436870752 14.781650562592136 152
1694436870787 14.628831070243237 153
1694436870818 14.478631664378133 154
1694436870850 14.33100214662765 155
1694436870879 14.185893368521045 156
1694436870914 14.043257208209836 157
1694436870957 13.903046547725767 158
1694436871017 13.765215250760372 159
1694436871052 13.629718140953857 160
1694436871084 13.496510980681501 161
1694436871119 13.365550450325948 162
1694436871160 13.236794128023988 163
1694436871199 13.110200469876744 164
1694436871240 12.985728790612514 165
1694436871271 12.86333924469164 166
1694436871303 12.742992807843098 167
1694436871345 12.624651259022793 168
1694436871388 12.508277162783612 169
1694436871446 12.393833852047749 170
1694436871503 12.281285411271892 171
1694436871550 12.170596659996049 172
1694436871590 12.06173313676714 173
1694436871627 11.95466108342869 174
1694436871666 11.849347429767892 175
1694436871707 11.745759778511987 176
1694436871757 11.643866390665604 177
1694436871811 11.543636171181248 178
1694436871852 11.445038654955193 179
1694436871901 11.34804399314114 180
1694436871933 11.252622939774309 181
1694436871965 11.158746838698772 182
1694436871994 11.066387610790873 183
1694436872069 10.975517741472027 184
1694436872122 10.88611026850406 185
1694436872178 10.798138770060504 186
1694436872211 10.711577353067598 187
1694436872244 10.626400641808594 188
1694436872286 10.542583766785302 189
1694436872319 10.460102353830973 190
1694436872384 10.378932513468607 191
1694436872436 10.29905083050908 192
1694436872481 10.220434353883448 193
1694436872515 10.14306058670415 194
1694436872547 10.06690747654963 195
1694436872599 9.99195340596737 196
1694436872652 9.918177183190213 197
1694436872690 9.845558033060998 198
1694436872737 9.774075588160837 199
1694436872804 9.70370988013621 200
1694436872852 9.634441331220291 201
1694436872914 9.566250745944084 202
1694436872953 9.499119303032971 203
1694436873006 9.43302854748438 204
1694436873047 9.367960382822382 205
1694436873097 9.30389706352518 206
1694436873148 9.24082118762152 207
1694436873190 9.178715689452055 208
1694436873227 9.117563832591932 209
1694436873263 9.05734920293092 210
1694436873301 8.998055701907365 211
1694436873337 8.939667539892515 212
1694436873379 8.882169229721708 213
1694436873412 8.825545580369095 214
1694436873447 8.769781690762601 215
1694436873481 8.714862943735817 216
1694436873514 8.660775000113862 217
1694436873546 8.607503792929924 218
1694436873577 8.555035521769693 219
1694436873619 8.503356647240569 220
1694436873653 8.45245388556299 221
1694436873688 8.402314203280872 222
1694436873727 8.352924812088602 223
1694436873766 8.304273163771859 224
1694436873812 8.256346945259647 225
1694436873850 8.20913407378501 226
1694436873907 8.162622692151974 227
1694436873957 8.116801164106265 228
1694436874019 8.071658069807444 229
1694436874055 8.02718220140015 230
1694436874085 7.983362558682194 231
1694436874120 7.940188344867288 232
1694436874169 7.897648962440288 233
1694436874212 7.855734009102798 234
1694436874254 7.814433273807117 235
1694436874304 7.773736732876516 236
1694436874347 7.733634546209876 237
1694436874418 7.694117053568775 238
1694436874470 7.6551747709451785 239
1694436874512 7.616798387007846 240
1694436874552 7.578978759625743 241
1694436874590 7.541706912466649 242
1694436874632 7.504974031669331 243
1694436874670 7.468771462587559 244
1694436874710 7.433090706604333 245
1694436874746 7.397923418014834 246
1694436874813 7.363261400976398 247
1694436874871 7.329096606524131 248
1694436874911 7.295421129650619 249
1694436874957 7.262227206448292 250
1694436874986 7.229507211313067 251
1694436875021 7.197253654207854 252
1694436875068 7.16545917798459 253
1694436875129 7.134116555763474 254
1694436875168 7.103218688368185 255
1694436875221 7.072758601815696 256
1694436875273 7.042729444859619 257
1694436875317 7.013124486585723 258
1694436875355 6.98393711405859 259
1694436875405 6.955160830018181 260
1694436875481 6.9267892506252124 261
1694436875568 6.898816103254311 262
1694436875618 6.871235224333755 263
1694436875663 6.8440405572308975 264
1694436875695 6.8172261501821705 265
1694436875727 6.79078615426672 266
1694436875768 6.7647148214226265 267
1694436875800 6.739006502504876 268
1694436875838 6.713655645384079 269
1694436875871 6.688656793084986 270
1694436875920 6.664004581964093 271
1694436875956 6.639693739925237 272
1694436876007 6.615719084672523 273
1694436876064 6.592075521999673 274
1694436876099 6.56875804411501 275
1694436876129 6.545761728001252 276
1694436876160 6.523081733809442 277
1694436876190 6.500713303286132 278
1694436876223 6.478651758233217 279
1694436876262 6.456892498999583 280
1694436876311 6.435431003003944 281
1694436876367 6.414262823288176 282
1694436876405 6.393383587100427 283
1694436876439 6.372788994507413 284
1694436876470 6.352474817035193 285
1694436876503 6.332436896337905 286
1694436876539 6.312671142893693 287
1694436876570 6.293173534727373 288
1694436876602 6.2739401161591815 289
1694436876634 6.254966996579066 290
1694436876684 6.236250349245922 291
1694436876715 6.217786410111285 292
1694436876751 6.1995714766668994 293
1694436876788 6.181601906815657 294
1694436876819 6.16387411776544 295
1694436876855 6.146384584945272 296
1694436876898 6.129129840943424 297
1694436876933 6.112106474466861 298
1694436876980 6.095311129321693 299
1694436877014 6.078740503414076 300
1694436877046 6.0623913477712215 301
1694436877084 6.046260465581934 302
1694436877122 6.030344711256424 303
1694436877154 6.014640989504868 304
1694436877205 5.999146254434339 305
1694436877244 5.98385750866372 306
1694436877296 5.968771802456251 307
1694436877331 5.9538862328692215 308
1694436877381 5.939197942920592 309
1694436877419 5.924704120772025 310
1694436877476 5.910401998928105 311
1694436877531 5.89628885345135 312
1694436877624 5.8823620031926325 313
1694436877702 5.8686188090367555 314
1694436877788 5.855056673162848 315
1694436877829 5.8416730383192 316
1694436877861 5.8284653871123195 317
1694436877895 5.815431241309843 318
1694436877928 5.802568161157044 319
1694436877957 5.789873744706628 320
1694436877994 5.77734562716157 321
1694436878028 5.764981480230635 322
1694436878069 5.752779011496442 323
1694436878102 5.7407359637957 324
1694436878145 5.7288501146113715 325
1694436878206 5.717119275476597 326
1694436878239 5.70554129139004 327
1694436878283 5.69411404024244 328
1694436878314 5.682835432254175 329
1694436878346 5.67170340942354 330
1694436878403 5.6607159449855935 331
1694436878434 5.649871042881284 332
1694436878480 5.639166737236661 333
1694436878523 5.628601091851994 334
1694436878555 5.6181721997005765 335
1694436878598 5.607878182436953 336
1694436878641 5.597717189914487 337
1694436878685 5.587687399711986 338
1694436878716 5.577787016669222 339
1694436878749 5.568014272431217 340
1694436878783 5.558367425000978 341
1694436878822 5.548844758300688 342
1694436878854 5.539444581741026 343
1694436878888 5.53016522979853 344
1694436878919 5.521005061600812 345
1694436878963 5.511962460519481 346
1694436879004 5.5030358337706 347
1694436879036 5.4942236120225045 348
1694436879068 5.485524249010915 349
1694436879106 5.476936221161053 350
1694436879139 5.468458027216796 351
1694436879168 5.4600881878765675 352
1694436879196 5.451825245435902 353
1694436879224 5.443667763436589 354
1694436879261 5.4356143263221375 355
1694436879297 5.427663539099586 356
1694436879332 5.419814027007401 357
1694436879366 5.412064435189433 358
1694436879405 5.404413428374757 359
1694436879435 5.39685969056328 360
1694436879497 5.389401924717043 361
1694436879530 5.382038852457048 362
1694436879570 5.374769213765565 363
1694436879607 5.367591766693716 364
1694436879649 5.360505287074335 365
1694436879690 5.35350856823993 366
1694436879724 5.346600420745675 367
1694436879762 5.339779672097324 368
1694436879813 5.333045166483933 369
1694436879846 5.326395764515349 370
1694436879889 5.3198303429642975 371
1694436879922 5.313347794513052 372
1694436879955 5.306947027504514 373
1694436880007 5.300626965697717 374
1694436880045 5.294386548027591 375
1694436880088 5.288224728368897 376
1694436880126 5.28214047530434 377
1694436880157 5.276132771896667 378
1694436880200 5.270200615464777 379
1694436880233 5.2643430173636485 380
1694436880267 5.258559002768136 381
1694436880311 5.252847610460476 382
1694436880337 5.247207892621465 383
1694436880374 5.2416389146252 384
1694436880418 5.236139754837379 385
1694436880449 5.230709504417061 386
1694436880489 5.22534726712176 387
1694436880519 5.220052159115929 388
1694436880546 5.214823308782671 389
1694436880574 5.209659856538649 390
1694436880618 5.2045609546521705 391
1694436880646 5.199525767064272 392
1694436880673 5.194553469212923 393
1694436880711 5.189643247860105 394
1694436880737 5.184794300921881 395
1694436880768 5.180005837301233 396
1694436880814 5.175277076723753 397
1694436880854 5.170607249576087 398
1694436880896 5.16599559674703 399
1694436880926 5.161441369471302 400
1694436880953 5.156943829175913 401
1694436880995 5.152502247329056 402
1694436881024 5.148115905291522 403
1694436881051 5.14378409417056 404
1694436881088 5.139506114676153 405
1694436881122 5.135281276979627 406
1694436881150 5.1311089005746355 407
1694436881183 5.12698831414037 408
1694436881227 5.122918855407002 409
1694436881261 5.1188998710234 410
1694436881297 5.11493071642687 411
1694436881327 5.111010755715149 412
1694436881360 5.107139361520364 413
1694436881400 5.103315914885088 414
1694436881432 5.099539805140391 415
1694436881464 5.095810429785833 416
1694436881495 5.092127194371419 417
1694436881523 5.088489512381425 418
1694436881552 5.08489680512008 419
1694436881581 5.081348501599112 420
1694436881618 5.077844038427033 421
1694436881648 5.074382859700241 422
1694436881680 5.070964416895812 423
1694436881712 5.0675881687660205 424
1694436881739 5.064253581234509 425
1694436881774 5.060960127294098 426
1694436881806 5.057707286906229 427
1694436881840 5.054494546901984 428
1694436881878 5.051321400884617 429
1694436881912 5.048187349133662 430
1694436881944 5.045091898510545 431
1694436881974 5.042034562365613 432
1694436882014 5.039014860446688 433
1694436882045 5.03603231880896 434
1694436882078 5.033086469726363 435
1694436882109 5.030176851604247 436
1694436882145 5.02730300889347 437
1694436882180 5.0244644920057535 438
1694436882215 5.0216608572303745 439
1694436882246 5.018891666652154 440
1694436882287 5.016156488070655 441
1694436882336 5.0134548949206605 442
1694436882376 5.010786466193864 443
1694436882426 5.008150786361718 444
1694436882463 5.0055474452995 445
1694436882514 5.002976038211516 446
1694436882542 5.000436165557438 447
1694436882570 4.997927432979743 448
1694436882596 4.995449451232284 449
1694436882626 4.993001836109918 450
1694436882661 4.990584208379172 451
1694436882688 4.988196193709999 452
1694436882719 4.985837422608526 453
1694436882746 4.983507530350805 454
1694436882779 4.9812061569175805 455
1694436882813 4.978932946930018 456
1694436882839 4.976687549586374 457
1694436882871 4.9744696185996355 458
1694436882907 4.972278812136056 459
1694436882938 4.970114792754658 460
1694436882969 4.9679772273475375 461
1694436883002 4.965865787081148 462
1694436883034 4.963780147338392 463
1694436883063 4.961719987661567 464
1694436883104 4.959684991696182 465
1694436883139 4.957674847135572 466
1694436883171 4.955689245666317 467
1694436883213 4.9537278829145 468
1694436883241 4.951790458392696 469
1694436883272 4.949876675447771 470
1694436883314 4.947986241209424 471
1694436883346 4.9461188665394795 472
1694436883378 4.9442742659819245 473
1694436883413 4.942452157713642 474
1694436883439 4.940652263495904 475
1694436883470 4.938874308626505 476
1694436883503 4.9371180218926405 477
1694436883533 4.935383135524418 478
1694436883566 4.933669385149069 479
1694436883600 4.931976509745787 480
1694436883634 4.930304251601243 481
1694436883667 4.92865235626573 482
1694436883702 4.92702057250991 483
1694436883734 4.925408652282189 484
1694436883770 4.9238163506667165 485
1694436883804 4.922243425841966 486
1694436883835 4.920689639039897 487
1694436883864 4.9191547545056995 488
1694436883902 4.917638539458124 489
1694436883931 4.916140764050341 490
1694436883962 4.914661201331391 491
1694436883991 4.913199627208133 492
1694436884032 4.911755820407769 493
1694436884066 4.910329562440854 494
1694436884102 4.908920637564876 495
1694436884142 4.907528832748287 496
1694436884175 4.906153937635076 497
1694436884209 4.904795744509843 498
1694436884238 4.903454048263318 499
