1694439331333 -0.001479855573310207 0
1694439331367 -0.0014797847672174402 1
1694439331403 -0.0014797139289925987 2
1694439331439 -0.0014796430586276887 3
1694439331476 -0.0014795721561138286 4
1694439331541 -0.0014795012214425807 5
1694439331600 -0.001479430254605285 6
1694439331658 -0.0014793592555941704 7
1694439331701 -0.0014792882243999106 8
1694439331744 -0.0014792171610145122 9
1694439331776 -0.0014791460654295374 10
1694439331813 -0.0014790749376361045 11
1694439331845 -0.0014790037776259979 12
1694439331879 -0.0014789325853907798 13
1694439331918 -0.0014788613609215684 14
1694439331950 -0.0014787901042105922 15
1694439331980 -0.0014787188152483033 16
1694439332018 -0.001478647494026708 17
1694439332073 -0.0014785761405380349 18
1694439332122 -0.0014785047547725139 19
1694439332175 -0.0014784333367223734 20
1694439332216 -0.0014783618863789538 21
1694439332268 -0.0014782904037338174 22
1694439332315 -0.0014782188887783043 23
1694439332385 -0.001478147341503977 24
1694439332453 -0.0014780757619021756 25
1694439332554 -0.0014780041499642405 26
1694439332630 -0.001477932505682622 27
1694439332676 -0.0014778608290473283 28
1694439332725 -0.0014777891200510318 29
1694439332784 -0.0014777173786846287 30
1694439332855 -0.0014776456049396813 31
1694439332896 -0.00147757379880753 32
1694439332928 -0.0014775019602799588 33
1694439332959 -0.0014774300893483083 34
1694439332989 -0.0014773581860039187 35
1694439333021 -0.00147728625023813 36
1694439333051 -0.001477214282042949 37
1694439333080 -0.0014771422814099378 38
1694439333110 -0.0014770702483288822 39
1694439333146 -0.001476998182792677 40
1694439333179 -0.0014769260847928845 41
1694439333211 -0.0014768539543206227 42
1694439333246 -0.00147678179136701 43
1694439333281 -0.0014767095959240528 44
1694439333315 -0.0014766373679824252 45
1694439333350 -0.0014765651075343555 46
1694439333384 -0.0014764928145711842 47
1694439333421 -0.0014764204890840293 48
1694439333459 -0.0014763481310642312 49
1694439333504 -0.0014762757405035742 50
1694439333545 -0.0014762033173933986 51
1694439333581 -0.0014761308617248226 52
1694439333621 -0.0014760583734896304 53
1694439333658 -0.0014759858526789404 54
1694439333693 -0.001475913299284759 55
1694439333729 -0.0014758407132984264 56
1694439333763 -0.0014757680947099505 57
1694439333796 -0.001475695443512226 58
1694439333827 -0.0014756227596965932 59
1694439333860 -0.0014755500432539481 60
1694439333894 -0.0014754772941760752 61
1694439333931 -0.0014754045124545367 62
1694439333969 -0.0014753316980800069 63
1694439334001 -0.0014752588510433817 64
1694439334036 -0.001475185971337778 65
1694439334070 -0.0014751130589536476 66
1694439334105 -0.0014750401138829972 67
1694439334145 -0.0014749671361160566 68
1694439334173 -0.0014748941256454984 69
1694439334205 -0.0014748210824615526 70
1694439334236 -0.0014747480065566698 71
1694439334268 -0.001474674897921302 72
1694439334302 -0.0014746017565476777 73
1694439334346 -0.001474528582426693 74
1694439334379 -0.001474455375549688 75
1694439334408 -0.0014743821359086695 76
1694439334439 -0.0014743088634934232 77
1694439334470 -0.0014742355582968436 78
1694439334502 -0.001474162220310049 79
1694439334534 -0.0014740888495243798 80
1694439334563 -0.001474015445931176 81
1694439334596 -0.001473942009521112 82
1694439334627 -0.001473868540286416 83
1694439334659 -0.0014737950382182063 84
1694439334688 -0.0014737215033078233 85
1694439334722 -0.001473647935546385 86
1694439334755 -0.0014735743349256758 87
1694439334787 -0.001473500701437036 88
1694439334821 -0.0014734270350711398 89
1694439334856 -0.0014733533358199935 90
1694439334891 -0.0014732796036756035 91
1694439334921 -0.0014732058386270896 92
1694439334955 -0.0014731320406677906 93
1694439334989 -0.0014730582097888245 94
1694439335022 -0.0014729843459806435 95
1694439335055 -0.001472910449235254 96
1694439335086 -0.0014728365195442183 97
1694439335117 -0.0014727625568979885 98
1694439335157 -0.001472688561288793 99
1694439335196 -0.001472614532707306 100
1694439335236 -0.0014725404711453116 101
1694439335270 -0.0014724663765941504 102
1694439335305 -0.0014723922490442742 103
1694439335341 -0.0014723180884881337 104
1694439335378 -0.001472243894916847 105
1694439335414 -0.0014721696683206442 106
1694439335455 -0.0014720954086926419 107
1694439335485 -0.00147202111602307 108
1694439335519 -0.001471946790302825 109
1694439335554 -0.001471872431523913 110
1694439335585 -0.0014717980396778962 111
1694439335619 -0.001471723614755449 112
1694439335655 -0.0014716491567483558 113
1694439335694 -0.0014715746656472906 114
1694439335731 -0.0014715001414440376 115
1694439335768 -0.0014714255841301593 116
1694439335801 -0.0014713509936961078 117
1694439335839 -0.0014712763701341114 118
1694439335876 -0.0014712017134352884 119
1694439335906 -0.0014711270235896468 120
1694439335940 -0.001471052300589859 121
1694439335976 -0.0014709775444270434 122
1694439336004 -0.0014709027550923182 123
1694439336070 -0.0014708279325768014 124
1694439336111 -0.0014707530768720556 125
1694439336168 -0.0014706781879689768 126
1694439336212 -0.0014706032658593493 127
1694439336264 -0.0014705283105340694 128
1694439336311 -0.0014704533219842553 129
1694439336375 -0.0014703783002016912 130
1694439336421 -0.0014703032451777176 131
1694439336480 -0.0014702281569030085 132
1694439336521 -0.001470153035368904 133
1694439336581 -0.0014700778805671888 134
1694439336616 -0.0014700026924883147 135
1694439336656 -0.0014699274711247323 136
1694439336699 -0.0014698522164666716 137
1694439336744 -0.0014697769285052509 138
1694439336783 -0.0014697016072329205 139
1694439336831 -0.0014696262526396886 140
1694439336890 -0.0014695508647175615 141
1694439336932 -0.0014694754434576573 142
1694439336965 -0.0014693999888510945 143
1694439337010 -0.001469324500888769 144
1694439337049 -0.0014692489795626873 145
1694439337086 -0.0014691734248633015 146
1694439337116 -0.001469097836782618 147
1694439337152 -0.0014690222153110888 148
1694439337186 -0.0014689465604404983 149
1694439337219 -0.0014688708721624089 150
1694439337253 -0.0014687951504670504 151
1694439337288 -0.0014687193953462074 152
1694439337320 -0.001468643606790998 153
1694439337353 -0.0014685677847934286 154
1694439337387 -0.0014684919293430632 155
1694439337419 -0.001468416040432352 156
1694439337455 -0.0014683401180524136 157
1694439337491 -0.001468264162194144 158
1694439337524 -0.0014681881728488833 159
1694439337559 -0.0014681121500075278 160
1694439337593 -0.001468036093662306 161
1694439337625 -0.0014679600038032259 162
1694439337665 -0.0014678838804222938 163
1694439337696 -0.0014678077235101838 164
1694439337735 -0.0014677315330584584 165
1694439337770 -0.0014676553090580136 166
1694439337800 -0.0014675790515004117 167
1694439337837 -0.001467502760376549 168
1694439337876 -0.0014674264356777655 169
1694439337910 -0.0014673500773951798 170
1694439337946 -0.0014672736855201318 171
1694439337984 -0.001467197260043518 172
1694439338014 -0.0014671208009566783 173
1694439338052 -0.0014670443082509532 174
1694439338090 -0.0014669677819172389 175
1694439338122 -0.0014668912219470975 176
1694439338165 -0.0014668146283309813 177
1694439338200 -0.0014667380010613407 178
1694439338230 -0.0014666613401277395 179
1694439338265 -0.0014665846455226283 180
1694439338299 -0.0014665079172366813 181
1694439338338 -0.0014664311552612386 182
1694439338380 -0.0014663543595869744 183
1694439338412 -0.001466277530205451 184
1694439338453 -0.0014662006671082306 185
1694439338489 -0.0014661237702853214 186
1694439338520 -0.0014660468397291737 187
1694439338556 -0.0014659698754300177 188
1694439338594 -0.0014658928773796376 189
1694439338622 -0.0014658158455687076 190
1694439338664 -0.001465738779988568 191
1694439338701 -0.001465661680630559 192
1694439338739 -0.0014655845474855766 193
1694439338778 -0.0014655073805442953 194
1694439338810 -0.0014654301797989433 195
1694439338847 -0.0014653529452397507 196
1694439338886 -0.0014652756768587238 197
1694439338922 -0.0014651983746456487 198
1694439338969 -0.0014651210385931979 199
1694439339006 -0.0014650436686913793 200
1694439339051 -0.0014649662649319772 201
1694439339094 -0.001464888827305666 202
1694439339125 -0.0014648113558037856 203
1694439339171 -0.0014647338504176766 204
1694439339206 -0.001464656311138235 205
1694439339237 -0.0014645787379563568 206
1694439339284 -0.0014645011308629385 207
1694439339319 -0.0014644234898499864 208
1694439339360 -0.0014643458149090627 209
1694439339398 -0.0014642681060286211 210
1694439339428 -0.0014641903632024444 211
1694439339468 -0.0014641125864207627 212
1694439339500 -0.001464034775674694 213
1694439339530 -0.0014639569309549127 214
1694439339575 -0.001463879052253203 215
1694439339606 -0.0014638011395606831 216
1694439339637 -0.001463723192866695 217
1694439339679 -0.0014636452121647991 218
1694439339714 -0.0014635671974450037 219
1694439339746 -0.001463489148698427 220
1694439339779 -0.001463411065915965 221
1694439339811 -0.00146333294908918 222
1694439339838 -0.0014632547982087463 223
1694439339871 -0.00146317661326556 224
1694439339900 -0.0014630983942514053 225
1694439339928 -0.0014630201411569566 226
1694439339958 -0.0014629418539731098 227
1694439339988 -0.0014628635326914274 228
1694439340019 -0.0014627851773023615 229
1694439340064 -0.0014627067877972522 230
1694439340095 -0.001462628364168328 231
1694439340125 -0.0014625499064038205 232
1694439340156 -0.0014624714144970685 233
1694439340187 -0.0014623928884391901 234
1694439340220 -0.0014623143282204154 235
1694439340255 -0.0014622357338318626 236
1694439340288 -0.0014621571052644278 237
1694439340319 -0.0014620784425101174 238
1694439340356 -0.0014619997455593836 239
1694439340388 -0.0014619210144033445 240
1694439340418 -0.0014618422490317862 241
1694439340454 -0.0014617634494380471 242
1694439340488 -0.0014616846156114693 243
1694439340519 -0.0014616057475440591 244
1694439340554 -0.0014615268452262686 245
1694439340587 -0.0014614479086496601 246
1694439340619 -0.0014613689378042416 247
1694439340655 -0.0014612899326822415 248
1694439340690 -0.001461210893274334 249
1694439340720 -0.001461131819570971 250
1694439340753 -0.001461052711563715 251
1694439340790 -0.0014609735692434622 252
1694439340819 -0.0014608943926015527 253
1694439340854 -0.0014608151816284387 254
1694439340888 -0.0014607359363156824 255
1694439340918 -0.001460656656653958 256
1694439340947 -0.0014605773426343838 257
1694439340976 -0.0014604979942478558 258
1694439341005 -0.0014604186114852702 259
1694439341034 -0.0014603391943379673 260
1694439341068 -0.0014602597427977315 261
1694439341098 -0.0014601802568532385 262
1694439341126 -0.0014601007364973828 263
1694439341156 -0.0014600211817210607 264
1694439341191 -0.001459941592514724 265
1694439341222 -0.0014598619688692693 266
1694439341260 -0.0014597823107760366 267
1694439341297 -0.0014597026182261441 268
1694439341330 -0.001459622891210488 269
1694439341371 -0.0014595431297197425 270
1694439341403 -0.0014594633337452478 271
1694439341434 -0.001459383503277678 272
1694439341468 -0.0014593036383083735 273
1694439341500 -0.0014592237388280083 274
1694439341535 -0.0014591438048277006 275
1694439341570 -0.0014590638362985686 276
1694439341604 -0.0014589838332310645 277
1694439341639 -0.0014589037956169726 278
1694439341676 -0.001458823723446745 279
1694439341710 -0.0014587436167108336 280
1694439341746 -0.001458663475401245 281
1694439341782 -0.0014585832995082093 282
1694439341813 -0.0014585030890235107 283
1694439341849 -0.0014584228439369351 284
1694439341879 -0.001458342564240045 285
1694439341912 -0.0014582622499244025 286
1694439341949 -0.0014581819009800157 287
1694439341987 -0.0014581015173980028 288
1694439342020 -0.001458021099169704 289
1694439342057 -0.0014579406462857936 290
1694439342094 -0.0014578601587378337 291
1694439342122 -0.0014577796365153883 292
1694439342161 -0.0014576990796102418 293
1694439342197 -0.0014576184880137344 294
1694439342233 -0.0014575378617160961 295
1694439342271 -0.0014574572007088893 296
1694439342306 -0.001457376504982122 297
1694439342337 -0.0014572957745280224 298
1694439342389 -0.0014572150093363767 299
1694439342422 -0.001457134209398303 300
1694439342454 -0.0014570533747053638 301
1694439342488 -0.001456972505248233 302
1694439342522 -0.0014568916010175847 303
1694439342553 -0.0014568106620038712 304
1694439342589 -0.0014567296881988767 305
1694439342620 -0.0014566486795937195 306
1694439342655 -0.0014565676361779634 307
1694439342693 -0.0014564865579431707 308
1694439342728 -0.001456405444881348 309
1694439342763 -0.001456324296982059 310
1694439342791 -0.0014562431142364218 311
1694439342821 -0.001456161896635777 312
1694439342851 -0.0014560806441705765 313
1694439342888 -0.0014559993568323826 314
1694439342917 -0.0014559180346112033 315
1694439342947 -0.001455836677498601 316
1694439342987 -0.0014557552854850275 317
1694439343019 -0.0014556738585616014 318
1694439343052 -0.0014555923967192186 319
1694439343095 -0.0014555108999487754 320
1694439343127 -0.0014554293682409458 321
1694439343157 -0.0014553478015868482 322
1694439343190 -0.0014552661999773786 323
1694439343220 -0.0014551845634032112 324
1694439343254 -0.0014551028918552422 325
1694439343291 -0.0014550211853243677 326
1694439343321 -0.001454939443801706 327
1694439343354 -0.0014548576672777092 328
1694439343388 -0.0014547758557437174 329
1694439343420 -0.0014546940091901828 330
1694439343450 -0.0014546121276088897 331
1694439343481 -0.001454530210988736 332
1694439343513 -0.001454448259322394 333
1694439343543 -0.0014543662725996498 334
1694439343582 -0.0014542842508120657 335
1694439343623 -0.0014542021939505378 336
1694439343666 -0.0014541201020050742 337
1694439343702 -0.0014540379749674592 338
1694439343737 -0.001453955812828589 339
1694439343771 -0.0014538736155778054 340
1694439343803 -0.001453791383208003 341
1694439343834 -0.0014537091157076354 342
1694439343871 -0.0014536268130700414 343
1694439343906 -0.0014535444752845628 344
1694439343938 -0.0014534621023425398 345
1694439343972 -0.0014533796942344246 346
1694439344011 -0.0014532972509515574 347
1694439344046 -0.0014532147724841682 348
1694439344080 -0.0014531322588240414 349
1694439344113 -0.001453049709960963 350
1694439344147 -0.0014529671258864951 351
1694439344181 -0.001452884506590424 352
1694439344221 -0.0014528018520645336 353
1694439344255 -0.0014527191622997204 354
1694439344289 -0.0014526364372857703 355
1694439344327 -0.0014525536770144676 356
1694439344361 -0.0014524708814764864 357
1694439344391 -0.0014523880506620568 358
1694439344427 -0.001452305184562741 359
1694439344464 -0.0014522222831689913 360
1694439344494 -0.0014521393464712595 361
1694439344527 -0.0014520563744611081 362
1694439344556 -0.0014519733671287671 363
1694439344588 -0.0014518903244649106 364
1694439344620 -0.0014518072464608789 365
1694439344651 -0.001451724133107124 366
1694439344683 -0.001451640984394098 367
1694439344718 -0.0014515578003131413 368
1694439344750 -0.00145147458085515 369
1694439344780 -0.001451391326010354 370
1694439344816 -0.0014513080357696495 371
1694439344850 -0.0014512247101239328 372
1694439344898 -0.0014511413490645442 373
1694439344934 -0.0014510579525808254 374
1694439344977 -0.001450974520665227 375
1694439345015 -0.0014508910533073127 376
1694439345048 -0.0014508075504988671 377
1694439345086 -0.0014507240122287879 378
1694439345122 -0.0014506404384901916 379
1694439345166 -0.001450556829271532 380
1694439345205 -0.0014504731845659258 381
1694439345240 -0.0014503895043622705 382
1694439345277 -0.0014503057886525728 383
1694439345312 -0.0014502220374263963 384
1694439345342 -0.0014501382506757476 385
1694439345376 -0.0014500544283904127 386
1694439345406 -0.0014499705705612875 387
1694439345438 -0.0014498866771794905 388
1694439345475 -0.0014498027482354736 389
1694439345509 -0.001449718783720133 390
1694439345539 -0.001449634783623921 391
1694439345573 -0.0014495507479379555 392
1694439345606 -0.0014494666766531328 393
1694439345636 -0.0014493825697592388 394
1694439345672 -0.001449298427247836 395
1694439345706 -0.0014492142491093762 396
1694439345737 -0.0014491300353349779 397
1694439345771 -0.0014490457859146488 398
1694439345805 -0.0014489615008395074 399
1694439345836 -0.0014488771801000055 400
1694439345876 -0.0014487928236874836 401
1694439345912 -0.0014487084315919496 402
1694439345944 -0.0014486240038045217 403
1694439345979 -0.001448539540316096 404
1694439346019 -0.0014484550411171249 405
1694439346051 -0.001448370506197616 406
1694439346089 -0.0014482859355491318 407
1694439346123 -0.0014482013291623463 408
1694439346152 -0.0014481166870277118 409
1694439346188 -0.0014480320091359022 410
1694439346226 -0.001447947295478036 411
1694439346258 -0.0014478625460441208 412
1694439346292 -0.001447777760825275 413
1694439346326 -0.001447692939812395 414
1694439346368 -0.0014476080829954885 415
1694439346405 -0.0014475231903661179 416
1694439346440 -0.001447438261914069 417
1694439346477 -0.0014473532976300163 418
1694439346512 -0.0014472682975059659 419
1694439346544 -0.0014471832615310376 420
1694439346578 -0.0014470981896965718 421
1694439346611 -0.0014470130819932425 422
1694439346640 -0.001446927938411946 423
1694439346677 -0.0014468427589426902 424
1694439346713 -0.0014467575435765934 425
1694439346746 -0.0014466722923045516 426
1694439346780 -0.001446587005116573 427
1694439346820 -0.0014465016820039978 428
1694439346850 -0.0014464163229568339 429
1694439346886 -0.0014463309279659775 430
1694439346920 -0.001446245497022547 431
1694439346952 -0.001446160030116328 432
1694439346990 -0.001446074527238883 433
1694439347023 -0.0014459889883802202 434
1694439347052 -0.0014459034135314575 435
1694439347089 -0.0014458178026821589 436
1694439347126 -0.0014457321558243308 437
1694439347165 -0.0014456464729486473 438
1694439347208 -0.0014455607540440063 439
1694439347246 -0.001445474999102636 440
1694439347278 -0.0014453892081145447 441
1694439347315 -0.0014453033810706284 442
1694439347353 -0.0014452175179613391 443
1694439347393 -0.001445131618777129 444
1694439347432 -0.0014450456835093384 445
1694439347469 -0.001444959712147531 446
1694439347506 -0.0014448737046830473 447
1694439347542 -0.0014447876611065613 448
1694439347574 -0.0014447015814087472 449
1694439347611 -0.0014446154655793908 450
1694439347642 -0.0014445293136098325 451
1694439347671 -0.0014444431254900802 452
1694439347707 -0.0014443569012114743 453
1694439347739 -0.0014442706407640227 454
1694439347774 -0.0014441843441390656 455
1694439347811 -0.001444098011326167 456
1694439347844 -0.0014440116423171112 457
1694439347881 -0.00144392523710124 458
1694439347919 -0.001443838795669894 459
1694439347952 -0.0014437523180139689 460
1694439347999 -0.0014436658041232509 461
1694439348034 -0.001443579253988636 462
1694439348067 -0.0014434926676010207 463
1694439348102 -0.0014434060449508568 464
1694439348133 -0.0014433193860279303 465
1694439348168 -0.0014432326908244697 466
1694439348202 -0.0014431459593287066 467
1694439348235 -0.0014430591915330915 468
1694439348270 -0.0014429723874280764 469
1694439348305 -0.0014428855470034474 470
1694439348341 -0.0014427986702503226 471
1694439348372 -0.0014427117571591541 472
1694439348404 -0.001442624807720172 473
1694439348439 -0.0014425378219242724 474
1694439348469 -0.0014424507997616853 475
1694439348513 -0.001442363741223751 476
1694439348544 -0.0014422766463000336 477
1694439348577 -0.001442189514981651 478
1694439348613 -0.0014421023472592776 479
1694439348648 -0.0014420151431235873 480
1694439348689 -0.0014419279025637 481
1694439348721 -0.001441840625571622 482
1694439348752 -0.0014417533121380277 483
1694439348790 -0.0014416659622518146 484
1694439348828 -0.0014415785759052113 485
1694439348859 -0.0014414911530882257 486
1694439348897 -0.00144140369379131 487
1694439348936 -0.001441316198004916 488
1694439348972 -0.001441228665719274 489
1694439349017 -0.0014411410969259464 490
1694439349054 -0.0014410534916142748 491
1694439349092 -0.0014409658497755995 492
1694439349128 -0.0014408781714001506 493
1694439349161 -0.0014407904564786023 494
1694439349202 -0.0014407027050009624 495
1694439349238 -0.0014406149169579052 496
1694439349284 -0.0014405270923403268 497
1694439349322 -0.0014404392311384573 498
1694439349363 -0.0014403513333431928 499
