1694436904003 160.03691505379552 0
1694436904085 156.86536147673633 1
1694436904134 153.76330705294237 2
1694436904171 150.72915905069365 3
1694436904219 147.76136229507281 4
1694436904260 144.85839826384932 5
1694436904334 142.01878420555215 6
1694436904387 139.24107227917455 7
1694436904435 136.52384871496747 8
1694436904479 133.8657329957942 9
1694436904546 131.26537705852985 10
1694436904598 128.72146451500547 11
1694436904632 126.23270989200674 12
1694436904670 123.79785788985195 13
1694436904726 121.41568265908488 14
1694436904804 119.08498709483055 15
1694436904870 116.80460214837368 16
1694436904938 114.57338615553022 17
1694436904999 112.39022418139439 18
1694436905054 110.25402738105305 19
1694436905111 108.1637323758709 20
1694436905166 106.11830064495933 21
1694436905216 104.11671793145183 22
1694436905257 102.15799366321849 23
1694436905338 100.2411603876617 24
1694436905429 98.36527322024362 25
1694436905536 96.52940930640597 26
1694436905637 94.73266729654961 27
1694436905684 92.97416683375207 28
1694436905799 91.25304805390701 29
1694436905837 89.56847109797938 30
1694436905888 87.9196156360769 31
1694436905939 86.30568040304613 32
1694436905974 84.72588274530906 33
1694436906007 83.17945817866334 34
1694436906041 81.6656599567753 35
1694436906071 80.18375865010374 36
1694436906101 78.73304173499658 37
1694436906137 77.31281319271096 38
1694436906170 75.9223931181128 39
1694436906204 74.56111733781762 40
1694436906238 73.22833703754144 41
1694436906274 71.92341839843525 42
1694436906322 70.64574224218296 43
1694436906371 69.39470368464806 44
1694436906421 68.16971179785936 45
1694436906453 66.97018928013182 46
1694436906484 65.7955721341233 47
1694436906518 64.64530935263299 48
1694436906551 63.518862611952486 49
1694436906586 62.415705972584654 50
1694436906617 61.33532558715062 51
1694436906666 60.277219415309204 52
1694436906712 59.24089694551779 53
1694436906748 58.22587892346762 54
1694436906786 57.23169708703105 55
1694436906818 56.25789390756195 56
1694436906854 55.30402233739445 57
1694436906885 54.36964556338932 58
1694436906928 53.454336766380706 59
1694436906971 52.55767888637972 60
1694436907005 51.67926439339499 61
1694436907050 50.81869506373374 62
1694436907098 49.975581761650005 63
1694436907141 49.14954422621049 64
1694436907184 48.34021086325136 65
1694436907228 47.547218542302275 66
1694436907286 46.77021239835754 67
1694436907354 46.00884563837662 68
1694436907430 45.26277935239955 69
1694436907489 44.53168232916565 70
1694436907559 43.81523087612616 71
1694436907667 43.11310864374489 72
1694436907749 42.42500645398277 73
1694436907833 41.750622132865594 74
1694436907894 41.089660347035746 75
1694436907945 40.44183244419228 76
1694436908010 39.80685629732476 77
1694436908090 39.18445615264998 78
1694436908133 38.574362481161664 79
1694436908177 37.9763118337063 80
1694436908223 37.390046699500026 81
1694436908261 36.81531536800351 82
1694436908296 36.25187179407414 83
1694436908331 35.6994754663164 84
1694436908370 35.157891278553485 85
1694436908419 34.626889404345114 86
1694436908461 34.106245174478175 87
1694436908497 33.595738957358684 88
1694436908540 33.095156042235466 89
1694436908582 32.604286525187256 90
1694436908615 32.12292519780709 91
1694436908649 31.65087143851904 92
1694436908685 31.187929106464157 93
1694436908717 30.733906437893978 94
1694436908767 30.28861594501141 95
1694436908842 29.851874317200327 96
1694436908896 29.423502324586593 97
1694436908944 29.00332472387468 98
1694436908999 28.591170166405256 99
1694436909043 28.186871108380718 100
1694436909073 27.790263723206632 101
1694436909104 27.401187815898492 102
1694436909136 27.019486739504377 103
1694436909168 26.645007313495324 104
1694436909200 26.277599744076337 105
1694436909232 25.917117546372037 106
1694436909268 25.563417468442463 107
1694436909300 25.216359417084856 108
1694436909330 24.87580638537926 109
1694436909358 24.541624381935844 110
1694436909400 24.21368236180389 111
1694436909436 23.89185215900209 112
1694436909469 23.57600842063233 113
1694436909502 23.2660285425384 114
1694436909553 22.961792606473416 115
1694436909614 22.663183318739733 116
1694436909652 22.37008595026625 117
1694436909702 22.08238827808908 118
1694436909741 21.799980528201935 119
1694436909790 21.522755319743904 120
1694436909871 21.25060761049253 121
1694436909940 20.983434643631377 122
1694436909994 20.7211358957617 123
1694436910042 20.46361302612861 124
1694436910084 20.210769827032955 125
1694436910129 19.962512175400732 126
1694436910171 19.7187479854825 127
1694436910219 19.479387162656096 128
1694436910254 19.24434155830632 129
1694436910289 19.013524925756148 130
1694436910320 18.786852877224533 131
1694436910363 18.56424284178639 132
1694436910401 18.345614024311125 133
1694436910439 18.1308873653564 134
1694436910505 17.919985501994603 135
1694436910586 17.71283272954995 136
1694436910684 17.509354964224553 137
1694436910735 17.309479706592533 138
1694436910783 17.113136005941623 139
1694436910836 16.92025442544222 140
1694436910883 16.73076700812424 141
1694436910921 16.54460724364285 142
1694436910952 16.361710035814284 143
1694436910987 16.182011670903652 144
1694436911040 16.005449786647006 145
1694436911081 15.83196334199018 146
1694436911120 15.661492587527706 147
1694436911151 15.49397903662513 148
1694436911189 15.32936543720871 149
1694436911251 15.167595744206677 150
1694436911303 15.008615092626828 151
1694436911338 14.852369771255331 152
1694436911371 14.698807196962207 153
1694436911404 14.547875889599153 154
1694436911436 14.399525447475808 155
1694436911471 14.253706523400822 156
1694436911521 14.110370801274462 157
1694436911551 13.969470973219774 158
1694436911591 13.830960717239673 159
1694436911633 13.694794675387554 160
1694436911672 13.560928432439418 161
1694436911707 13.429318495055712 162
1694436911745 13.29992227142139 163
1694436911783 13.172698051352963 164
1694436911819 13.047604986861597 165
1694436911856 12.924603073161594 166
1694436911903 12.803653130113767 167
1694436911938 12.684716784093546 168
1694436911979 12.567756450273846 169
1694436912019 12.45273531531303 170
1694436912052 12.339617320438444 171
1694436912107 12.228367144916282 172
1694436912139 12.118950189898735 173
1694436912171 12.011332562639625 174
1694436912221 11.905481061069887 175
1694436912252 11.801363158724484 176
1694436912289 11.698946990012635 177
1694436912337 11.59820133582316 178
1694436912367 11.499095609457356 179
1694436912405 11.401599842881524 180
1694436912440 11.305684673291855 181
1694436912470 11.21132132998437 182
1694436912503 11.11848162152272 183
1694436912535 11.027137923197008 184
1694436912570 10.937263164766785 185
1694436912604 10.848830818481652 186
1694436912639 10.76181488737297 187
1694436912671 10.676189893810443 188
1694436912702 10.59193086831726 189
1694436912732 10.509013338638006 190
1694436912764 10.427413319053265 191
1694436912797 10.347107299935344 192
1694436912825 10.268072237539373 193
1694436912858 10.190285544024483 194
1694436912890 10.113725077699565 195
1694436912921 10.038369133488542 196
1694436912951 9.96419643360995 197
1694436912985 9.891186118465951 198
1694436913018 9.819317737735842 199
1694436913050 9.748571241669453 200
1694436913087 9.678926972575688 201
1694436913120 9.61036565650175 202
1694436913153 9.542868395098592 203
1694436913186 9.476416657668443 204
1694436913219 9.410992273389944 205
1694436913247 9.346577423717083 206
1694436913286 9.283154634947694 207
1694436913320 9.220706770957701 208
1694436913351 9.159217026097334 209
1694436913388 9.098668918245446 210
1694436913424 9.039046282018438 211
1694436913454 8.98033326213013 212
1694436913494 8.922514306899181 213
1694436913524 8.865574161900561 214
1694436913562 8.809497863757883 215
1694436913595 8.754270734073287 216
1694436913626 8.699878373491709 217
1694436913657 8.64630665589651 218
1694436913691 8.593541722733386 219
1694436913722 8.541569977459647 220
1694436913752 8.490378080115994 221
1694436913787 8.439952942017994 222
1694436913821 8.390281720564479 223
1694436913852 8.341351814160232 224
1694436913881 8.293150857250327 225
1694436913911 8.245666715463539 226
1694436913945 8.198887480862423 227
1694436913985 8.152801467297527 228
1694436914037 8.1073972058634 229
1694436914070 8.06266344045411 230
1694436914119 8.018589123415925 231
1694436914150 7.975163411295013 232
1694436914185 7.932375660677965 233
1694436914224 7.890215424123019 234
1694436914262 7.848672446179974 235
1694436914292 7.807736659496705 236
1694436914334 7.7673981810103205 237
1694436914373 7.727647308221152 238
1694436914419 7.688474515547525 239
1694436914450 7.649870450759601 240
1694436914486 7.611825931490442 241
1694436914518 7.574331941822598 242
1694436914554 7.5373796289484325 243
1694436914617 7.500960299902609 244
1694436914648 7.465065418365016 245
1694436914681 7.429686601532582 246
1694436914714 7.394815617058472 247
1694436914745 7.360444380057057 248
1694436914778 7.326564950173179 249
1694436914819 7.293169528714397 250
1694436914855 7.260250455844579 251
1694436914904 7.227800207837665 252
1694436914937 7.195811394390091 253
1694436914966 7.164276755990676 254
1694436915000 7.133189161346576 255
1694436915031 7.102541604864121 256
1694436915064 7.072327204183279 257
1694436915101 7.042539197764561 258
1694436915135 7.013170942527112 259
1694436915165 6.984215911537009 260
1694436915204 6.955667691744428 261
1694436915238 6.927519981768777 262
1694436915271 6.899766589730624 263
1694436915303 6.8724014311294015 264
1694436915337 6.845418526765828 265
1694436915368 6.81881200070814 266
1694436915405 6.792576078301058 267
1694436915438 6.766705084216623 268
1694436915471 6.7411934405458664 269
1694436915514 6.716035664930558 270
1694436915552 6.691226368733973 271
1694436915589 6.666760255249918 272
1694436915621 6.642632117949185 273
1694436915675 6.618836838762496 274
1694436915767 6.595369386399259 275
1694436915854 6.572224814701237 276
1694436915927 6.549398261030431 277
1694436916019 6.526884944690368 278
1694436916091 6.5046801653801305 279
1694436916153 6.4827793016803 280
1694436916213 6.461177809570219 281
1694436916260 6.4398712209758235 282
1694436916305 6.418855142347348 283
1694436916359 6.398125253266354 284
1694436916413 6.377677305081297 285
1694436916501 6.357507119571142 286
1694436916566 6.337610587636294 287
1694436916620 6.317983668016337 288
1694436916660 6.298622386033952 289
1694436916754 6.279522832364449 290
1694436916826 6.260681161830341 291
1694436916869 6.242093592220449 292
1694436916907 6.223756403132998 293
1694436916953 6.205665934842114 294
1694436917004 6.187818587187291 295
1694436917041 6.170210818485352 296
1694436917079 6.152839144464301 297
1694436917112 6.135700137218681 298
1694436917145 6.118790424185973 299
1694436917176 6.1021066871435306 300
1694436917218 6.0856456612256515 301
1694436917257 6.069404133960323 302
1694436917292 6.0533789443252415 303
1694436917327 6.037566981822667 304
1694436917390 6.021965185572716 305
1694436917432 6.006570543424725 306
1694436917471 5.991380091086236 307
1694436917513 5.976390911269274 308
1694436917548 5.961600132853534 309
1694436917590 5.947004930066134 310
1694436917629 5.932602521677504 311
1694436917666 5.918390170213194 312
1694436917704 5.90436518118114 313
1694436917735 5.890524902314124 314
1694436917773 5.876866722827088 315
1694436917816 5.863388072688997 316
1694436917848 5.850086421908919 317
1694436917885 5.8369592798360355 318
1694436917921 5.824004194473314 319
1694436917961 5.811218751804472 320
1694436917995 5.798600575134048 321
1694436918026 5.786147324440264 322
1694436918055 5.773856695740373 323
1694436918095 5.76172642046828 324
1694436918129 5.749754264864166 325
1694436918163 5.73793802937586 326
1694436918200 5.726275548071669 327
1694436918232 5.714764688064539 328
1694436918266 5.703403348947167 329
1694436918305 5.692189462237939 330
1694436918341 5.681120990837456 331
1694436918385 5.670195928495345 332
1694436918417 5.659412299287274 333
1694436918447 5.6487681571018165 334
1694436918485 5.638261585137096 335
1694436918517 5.627890695406899 336
1694436918549 5.617653628256124 337
1694436918591 5.607548551885354 338
1694436918625 5.5975736618843435 339
1694436918662 5.587727180774297 340
1694436918704 5.578007357558674 341
1694436918737 5.568412467282428 342
1694436918773 5.558940810599432 343
1694436918814 5.5495907133479845 344
1694436918851 5.540360526134189 345
1694436918896 5.531248623923079 346
1694436918929 5.52225340563728 347
1694436918964 5.5133732937631414 348
1694436918998 5.504606733964052 349
1694436919033 5.495952194700957 350
1694436919066 5.487408166859798 351
1694436919099 5.478973163385798 352
1694436919129 5.47064571892442 353
1694436919162 5.462424389468926 354
1694436919199 5.454307752014318 355
1694436919230 5.446294404217586 356
1694436919268 5.438382964064155 357
1694436919312 5.430572069540334 358
1694436919347 5.4228603783117055 359
1694436919387 5.415246567407334 360
1694436919421 5.407729332909652 361
1694436919453 5.400307389649901 362
1694436919496 5.392979470909098 363
1694436919529 5.385744328124282 364
1694436919561 5.378600730600065 365
1694436919600 5.37154746522529 366
1694436919633 5.364583336194782 367
1694436919696 5.357707164735994 368
1694436919730 5.350917788840508 369
1694436919789 5.344214063000326 370
1694436919837 5.337594857948756 371
1694436919882 5.33105906040592 372
1694436919919 5.3246055728287125 373
1694436919954 5.318233313165132 374
1694436919983 5.311941214612945 375
1694436920013 5.305728225382578 376
1694436920046 5.299593308464076 377
1694436920079 5.293535441398222 378
1694436920112 5.287553616051544 379
1694436920141 5.281646838395265 380
1694436920172 5.275814128288077 381
1694436920202 5.270054519262655 382
1694436920232 5.264367058315854 383
1694436920268 5.258750805702515 384
1694436920300 5.253204834732815 385
1694436920333 5.247728231573079 386
1694436920363 5.242320095049994 387
1694436920394 5.236979536458206 388
1694436920422 5.231705679371092 389
1694436920454 5.226497659454864 390
1694436920483 5.221354624285749 391
1694436920514 5.21627573317029 392
1694436920556 5.211260156968663 393
1694436920587 5.206307077921009 394
1694436920622 5.2014156894766215 395
1694436920662 5.196585196126085 396
1694436920697 5.191814813236132 397
1694436920747 5.187103766887345 398
1694436920791 5.18245129371451 399
1694436920834 5.177856640749642 400
1694436920872 5.173319065267625 401
1694436920904 5.168837834634394 402
1694436920942 5.16441222615767 403
1694436921040 5.160041526940086 404
1694436921104 5.155725033734807 405
1694436921154 5.151462052803491 406
1694436921208 5.147251899776567 407
1694436921285 5.143093899515821 408
1694436921354 5.138987385979231 409
1694436921409 5.134931702087987 410
1694436921463 5.130926199595693 411
1694436921530 5.126970238959687 412
1694436921597 5.123063189214432 413
1694436921654 5.119204427846996 414
1694436921716 5.115393340674485 415
1694436921774 5.111629321723502 416
1694436921814 5.107911773111528 417
1694436921857 5.104240104930186 418
1694436921913 5.100613735130394 419
1694436921964 5.097032089409363 420
1694436922039 5.093494601099367 421
1694436922105 5.090000711058317 422
1694436922150 5.086549867562058 423
1694436922205 5.083141526198361 424
1694436922248 5.079775149762614 425
1694436922390 5.0764502081551575 426
1694436922470 5.073166178280221 427
1694436922542 5.069922543946484 428
1694436922613 5.066718795769144 429
1694436922673 5.063554431073578 430
1694436922725 5.0604289538004625 431
1694436922773 5.057341874412425 432
1694436922805 5.0542927098021 433
1694436922836 5.051280983201632 434
1694436922872 5.048306224093598 435
1694436922916 5.045367968123297 436
1694436922962 5.042465757012397 437
1694436922997 5.039599138473909 438
1694436923046 5.0367676661284815 439
1694436923088 5.033970899421974 440
1694436923121 5.0312084035443085 441
1694436923152 5.028479749349539 442
1694436923185 5.025784513277149 443
1694436923219 5.0231222772745845 444
1694436923248 5.020492628720923 445
1694436923279 5.017895160351723 446
1694436923314 5.015329470184998 447
1694436923349 5.012795161448358 448
1694436923386 5.0102918425071685 449
1694436923420 5.007819126793896 450
1694436923454 5.005376632738418 451
1694436923487 5.00296398369946 452
1694436923521 5.000580807897025 453
1694436923551 4.998226738345819 454
1694436923581 4.99590141278971 455
1694436923617 4.993604473637158 456
1694436923652 4.991335567897563 457
1694436923688 4.989094347118623 458
1694436923736 4.986880467324581 459
1694436923771 4.984693588955409 460
1694436923807 4.982533376806854 461
1694436923846 4.980399499971444 462
1694436923879 4.978291631780267 463
1694436923919 4.976209449745689 464
1694436923954 4.974152635504869 465
1694436923985 4.972120874764122 466
1694436924020 4.9701138572440895 467
1694436924051 4.968131276625697 468
1694436924082 4.966172830496945 469
1694436924118 4.964238220300408 470
1694436924152 4.962327151281572 471
1694436924187 4.960439332437854 472
1694436924222 4.958574476468414 473
1694436924258 4.956732299724652 474
1694436924291 4.954912522161459 475
1694436924320 4.953114867289136 476
1694436924352 4.951339062126021 477
1694436924384 4.949584837151808 478
1694436924424 4.94785192626152 479
1694436924456 4.94614006672014 480
1694436924489 4.944448999117925 481
1694436924534 4.942778467326292 482
1694436924570 4.941128218454399 483
1694436924605 4.939498002806327 484
1694436924647 4.937887573838838 485
1694436924681 4.936296688119779 486
1694436924716 4.934725105287036 487
1694436924772 4.933172588008111 488
1694436924817 4.931638901940237 489
1694436924855 4.930123815691049 490
1694436924887 4.928627100779861 491
1694436924922 4.927148531599427 492
1694436924957 4.925687885378277 493
1694436924991 4.924244942143573 494
1694436925035 4.922819484684477 495
1694436925071 4.921411298516037 496
1694436925106 4.9200201718435865 497
1694436925140 4.918645895527628 498
1694436925175 4.917288263049216 499
