1694444524502 -0.0013812686826450982 0
1694444524536 -0.0013766200476028612 1
1694444524576 -0.0013719592886771714 2
1694444524623 -0.0013672863810860747 3
1694444524685 -0.0013626012999956583 4
1694444524741 -0.0013579040205260462 5
1694444524785 -0.001353194517750067 6
1694444524841 -0.0013484727666908114 7
1694444524881 -0.0013437387423249625 8
1694444524920 -0.001338992419581908 9
1694444524961 -0.0013342337733386334 10
1694444524993 -0.001329462778429047 11
1694444525038 -0.001324679409635765 12
1694444525071 -0.001319883641691888 13
1694444525108 -0.0013150754492856631 14
1694444525165 -0.0013102548070531572 15
1694444525219 -0.0013054216895831416 16
1694444525269 -0.0013005760714168701 17
1694444525305 -0.001295717927043194 18
1694444525344 -0.001290847230904335 19
1694444525389 -0.0012859639573945536 20
1694444525424 -0.0012810680808574837 21
1694444525462 -0.001276159575585245 22
1694444525499 -0.0012712384158257706 23
1694444525534 -0.00126630457577237 24
1694444525570 -0.0012613580295715021 25
1694444525605 -0.001256398751319665 26
1694444525646 -0.0012514267150645075 27
1694444525698 -0.0012464418948006095 28
1694444525727 -0.0012414442644770318 29
1694444525758 -0.0012364337979895446 30
1694444525789 -0.0012314104691841798 31
1694444525824 -0.0012263742518590082 32
1694444525857 -0.0012213251197596975 33
1694444525890 -0.0012162630465810675 34
1694444525923 -0.0012111880059699764 35
1694444525959 -0.0012060999715208798 36
1694444525997 -0.001200998916777607 37
1694444526036 -0.0011958848152344714 38
1694444526091 -0.0011907576403344944 39
1694444526134 -0.0011856173654667401 40
1694444526190 -0.0011804639639736436 41
1694444526231 -0.0011752974091450152 42
1694444526282 -0.0011701176742198172 43
1694444526311 -0.0011649247323834988 44
1694444526354 -0.0011597185567724377 45
1694444526391 -0.001154499120470387 46
1694444526421 -0.0011492663965100292 47
1694444526468 -0.0011440203578731989 48
1694444526499 -0.001138760977488218 49
1694444526533 -0.0011334882282325598 50
1694444526583 -0.0011282020829310735 51
1694444526614 -0.0011229025143568716 52
1694444526669 -0.0011175894952311083 53
1694444526705 -0.0011122629982234233 54
1694444526737 -0.0011069229959492777 55
1694444526785 -0.0011015694609739501 56
1694444526816 -0.0010962023658076525 57
1694444526847 -0.0010908216829097483 58
1694444526884 -0.0010854273846860885 59
1694444526914 -0.001080019443489677 60
1694444526943 -0.001074597831622004 61
1694444526977 -0.001069162521329936 62
1694444527008 -0.0010637134848079377 63
1694444527042 -0.0010582506941962944 64
1694444527133 -0.0010527741215824449 65
1694444527204 -0.0010472837390025358 66
1694444527264 -0.0010417795184360923 67
1694444527302 -0.0010362614318109031 68
1694444527336 -0.00103072945099969 69
1694444527376 -0.0010251835478229943 70
1694444527414 -0.0010196236940454018 71
1694444527444 -0.0010140498613808724 72
1694444527485 -0.0010084620214847462 73
1694444527521 -0.0010028601459632913 74
1694444527555 -0.0009972442063639342 75
1694444527592 -0.0009916141741814766 76
1694444527626 -0.0009859700208574296 77
1694444527668 -0.0009803117177760168 78
1694444527707 -0.0009746392362708356 79
1694444527741 -0.0009689525476157534 80
1694444527773 -0.0009632516230340116 81
1694444527805 -0.0009575364336922298 82
1694444527834 -0.0009518069506997406 83
1694444527865 -0.0009460631451154722 84
1694444527895 -0.0009403049879381786 85
1694444527926 -0.0009345324501139896 86
1694444527956 -0.0009287455025346336 87
1694444527988 -0.0009229441160325536 88
1694444528022 -0.0009171282613884557 89
1694444528053 -0.0009112979093235385 90
1694444528093 -0.0009054530305057096 91
1694444528126 -0.0008995935955466994 92
1694444528170 -0.0008937195750013949 93
1694444528213 -0.0008878309393682837 94
1694444528249 -0.0008819276590905645 95
1694444528292 -0.0008760097045541482 96
1694444528329 -0.0008700770460881024 97
1694444528365 -0.000864129653967316 98
1694444528405 -0.0008581674984058374 99
1694444528441 -0.0008521905495657567 100
1694444528475 -0.0008461987775474356 101
1694444528522 -0.0008401921523983891 102
1694444528560 -0.0008341706441066243 103
1694444528601 -0.0008281342226035271 104
1694444528646 -0.0008220828577636397 105
1694444528695 -0.0008160165194022184 106
1694444528732 -0.0008099351772794527 107
1694444528775 -0.0008038388010969122 108
1694444528832 -0.0007977273604975466 109
1694444528877 -0.0007916008250679063 110
1694444528916 -0.0007854591643361442 111
1694444528945 -0.000779302347771349 112
1694444528985 -0.0007731303447853222 113
1694444529020 -0.0007669431247332437 114
1694444529058 -0.0007607406569085651 115
1694444529100 -0.0007545229105474505 116
1694444529146 -0.0007482898548296646 117
1694444529196 -0.0007420414588739099 118
1694444529237 -0.0007357776917413794 119
1694444529277 -0.0007294985224317596 120
1694444529316 -0.0007232039198905582 121
1694444529358 -0.00071689385299889 122
1694444529418 -0.0007105682905828026 123
1694444529453 -0.0007042272014070594 124
1694444529486 -0.000697870554177582 125
1694444529525 -0.0006914983175396738 126
1694444529563 -0.0006851104600802405 127
1694444529600 -0.0006787069503260135 128
1694444529648 -0.0006722877567428842 129
1694444529703 -0.0006658528477394565 130
1694444529752 -0.0006594021916628279 131
1694444529820 -0.0006529357567979233 132
1694444529864 -0.0006464535113721581 133
1694444529917 -0.0006399554235503313 134
1694444529950 -0.0006334414614401762 135
1694444529988 -0.0006269115930848113 136
1694444530027 -0.000620365786468513 137
1694444530059 -0.000613804009515384 138
1694444530101 -0.0006072262300869102 139
1694444530162 -0.0006006324159850696 140
1694444530226 -0.0005940225349490014 141
1694444530272 -0.0005873965546596693 142
1694444530307 -0.0005807544427318678 143
1694444530340 -0.0005740961667237698 144
1694444530374 -0.0005674216941289334 145
1694444530406 -0.0005607309923807424 146
1694444530439 -0.0005540240288481879 147
1694444530476 -0.0005473007708427513 148
1694444530511 -0.0005405611856095227 149
1694444530543 -0.0005338052403331961 150
1694444530576 -0.0005270329021374032 151
1694444530615 -0.0005202441380818268 152
1694444530646 -0.0005134389151630891 153
1694444530687 -0.0005066172003171943 154
1694444530759 -0.0004997789604175296 155
1694444530807 -0.0004929241622713132 156
1694444530852 -0.00048605277262581126 157
1694444530902 -0.00047916475816456305 158
1694444530945 -0.0004722600855073811 159
1694444530985 -0.00046533872121257147 160
1694444531017 -0.0004584006317733813 161
1694444531048 -0.0004514457836191088 162
1694444531077 -0.00044447414311643563 163
1694444531106 -0.0004374856765687607 164
1694444531143 -0.0004304803502139798 165
1694444531177 -0.00042345813022803824 166
1694444531214 -0.00041641898272137823 167
1694444531254 -0.0004093628737407151 168
1694444531289 -0.0004022897692681493 169
1694444531331 -0.00039519963522138823 170
1694444531364 -0.0003880924374550787 171
1694444531402 -0.0003809681417576982 172
1694444531453 -0.00037382671385155497 173
1694444531492 -0.00036666811939811694 174
1694444531537 -0.00035949232398979625 175
1694444531574 -0.0003522992931563884 176
1694444531609 -0.0003450889923606315 177
1694444531659 -0.00033786138700242496 178
1694444531698 -0.0003306164424148328 179
1694444531738 -0.0003233541238636395 180
1694444531769 -0.00031607439655134684 181
1694444531806 -0.00030877722561384324 182
1694444531842 -0.0003014625761208478 183
1694444531883 -0.0002941304130761324 184
1694444531926 -0.00028678070141907597 185
1694444531964 -0.0002794134060184472 186
1694444532003 -0.0002720284916812865 187
1694444532043 -0.0002646259231460224 188
1694444532084 -0.00025720566508335985 189
1694444532121 -0.0002497676820987227 190
1694444532181 -0.00024231193873092138 191
1694444532220 -0.00023483839945037666 192
1694444532259 -0.0002273470286631163 193
1694444532294 -0.00021983779070389176 194
1694444532340 -0.00021231064984239545 195
1694444532383 -0.00020476557028215048 196
1694444532432 -0.00019720251615740203 197
1694444532473 -0.00018962145153400556 198
1694444532515 -0.0001820223404109811 199
1694444532560 -0.00017440514671984708 200
1694444532595 -0.00016676983432306614 201
1694444532633 -0.00015911636701493315 202
1694444532672 -0.0001514447085240178 203
1694444532710 -0.00014375482250583715 204
1694444532755 -0.00013604667254996095 205
1694444532789 -0.00012832022217934558 206
1694444532838 -0.00012057543484411681 207
1694444532871 -0.00011281227392645476 208
1694444532910 -0.00010503070274237025 209
1694444532952 -9.72306845357096e-05 210
1694444532984 -8.941218248259553e-05 211
1694444533033 -8.15751596872083e-05 212
1694444533068 -7.371957918866912e-05 213
1694444533108 -6.584540395193628e-05 214
1694444533149 -5.795259687424448e-05 215
1694444533180 -5.0041120783994586e-05 216
1694444533223 -4.211093843808911e-05 217
1694444533268 -3.416201252259832e-05 218
1694444533307 -2.6194305654314576e-05 219
1694444533352 -1.8207780381196415e-05 220
1694444533387 -1.0202399177483557e-05 221
1694444533441 -2.1781244479157635e-06 222
1694444533483 5.86508147160103e-06 223
1694444533518 1.3927256317547432e-05 224
1694444533557 2.2008437898457522e-05 225
1694444533606 3.0108664093697612e-05 226
1694444533667 3.8227972850801706e-05 227
1694444533711 4.636640219368715e-05 228
1694444533753 5.4523990212884677e-05 229
1694444533783 6.270077507486427e-05 230
1694444533824 7.089679501592894e-05 231
1694444533860 7.911208834232575e-05 232
1694444533892 8.734669343701817e-05 233
1694444533927 9.560064874980512e-05 234
1694444533959 0.00010387399280697984 235
1694444533992 0.0001121667642054458 236
1694444534027 0.00012047900161560321 237
1694444534065 0.00012881074377724122 238
1694444534103 0.00013716202950864176 239
1694444534148 0.00014553289769625444 240
1694444534191 0.00015392338730091382 241
1694444534230 0.00016233353735728429 242
1694444534282 0.00017076338697241678 243
1694444534370 0.0001792129753294125 244
1694444534458 0.00018768234167998443 245
1694444534538 0.0001961715253555596 246
1694444534592 0.00020468056575506655 247
1694444534653 0.00021320950235770297 248
1694444534698 0.00022175837471061222 249
1694444534755 0.00023032722244031856 250
1694444534800 0.00023891608524584385 251
1694444534857 0.00024752500289859647 252
1694444534902 0.0002561540152475894 253
1694444534944 0.00026480316221499933 254
1694444534975 0.00027347248379772093 255
1694444535010 0.0002821620200694763 256
1694444535057 0.00029087181117781746 257
1694444535090 0.00029960189734468123 258
1694444535135 0.0003083523188683879 259
1694444535170 0.0003171231161228638 260
1694444535201 0.00032591432955764166 261
1694444535255 0.00033472599969763817 262
1694444535288 0.0003435581671435983 263
1694444535337 0.0003524108725738717 264
1694444535375 0.0003612841567423031 265
1694444535422 0.000370178060476678 266
1694444535462 0.000379092624683941 267
1694444535490 0.0003880278903468648 268
1694444535531 0.00039698389852493854 269
1694444535573 0.0004059606903544788 270
1694444535609 0.0004149583070488516 271
1694444535662 0.00042397678989802845 272
1694444535694 0.00043301618027058453 273
1694444535731 0.00044207651961158945 274
1694444535761 0.0004511578494428292 275
1694444535791 0.00046026021136413853 276
1694444535831 0.0004693836470551771 277
1694444535870 0.000478528198272099 278
1694444535899 0.0004876939068467756 279
1694444535934 0.0004968808146941228 280
1694444535971 0.0005060889638029975 281
1694444536001 0.0005153183962428587 282
1694444536040 0.000524569154160992 283
1694444536075 0.0005338412797853964 284
1694444536107 0.000543134815420232 285
1694444536158 0.0005524498034511494 286
1694444536191 0.0005617862863391831 287
1694444536232 0.0005711443066307442 288
1694444536274 0.00058052390694463 289
1694444536308 0.0005899251299850139 290
1694444536356 0.0005993480185323419 291
1694444536388 0.0006087926154489942 292
1694444536425 0.0006182589636762881 293
1694444536461 0.0006277471062349216 294
1694444536492 0.0006372570862280824 295
1694444536531 0.0006467889468358967 296
1694444536569 0.0006563427313237558 297
1694444536600 0.000665918483032657 298
1694444536633 0.0006755162453895291 299
1694444536683 0.0006851360618973512 300
1694444536733 0.0006947779761437012 301
1694444536779 0.0007044420317949829 302
1694444536817 0.0007141282726019771 303
1694444536863 0.0007238367423949565 304
1694444536893 0.0007335674850851293 305
1694444536926 0.0007433205446660818 306
1694444536971 0.0007530959652153335 307
1694444537007 0.000762893790890562 308
1694444537048 0.0007727140659324894 309
1694444537079 0.0007825568346624401 310
1694444537115 0.0007924221414861154 311
1694444537147 0.0008023100308919284 312
1694444537181 0.0008122205474493382 313
1694444537213 0.0008221537358140685 314
1694444537250 0.0008321096407202244 315
1694444537285 0.00084208830698973 316
1694444537320 0.0008520897795257776 317
1694444537362 0.0008621141033149371 318
1694444537391 0.0008721613234261572 319
1694444537427 0.000882231485016538 320
1694444537464 0.0008923246333213397 321
1694444537499 0.0009024408136651951 322
1694444537550 0.0009125800714545607 323
1694444537588 0.0009227424521782712 324
1694444537621 0.0009329280014137575 325
1694444537658 0.0009431367648221611 326
1694444537690 0.0009533687881457809 327
1694444537723 0.0009636241172155113 328
1694444537762 0.0009739027979472903 329
1694444537793 0.0009842048763409883 330
1694444537824 0.0009945303984830733 331
1694444537863 0.001004879410542836 332
1694444537891 0.001015251958779717 333
1694444537923 0.0010256480895339815 334
1694444537959 0.0010360678492364883 335
1694444537992 0.0010465112844013635 336
1694444538025 0.0010569784416306627 337
1694444538056 0.0010674693676111513 338
1694444538090 0.0010779841091178577 339
1694444538122 0.001088522713009965 340
1694444538157 0.0010990852262375839 341
1694444538189 0.0011096716958347574 342
1694444538218 0.0011202821689232367 343
1694444538252 0.0011309166927133685 344
1694444538282 0.0011415753145003205 345
1694444538311 0.0011522580816701877 346
1694444538344 0.0011629650416944415 347
1694444538379 0.0011736962421335928 348
1694444538413 0.0011844517306357494 349
1694444538449 0.0011952315549373926 350
1694444538482 0.001206035762864488 351
1694444538512 0.001216864402328044 352
1694444538548 0.0012277175213316616 353
1694444538606 0.0012385951679649843 354
1694444538677 0.0012494973904109141 355
1694444538709 0.0012604242369341767 356
1694444538758 0.0012713757558970862 357
1694444538799 0.0012823519957444462 358
1694444538849 0.0012933530050145414 359
1694444538895 0.0013043788323336969 360
1694444538934 0.0013154295264197202 361
1694444538973 0.001326505136080236 362
1694444539018 0.0013376057102099104 363
1694444539062 0.0013487312977981114 364
1694444539105 0.0013598819479233581 365
1694444539158 0.0013710577097516552 366
1694444539191 0.0013822586325454855 367
1694444539233 0.0013934847656520422 368
1694444539280 0.0014047361585163287 369
1694444539315 0.0014160128606680589 370
1694444539355 0.0014273149217329806 371
1694444539405 0.0014386423914255486 372
1694444539473 0.00144999531955603 373
1694444539512 0.0014613737560211781 374
1694444539552 0.0014727777508128925 375
1694444539594 0.001484207354014222 376
1694444539636 0.0014956626158030284 377
1694444539687 0.0015071435864474347 378
1694444539727 0.0015186503163071574 379
1694444539769 0.0015301828558365038 380
1694444539806 0.0015417412555840393 381
1694444539843 0.0015533255661880352 382
1694444539881 0.001564935838382353 383
1694444539921 0.0015765721229938912 384
1694444539960 0.0015882344709424734 385
1694444539999 0.001599922933243847 386
1694444540040 0.0016116375610049083 387
1694444540085 0.0016233784054284772 388
1694444540149 0.0016351455178106322 389
1694444540198 0.0016469389495424869 390
1694444540242 0.0016587587521086355 391
1694444540279 0.001670604977090484 392
1694444540316 0.0016824776761619198 393
1694444540366 0.0016943769010943077 394
1694444540408 0.00170630270374994 395
1694444540444 0.0017182551360931386 396
1694444540481 0.001730234250177154 397
1694444540524 0.0017422400981557118 398
1694444540558 0.0017542727322741314 399
1694444540593 0.001766332204877319 400
1694444540632 0.001778418568406659 401
1694444540685 0.0017905318753947963 402
1694444540721 0.0018026721784772937 403
1694444540757 0.0018148395303807519 404
1694444540799 0.001827033983932802 405
1694444540831 0.0018392555920559994 406
1694444540866 0.0018515044077703768 407
1694444540899 0.0018637804841941108 408
1694444540933 0.0018760838745395247 409
1694444540972 0.0018884146321215267 410
1694444541018 0.0019007728103483945 411
1694444541065 0.0019131584627304354 412
1694444541101 0.0019255716428716596 413
1694444541131 0.0019380124044779956 414
1694444541164 0.0019504808013502961 415
1694444541196 0.0019629768873925535 416
1694444541229 0.0019755007166041283 417
1694444541277 0.001988052343083635 418
1694444541312 0.002000631821030052 419
1694444541349 0.002013239204739836 420
1694444541386 0.0020258745486120278 421
1694444541418 0.0020385379071400367 422
1694444541453 0.002051229334923077 423
1694444541491 0.0020639488866543987 424
1694444541523 0.002076696617133278 425
1694444541561 0.00208947258125336 426
1694444541591 0.002102276834013095 427
1694444541624 0.002115109430509965 428
1694444541663 0.0021279704259422605 429
1694444541693 0.002140859875608192 430
1694444541724 0.0021537778349074443 431
1694444541758 0.002166724359342842 432
1694444541792 0.0021796995045169076 433
1694444541824 0.002192703326133527 434
1694444541861 0.0022057358800008364 435
1694444541893 0.002218797222023672 436
1694444541922 0.002231887408213673 437
1694444541963 0.0022450064946836212 438
1694444541995 0.00225815453764755 439
1694444542026 0.002271331593423187 440
1694444542064 0.0022845377184301796 441
1694444542093 0.0022977729691936455 442
1694444542123 0.0023110374023374014 443
1694444542160 0.0023243310745918455 444
1694444542195 0.0023376540427906267 445
1694444542224 0.002351006363868091 446
1694444542260 0.002364388094867498 447
1694444542291 0.002377799292929361 448
1694444542323 0.0023912400153053293 449
1694444542353 0.002404710319346637 450
1694444542382 0.002418210262510323 451
1694444542411 0.00243173990235912 452
1694444542440 0.002445299296557013 453
1694444542470 0.0024588885028780094 454
1694444542499 0.0024725075791989237 455
1694444542534 0.002486156583498711 456
1694444542567 0.0024998355738676814 457
1694444542606 0.002513544608499063 458
1694444542644 0.00252728374568989 459
1694444542688 0.0025410530438461087 460
1694444542724 0.0025548525614788042 461
1694444542756 0.0025686823572056428 462
1694444542791 0.002582542489750428 463
1694444542824 0.0025964330179440998 464
1694444542855 0.0026103540007228476 465
1694444542896 0.002624305497134438 466
1694444542929 0.0026382875663296668 467
1694444542961 0.002652300267565355 468
1694444543009 0.0026663436602113455 469
1694444543043 0.002680417803741064 470
1694444543086 0.0026945227577381825 471
1694444543118 0.002708658581891843 472
1694444543173 0.002722825336000434 473
1694444543217 0.0027370230799746986 474
1694444543257 0.0027512518738266323 475
1694444543302 0.0027655117776840266 476
1694444543336 0.0027798028517805884 477
1694444543378 0.00279412515645705 478
1694444543418 0.002808478752167942 479
1694444543457 0.002822863699474487 480
1694444543501 0.002837280059048153 481
1694444543532 0.0028517278916716515 482
1694444543572 0.0028662072582339437 483
1694444543613 0.002880718219738232 484
1694444543668 0.0028952608372968536 485
1694444543715 0.002909835172130837 486
1694444543748 0.002924441285576118 487
1694444543791 0.0029390792390769915 488
1694444543831 0.002953749094186109 489
1694444543870 0.0029684509125731395 490
1694444543911 0.0029831847560164437 491
1694444543943 0.0029979506864044048 492
1694444543990 0.0030127487657384266 493
1694444544030 0.0030275790561342664 494
1694444544074 0.00304244161981837 495
1694444544115 0.0030573365191269852 496
1694444544157 0.003072263816511267 497
1694444544195 0.003087223574537501 498
1694444544228 0.0031022158558801083 499
