1694436904022 -0.005686851922410252 0
1694436904094 -0.005669503591930081 1
1694436904142 -0.005651336606442792 2
1694436904180 -0.005632337639038365 3
1694436904230 -0.0056124932625678525 4
1694436904268 -0.005591789952062776 5
1694436904345 -0.005570214087269987 6
1694436904402 -0.005547751955299773 7
1694436904443 -0.005524389753388759 8
1694436904488 -0.005500113591782263 9
1694436904560 -0.00547490949673235 10
1694436904605 -0.005448763413619995 11
1694436904639 -0.0054216612101918304 12
1694436904683 -0.005393588679924566 13
1694436904736 -0.00536453154551042 14
1694436904825 -0.005334475462464239 15
1694436904880 -0.005303406022858725 16
1694436904951 -0.005271308759181803 17
1694436905011 -0.005238169148323646 18
1694436905067 -0.005203972615686503 19
1694436905123 -0.005168704539423086 20
1694436905176 -0.0051323502548041855 21
1694436905225 -0.005094895058709525 22
1694436905279 -0.005056324214249841 23
1694436905363 -0.00501662295551486 24
1694436905452 -0.004975776492448736 25
1694436905556 -0.004933770015853822 26
1694436905644 -0.004890588702517906 27
1694436905693 -0.004846217720472223 28
1694436905807 -0.004800642234371155 29
1694436905847 -0.004753847410995382 30
1694436905907 -0.00470581842488782 31
1694436905949 -0.004656540464099246 32
1694436905984 -0.004605998736062267 33
1694436906018 -0.004554178473587411 34
1694436906048 -0.004501064940967359 35
1694436906079 -0.004446643440215281 36
1694436906107 -0.00439089931739578 37
1694436906145 -0.004333817969086606 38
1694436906179 -0.004275384848941188 39
1694436906212 -0.004215585474361738 40
1694436906246 -0.004154405433277164 41
1694436906284 -0.004091830391024898 42
1694436906334 -0.004027846097330645 43
1694436906383 -0.00396243839338517 44
1694436906428 -0.0038955932190147813 45
1694436906461 -0.0038272966199424108 46
1694436906491 -0.003757534755132852 47
1694436906527 -0.003686293904222593 48
1694436906558 -0.003613560475026256 49
1694436906596 -0.003539321011120089 50
1694436906629 -0.003463562199491843 51
1694436906675 -0.0033862708782597117 52
1694436906721 -0.003307434044449886 53
1694436906761 -0.0032270388618311774 54
1694436906795 -0.00314507266879982 55
1694436906824 -0.003061522986311793 56
1694436906861 -0.0029763775258537795 57
1694436906894 -0.0028896241974505354 58
1694436906936 -0.0028012511177017974 59
1694436906979 -0.0027112466178405015 60
1694436907022 -0.002619599251812099 61
1694436907058 -0.002526297804364086 62
1694436907105 -0.0024313312991386393 63
1694436907151 -0.0023346890067683645 64
1694436907191 -0.0022363604529607173 65
1694436907235 -0.002136335426571101 66
1694436907307 -0.0020346039876539823 67
1694436907371 -0.0019311564754851407 68
1694436907439 -0.001825983516550611 69
1694436907500 -0.0017190760324949927 70
1694436907579 -0.0016104252480171333 71
1694436907686 -0.0015000226987154086 72
1694436907762 -0.0013878602388619488 73
1694436907842 -0.001273930049114691 74
1694436907905 -0.0011582246441435018 75
1694436907953 -0.001040736880177029 76
1694436908028 -0.0009214599624500774 77
1694436908101 -0.000800387452557727 78
1694436908147 -0.0006775132756928759 79
1694436908186 -0.0005528317277745387 80
1694436908231 -0.00042633748245113345 81
1694436908271 -0.00029802559796832107 82
1694436908305 -0.00016789152390650486 83
1694436908338 -3.5931107763564896e-05 84
1694436908379 9.78593986089571e-05 85
1694436908428 0.00023348333273487398 86
1694436908469 0.0003709436154085699 87
1694436908504 0.0005102427447669644 88
1694436908551 0.0006513827905428871 89
1694436908590 0.0007943653885102986 90
1694436908623 0.000939191735123801 91
1694436908658 0.0010858625823644275 92
1694436908692 0.0012343782327940422 93
1694436908726 0.0013847385348271235 94
1694436908783 0.0015369428782273653 95
1694436908856 0.0016909901898322088 96
1694436908905 0.001846878929513851 97
1694436908960 0.002004607086382948 98
1694436909012 0.0021641721752383436 99
1694436909051 0.002325571233272039 100
1694436909080 0.0024888008170274034 101
1694436909112 0.0026538569996318317 102
1694436909144 0.0028207353682836445 103
1694436909175 0.002989431022016431 104
1694436909207 0.003159938569751386 105
1694436909241 0.003332252128616875 106
1694436909276 0.0035063653225581026 107
1694436909307 0.003682271281237548 108
1694436909336 0.003859962639223835 109
1694436909367 0.004039431535479143 110
1694436909406 0.004220669613140049 111
1694436909444 0.004403668019601459 112
1694436909476 0.004588417406900747 113
1694436909511 0.004774907932406203 114
1694436909566 0.004963129259809573 115
1694436909623 0.005153070560426798 116
1694436909667 0.00534472051480217 117
1694436909712 0.005538067314623141 118
1694436909751 0.005733098664941538 119
1694436909815 0.005929801786699773 120
1694436909885 0.00612816341956568 121
1694436909951 0.006328169825073338 122
1694436910002 0.006529806790066539 123
1694436910052 0.006733059630444238 124
1694436910093 0.006937913195215306 125
1694436910139 0.00714435187083029 126
1694436910180 0.007352359585838575 127
1694436910227 0.007561919815813556 128
1694436910265 0.0077730155885812335 129
1694436910297 0.007985629489729473 130
1694436910327 0.008199743668400261 131
1694436910372 0.008415339843360736 132
1694436910408 0.008632399309346117 133
1694436910452 0.008850902943672745 134
1694436910522 0.009070831213112474 135
1694436910603 0.009292164181027296 136
1694436910703 0.009514881514753215 137
1694436910743 0.009738962493234027 138
1694436910794 0.009964386014890803 139
1694436910850 0.010191130605727627 140
1694436910894 0.01041917442766338 141
1694436910930 0.010648495287081783 142
1694436910958 0.010879070643596389 143
1694436910999 0.011110877619017967 144
1694436911048 0.011343893006519945 145
1694436911087 0.011578093279993928 146
1694436911128 0.011813454603585516 147
1694436911158 0.012049952841404532 148
1694436911210 0.012287563567398685 149
1694436911270 0.012526262075384098 150
1694436911311 0.012766023389223835 151
1694436911347 0.013006822273144536 152
1694436911380 0.013248633242182728 153
1694436911412 0.013491430572753482 154
1694436911443 0.013735188313328761 155
1694436911486 0.013979880295221458 156
1694436911530 0.014225480143459146 157
1694436911566 0.01447196128774575 158
1694436911602 0.014719296973494389 159
1694436911644 0.014967460272930166 160
1694436911683 0.015216424096245795 161
1694436911717 0.015466161202805195 162
1694436911754 0.01571664421238339 163
1694436911790 0.015967845616444043 164
1694436911830 0.016219737789418764 165
1694436911866 0.0164722930000073 166
1694436911913 0.016725483422484477 167
1694436911950 0.016979281147986636 168
1694436911987 0.017233658195788037 169
1694436912027 0.01748858652454821 170
1694436912058 0.017744038043527977 171
1694436912116 0.017999984623758514 172
1694436912148 0.01825639810916113 173
1694436912189 0.0185132503276062 174
1694436912229 0.01877051310190292 175
1694436912258 0.019028158260715577 176
1694436912300 0.0192861576493899 177
1694436912343 0.019544483140693902 178
1694436912377 0.01980310664545537 179
1694436912413 0.02006200012309245 180
1694436912448 0.02032113559203297 181
1694436912476 0.020580485140009985 182
1694436912511 0.02084002093423143 183
1694436912543 0.021099715231414518 184
1694436912578 0.02135954038768162 185
1694436912612 0.021619468868307123 186
1694436912648 0.02187947325731454 187
1694436912679 0.02213952626691329 188
1694436912708 0.02239960074677505 189
1694436912738 0.022659669693138373 190
1694436912771 0.022919706257743977 191
1694436912803 0.023179683756588187 192
1694436912833 0.02343957567849797 193
1694436912867 0.023699355693515223 194
1694436912898 0.023958997661094106 195
1694436912929 0.02421847563811197 196
1694436912957 0.02447776388665379 197
1694436912991 0.02473683688163897 198
1694436913027 0.024995669318211733 199
1694436913057 0.025254236118936513 200
1694436913095 0.025512512440795332 201
1694436913128 0.025770473681944406 202
1694436913160 0.026028095488298653 203
1694436913192 0.026285353759869512 204
1694436913226 0.02654222465690481 205
1694436913254 0.02679868460580359 206
1694436913293 0.02705471030481743 207
1694436913328 0.0273102787295314 208
1694436913362 0.02756536713812585 209
1694436913398 0.0278199530764206 210
1694436913432 0.02807401438269752 211
1694436913464 0.028327529192306855 212
1694436913501 0.028580475942048822 213
1694436913534 0.028832833374344613 214
1694436913570 0.029084580541183125 215
1694436913603 0.029335696807855083 216
1694436913634 0.029586161856467896 217
1694436913666 0.02983595568924924 218
1694436913699 0.03008505863163613 219
1694436913731 0.03033345133515264 220
1694436913762 0.0305811147800783 221
1694436913795 0.030828030277908702 222
1694436913829 0.031074179473611352 223
1694436913858 0.031319544347676365 224
1694436913888 0.031564107217967874 225
1694436913919 0.031807850741376265 226
1694436913952 0.032050757915274786 227
1694436913994 0.03229281207878254 228
1694436914046 0.03253399691383774 229
1694436914087 0.03277429644608387 230
1694436914127 0.033013695045571056 231
1694436914156 0.03325217742727582 232
1694436914196 0.03348972865144506 233
1694436914234 0.033726334123763246 234
1694436914269 0.03396197959535041 235
1694436914302 0.034196651162590075 236
1694436914345 0.03443033526679651 237
1694436914385 0.034663018693718906 238
1694436914426 0.034894688572888466 239
1694436914457 0.03512533237681559 240
1694436914493 0.035354937920033525 241
1694436914529 0.03558349335799982 242
1694436914569 0.03581098718585385 243
1694436914624 0.03603740823703794 244
1694436914655 0.03626274568178223 245
1694436914689 0.03648698902546388 246
1694436914721 0.036710128106833495 247
1694436914752 0.03693215309612563 248
1694436914786 0.03715305449304618 249
1694436914829 0.03737282312464796 250
1694436914865 0.03759145014309406 251
1694436914913 0.037808927023316174 252
1694436914944 0.038025245560567855 253
1694436914973 0.038240397867879916 254
1694436915007 0.03845437637342275 255
1694436915040 0.03866717381777329 256
1694436915073 0.03887878325109695 257
1694436915110 0.03908919803024602 258
1694436915142 0.0392984118157772 259
1694436915172 0.03950641856889303 260
1694436915213 0.03971321254831106 261
1694436915246 0.03991878830706341 262
1694436915279 0.04012314068923106 263
1694436915311 0.04032626482661705 264
1694436915344 0.04052815613535965 265
1694436915375 0.040728810312493424 266
1694436915415 0.04092822333245416 267
1694436915445 0.04112639144354002 268
1694436915478 0.041323311164326304 269
1694436915523 0.041518979280035895 270
1694436915559 0.04171339283887532 271
1694436915597 0.04190654914833303 272
1694436915637 0.04209844577144106 273
1694436915691 0.042289080523027045 274
1694436915776 0.04247845146589657 275
1694436915865 0.04266655690704635 276
1694436915942 0.04285339539381672 277
1694436916032 0.04303896571004051 278
1694436916106 0.04322326687217648 279
1694436916166 0.04340629812542607 280
1694436916226 0.04358805893984419 281
1694436916269 0.043768549006437896 282
1694436916316 0.04394776823326252 283
1694436916369 0.044125716741512666 284
1694436916430 0.04430239486161425 285
1694436916520 0.044477803129315374 286
1694436916589 0.04465194228178315 287
1694436916631 0.04482481325370424 288
1694436916681 0.04499641717339342 289
1694436916767 0.04516675535891168 290
1694436916836 0.045335829314195775 291
1694436916878 0.04550364072520041 292
1694436916920 0.045670191456055664 293
1694436916964 0.04583548354524092 294
1694436917013 0.04599951920177636 295
1694436917050 0.04616230080143535 296
1694436917088 0.046323830882977424 297
1694436917120 0.046484112144402845 298
1694436917154 0.046643147439234145 299
1694436917189 0.046800939772818406 300
1694436917227 0.04695749229866153 301
1694436917267 0.04711280831478626 302
1694436917300 0.04726689126012085 303
1694436917335 0.04741974471091681 304
1694436917403 0.04757137237720033 305
1694436917440 0.04772177809925193 306
1694436917489 0.04787096584412187 307
1694436917519 0.048018939702178964 308
1694436917555 0.048165703883693345 309
1694436917600 0.04831126271545616 310
1694436917638 0.04845562063743325 311
1694436917673 0.048598782199458235 312
1694436917712 0.04874075205796258 313
1694436917746 0.04888153497274117 314
1694436917786 0.04902113580376166 315
1694436917822 0.04915955950800799 316
1694436917855 0.04929681113636708 317
1694436917896 0.04943289583055488 318
1694436917931 0.04956781882007821 319
1694436917970 0.04970158541925662 320
1694436918002 0.04983420102424485 321
1694436918032 0.04996567111014605 322
1694436918064 0.050096001228133846 323
1694436918103 0.050225197002626176 324
1694436918137 0.05035326412850194 325
1694436918171 0.050480208368358426 326
1694436918207 0.05060603554981136 327
1694436918240 0.05073075156283935 328
1694436918273 0.050854362357163785 329
1694436918315 0.05097687393969297 330
1694436918350 0.051098292371963616 331
1694436918392 0.051218623767681826 332
1694436918423 0.05133787429026515 333
1694436918453 0.0514560501504423 334
1694436918491 0.051573157603894026 335
1694436918524 0.051689202948936086 336
1694436918557 0.05180419252424173 337
1694436918602 0.051918132706610276 338
1694436918635 0.05203102990877473 339
1694436918671 0.05214289057724997 340
1694436918713 0.05225372119022509 341
1694436918746 0.052363528255495395 342
1694436918788 0.05247231830843402 343
1694436918823 0.052580097910006396 344
1694436918858 0.05268687364482472 345
1694436918903 0.05279265211923889 346
1694436918937 0.052897439959471826 347
1694436918970 0.0530012438097921 348
1694436919007 0.05310407033072251 349
1694436919042 0.05320592619730391 350
1694436919074 0.05330681809735649 351
1694436919106 0.05340675272983453 352
1694436919138 0.053505736803176385 353
1694436919169 0.053603777033709 354
1694436919206 0.05370088014408514 355
1694436919242 0.053797052861760286 356
1694436919284 0.05389230191750116 357
1694436919319 0.05398663404393289 358
1694436919355 0.05408005597412158 359
1694436919396 0.05417257444018797 360
1694436919428 0.05426419617196043 361
1694436919460 0.054354927895659655 362
1694436919504 0.054444776332614575 363
1694436919537 0.05453374819801515 364
1694436919568 0.0546218501996949 365
1694436919607 0.05470908903694849 366
1694436919658 0.05479547139937646 367
1694436919704 0.05488100396576656 368
1694436919738 0.05496569340300228 369
1694436919798 0.055049546365002255 370
1694436919847 0.05513256949168999 371
1694436919890 0.05521476940799519 372
1694436919928 0.05529615272287869 373
1694436919962 0.05537672602839194 374
1694436919989 0.055456495898760116 375
1694436920020 0.05553546888949623 376
1694436920054 0.05561365153653808 377
1694436920086 0.055691050355418104 378
1694436920119 0.05576767184045295 379
1694436920149 0.055843522463963624 380
1694436920180 0.0559186086755189 381
1694436920208 0.05599293690120377 382
1694436920241 0.056066513542913365 383
1694436920276 0.05613934497766937 384
1694436920306 0.05621143755696212 385
1694436920340 0.05628279760611388 386
1694436920371 0.056353431423666 387
1694436920400 0.05642334528078741 388
1694436920431 0.05649254542070714 389
1694436920462 0.05656103805816304 390
1694436920490 0.05662882937888969 391
1694436920522 0.0566959255390852 392
1694436920564 0.056762332664952675 393
1694436920595 0.056828056852221365 394
1694436920630 0.05689310416570359 395
1694436920670 0.05695748063886641 396
1694436920704 0.057021192273424615 397
1694436920757 0.0570842450389486 398
1694436920800 0.05714664487249366 399
1694436920844 0.05720839767824437 400
1694436920880 0.057269509327174006 401
1694436920912 0.05732998565673719 402
1694436920966 0.057389832470537416 403
1694436921057 0.05744905553806656 404
1694436921118 0.05750766059441759 405
1694436921166 0.0575656533400295 406
1694436921224 0.057623039440444 407
1694436921302 0.05767982452607845 408
1694436921366 0.05773601419201113 409
1694436921418 0.0577916139977811 410
1694436921476 0.05784662946720187 411
1694436921546 0.05790106608818779 412
1694436921609 0.05795492931259549 413
1694436921667 0.05800822455607357 414
1694436921730 0.0580609571979297 415
1694436921787 0.058113132581005256 416
1694436921825 0.05816475601156601 417
1694436921875 0.058215832759199726 418
1694436921924 0.05826636805672891 419
1694436921978 0.05831636710013122 420
1694436922056 0.0583658350484727 421
1694436922114 0.058414777023850006 422
1694436922164 0.05846319811134315 423
1694436922219 0.058511103358978134 424
1694436922256 0.058558497777697505 425
1694436922410 0.058605386341344046 426
1694436922488 0.05865177398664745 427
1694436922557 0.05869766561322576 428
1694436922628 0.05874306608359059 429
1694436922685 0.05878798022316434 430
1694436922738 0.05883241282030183 431
1694436922782 0.058876368626322395 432
1694436922812 0.058919852355548086 433
1694436922842 0.05896286868535028 434
1694436922881 0.05900542225620231 435
1694436922928 0.05904751767173799 436
1694436922971 0.0590891594988211 437
1694436923008 0.05913035226761576 438
1694436923056 0.059171100471666294 439
1694436923096 0.059211408567984014 440
1694436923130 0.05925128097713561 441
1694436923158 0.05929072208333941 442
1694436923192 0.05932973623458071 443
1694436923226 0.05936832774269152 444
1694436923256 0.059406500883490754 445
1694436923287 0.059444259896888285 446
1694436923324 0.05948160898700683 447
1694436923357 0.05951855232232384 448
1694436923393 0.059555094035773304 449
1694436923428 0.059591238224911525 450
1694436923460 0.059626988952040105 451
1694436923496 0.059662350244354734 452
1694436923529 0.05969732609409173 453
1694436923558 0.05973192045867881 454
1694436923588 0.05976613726089164 455
1694436923627 0.059799980389008134 456
1694436923660 0.05983345369697435 457
1694436923700 0.059866561004565444 458
1694436923744 0.05989930609755434 459
1694436923781 0.059931692727881236 460
1694436923816 0.05996372461382782 461
1694436923853 0.05999540544019155 462
1694436923887 0.0600267388584641 463
1694436923929 0.06005772848701052 464
1694436923961 0.060088377911254875 465
1694436923993 0.06011869068386111 466
1694436924029 0.06014867032492266 467
1694436924057 0.060178320322149315 468
1694436924091 0.06020764413105828 469
1694436924124 0.060236645175168024 470
1694436924161 0.060265326846188794 471
1694436924195 0.0602936925042199 472
1694436924233 0.06032174547794722 473
1694436924267 0.060349489064838946 474
1694436924298 0.06037692653134763 475
1694436924329 0.06040406111310814 476
1694436924359 0.060430896015141955 477
1694436924391 0.060457434412055866 478
1694436924433 0.060483679448250616 479
1694436924464 0.0605096342381205 480
1694436924498 0.060535301866261326 481
1694436924541 0.060560685387675894 482
1694436924578 0.06058578782797841 483
1694436924616 0.06061061218360486 484
1694436924655 0.060635161422017525 485
1694436924688 0.060659438481914574 486
1694436924735 0.060683446273438246 487
1694436924786 0.060707187678382124 488
1694436924824 0.06073066555040152 489
1694436924864 0.060753882715222085 490
1694436924896 0.060776841970848094 491
1694436924932 0.06079954608777283 492
1694436924966 0.06082199780918718 493
1694436925002 0.06084419985118861 494
1694436925044 0.06086615490298852 495
1694436925081 0.060887865627134 496
1694436925113 0.06090933465968951 497
1694436925149 0.06093056461047308 498
1694436925183 0.06095155806325081 499
