1694441091339 0.0 0
1694441091674 0.0 1
1694441092033 0.0 2
1694441092385 0.0 3
1694441092708 0.0 4
1694441092967 0.0 5
1694441093290 0.0 6
1694441093586 0.0 7
1694441093883 0.0 8
1694441094129 0.0 9
1694441094415 0.0 10
1694441094669 0.0 11
1694441094953 0.0 12
1694441095253 0.0 13
1694441095539 0.0 14
1694441095860 0.0 15
1694441096187 0.0 16
1694441096490 0.0 17
1694441096803 0.0 18
1694441097115 0.0 19
1694441097416 0.0 20
1694441097737 0.0 21
1694441098058 0.0 22
1694441098375 0.0 23
1694441098640 0.0 24
1694441098911 0.0 25
1694441099216 0.0 26
1694441099520 0.0 27
1694441099834 0.0 28
1694441100147 0.0 29
1694441100433 0.0 30
1694441100746 0.0 31
1694441101009 0.0 32
1694441101317 0.0 33
1694441101576 0.0 34
1694441101866 0.0 35
1694441102192 0.0 36
1694441102477 0.0 37
1694441102778 0.0 38
1694441103035 0.0 39
1694441103344 0.0 40
1694441103644 0.0 41
1694441103949 0.0 42
1694441104260 0.0 43
1694441104532 0.0 44
1694441104847 0.0 45
1694441105151 0.0 46
1694441105464 0.0 47
1694441105761 0.0 48
1694441106059 0.0 49
1694441106355 0.0 50
1694441106632 0.0 51
1694441106978 0.0 52
1694441107286 0.0 53
1694441107568 0.0 54
1694441107896 0.0 55
1694441108152 0.0 56
1694441108444 0.0 57
1694441108737 0.0 58
1694441109037 0.0 59
1694441109358 0.0 60
1694441109684 0.0 61
1694441109979 0.0 62
1694441110255 0.0 63
1694441110527 0.0 64
1694441110833 0.0 65
1694441111119 0.0 66
1694441111409 0.0 67
1694441111704 0.0 68
1694441112018 0.0 69
1694441112294 0.0 70
1694441112613 0.0 71
1694441112918 0.0 72
1694441113229 0.0 73
1694441113522 0.0 74
1694441113792 0.0 75
1694441114076 0.0 76
1694441114390 0.0 77
1694441114663 0.0 78
1694441114956 0.0 79
1694441115258 0.0 80
1694441115563 0.0 81
1694441115856 0.0 82
1694441116179 0.0 83
1694441116492 0.0 84
1694441116803 0.0 85
1694441117059 0.0 86
1694441117369 0.0 87
1694441117648 0.0 88
1694441117949 0.0 89
1694441118273 0.0 90
1694441118577 0.0 91
1694441118885 0.0 92
1694441119208 0.0 93
1694441119524 0.0 94
1694441119782 0.0 95
1694441120081 0.0 96
1694441120337 0.0 97
1694441120604 0.0 98
1694441120911 0.0 99
1694441121198 0.0 100
1694441121474 0.0 101
1694441121763 0.0 102
1694441122031 0.0 103
1694441122331 0.0 104
1694441122637 0.0 105
1694441122906 0.0 106
1694441123222 0.0 107
1694441123493 0.0 108
1694441123773 0.0 109
1694441124053 0.0 110
1694441124365 0.0 111
1694441124663 0.0 112
1694441124913 0.0 113
1694441125167 0.0 114
1694441125440 0.0 115
1694441125717 0.0 116
1694441126010 0.0 117
1694441126302 0.0 118
1694441126606 0.0 119
1694441126909 0.0 120
1694441127177 0.0 121
1694441127437 0.0 122
