1694442165286 161.19024988808343 0
1694442165325 161.1581708495266 1
1694442165375 161.12609838010692 2
1694442165483 161.0940324784602 3
1694442165606 161.06197314322276 4
1694442165674 161.0299203730311 5
1694442165720 160.99787416652202 6
1694442165760 160.96583452233259 7
1694442165808 160.9338014391002 8
1694442165854 160.90177491546248 9
1694442165896 160.8697549500574 10
1694442165975 160.83774154152323 11
1694442166099 160.8057346884984 12
1694442166162 160.77373438962178 13
1694442166263 160.74174064353238 14
1694442166359 160.70975344886963 15
1694442166456 160.67777280427316 16
1694442166555 160.64579870838296 17
1694442166639 160.61383115983915 18
1694442166717 160.5818701572823 19
1694442166782 160.54991569935322 20
1694442166843 160.51796778469296 21
1694442166909 160.48602641194285 22
1694442166959 160.45409157974456 23
1694442167010 160.42216328674002 24
1694442167056 160.39024153157146 25
1694442167093 160.35832631288142 26
1694442167142 160.32641762931257 27
1694442167190 160.29451547950808 28
1694442167226 160.26261986211122 29
1694442167267 160.23073077576566 30
1694442167302 160.19884821911535 31
1694442167340 160.16697219080447 32
1694442167379 160.13510268947743 33
1694442167457 160.1032397137791 34
1694442167510 160.0713832623545 35
1694442167548 160.03953333384896 36
1694442167590 160.00768992690814 37
1694442167642 159.9758530401779 38
1694442167689 159.9440226723044 39
1694442167742 159.91219882193417 40
1694442167796 159.88038148771392 41
1694442167848 159.84857066829076 42
1694442167906 159.8167663623119 43
1694442167959 159.78496856842506 44
1694442168006 159.753177285278 45
1694442168042 159.721392511519 46
1694442168090 159.68961424579652 47
1694442168160 159.6578424867592 48
1694442168208 159.6260772330561 49
1694442168249 159.5943184833365 50
1694442168290 159.56256623625003 51
1694442168342 159.53082049044653 52
1694442168386 159.4990812445762 53
1694442168429 159.4673484972894 54
1694442168478 159.43562224723686 55
1694442168522 159.4039024930696 56
1694442168579 159.3721892334389 57
1694442168646 159.3404824669963 58
1694442168701 159.30878219239364 59
1694442168746 159.27708840828302 60
1694442168804 159.24540111331694 61
1694442168909 159.21372030614802 62
1694442168953 159.18204598542923 63
1694442168992 159.1503781498139 64
1694442169038 159.11871679795544 65
1694442169088 159.08706192850772 66
1694442169131 159.05541354012487 67
1694442169210 159.02377163146127 68
1694442169262 158.9921362011716 69
1694442169318 158.9605072479107 70
1694442169373 158.9288847703339 71
1694442169421 158.89726876709665 72
1694442169472 158.86565923685475 73
1694442169519 158.8340561782643 74
1694442169558 158.80245958998165 75
1694442169603 158.77086947066337 76
1694442169637 158.73928581896647 77
1694442169677 158.70770863354804 78
1694442169734 158.67613791306567 79
1694442169787 158.64457365617696 80
1694442169826 158.6130158615401 81
1694442169874 158.58146452781335 82
1694442169929 158.54991965365534 83
1694442169978 158.51838123772484 84
1694442170016 158.48684927868118 85
1694442170062 158.45532377518367 86
1694442170102 158.42380472589204 87
1694442170144 158.39229212946637 88
1694442170232 158.3607859845669 89
1694442170283 158.32928628985417 90
1694442170338 158.29779304398906 91
1694442170377 158.26630624563265 92
1694442170420 158.2348258934464 93
1694442170476 158.20335198609197 94
1694442170513 158.17188452223132 95
1694442170555 158.14042350052668 96
1694442170608 158.1089689196406 97
1694442170645 158.07752077823594 98
1694442170685 158.04607907497564 99
1694442170733 158.01464380852318 100
1694442170778 157.98321497754216 101
1694442170827 157.95179258069655 102
1694442170878 157.9203766166505 103
1694442170922 157.88896708406844 104
1694442170973 157.85756398161527 105
1694442171034 157.82616730795593 106
1694442171110 157.7947770617558 107
1694442171216 157.7633932416805 108
1694442171295 157.73201584639577 109
1694442171340 157.70064487456793 110
1694442171390 157.6692803248633 111
1694442171436 157.63792219594873 112
1694442171496 157.60657048649105 113
1694442171591 157.57522519515769 114
1694442171646 157.5438863206161 115
1694442171704 157.51255386153417 116
1694442171746 157.48122781658 117
1694442171800 157.4499081844219 118
1694442171860 157.41859496372868 119
1694442171928 157.38728815316924 120
1694442171961 157.35598775141273 121
1694442172027 157.32469375712873 122
1694442172063 157.29340616898702 123
1694442172123 157.26212498565764 124
1694442172175 157.23085020581095 125
1694442172228 157.19958182811754 126
1694442172275 157.1683198512483 127
1694442172317 157.1370642738745 128
1694442172363 157.10581509466746 129
1694442172412 157.074572312299 130
1694442172454 157.04333592544108 131
1694442172496 157.01210593276602 132
1694442172539 156.9808823329464 133
1694442172577 156.94966512465504 134
1694442172621 156.91845430656505 135
1694442172671 156.88724987734983 136
1694442172716 156.85605183568305 137
1694442172812 156.8248601802387 138
1694442172911 156.79367490969096 139
1694442172994 156.76249602271443 140
1694442173039 156.73132351798375 141
1694442173091 156.7001573941741 142
1694442173143 156.66899764996083 143
1694442173196 156.63784428401945 144
1694442173242 156.60669729502595 145
1694442173288 156.57555668165648 146
1694442173345 156.54442244258746 147
1694442173406 156.51329457649567 148
1694442173462 156.48217308205804 149
1694442173510 156.45105795795192 150
1694442173569 156.4199492028548 151
1694442173623 156.38884681544462 152
1694442173678 156.3577507943994 153
1694442173746 156.32666113839753 154
1694442173816 156.2955778461177 155
1694442173912 156.26450091623883 156
1694442173974 156.2334303474402 157
1694442174019 156.2023661384012 158
1694442174080 156.1713082878017 159
1694442174146 156.14025679432163 160
1694442174185 156.10921165664143 161
1694442174237 156.07817287344164 162
1694442174278 156.04714044340312 163
1694442174313 156.01611436520707 164
1694442174366 155.98509463753493 165
1694442174406 155.9540812590683 166
1694442174457 155.9230742284892 167
1694442174498 155.89207354447998 168
1694442174550 155.86107920572306 169
1694442174589 155.83009121090126 170
1694442174643 155.7991095586977 171
1694442174692 155.76813424779573 172
1694442174739 155.73716527687895 173
1694442174787 155.7062026446313 174
1694442174842 155.67524634973697 175
1694442174893 155.64429639088038 176
1694442174943 155.61335276674626 177
1694442174994 155.5824154760197 178
1694442175045 155.5514845173859 179
1694442175088 155.52055988953043 180
1694442175125 155.48964159113916 181
1694442175202 155.4587296208982 182
1694442175279 155.4278239774939 183
1694442175328 155.3969246596129 184
1694442175377 155.36603166594222 185
1694442175436 155.335144995169 186
1694442175486 155.3042646459808 187
1694442175542 155.27339061706527 188
1694442175594 155.24252290711047 189
1694442175639 155.21166151480477 190
1694442175686 155.18080643883675 191
1694442175742 155.1499576778952 192
1694442175794 155.11911523066928 193
1694442175837 155.08827909584838 194
1694442175892 155.05744927212223 195
1694442175940 155.02662575818076 196
1694442176000 154.99580855271418 197
1694442176054 154.96499765441303 198
1694442176106 154.93419306196802 199
1694442176160 154.90339477407025 200
1694442176210 154.87260278941108 201
1694442176262 154.84181710668202 202
1694442176313 154.81103772457502 203
1694442176375 154.7802646417822 204
1694442176422 154.7494978569959 205
1694442176483 154.71873736890896 206
1694442176528 154.68798317621423 207
1694442176601 154.657235277605 208
1694442176652 154.62649367177477 209
1694442176727 154.59575835741737 210
1694442176811 154.5650293332268 211
1694442176900 154.53430659789737 212
1694442176978 154.50359015012378 213
1694442177024 154.47287998860088 214
1694442177074 154.44217611202376 215
1694442177127 154.41147851908795 216
1694442177180 154.38078720848907 217
1694442177227 154.3501021789231 218
1694442177278 154.31942342908627 219
1694442177328 154.28875095767518 220
1694442177373 154.25808476338656 221
1694442177428 154.2274248449175 222
1694442177493 154.1967712009653 223
1694442177541 154.16612383022755 224
1694442177607 154.1354827314022 225
1694442177668 154.10484790318736 226
1694442177727 154.0742193442815 227
1694442177776 154.04359705338325 228
1694442177822 154.01298102919168 229
1694442177867 153.9823712704059 230
1694442177907 153.95176777572553 231
1694442177945 153.92117054385034 232
1694442177997 153.89057957348035 233
1694442178042 153.8599948633159 234
1694442178105 153.82941641205764 235
1694442178155 153.79884421840643 236
1694442178198 153.76827828106337 237
1694442178263 153.7377185987299 238
1694442178324 153.70716517010774 239
1694442178376 153.67661799389884 240
1694442178418 153.64607706880543 241
1694442178475 153.61554239353 242
1694442178520 153.58501396677536 243
1694442178562 153.5544917872446 244
1694442178611 153.5239758536409 245
1694442178660 153.49346616466795 246
1694442178703 153.4629627190296 247
1694442178742 153.43246551542998 248
1694442178787 153.4019745525735 249
1694442178830 153.37148982916486 250
1694442178893 153.34101134390897 251
1694442178935 153.310539095511 252
1694442178984 153.2800730826766 253
1694442179036 153.24961330411134 254
1694442179085 153.21915975852139 255
1694442179132 153.18871244461297 256
1694442179184 153.15827136109272 257
1694442179238 153.12783650666745 258
1694442179314 153.09740788004424 259
1694442179376 153.0669854799305 260
1694442179428 153.03656930503394 261
1694442179486 153.0061593540624 262
1694442179537 152.9757556257241 263
1694442179584 152.94535811872757 264
1694442179629 152.91496683178147 265
1694442179667 152.88458176359487 266
1694442179718 152.85420291287693 267
1694442179762 152.8238302783373 268
1694442179812 152.7934638586858 269
1694442179862 152.76310365263245 270
1694442179907 152.7327496588877 271
1694442179943 152.7024018761621 272
1694442179994 152.67206030316657 273
1694442180055 152.64172493861227 274
1694442180096 152.61139578121063 275
1694442180136 152.58107282967342 276
1694442180176 152.5507560827125 277
1694442180222 152.52044553904025 278
1694442180261 152.49014119736904 279
1694442180296 152.45984305641176 280
1694442180334 152.42955111488143 281
1694442180372 152.39926537149137 282
1694442180406 152.3689858249552 283
1694442180439 152.33871247398665 284
1694442180474 152.30844531730006 285
1694442180519 152.27818435360965 286
1694442180558 152.24792958163022 287
1694442180597 152.21768100007657 288
1694442180633 152.18743860766406 289
1694442180671 152.15720240310804 290
1694442180707 152.12697238512433 291
1694442180741 152.09674855242892 292
1694442180787 152.06653090373803 293
1694442180833 152.03631943776827 294
1694442180888 152.0061141532365 295
1694442180926 151.97591504885975 296
1694442180963 151.94572212335535 297
1694442181011 151.91553537544098 298
1694442181058 151.88535480383447 299
1694442181133 151.85518040725404 300
1694442181237 151.8250121844181 301
1694442181306 151.7948501340453 302
1694442181367 151.7646942548547 303
1694442181415 151.73454454556546 304
1694442181458 151.7044010048971 305
1694442181508 151.67426363156937 306
1694442181560 151.64413242430237 307
1694442181605 151.6140073818163 308
1694442181651 151.58388850283183 309
1694442181691 151.55377578606974 310
1694442181742 151.52366923025116 311
1694442181786 151.4935688340975 312
1694442181834 151.46347459633031 313
1694442181875 151.43338651567154 314
1694442181921 151.40330459084342 315
1694442181962 151.37322882056833 316
1694442182004 151.34315920356906 317
1694442182045 151.3130957385685 318
1694442182086 151.28303842428994 319
1694442182162 151.25298725945686 320
1694442182210 151.22294224279312 321
1694442182262 151.1929033730227 322
1694442182306 151.1628706488699 323
1694442182360 151.13284406905933 324
1694442182402 151.1028236323159 325
1694442182455 151.07280933736462 326
1694442182502 151.04280118293093 327
1694442182554 151.01279916774052 328
1694442182602 150.9828032905192 329
1694442182652 150.9528135499932 330
1694442182704 150.922829944889 331
1694442182742 150.8928524739333 332
1694442182789 150.86288113585303 333
1694442182836 150.8329159293755 334
1694442182881 150.80295685322824 335
1694442182940 150.77300390613894 336
1694442182976 150.74305708683573 337
1694442183011 150.7131163940469 338
1694442183051 150.683181826501 339
1694442183088 150.65325338292692 340
1694442183126 150.62333106205375 341
1694442183170 150.59341486261087 342
1694442183205 150.56350478332791 343
1694442183240 150.5336008229348 344
1694442183276 150.50370298016168 345
1694442183354 150.47381125373903 346
1694442183395 150.44392564239755 347
1694442183443 150.41404614486817 348
1694442183496 150.38417275988218 349
1694442183544 150.35430548617106 350
1694442183589 150.32444432246658 351
1694442183630 150.29458926750073 352
1694442183675 150.26474032000587 353
1694442183712 150.23489747871457 354
1694442183753 150.20506074235962 355
1694442183790 150.17523010967412 356
1694442183840 150.14540557939142 357
1694442183884 150.11558715024518 358
1694442183927 150.08577482096925 359
1694442183968 150.05596859029782 360
1694442184011 150.02616845696525 361
1694442184072 149.99637441970629 362
1694442184121 149.9665864772559 363
1694442184170 149.9368046283492 364
1694442184214 149.90702887172174 365
1694442184258 149.87725920610927 366
1694442184304 149.84749563024772 367
1694442184342 149.81773814287345 368
1694442184383 149.78798674272298 369
1694442184428 149.75824142853304 370
1694442184472 149.72850219904078 371
1694442184509 149.69876905298344 372
1694442184541 149.66904198909873 373
1694442184582 149.6393210061244 374
1694442184619 149.60960610279864 375
1694442184662 149.57989727785977 376
1694442184701 149.55019453004653 377
1694442184737 149.5204978580978 378
1694442184790 149.49080726075263 379
1694442184824 149.46112273675067 380
1694442184885 149.43144428483146 381
1694442184924 149.40177190373507 382
1694442184961 149.37210559220165 383
1694442184996 149.34244534897175 384
1694442185042 149.31279117278615 385
1694442185077 149.2831430623858 386
1694442185124 149.25350101651205 387
1694442185163 149.22386503390638 388
1694442185208 149.1942351133107 389
1694442185261 149.16461125346703 390
1694442185304 149.13499345311766 391
1694442185340 149.10538171100526 392
1694442185386 149.07577602587267 393
1694442185424 149.04617639646304 394
1694442185463 149.01658282151973 395
1694442185505 148.98699529978646 396
1694442185553 148.95741383000703 397
1694442185607 148.92783841092574 398
1694442185660 148.89826904128694 399
1694442185725 148.86870571983542 400
1694442185762 148.83914844531603 401
1694442185809 148.8095972164741 402
1694442185853 148.78005203205512 403
1694442185888 148.75051289080483 404
1694442185929 148.72097979146918 405
1694442185975 148.69145273279454 406
1694442186023 148.6619317135274 407
1694442186071 148.63241673241464 408
1694442186127 148.60290778820323 409
1694442186184 148.5734048796405 410
1694442186233 148.5439080054741 411
1694442186280 148.51441716445194 412
1694442186372 148.484932355322 413
1694442186463 148.45545357683272 414
1694442186545 148.42598082773273 415
1694442186607 148.39651410677095 416
1694442186669 148.3670534126965 417
1694442186725 148.33759874425883 418
1694442186770 148.30815010020768 419
1694442186823 148.27870747929288 420
1694442186887 148.24927088026476 421
1694442186940 148.21984030187375 422
1694442187009 148.1904157428705 423
1694442187085 148.1609972020061 424
1694442187136 148.13158467803174 425
1694442187195 148.10217816969902 426
1694442187264 148.07277767575965 427
1694442187320 148.04338319496568 428
1694442187362 148.01399472606943 429
1694442187422 147.98461226782342 430
1694442187479 147.9552358189805 431
1694442187563 147.9258653782938 432
1694442187622 147.89650094451653 433
1694442187669 147.8671425164024 434
1694442187745 147.8377900927053 435
1694442187816 147.80844367217927 436
1694442187859 147.77910325357874 437
1694442187917 147.74976883565827 438
1694442187979 147.7204404171729 439
1694442188038 147.69111799687778 440
1694442188073 147.66180157352827 441
1694442188115 147.63249114588012 442
1694442188152 147.6031867126892 443
1694442188193 147.57388827271177 444
1694442188232 147.5445958247043 445
1694442188271 147.51530936742353 446
1694442188315 147.48602889962643 447
1694442188373 147.45675442007027 448
1694442188423 147.42748592751252 449
1694442188460 147.398223420711 450
1694442188496 147.36896689842368 451
1694442188544 147.33971635940892 452
1694442188589 147.31047180242518 453
1694442188639 147.28123322623136 454
1694442188672 147.25200062958646 455
1694442188714 147.2227740112499 456
1694442188752 147.19355336998115 457
1694442188803 147.1643387045401 458
1694442188839 147.13513001368693 459
1694442188877 147.1059272961819 460
1694442188914 147.07673055078573 461
1694442188957 147.04753977625919 462
1694442189007 147.0183549713635 463
1694442189053 146.9891761348601 464
1694442189094 146.96000326551055 465
1694442189132 146.93083636207686 466
1694442189175 146.90167542332114 467
1694442189223 146.8725204480059 468
1694442189276 146.84337143489378 469
1694442189337 146.81422838274779 470
1694442189379 146.78509129033108 471
1694442189433 146.75596015640718 472
1694442189476 146.72683497973983 473
1694442189528 146.69771575909294 474
1694442189587 146.6686024932309 475
1694442189643 146.6394951809181 476
1694442189740 146.6103938209193 477
1694442189845 146.58129841199963 478
1694442189920 146.55220895292425 479
1694442189971 146.5231254424588 480
1694442190044 146.49404787936902 481
1694442190095 146.46497626242103 482
1694442190138 146.4359105903811 483
1694442190187 146.40685086201586 484
1694442190243 146.37779707609204 485
1694442190294 146.34874923137681 486
1694442190343 146.31970732663754 487
1694442190388 146.29067136064177 488
1694442190492 146.26164133215738 489
1694442190573 146.23261723995253 490
1694442190647 146.20359908279556 491
1694442190702 146.17458685945513 492
1694442190758 146.14558056870015 493
1694442190809 146.11658020929974 494
1694442190869 146.08758578002335 495
1694442190907 146.05859727964057 496
1694442190956 146.02961470692142 497
1694442190995 146.00063806063605 498
1694442191037 145.9716673395549 499
