1694442000510 174.1999351043731 0
1694442000555 173.84999219544005 1
1694442000604 173.50076890562136 2
1694442000667 173.15226373822583 3
1694442000755 172.80447519969516 4
1694442000834 172.45740179959694 5
1694442000904 172.11104205061844 6
1694442000956 171.76539446855992 7
1694442001011 171.42045757232805 8
1694442001061 171.07622988392953 9
1694442001108 170.73270992846435 10
1694442001158 170.38989623411948 11
1694442001213 170.0477873321624 12
1694442001264 169.70638175693432 13
1694442001326 169.3656780458441 14
1694442001388 169.02567473936173 15
1694442001473 168.68637038101159 16
1694442001575 168.35035490381603 17
1694442001681 168.01502756762576 18
1694442001790 167.68038694427102 19
1694442001873 167.3464316085682 20
1694442001922 167.01316013831334 21
1694442001981 166.68057111427603 22
1694442002060 166.34866312019315 23
1694442002146 166.0174347427626 24
1694442002190 165.68688457163702 25
1694442002240 165.35701119941768 26
1694442002298 165.0278132216483 27
1694442002397 164.6992892368088 28
1694442002472 164.3714378463091 29
1694442002507 164.04425765448312 30
1694442002550 163.71774726858249 31
1694442002588 163.39190529877055 32
1694442002632 163.066730358116 33
1694442002679 162.74222106258716 34
1694442002721 162.41837603104548 35
1694442002802 162.0951938852398 36
1694442002890 161.77267324980016 37
1694442002989 161.45081275223168 38
1694442003068 161.12961102290853 39
1694442003139 160.80906669506808 40
1694442003191 160.48917840480468 41
1694442003258 160.16994479106378 42
1694442003343 159.85136449563583 43
1694442003399 159.53343616315047 44
1694442003439 159.2161584410705 45
1694442003482 158.89952997968572 46
1694442003531 158.58354943210747 47
1694442003590 158.26821545426216 48
1694442003637 157.95352670488575 49
1694442003686 157.63948184551762 50
1694442003742 157.326079540495 51
1694442003793 157.0133184569465 52
1694442003840 156.70119726478688 53
1694442003891 156.389714636711 54
1694442003969 156.07886924818771 55
1694442004021 155.76865977745433 56
1694442004068 155.45908490551085 57
1694442004104 155.15014331611383 58
1694442004143 154.8418336957709 59
1694442004183 154.5341547337349 60
1694442004230 154.22710512199816 61
1694442004269 153.9206835552865 62
1694442004308 153.61488873105384 63
1694442004364 153.30971934947632 64
1694442004420 153.0051741134465 65
1694442004465 152.70125172856777 66
1694442004518 152.39795090314854 67
1694442004554 152.0952703481968 68
1694442004617 151.79320877741426 69
1694442004664 151.49176490719051 70
1694442004711 151.19093745659794 71
1694442004747 150.89072514738544 72
1694442004797 150.59112670397334 73
1694442004839 150.29214085344742 74
1694442004889 149.9937663255535 75
1694442004924 149.69600185269186 76
1694442004963 149.39884616991156 77
1694442005008 149.10229801490493 78
1694442005043 148.80635612800205 79
1694442005075 148.5110192521652 80
1694442005135 148.21628613298333 81
1694442005171 147.9221555186665 82
1694442005206 147.62862616004043 83
1694442005250 147.33569681054104 84
1694442005292 147.0433662262089 85
1694442005337 146.7516331656837 86
1694442005374 146.46049639019907 87
1694442005410 146.16995466357673 88
1694442005456 145.88000675222145 89
1694442005493 145.5906514251153 90
1694442005536 145.30188745381255 91
1694442005578 145.01371361243395 92
1694442005626 144.72612867766162 93
1694442005688 144.43913142873348 94
1694442005741 144.15272064743795 95
1694442005783 143.86689511810872 96
1694442005833 143.58165362761915 97
1694442005884 143.29699496537722 98
1694442005921 143.01291792331992 99
1694442005971 142.72942129590814 100
1694442006014 142.4465038801214 101
1694442006055 142.16416447545248 102
1694442006103 141.88240188390193 103
1694442006151 141.60121490997338 104
1694442006218 141.32060236066766 105
1694442006280 141.04056304547797 106
1694442006343 140.76109577638442 107
1694442006392 140.48219936784898 108
1694442006454 140.2038726368101 109
1694442006560 139.92611440267765 110
1694442006639 139.64892348732778 111
1694442006708 139.37229871509743 112
1694442006769 139.09623891277957 113
1694442006865 138.82074290961773 114
1694442006919 138.54580953730112 115
1694442006981 138.27143762995925 116
1694442007066 137.99762602415694 117
1694442007133 137.7243735588892 118
1694442007172 137.45167907557615 119
1694442007221 137.17954141805782 120
1694442007270 136.9079594325892 121
1694442007322 136.6369319678351 122
1694442007374 136.36645787486515 123
1694442007421 136.09653600714861 124
1694442007471 135.8271652205496 125
1694442007524 135.55834437332177 126
1694442007565 135.29007232610348 127
1694442007600 135.02234794191276 128
1694442007641 134.75517008614227 129
1694442007705 134.48853762655432 130
1694442007759 134.22244943327598 131
1694442007803 133.956904378794 132
1694442007866 133.69190133795 133
1694442007923 133.42743918793536 134
1694442007985 133.16351680828637 135
1694442008051 132.90013308087939 136
1694442008092 132.63728688992578 137
1694442008142 132.3749771219671 138
1694442008202 132.1132026658703 139
1694442008255 131.85196241282256 140
1694442008311 131.59125525632675 141
1694442008362 131.33108009219634 142
1694442008408 131.0714358185507 143
1694442008451 130.8123213358101 144
1694442008519 130.55373554669112 145
1694442008582 130.29567735620154 146
1694442008630 130.03814567163576 147
1694442008692 129.7811394025699 148
1694442008758 129.52465746085704 149
1694442008808 129.26869876062244 150
1694442008853 129.01326221825872 151
1694442008899 128.75834675242126 152
1694442008952 128.50395128402326 153
1694442008990 128.25007473623106 154
1694442009043 127.9967160344595 155
1694442009085 127.74387410636712 156
1694442009123 127.49154788185145 157
1694442009165 127.23973629304437 158
1694442009244 126.98843827430738 159
1694442009292 126.73765276222687 160
1694442009352 126.48737869560956 161
1694442009406 126.23761501547783 162
1694442009452 125.98836066506493 163
1694442009499 125.73961458981051 164
1694442009541 125.49137573735592 165
1694442009584 125.24364305753956 166
1694442009622 124.99641550239238 167
1694442009684 124.74969202613306 168
1694442009750 124.50347158516374 169
1694442009792 124.25775313806514 170
1694442009837 124.01253564559215 171
1694442009882 123.76781807066924 172
1694442009923 123.52359937838591 173
1694442009963 123.27987853599207 174
1694442010006 123.03665451289366 175
1694442010041 122.79392628064802 176
1694442010088 122.55169281295933 177
1694442010144 122.30995308567425 178
1694442010184 122.06870607677733 179
1694442010221 121.82795076638655 180
1694442010272 121.58768613674879 181
1694442010311 121.34791117223547 182
1694442010363 121.10862485933804 183
1694442010402 120.86982618666346 184
1694442010438 120.6315141449299 185
1694442010489 120.39368772696221 186
1694442010524 120.15634592768754 187
1694442010564 119.91948774413089 188
1694442010601 119.6831121754108 189
1694442010651 119.44721822273485 190
1694442010691 119.21180488939535 191
1694442010743 118.97687118076496 192
1694442010787 118.74241610429225 193
1694442010832 118.50843866949748 194
1694442010874 118.27493788796811 195
1694442010926 118.0419127733546 196
1694442010985 117.80936234136595 197
1694442011026 117.5772856097655 198
1694442011072 117.34568159836657 199
1694442011114 117.1145493290281 200
1694442011175 116.88388782565049 201
1694442011237 116.65369611417118 202
1694442011290 116.42397322256053 203
1694442011343 116.19471818081738 204
1694442011384 115.9659300209649 205
1694442011429 115.73760777704639 206
1694442011466 115.50975048512095 207
1694442011501 115.28235718325922 208
1694442011537 115.05542691153934 209
1694442011575 114.82895871204252 210
1694442011617 114.602951628849 211
1694442011655 114.37740470803382 212
1694442011695 114.15231699766254 213
1694442011739 113.9276875477872 214
1694442011775 113.70351541044205 215
1694442011814 113.4797996396395 216
1694442011854 113.25653929136587 217
1694442011889 113.03373342357729 218
1694442011938 112.81138109619557 219
1694442011978 112.58948137110407 220
1694442012026 112.36803331214362 221
1694442012070 112.14703598510836 222
1694442012110 111.92648845774166 223
1694442012157 111.70638979973205 224
1694442012205 111.48673908270916 225
1694442012247 111.26753538023961 226
1694442012290 111.04877776782293 227
1694442012334 110.83046532288756 228
1694442012383 110.61259712478677 229
1694442012424 110.39517225479466 230
1694442012463 110.17818979610206 231
1694442012497 109.96164883381262 232
1694442012535 109.74554845493867 233
1694442012583 109.52988774839734 234
1694442012624 109.31466580500646 235
1694442012673 109.09988171748064 236
1694442012710 108.8855345804273 237
1694442012745 108.67162349034265 238
1694442012789 108.45814754560774 239
1694442012846 108.24510584648458 240
1694442012887 108.03249749511205 241
1694442012949 107.82032159550214 242
1694442012997 107.60857725353591 243
1694442013041 107.39726357695956 244
1694442013100 107.18637967538059 245
1694442013142 106.97592466026389 246
1694442013190 106.76589764492773 247
1694442013260 106.55629774454005 248
1694442013341 106.34712407611443 249
1694442013416 106.13837575850631 250
1694442013470 105.93005191240916 251
1694442013551 105.72215166035045 252
1694442013607 105.51467412668796 253
1694442013659 105.30761843760601 254
1694442013708 105.10098372111138 255
1694442013774 104.89476910702972 256
1694442013848 104.68897372700161 257
1694442013886 104.48359671447884 258
1694442013935 104.27863720472047 259
1694442013982 104.0740943347893 260
1694442014025 103.86996724354776 261
1694442014085 103.6662550716544 262
1694442014139 103.46295696156002 263
1694442014205 103.26007205750388 264
1694442014258 103.05759950551003 265
1694442014318 102.85553845338352 266
1694442014369 102.65388805070663 267
1694442014422 102.45264744883526 268
1694442014470 102.25181580089512 269
1694442014523 102.051392261778 270
1694442014620 101.85137598813817 271
1694442014749 101.65176613838855 272
1694442014814 101.45256187269716 273
1694442014855 101.25376235298336 274
1694442014897 101.05536674291417 275
1694442014940 100.85737420790068 276
1694442014992 100.65978391509427 277
1694442015039 100.46259503338311 278
1694442015082 100.26580673338842 279
1694442015122 100.06941818746085 280
1694442015170 99.87342856967689 281
1694442015209 99.67783705583524 282
1694442015250 99.48264282345312 283
1694442015299 99.28784505176284 284
1694442015341 99.093442921708 285
1694442015392 98.89943561594009 286
1694442015511 98.70582231881478 287
1694442015579 98.51260221638843 288
1694442015633 98.3197744964144 289
1694442015699 98.12733834833969 290
1694442015770 97.93529296330122 291
1694442015829 97.74363753412236 292
1694442015868 97.55237125530942 293
1694442015906 97.361493323048 294
1694442015952 97.17100293519961 295
1694442015987 96.98089929129812 296
1694442016024 96.79118159254622 297
1694442016067 96.60184904181193 298
1694442016137 96.41290084362514 299
1694442016193 96.22433620417408 300
1694442016237 96.0361543313019 301
1694442016275 95.84835443450315 302
1694442016311 95.66093572492034 303
1694442016353 95.47389741534047 304
1694442016406 95.2872387201917 305
1694442016454 95.10095885553964 306
1694442016500 94.91505703908427 307
1694442016550 94.72953249015619 308
1694442016586 94.54438442971343 309
1694442016638 94.35961208033794 310
1694442016679 94.17521466623214 311
1694442016721 93.99119141321565 312
1694442016763 93.80754154872183 313
1694442016800 93.62426430179441 314
1694442016842 93.44135890308408 315
1694442016887 93.25882458484514 316
1694442016945 93.07666058093223 317
1694442016982 92.89486612679677 318
1694442017044 92.71344045948386 319
1694442017087 92.53238281762877 320
1694442017136 92.35169244145365 321
1694442017185 92.17136857276422 322
1694442017239 91.99141045494648 323
1694442017292 91.81181733296327 324
1694442017338 91.63258845335118 325
1694442017375 91.45372306421702 326
1694442017429 91.27522041523473 327
1694442017466 91.09707975764195 328
1694442017540 90.91930034423683 329
1694442017593 90.74188142937466 330
1694442017629 90.5648222689648 331
1694442017665 90.38812212046717 332
1694442017700 90.21178024288923 333
1694442017741 90.03579589678257 334
1694442017782 89.8601683442398 335
1694442017826 89.6848968488912 336
1694442017865 89.5099806759016 337
1694442017905 89.33541909196715 338
1694442017941 89.16121136531204 339
1694442017981 88.98735676568536 340
1694442018020 88.8138545643579 341
1694442018072 88.64070403411891 342
1694442018125 88.46790444927304 343
1694442018163 88.295455085637 344
1694442018198 88.12335522053657 345
1694442018237 87.95160413280323 346
1694442018280 87.78020110277122 347
1694442018340 87.60914541227424 348
1694442018389 87.43843634464237 349
1694442018441 87.26807318469892 350
1694442018487 87.09805521875737 351
1694442018533 86.92838173461804 352
1694442018581 86.7590520215653 353
1694442018624 86.5900653703641 354
1694442018683 86.42142107325718 355
1694442018726 86.25311842396178 356
1694442018776 86.08515671766666 357
1694442018826 85.91753525102891 358
1694442018871 85.75025332217098 359
1694442018910 85.58331023067753 360
1694442018972 85.4167052775924 361
1694442019017 85.2504377654156 362
1694442019059 85.08450699810017 363
1694442019110 84.9189122810492 364
1694442019158 84.75365292111275 365
1694442019204 84.58872822658486 366
1694442019248 84.42413750720046 367
1694442019300 84.2598800741325 368
1694442019357 84.0959552399887 369
1694442019402 83.93236231880877 370
1694442019458 83.76910062606132 371
1694442019518 83.60616947864078 372
1694442019589 83.44356819486457 373
1694442019646 83.28129609447005 374
1694442019692 83.11935249861153 375
1694442019740 82.95773672985729 376
1694442019787 82.79644811218668 377
1694442019841 82.63548597098709 378
1694442019899 82.47484963305108 379
1694442019939 82.31453842657335 380
1694442020002 82.15455168114786 381
1694442020041 81.99488872776493 382
1694442020091 81.83554889880823 383
1694442020168 81.67653152805187 384
1694442020222 81.51783595065758 385
1694442020265 81.35946150317176 386
1694442020308 81.20140752352248 387
1694442020365 81.04367335101672 388
1694442020410 80.88625832633745 389
1694442020454 80.7291617915407 390
1694442020492 80.57238309005272 391
1694442020537 80.41592156666711 392
1694442020582 80.25977656754193 393
1694442020632 80.10394744019689 394
1694442020688 79.94843353351047 395
1694442020731 79.79323419771701 396
1694442020775 79.63834878440403 397
1694442020819 79.48377664650923 398
1694442020862 79.32951713831778 399
1694442020910 79.17556961545944 400
1694442020948 79.02199305401864 401
1694442021009 78.86872699974562 402
1694442021054 78.71577081290079 403
1694442021098 78.56312385507592 404
1694442021139 78.41078548919135 405
1694442021199 78.25875507949318 406
1694442021250 78.10703199155054 407
1694442021296 77.95561559225281 408
1694442021342 77.80450524980678 409
1694442021390 77.65370033373406 410
1694442021446 77.50320021486817 411
1694442021491 77.35300426535187 412
1694442021531 77.20311185863441 413
1694442021616 77.05352236946875 414
1694442021676 76.90423517390893 415
1694442021737 76.75524964930729 416
1694442021806 76.60656517431173 417
1694442021870 76.45818112886303 418
1694442021959 76.31009689419214 419
1694442022032 76.16231185281755 420
1694442022085 76.01482538854242 421
1694442022123 75.86763688645203 422
1694442022165 75.72074573291115 423
1694442022206 75.57415131556121 424
1694442022243 75.42785302331767 425
1694442022283 75.28185024636747 426
1694442022333 75.13614237616622 427
1694442022383 74.99072880543567 428
1694442022443 74.84560892816096 429
1694442022533 74.700782139588 430
1694442022584 74.55624783622093 431
1694442022631 74.41200541581934 432
1694442022704 74.26805427739573 433
1694442022750 74.12439382121296 434
1694442022792 73.98102344878136 435
1694442022837 73.83794256285648 436
1694442022885 73.69515056743627 437
1694442022922 73.55264686775845 438
1694442022958 73.41043087029807 439
1694442022999 73.26850198276486 440
1694442023036 73.12685961410052 441
1694442023075 72.98550317447639 442
1694442023121 72.84443207529064 443
1694442023161 72.70364572916586 444
1694442023207 72.56314354994639 445
1694442023248 72.42292495269588 446
1694442023296 72.28298935369463 447
1694442023339 72.14333617043711 448
1694442023379 72.00396482162942 449
1694442023435 71.86487472718672 450
1694442023474 71.72606530823072 451
1694442023510 71.58753598708714 452
1694442023549 71.44928618728322 453
1694442023593 71.31131533354522 454
1694442023639 71.17362285179586 455
1694442023691 71.03620816915185 456
1694442023736 70.89907071392136 457
1694442023775 70.76220991560163 458
1694442023856 70.62562520487631 459
1694442023969 70.48931601361313 460
1694442024043 70.3532817748614 461
1694442024165 70.21752192284943 462
1694442024223 70.08203589298219 463
1694442024314 69.9468231218388 464
1694442024385 69.81188304717008 465
1694442024455 69.67721510789607 466
1694442024541 69.54281874410364 467
1694442024618 69.40869339704399 468
1694442024685 69.27483850913025 469
1694442024754 69.14125352393506 470
1694442024824 69.00793788618813 471
1694442024878 68.87489104177381 472
1694442024930 68.74211243772868 473
1694442024985 68.60960152223915 474
1694442025024 68.47735774463905 475
1694442025088 68.34538055540723 476
1694442025131 68.21366940616518 477
1694442025210 68.08222374967458 478
1694442025293 67.95104303983503 479
1694442025374 67.82012673168154 480
1694442025452 67.68947428138226 481
1694442025498 67.55908514623604 482
1694442025551 67.42895878467013 483
1694442025591 67.29909465623773 484
1694442025638 67.16949222161573 485
1694442025678 67.04015094260231 486
1694442025720 66.91107028211461 487
1694442025775 66.78224970418636 488
1694442025830 66.65368867396559 489
1694442025887 66.52538665771227 490
1694442025940 66.39734312279604 491
1694442025993 66.26955753769379 492
1694442026050 66.14202937198736 493
1694442026090 66.01475809636139 494
1694442026149 65.88774318260079 495
1694442026203 65.76098410358856 496
1694442026251 65.63448033330353 497
1694442026302 65.50823134681796 498
1694442026353 65.38223662029532 499
