1694443219481 0.0 0
1694443219848 0.0 1
1694443220155 0.0 2
1694443220433 0.0 3
1694443220722 0.0 4
1694443221006 0.0 5
1694443221282 0.0 6
1694443221561 0.0 7
1694443221839 0.0 8
1694443222110 0.0 9
1694443222367 0.0 10
1694443222628 0.0 11
1694443222896 0.0 12
1694443223180 0.0 13
1694443223451 0.0 14
1694443223744 0.0 15
1694443224033 0.0 16
1694443224330 0.0 17
1694443224603 0.0 18
1694443224893 0.0 19
1694443225167 0.0 20
1694443225456 0.0 21
1694443225726 0.0 22
1694443226001 0.0 23
1694443226260 0.0 24
1694443226547 0.0 25
1694443226829 0.0 26
1694443227094 0.0 27
1694443227375 0.0 28
1694443227663 0.0 29
1694443227945 0.0 30
1694443228245 0.0 31
1694443228509 0.0 32
1694443228775 0.0 33
1694443229048 0.0 34
1694443229334 0.0 35
1694443229627 0.0 36
1694443229893 0.0 37
1694443230165 0.0 38
1694443230440 0.0 39
1694443230713 0.0 40
1694443230984 0.0 41
1694443231262 0.0 42
1694443231548 0.0 43
1694443231835 0.0 44
1694443232125 0.0 45
1694443232392 0.0 46
1694443232659 0.0 47
1694443232948 0.0 48
1694443233226 0.0 49
1694443233521 0.0 50
1694443233808 0.0 51
1694443234099 0.0 52
1694443234385 0.0 53
1694443234649 0.0 54
1694443234981 0.0 55
1694443235258 0.0 56
1694443235557 0.0 57
1694443235835 0.0 58
1694443236121 0.0 59
1694443236393 0.0 60
1694443236663 0.0 61
1694443236927 0.0 62
1694443237206 0.0 63
1694443237487 0.0 64
1694443237773 0.0 65
1694443238039 0.0 66
1694443238323 0.0 67
1694443238611 0.0 68
1694443238855 0.0 69
1694443239121 0.0 70
1694443239390 0.0 71
1694443239666 0.0 72
1694443239934 0.0 73
1694443240209 0.0 74
1694443240464 0.0 75
1694443240723 0.0 76
1694443241003 0.0 77
1694443241286 0.0 78
1694443241547 0.0 79
1694443241807 0.0 80
1694443242083 0.0 81
1694443242380 0.0 82
1694443242671 0.0 83
1694443242953 0.0 84
1694443243234 0.0 85
1694443243531 0.0 86
1694443243845 0.0 87
1694443244131 0.0 88
1694443244419 0.0 89
1694443244703 0.0 90
1694443244963 0.0 91
1694443245237 0.0 92
1694443245507 0.0 93
1694443245783 0.0 94
1694443246059 0.0 95
1694443246328 0.0 96
1694443246597 0.0 97
1694443246871 0.0 98
1694443247129 0.0 99
1694443247408 0.0 100
1694443247684 0.0 101
1694443247965 0.0 102
1694443248234 0.0 103
1694443248495 0.0 104
1694443248752 0.0 105
1694443249018 0.0 106
1694443249301 0.0 107
1694443249603 0.0 108
1694443249842 0.0 109
1694443250123 0.0 110
1694443250426 0.0 111
1694443250715 0.0 112
1694443250990 0.0 113
1694443251271 0.0 114
1694443251535 0.0 115
1694443251817 0.0 116
1694443252102 0.0 117
1694443252392 0.0 118
1694443252658 0.0 119
1694443252933 0.0 120
1694443253219 0.0 121
1694443253490 0.0 122
1694443253756 0.0 123
1694443254037 0.0 124
1694443254296 0.0 125
1694443254572 0.0 126
1694443254933 0.0 127
1694443255213 0.0 128
1694443255484 0.0 129
1694443255750 0.0 130
1694443256054 0.0 131
1694443256342 0.0 132
1694443256613 0.0 133
1694443256882 0.0 134
1694443257139 0.0 135
1694443257437 0.0 136
1694443257704 0.0 137
1694443257959 0.0 138
1694443258206 0.0 139
1694443258460 0.0 140
1694443258721 0.0 141
1694443258986 0.0 142
1694443259250 0.0 143
1694443259517 0.0 144
1694443259805 0.0 145
1694443260096 0.0 146
1694443260331 0.0 147
1694443260602 0.0 148
1694443260876 0.0 149
1694443261124 0.0 150
1694443261400 0.0 151
1694443261686 0.0 152
1694443261958 0.0 153
1694443262241 0.0 154
1694443262498 0.0 155
1694443262777 0.0 156
1694443263055 0.0 157
1694443263360 0.0 158
1694443263636 0.0 159
1694443263941 0.0 160
1694443264251 0.0 161
1694443264588 0.0 162
1694443264867 0.0 163
1694443265152 0.0 164
1694443265437 0.0 165
1694443265727 0.0 166
1694443265992 0.0 167
1694443266268 0.0 168
1694443266543 0.0 169
1694443266833 0.0 170
1694443267111 0.0 171
1694443267397 0.0 172
1694443267707 0.0 173
1694443267995 0.0 174
1694443268280 0.0 175
1694443268540 0.0 176
1694443268801 0.0 177
1694443269065 0.0 178
1694443269330 0.0 179
1694443269604 0.0 180
1694443269871 0.0 181
1694443270146 0.0 182
1694443270417 0.0 183
1694443270656 0.0 184
1694443270910 0.0 185
1694443271195 0.0 186
1694443271480 0.0 187
1694443271748 0.0 188
1694443271992 0.0 189
1694443272247 0.0 190
1694443272538 0.0 191
1694443272790 0.0 192
1694443273038 0.0 193
1694443273307 0.0 194
1694443273560 0.0 195
1694443273830 0.0 196
1694443274110 0.0 197
1694443274394 0.0 198
1694443274663 0.0 199
1694443274952 0.0 200
1694443275244 0.0 201
1694443275516 0.0 202
1694443275795 0.0 203
1694443276092 0.0 204
1694443276382 0.0 205
1694443276660 0.0 206
1694443276935 0.0 207
1694443277198 0.0 208
1694443277497 0.0 209
1694443277796 0.0 210
1694443278065 0.0 211
1694443278351 0.0 212
1694443278670 0.0 213
1694443278985 0.0 214
1694443279272 0.0 215
1694443279589 0.0 216
1694443279878 0.0 217
1694443280203 0.0 218
1694443280491 0.0 219
1694443280784 0.0 220
1694443281056 0.0 221
1694443281370 0.0 222
1694443281644 0.0 223
1694443281912 0.0 224
1694443282186 0.0 225
1694443282492 0.0 226
1694443282746 0.0 227
1694443283008 0.0 228
1694443283285 0.0 229
1694443283565 0.0 230
1694443283844 0.0 231
1694443284095 0.0 232
1694443284384 0.0 233
1694443284630 0.0 234
1694443284895 0.0 235
1694443285147 0.0 236
1694443285418 0.0 237
1694443285682 0.0 238
1694443285940 0.0 239
1694443286195 0.0 240
1694443286451 0.0 241
1694443286691 0.0 242
1694443286956 0.0 243
1694443287219 0.0 244
1694443287500 0.0 245
1694443287760 0.0 246
1694443288013 0.0 247
1694443288311 0.0 248
1694443288590 0.0 249
1694443288891 0.0 250
1694443289179 0.0 251
1694443289453 0.0 252
1694443289725 0.0 253
1694443289980 0.0 254
1694443290266 0.0 255
1694443290573 0.0 256
1694443290835 0.0 257
1694443291110 0.0 258
1694443291375 0.0 259
1694443291639 0.0 260
1694443291906 0.0 261
1694443292158 0.0 262
1694443292433 0.0 263
1694443292708 0.0 264
1694443292941 0.0 265
1694443293203 0.0 266
1694443293492 0.0 267
1694443293800 0.0 268
1694443294090 0.0 269
1694443294383 0.0 270
1694443294666 0.0 271
1694443294936 0.0 272
1694443295260 0.0 273
1694443295545 0.0 274
1694443295801 0.0 275
1694443296057 0.0 276
1694443296332 0.0 277
1694443296623 0.0 278
1694443296886 0.0 279
1694443297148 0.0 280
1694443297430 0.0 281
1694443297693 0.0 282
1694443297952 0.0 283
1694443298225 0.0 284
1694443298514 0.0 285
1694443298767 0.0 286
1694443299045 0.0 287
1694443299318 0.0 288
1694443299587 0.0 289
1694443299880 0.0 290
1694443300162 0.0 291
1694443300434 0.0 292
1694443300718 0.0 293
1694443300984 0.0 294
1694443301284 0.0 295
1694443301550 0.0 296
1694443301809 0.0 297
1694443302066 0.0 298
1694443302326 0.0 299
1694443302610 0.0 300
1694443302851 0.0 301
1694443303101 0.0 302
1694443303368 0.0 303
1694443303609 0.0 304
1694443303863 0.0 305
1694443304108 0.0 306
1694443304361 0.0 307
1694443304603 0.0 308
1694443304844 0.0 309
1694443305107 0.0 310
1694443305362 0.0 311
1694443305625 0.0 312
1694443305877 0.0 313
1694443306120 0.0 314
1694443306393 0.0 315
1694443306632 0.0 316
1694443306895 0.0 317
1694443307160 0.0 318
1694443307437 0.0 319
1694443307694 0.0 320
1694443307968 0.0 321
1694443308272 0.0 322
1694443308590 0.0 323
1694443308900 0.0 324
1694443309210 0.0 325
1694443309503 0.0 326
1694443309790 0.0 327
1694443310073 0.0 328
1694443310375 0.0 329
1694443310635 0.0 330
1694443310893 0.0 331
1694443311153 0.0 332
1694443311426 0.0 333
1694443311706 0.0 334
1694443311971 0.0 335
1694443312247 0.0 336
1694443312518 0.0 337
1694443312820 0.0 338
1694443313094 0.0 339
1694443313370 0.0 340
1694443313646 0.0 341
1694443313927 0.0 342
1694443314215 0.0 343
1694443314495 0.0 344
1694443314780 0.0 345
1694443315047 0.0 346
1694443315401 0.0 347
1694443315681 0.0 348
1694443315940 0.0 349
1694443316213 0.0 350
1694443316486 0.0 351
1694443316762 0.0 352
1694443317017 0.0 353
1694443317259 0.0 354
1694443317522 0.0 355
1694443317768 0.0 356
1694443318011 0.0 357
1694443318261 0.0 358
1694443318549 0.0 359
1694443318803 0.0 360
1694443319075 0.0 361
1694443319351 0.0 362
1694443319624 0.0 363
1694443319903 0.0 364
1694443320195 0.0 365
1694443320470 0.0 366
1694443320733 0.0 367
1694443320998 0.0 368
1694443321246 0.0 369
1694443321523 0.0 370
1694443321790 0.0 371
1694443322043 0.0 372
1694443322292 0.0 373
1694443322557 0.0 374
1694443322813 0.0 375
1694443323060 0.0 376
1694443323345 0.0 377
1694443323670 0.0 378
1694443324006 0.0 379
1694443324307 0.0 380
1694443324602 0.0 381
1694443324899 0.0 382
1694443325192 0.0 383
1694443325513 0.0 384
1694443325813 0.0 385
1694443326078 0.0 386
1694443326344 0.0 387
1694443326648 0.0 388
1694443326913 0.0 389
1694443327174 0.0 390
1694443327447 0.0 391
1694443327722 0.0 392
1694443327988 0.0 393
1694443328253 0.0 394
1694443328538 0.0 395
1694443328812 0.0 396
1694443329083 0.0 397
1694443329359 0.0 398
1694443329614 0.0 399
1694443329891 0.0 400
1694443330156 0.0 401
1694443330445 0.0 402
1694443330730 0.0 403
1694443330996 0.0 404
1694443331286 0.0 405
1694443331556 0.0 406
1694443331801 0.0 407
1694443332040 0.0 408
1694443332298 0.0 409
1694443332546 0.0 410
1694443332797 0.0 411
1694443333114 0.0 412
1694443333470 0.0 413
1694443333809 0.0 414
1694443334142 0.0 415
1694443334412 0.0 416
1694443334684 0.0 417
1694443334945 0.0 418
1694443335230 0.0 419
1694443335501 0.0 420
1694443335758 0.0 421
1694443336022 0.0 422
1694443336321 0.0 423
1694443336575 0.0 424
1694443336864 0.0 425
1694443337152 0.0 426
1694443337446 0.0 427
1694443337732 0.0 428
1694443338001 0.0 429
1694443338285 0.0 430
1694443338577 0.0 431
1694443338875 0.0 432
1694443339186 0.0 433
1694443339477 0.0 434
1694443339751 0.0 435
1694443340038 0.0 436
1694443340325 0.0 437
1694443340593 0.0 438
1694443340861 0.0 439
1694443341136 0.0 440
1694443341420 0.0 441
1694443341705 0.0 442
1694443341968 0.0 443
1694443342273 0.0 444
1694443342569 0.0 445
1694443342845 0.0 446
1694443343120 0.0 447
1694443343395 0.0 448
1694443343665 0.0 449
1694443343969 0.0 450
1694443344257 0.0 451
1694443344571 0.0 452
1694443344892 0.0 453
1694443345158 0.0 454
1694443345473 0.0 455
1694443345778 0.0 456
1694443346063 0.0 457
1694443346360 0.0 458
1694443346666 0.0 459
1694443346966 0.0 460
1694443347255 0.0 461
1694443347530 0.0 462
1694443347810 0.0 463
1694443348083 0.0 464
1694443348367 0.0 465
1694443348627 0.0 466
1694443348922 0.0 467
1694443349210 0.0 468
1694443349471 0.0 469
1694443349745 0.0 470
1694443350018 0.0 471
1694443350282 0.0 472
1694443350535 0.0 473
1694443350813 0.0 474
1694443351087 0.0 475
1694443351362 0.0 476
1694443351637 0.0 477
1694443351916 0.0 478
1694443352196 0.0 479
1694443352483 0.0 480
1694443352787 0.0 481
1694443353061 0.0 482
1694443353331 0.0 483
1694443353616 0.0 484
1694443353901 0.0 485
1694443354190 0.0 486
1694443354468 0.0 487
1694443354742 0.0 488
1694443355015 0.0 489
1694443355276 0.0 490
1694443355545 0.0 491
1694443355833 0.0 492
1694443356108 0.0 493
1694443356396 0.0 494
1694443356663 0.0 495
1694443356946 0.0 496
1694443357249 0.0 497
1694443357524 0.0 498
1694443357797 0.0 499
