1694439069825 -0.004731592373499849 0
1694439069865 -0.004705343309129084 1
1694439069904 -0.004678028612081331 2
1694439069946 -0.0046496232155253114 3
1694439069974 -0.004620101512427421 4
1694439070003 -0.004588003399374152 5
1694439070068 -0.0045547416349136505 6
1694439070108 -0.0045202902113976595 7
1694439070162 -0.004484622595060994 8
1694439070199 -0.004447711716209168 9
1694439070232 -0.0044095299592381565 10
1694439070279 -0.004370049152498279 11
1694439070313 -0.004329240557986669 12
1694439070359 -0.004287074860878537 13
1694439070389 -0.004243522158886792 14
1694439070428 -0.004198551951452245 15
1694439070479 -0.00415213312876217 16
1694439070517 -0.004104233960595893 17
1694439070587 -0.004054822084993193 18
1694439070636 -0.0040038644967494985 19
1694439070682 -0.003951327535728577 20
1694439070720 -0.0038971768749969105 21
1694439070755 -0.003841377508779331 22
1694439070789 -0.0037838937402283612 23
1694439070824 -0.0037463088927223165 24
1694439070857 -0.0037075650257709647 25
1694439070889 -0.0036676374703130676 26
1694439070923 -0.003626501075000954 27
1694439070958 -0.003584130197505697 28
1694439070999 -0.0035404986956830697 29
1694439071053 -0.003495579918606495 30
1694439071098 -0.003449346697457223 31
1694439071136 -0.0034017713362823887 32
1694439071179 -0.0033528256026087444 33
1694439071216 -0.003302480717913614 34
1694439071259 -0.0032507073479566273 35
1694439071293 -0.003197475592967125 36
1694439071336 -0.003142754977686346 37
1694439071373 -0.0030865144412643986 38
1694439071406 -0.0030287223270093477 39
1694439071446 -0.0029693463719913105 40
1694439071489 -0.0029083536964982226 41
1694439071522 -0.0028457107933392845 42
1694439071566 -0.002781383516999414 43
1694439071599 -0.0027153370726489268 44
1694439071630 -0.002647536004993567 45
1694439071683 -0.002577944186975989 46
1694439071712 -0.0025065248083318004 47
1694439071749 -0.0024332403639788502 48
1694439071784 -0.0023580526422686265 49
1694439071824 -0.002280922713073563 50
1694439071872 -0.0022018109157269095 51
1694439071908 -0.0021206768468085 52
1694439071947 -0.002037479347773985 53
1694439071989 -0.001952176492435509 54
1694439072020 -0.0018647255742869628 55
1694439072058 -0.0017750830936769102 56
1694439072092 -0.001683204744828748 57
1694439072127 -0.0015890454027149836 58
1694439072164 -0.0014925591097727509 59
1694439072200 -0.0013936990624752177 60
1694439072232 -0.0012924175977528929 61
1694439072277 -0.001188666179268827 62
1694439072311 -0.001082395383545931 63
1694439072349 -0.0009735548859497456 64
1694439072384 -0.0008620934465324304 65
1694439072414 -0.000747958895729095 66
1694439072450 -0.0006310981199229015 67
1694439072482 -0.0005114570468678359 68
1694439072515 -0.00038898063098069535 69
1694439072548 -0.0002636128385002934 70
1694439072581 -0.0001352966325194327 71
1694439072615 -3.973957890979207e-06 72
1694439072655 0.00013041427398929883 73
1694439072689 0.00026792820051302346 74
1694439072725 0.0004086290233106249 75
1694439072757 0.0005525790238093409 76
1694439072790 0.0006998415788935786 77
1694439072821 0.0008504811766737452 78
1694439072855 0.001004563432344896 79
1694439072892 0.0011621551041383071 80
1694439072925 0.0013233241093565384 81
1694439072959 0.0014393554881841908 82
1694439072988 0.0015581849213001098 83
1694439073020 0.0016798690757814372 84
1694439073047 0.0018044656380761248 85
1694439073082 0.0019320333289655212 86
1694439073111 0.0020626319186235476 87
1694439073142 0.0021963222417676898 88
1694439073178 0.002333166212897142 89
1694439073217 0.002473226841614551 90
1694439073267 0.0026165682480200347 91
1694439073307 0.002763255678178811 92
1694439073343 0.002913355519649219 93
1694439073384 0.0030669353170695857 94
1694439073423 0.003224063787791276 95
1694439073456 0.0033848108375605923 96
1694439073491 0.003549247576220993 97
1694439073521 0.003717446333457164 98
1694439073551 0.003889480674544088 99
1694439073587 0.004065425416107549 100
1694439073623 0.004245356641882303 101
1694439073652 0.0044293517184602615 102
1694439073687 0.004617489311007472 103
1694439073721 0.0048098493989585656 104
1694439073748 0.005006513291657022 105
1694439073783 0.005207563643943147 106
1694439073814 0.0054130844716662185 107
1694439073845 0.005623161167118695 108
1694439073884 0.005837880514371174 109
1694439073915 0.0060573307044937685 110
1694439073947 0.0062816013506544754 111
1694439073984 0.006510783503076767 112
1694439074018 0.0067449696638299805 113
1694439074050 0.006984253801460172 114
1694439074083 0.00722873136541613 115
1694439074115 0.007478499300271002 116
1694439074152 0.007733656059715099 117
1694439074191 0.007994301620299016 118
1694439074226 0.008260537494909959 119
1694439074258 0.008532466745957645 120
1694439074289 0.008810193998250337 121
1694439074321 0.009093825451538473 122
1694439074353 0.009383468892701252 123
1694439074395 0.00967923370755297 124
1694439074431 0.009981230892249782 125
1694439074468 0.010289573064254154 126
1694439074505 0.010604374472859002 127
1694439074538 0.010925751009221218 128
1694439074572 0.011253820215875954 129
1694439074603 0.011588701295726755 130
1694439074637 0.011930515120455842 131
1694439074670 0.012279384238335078 132
1694439074705 0.012635432881411113 133
1694439074740 0.01299878697201895 134
1694439074780 0.013369574128606176 135
1694439074821 0.013747923670823115 136
1694439074851 0.014133966623847138 137
1694439074894 0.01452783572190608 138
1694439074929 0.01492966541096541 139
1694439074978 0.01533959185053635 140
1694439075015 0.015757752914576817 141
1694439075049 0.016184288191424145 142
1694439075092 0.01661933898275425 143
1694439075122 0.017063048301490635 144
1694439075153 0.017515560868642366 145
1694439075186 0.01797702310902083 146
1694439075224 0.0184475831457952 147
1694439075257 0.01892739079383765 148
1694439075284 0.019416597551814352 149
1694439075315 0.019915356592982825 150
1694439075344 0.020423822754632392 151
1694439075375 0.02094215252614029 152
1694439075410 0.02147050403558526 153
1694439075440 0.02200903703485324 154
1694439075478 0.022557912883226727 155
1694439075514 0.023117294529361954 156
1694439075546 0.023687346491633732 157
1694439075580 0.02426823483678109 158
1694439075613 0.02486012715680941 159
1694439075647 0.02546319254409357 160
1694439075683 0.026077601564626796 161
1694439075722 0.02670352622936878 162
1694439075757 0.027341139963634964 163
1694439075795 0.027990617574470522 164
1694439075832 0.028652135215965546 165
1694439075879 0.02932587035244616 166
1694439075932 0.030012001719496473 167
1694439075980 0.03071070928275188 168
1694439076023 0.0314221741944154 169
1694439076062 0.032146578747441645 170
1694439076109 0.032884106327334184 171
1694439076148 0.03363494136150702 172
1694439076195 0.03439926926615955 173
1694439076232 0.03517727639060997 174
1694439076267 0.03596914995904277 175
1694439076308 0.03677507800961688 176
1694439076339 0.0375952493308902 177
1694439076368 0.03842985339551108 178
1694439076408 0.03927908029113858 179
1694439076441 0.0401431206485352 180
1694439076469 0.04102216556680738 181
1694439076511 0.04191640653573547 182
1694439076544 0.042826035355181036 183
1694439076583 0.04375124405149322 184
1694439076618 0.04469222479093882 185
1694439076648 0.04564916979007427 186
1694439076682 0.046622271223056844 187
1694439076713 0.04761172112586953 188
1694439076743 0.04861771129742809 189
1694439076773 0.04964043319756206 190
1694439076803 0.050680077841847915 191
1694439076838 0.05173683569328591 192
1694439076867 0.052810896550812836 193
1694439076915 0.05390244943464917 194
1694439076947 0.05501168246847832 195
1694439076983 0.05613878275846773 196
1694439077019 0.0572839362691383 197
1694439077050 0.058447327696100615 198
1694439077083 0.059629140335680786 199
1694439077114 0.06082955595145012 200
1694439077145 0.062048754637717085 201
1694439077185 0.06328691467997083 202
1694439077224 0.06454421241238573 203
1694439077258 0.06582082207237439 204
1694439077298 0.06711691565228395 205
1694439077341 0.06843266274828297 206
1694439077383 0.06976823040651237 207
1694439077430 0.0711237829665774 208
1694439077466 0.0724994819024588 209
1694439077501 0.07389548566095361 210
1694439077538 0.07531194949769837 211
1694439077572 0.07674902531095051 212
1694439077603 0.07820686147317257 213
1694439077632 0.07968560266058577 214
1694439077666 0.0811853896808008 215
1694439077697 0.08270635929868464 216
1694439077732 0.0842486440605642 217
1694439077766 0.08581237211699211 218
1694439077805 0.08739766704416607 219
1694439077835 0.08900464766421323 220
1694439077866 0.09063342786451623 221
1694439077899 0.09228411641623147 222
1694439077930 0.09395681679225909 223
1694439077961 0.095651626984804 224
1694439077992 0.09736863932277517 225
1694439078032 0.09910794028924119 226
1694439078064 0.10086961033913411 227
1694439078100 0.10265372371750081 228
1694439078139 0.10446034827847461 229
1694439078176 0.10628954530526191 230
1694439078212 0.10814136933137841 231
1694439078244 0.1100158679634079 232
1694439078288 0.1119130817055436 233
1694439078323 0.11383304378619497 234
1694439078355 0.11577577998693056 235
1694439078398 0.11774130847406172 236
1694439078439 0.11972963963311412 237
1694439078469 0.12174077590654686 238
1694439078509 0.12377471163495513 239
1694439078541 0.12583143290209364 240
1694439078581 0.12791091738401184 241
1694439078622 0.1300131342026115 242
1694439078657 0.13213804378392768 243
1694439078699 0.13428559772146098 244
1694439078737 0.1364557386448223 245
1694439078768 0.13864840009407153 246
1694439078811 0.14086350639998235 247
1694439078843 0.14310097257058707 248
1694439078882 0.1453607041842817 249
1694439078920 0.14764259728979556 250
1694439078954 0.14994653831331706 251
1694439078992 0.15227240397306874 252
1694439079030 0.15462006120160443 253
1694439079063 0.1569893670761281 254
1694439079101 0.15938016875705097 255
1694439079142 0.16179230343512274 256
1694439079180 0.16422559828732441 257
1694439079228 0.16667987044177768 258
1694439079286 0.1691549269519157 259
1694439079333 0.17165056478013374 260
1694439079373 0.17416657079109577 261
1694439079410 0.17670272175491608 262
1694439079448 0.1792587843603911 263
1694439079498 0.18183451523840943 264
1694439079543 0.1844296609957502 265
1694439079599 0.1870439582593354 266
1694439079640 0.1896771337310853 267
1694439079681 0.1923289042534635 268
1694439079727 0.1949989768857855 269
1694439079763 0.19768704899135414 270
1694439079802 0.20039280833545114 271
1694439079837 0.2031159331942174 272
1694439079868 0.20585609247440573 273
1694439079902 0.2086129458439927 274
1694439079936 0.21138614387360366 275
1694439079966 0.21417532818868623 276
1694439080000 0.21698013163234453 277
1694439080034 0.21980017843874122 278
1694439080066 0.22263508441690283 279
1694439080099 0.22548445714481657 280
1694439080131 0.22834789617363815 281
1694439080162 0.2312249932417939 282
1694439080192 0.23411533249878802 283
1694439080220 0.23701849073846715 284
1694439080261 0.23993403764149412 285
1694439080302 0.24286153602674687 286
1694439080338 0.24580054211135316 287
1694439080373 0.24875060577904107 288
1694439080408 0.25171127085647904 289
1694439080442 0.2546820753972454 290
1694439080472 0.257662551973068 291
1694439080504 0.2606522279719464 292
1694439080534 0.263650625902752 293
1694439080565 0.2666572637059016 294
1694439080601 0.2696716550696644 295
1694439080633 0.27269330975167616 296
1694439080672 0.27572173390519383 297
1694439080721 0.27875643040964804 298
1694439080765 0.2817968992049811 299
1694439080798 0.2848426376293569 300
1694439080831 0.2878931407596871 301
1694439080864 0.2909479017545231 302
1694439080899 0.29400641219881385 303
1694439080932 0.29706816244998735 304
1694439080966 0.3001326419849395 305
1694439080999 0.3031993397473107 306
1694439081041 0.3062677444946651 307
1694439081073 0.3093373451449811 308
1694439081106 0.31240763112200154 309
1694439081141 0.31547809269893934 310
1694439081190 0.3185482213400396 311
1694439081241 0.321617510039534 312
1694439081279 0.324685453657494 313
1694439081338 0.32775154925213856 314
1694439081390 0.3308152964081005 315
1694439081432 0.33387619756027065 316
1694439081477 0.33693375831272054 317
1694439081529 0.3399874877523268 318
1694439081585 0.3430368987566734 319
1694439081636 0.34608150829583995 320
1694439081685 0.34912083772771285 321
1694439081736 0.352154413086437 322
1694439081766 0.3551817653636915 323
1694439081806 0.3582024307824375 324
1694439081841 0.361215951062855 325
1694439081874 0.36422187368015846 326
1694439081907 0.36721975211403723 327
1694439081957 0.3702091460894624 328
1694439081999 0.3731896218086309 329
1694439082041 0.3761607521738355 330
1694439082079 0.3791221170010721 331
1694439082129 0.3820733032242134 332
1694439082158 0.38501390508959554 333
1694439082199 0.3879435243408891 334
1694439082237 0.3908617703941515 335
1694439082274 0.393768260502959 336
1694439082315 0.3966626199135588 337
1694439082356 0.39954448200998605 338
1694439082384 0.40241348844911307 339
1694439082413 0.4052692892856308 340
1694439082442 0.4081115430869483 341
1694439082474 0.41093991703805965 342
1694439082506 0.4137540870363997 343
1694439082532 0.41655373777676297 344
1694439082563 0.4193385628263554 345
1694439082597 0.4221082646900699 346
1694439082627 0.42486255486610347 347
1694439082656 0.427601153892027 348
1694439082688 0.4303237913814498 349
1694439082719 0.4330302060514296 350
1694439082752 0.4357201457407943 351
1694439082782 0.4383933674195407 352
1694439082818 0.44104963718950796 353
1694439082848 0.443688730276503 354
1694439082877 0.4463104310141247 355
1694439082909 0.44891453281945193 356
1694439082943 0.4515008381608536 357
1694439082972 0.454069158518144 358
1694439083000 0.456619314335322 359
1694439083034 0.45915113496611615 360
1694439083064 0.46166445861264127 361
1694439083098 0.4641591322573513 362
1694439083134 0.46663501158859955 363
1694439083166 0.46909196092004646 364
1694439083199 0.4715298531041685 365
1694439083240 0.4739485694401627 366
1694439083273 0.47634799957648255 367
1694439083303 0.47872804140830094 368
1694439083336 0.4810886009701453 369
1694439083368 0.4834295923239844 370
1694439083397 0.485750937443029 371
1694439083426 0.4880525660915159 372
1694439083456 0.49033441570072445 373
1694439083485 0.49259643124150376 374
1694439083574 0.4948385650935555 375
1694439083634 0.4970607769117261 376
1694439083696 0.4992630334895636 377
1694439083745 0.5014453086203798 378
1694439083786 0.5036075829560571 379
1694439083816 0.5057498438638497 380
1694439083865 0.5078720852813886 381
1694439083910 0.5099743075701306 382
1694439083946 0.5120565173674729 383
1694439083976 0.514118727437735 384
1694439084004 0.5161609565222248 385
1694439084032 0.5181832291886053 386
1694439084068 0.5201855756797074 387
1694439084099 0.5221680317620524 388
1694439084128 0.5241306385741973 389
1694439084160 0.5260734424751219 390
1694439084198 0.5279964948928135 391
1694439084232 0.5298998521732037 392
1694439084276 0.5317835754296374 393
1694439084309 0.5336477303929816 394
1694439084343 0.535492387262571 395
1694439084383 0.5373176205580752 396
1694439084421 0.5391235089724475 397
1694439084460 0.5409101352260677 398
1694439084496 0.5426775859221908 399
1694439084527 0.5444259514038219 400
1694439084562 0.5461553256121066 401
1694439084599 0.5478658059463466 402
1694439084631 0.5495574931257237 403
1694439084669 0.5512304910528054 404
1694439084702 0.5528849066789473 405
1694439084733 0.5545208498716176 406
1694439084769 0.5561384332837427 407
1694439084805 0.5577377722251275 408
1694439084835 0.5593189845360009 409
1694439084870 0.5608821904627443 410
1694439084904 0.5624275125358417 411
1694439084936 0.5639550754501004 412
1694439084970 0.5654650059471734 413
1694439085003 0.5669574327004148 414
1694439085032 0.5684324862020956 415
1694439085068 0.5698902986530068 416
1694439085100 0.5713310038544581 417
1694439085132 0.5727547371027049 418
1694439085171 0.5741616350857927 419
1694439085208 0.5755518357828431 420
1694439085244 0.5769254783657776 421
1694439085280 0.5782827031034818 422
1694439085310 0.5796236512684124 423
1694439085341 0.5809484650456256 424
1694439085375 0.5822572874442447 425
1694439085409 0.5835502622113237 426
1694439085442 0.5848275337481323 427
1694439085472 0.5860892470288002 428
1694439085506 0.5873355475213504 429
1694439085538 0.5885665811110659 430
1694439085574 0.5897824940261844 431
1694439085607 0.5909834327658918 432
1694439085639 0.5921695440305954 433
1694439085668 0.5933409746544333 434
1694439085701 0.5944978715400222 435
1694439085730 0.5956403815953727 436
1694439085765 0.5967686516729795 437
1694439085798 0.5978828285110303 438
1694439085827 0.5989830586767063 439
1694439085858 0.600069488511546 440
1694439085887 0.6011422640788266 441
1694439085917 0.6022015311129425 442
1694439085947 0.6032474349707222 443
1694439085980 0.6042801205846728 444
1694439086010 0.605299732418096 445
1694439086039 0.6063064144220407 446
1694439086070 0.6073003099940618 447
1694439086104 0.6082815619387456 448
1694439086134 0.6092503124299468 449
1694439086170 0.6102067029747285 450
1694439086204 0.6111508743789359 451
1694439086235 0.6120829667143878 452
1694439086271 0.613003119287634 453
1694439086305 0.6139114706102439 454
1694439086332 0.614808158370594 455
1694439086376 0.6156933194071015 456
1694439086410 0.6165670896828837 457
1694439086437 0.6174296042617947 458
1694439086472 0.6182809972858008 459
1694439086505 0.6191214019536625 460
1694439086532 0.6199509505008917 461
1694439086568 0.6207697741809295 462
1694439086601 0.6215780032475288 463
1694439086631 0.6223757669383001 464
1694439086672 0.6231631934593718 465
1694439086710 0.6239404099711572 466
1694439086749 0.6247075425751661 467
1694439086807 0.6254647163018532 468
1694439086839 0.6262120550994483 469
1694439086880 0.6269496818237486 470
1694439086916 0.6276777182288428 471
1694439086951 0.6283962849587277 472
1694439086994 0.6291055015397942 473
1694439087025 0.6298054863741448 474
1694439087063 0.6304963567337223 475
1694439087103 0.631178228755213 476
1694439087135 0.6318512174357026 477
1694439087172 0.6325154366290571 478
1694439087204 0.6331709990429859 479
1694439087245 0.6338180162367919 480
1694439087286 0.6344565986197543 481
1694439087327 0.6350868554501297 482
1694439087368 0.6357088948347502 483
1694439087400 0.6363228237291905 484
1694439087435 0.6369287479384782 485
1694439087467 0.6375267721183342 486
1694439087500 0.6381169997769077 487
1694439087531 0.6386995332769949 488
1694439087564 0.6392744738387173 489
1694439087599 0.6398419215426364 490
1694439087630 0.6404019753332897 491
1694439087663 0.6409547330231216 492
1694439087699 0.6415002912967993 493
1694439087728 0.64203874571589 494
1694439087762 0.6425701907238848 495
1694439087794 0.6430947196515426 496
1694439087824 0.6436124247225556 497
1694439087853 0.6441233970595037 498
1694439087887 0.6446277266900862 499
