1694439069816 182.0785437419825 0
1694439069856 178.42091694236913 1
1694439069895 174.83665256638972 2
1694439069933 171.324277729112 3
1694439069966 167.88234923400054 4
1694439069996 164.56063423740423 5
1694439070052 161.3050351808999 6
1694439070099 158.11422995299347 7
1694439070148 154.98692303192712 8
1694439070192 151.921844946336 9
1694439070224 148.91775174699453 10
1694439070271 145.97342448942018 11
1694439070305 143.08766872710598 12
1694439070350 140.2593140151595 13
1694439070381 137.4872134241292 14
1694439070418 134.77024306380537 15
1694439070471 132.10730161678666 16
1694439070506 129.49730988160732 17
1694439070576 126.93921032522617 18
1694439070627 124.43196664468091 19
1694439070675 121.97456333771642 20
1694439070711 119.56600528220027 21
1694439070747 117.20531732414179 22
1694439070781 114.89154387413524 23
1694439070814 112.62596025626381 24
1694439070849 110.40535949769956 25
1694439070881 108.22884468591596 26
1694439070914 106.09553687027542 27
1694439070949 104.00457470016248 28
1694439070991 101.95511407047572 29
1694439071045 99.94632777432666 30
1694439071090 97.97740516279646 31
1694439071128 96.0475518116054 32
1694439071167 94.15598919455236 33
1694439071210 92.30195436358466 34
1694439071246 90.48469963536215 35
1694439071286 88.70349228418154 36
1694439071330 86.95761424113023 37
1694439071364 85.24636179934154 38
1694439071396 83.56904532522582 39
1694439071429 81.92498897555487 40
1694439071478 80.31353042027936 41
1694439071514 78.73402057096156 42
1694439071558 77.18582331470787 43
1694439071591 75.66831525348935 44
1694439071622 74.1808854487383 45
1694439071675 72.72293517111413 46
1694439071706 71.293877655332 47
1694439071743 69.89313785995033 48
1694439071777 68.52015223201653 49
1694439071814 67.17436847647063 50
1694439071864 65.85524533021015 51
1694439071899 64.5622523407206 52
1694439071929 63.294869649178565 53
1694439071979 62.05258777793565 54
1694439072013 60.834907422294314 55
1694439072050 59.64133924648753 56
1694439072084 58.471403683776785 57
1694439072120 57.32463074058433 58
1694439072157 56.20055980457745 59
1694439072193 55.09873945662406 60
1694439072224 54.01872728654109 61
1694439072265 52.960089712557995 62
1694439072300 51.92240180441998 63
1694439072333 50.90524711005688 64
1694439072378 49.90821748574502 65
1694439072408 48.93091292969103 66
1694439072443 47.97294141896816 67
1694439072475 47.033918749736664 68
1694439072505 46.11346838068189 69
1694439072542 45.21122127960434 70
1694439072575 44.32681577309791 71
1694439072607 43.45989739925359 72
1694439072645 42.61011876332706 73
1694439072679 41.77713939631022 74
1694439072716 40.96062561634764 75
1694439072748 40.16025039294035 76
1694439072782 39.375693213880155 77
1694439072813 38.60663995485957 78
1694439072846 37.85278275170277 79
1694439072883 37.11381987516473 80
1694439072916 36.38945560824632 81
1694439072951 35.679947477536636 82
1694439072981 34.984441832336465 83
1694439073011 34.30266111895556 84
1694439073041 33.634333298323 85
1694439073075 32.97919173625861 86
1694439073105 32.336975095930406 87
1694439073133 31.707427232454346 88
1694439073167 31.090297089593843 89
1694439073209 30.485338598516854 90
1694439073259 29.89231057856982 91
1694439073297 29.310976640028017 92
1694439073333 28.74110508878299 93
1694439073377 28.182468832928336 94
1694439073415 27.634845291206172 95
1694439073447 27.09801630327696 96
1694439073482 26.571768041776426 97
1694439073513 26.055890926123997 98
1694439073544 25.550179538047665 99
1694439073579 25.05443253879126 100
1694439073614 24.568452587970352 101
1694439073646 24.09204626404416 102
1694439073679 23.62502398637099 103
1694439073711 23.167199938815923 104
1694439073742 22.71839199487944 105
1694439073777 22.278421644317035 106
1694439073806 21.84711392121987 107
1694439073839 21.424297333527385 108
1694439073877 21.0098037939433 109
1694439073909 20.60346855222722 110
1694439073940 20.20513012883402 111
1694439073977 19.814630249874664 112
1694439074011 19.43181378337166 113
1694439074044 19.05652867678363 114
1694439074077 18.6886258957736 115
1694439074108 18.327959364196225 116
1694439074145 17.97438590527965 117
1694439074180 17.627765183978266 118
1694439074217 17.287959650472917 119
1694439074251 16.954834484795807 120
1694439074282 16.62825754255762 121
1694439074313 16.308099301754883 122
1694439074344 15.994232810636127 123
1694439074382 15.686533636605672 124
1694439074423 15.384879816144368 125
1694439074462 15.089151805727118 126
1694439074496 14.799232433717172 127
1694439074529 14.515006853217853 128
1694439074563 14.236362495862641 129
1694439074597 13.963189026524807 130
1694439074629 13.695378298928418 131
1694439074662 13.432824312142683 132
1694439074695 13.175423167941982 133
1694439074730 12.923073029014539 134
1694439074771 12.675674078002586 135
1694439074812 12.433128477357634 136
1694439074844 12.195340329994512 137
1694439074880 11.962215640728324 138
1694439074923 11.73366227847872 139
1694439074967 11.509589939226169 140
1694439075009 11.289910109705298 141
1694439075041 11.074536031820564 142
1694439075079 10.863382667769956 143
1694439075113 10.656366665862521 144
1694439075147 10.45340632701596 145
1694439075179 10.254421571920812 146
1694439075215 10.059333908857763 147
1694439075248 9.868066402155295 148
1694439075277 9.680543641274783 149
1694439075308 9.496691710510563 150
1694439075338 9.316438159292797 151
1694439075367 9.139711973081043 152
1694439075401 8.966443544836801 153
1694439075433 8.796564647063553 154
1694439075471 8.630008404402941 155
1694439075506 8.466709266776002 156
1694439075539 8.306602983058662 157
1694439075573 8.14962657528084 158
1694439075605 7.995718313338668 159
1694439075641 7.844817690209712 160
1694439075677 7.6968653976611074 161
1694439075711 7.551803302440843 162
1694439075746 7.409574422942526 163
1694439075783 7.270122906334269 164
1694439075823 7.133394006142372 165
1694439075867 6.999334060280842 166
1694439075923 6.867890469517794 167
1694439075967 6.73901167637009 168
1694439076013 6.612647144417697 169
1694439076046 6.488747338029303 170
1694439076098 6.367263702491192 171
1694439076140 6.24814864453118 172
1694439076184 6.131355513229853 173
1694439076222 6.016838581311318 174
1694439076261 5.904553026806013 175
1694439076296 5.794454915078063 176
1694439076330 5.68650118121003 177
1694439076362 5.5806496127378376 178
1694439076398 5.476858832729016 179
1694439076433 5.375088283197329 180
1694439076462 5.275298208847144 181
1694439076504 5.177449641140995 182
1694439076534 5.0815043826838915 183
1694439076576 4.987424991918004 184
1694439076611 4.895174768121691 185
1694439076641 4.804717736706671 186
1694439076676 4.716018634807514 187
1694439076705 4.629042897157536 188
1694439076735 4.5437566422454925 189
1694439076765 4.460126658747419 190
1694439076796 4.378120392228179 191
1694439076831 4.297705932107343 192
1694439076861 4.218851998884103 193
1694439076907 4.141527931616131 194
1694439076940 4.065703675647322 195
1694439076977 3.991349770579373 196
1694439077012 3.9184373384825064 197
1694439077042 3.846938072340439 198
1694439077075 3.776824224725 199
1694439077106 3.708068596695836 200
1694439077139 3.64064452692071 201
1694439077178 3.574525881011984 202
1694439077217 3.5096870410750336 203
1694439077250 3.4461028954643176 204
1694439077290 3.38374882874306 205
1694439077333 3.3226007118423757 206
1694439077376 3.262634892415972 207
1694439077422 3.2038281853864987 208
1694439077459 3.1461578636797403 209
1694439077494 3.089601649142871 210
1694439077530 3.0341377036431996 211
1694439077562 2.9797446203437374 212
1694439077597 2.9264014151520987 213
1694439077626 2.8740875183392935 214
1694439077658 2.822782766325023 215
1694439077690 2.772467393626155 216
1694439077726 2.723122024965184 217
1694439077760 2.6747276675354197 218
1694439077796 2.6272657034198366 219
1694439077828 2.5807178821605303 220
1694439077859 2.535066313475759 221
1694439077891 2.4902934601216513 222
1694439077923 2.4463821308956972 223
1694439077954 2.4033154737792066 224
1694439077985 2.3610769692159734 225
1694439078025 2.319650423524428 226
1694439078056 2.279019962440645 227
1694439078094 2.239170024789561 228
1694439078131 2.2000853562818965 229
1694439078164 2.161751003434281 230
1694439078199 2.1241523076100766 231
1694439078238 2.0872748991785848 232
1694439078268 2.0511046917902016 233
1694439078314 2.015627876765268 234
1694439078346 1.9808309175943477 235
1694439078390 1.9467005445476826 236
1694439078431 1.9132237493916995 237
1694439078462 1.8803877802104192 238
1694439078495 1.8481801363296733 239
1694439078533 1.8165885633421006 240
1694439078565 1.7856010482309193 241
1694439078614 1.7552058145904874 242
1694439078648 1.7253913179417784 243
1694439078690 1.696146241140814 244
1694439078729 1.6674594898782624 245
1694439078760 1.6393201882683828 246
1694439078798 1.611717674525508 247
1694439078834 1.584641496726354 248
1694439078868 1.5580814086564458 249
1694439078912 1.5320273657389742 250
1694439078946 1.5064695210444694 251
1694439078983 1.4813982213796455 252
1694439079023 1.456804003453903 253
1694439079055 1.43267759012187 254
1694439079094 1.4090098867005356 255
1694439079132 1.3857919773594634 256
1694439079166 1.3630151215826236 257
1694439079216 1.3406707507004547 258
1694439079263 1.3187504644907175 259
1694439079323 1.2972460278468008 260
1694439079364 1.276149367512142 261
1694439079400 1.25545256887942 262
1694439079440 1.235147872853267 263
1694439079489 1.2152276727752118 264
1694439079531 1.1956845114096317 265
1694439079583 1.1765110779894952 266
1694439079630 1.1577002053207062 267
1694439079674 1.1392448669438946 268
1694439079717 1.1211381743524957 269
1694439079756 1.103373374266007 270
1694439079795 1.0859438459573487 271
1694439079829 1.0688430986332018 272
1694439079862 1.052064768866321 273
1694439079895 1.0356026180787654 274
1694439079928 1.019450530075041 275
1694439079959 1.003602508624159 276
1694439079994 0.9880526750896435 277
1694439080028 0.9727952661065298 278
1694439080059 0.9578246313044325 279
1694439080092 0.9431352310757524 280
1694439080125 0.9287216343881334 281
1694439080155 0.9145785166402858 282
1694439080185 0.9007006575603264 283
1694439080213 0.8870829391457797 284
1694439080248 0.873720343644414 285
1694439080294 0.8606079515750926 286
1694439080330 0.8477409397878765 287
1694439080363 0.8351145795625622 288
1694439080400 0.8227242347449044 289
1694439080434 0.8105653599197956 290
1694439080464 0.7986334986206315 291
1694439080497 0.7869242815741654 292
1694439080528 0.7754334249801542 293
1694439080559 0.764156728825082 294
1694439080594 0.75309007522931 295
1694439080626 0.7422294268269611 296
1694439080664 0.7315708251779147 297
1694439080710 0.7211103892112608 298
1694439080758 0.7108443136995869 299
1694439080791 0.7007688677634963 300
1694439080823 0.6908803934057497 301
1694439080856 0.6811753040744347 302
1694439080891 0.6716500832546042 303
1694439080926 0.6623012830878109 304
1694439080958 0.6531255230189685 305
1694439080991 0.6441194884700351 306
1694439081031 0.6352799295399324 307
1694439081065 0.6266036597302364 308
1694439081099 0.6180875546960863 309
1694439081129 0.6097285510218291 310
1694439081173 0.60152364502091 311
1694439081229 0.5934698915595146 312
1694439081269 0.585564402903504 313
1694439081328 0.5778043475881828 314
1694439081381 0.5701869493104275 315
1694439081415 0.5627094858427525 316
1694439081465 0.5553692879688722 317
1694439081517 0.5481637384403205 318
1694439081572 0.5410902709537257 319
1694439081624 0.5341463691483296 320
1694439081675 0.5273295656233283 321
1694439081727 0.52063744097468 322
1694439081759 0.5140676228509463 323
1694439081797 0.5076177850278353 324
1694439081834 0.5012856465010348 325
1694439081865 0.4950689705970088 326
1694439081898 0.4889655641013681 327
1694439081945 0.4829732764044963 328
1694439081984 0.4770899986640597 329
1694439082030 0.4713136629840948 330
1694439082072 0.4656422416103198 331
1694439082111 0.4600737461413635 332
1694439082150 0.45460622675559326 333
1694439082185 0.44923777145322735 334
1694439082227 0.4439665053134297 335
1694439082264 0.4387905897660973 336
1694439082306 0.4337082218780399 337
1694439082344 0.4287176336532702 338
1694439082377 0.4238170913471283 339
1694439082406 0.4190048947939516 340
1694439082434 0.4142793767480476 341
1694439082465 0.4096389022376762 342
1694439082498 0.4050818679318047 343
1694439082526 0.4006067015193744 344
1694439082556 0.3962118611008287 345
1694439082590 0.39189583459166943 346
1694439082619 0.3876571391377823 347
1694439082648 0.38349432054232524 348
1694439082680 0.37940595270392957 349
1694439082711 0.37539063706600007 350
1694439082745 0.3714470020768815 351
1694439082776 0.3675737026606984 352
1694439082810 0.36376941969863774 353
1694439082842 0.36003285952047154 354
1694439082869 0.3563627534061166 355
1694439082902 0.3527578570970407 356
1694439082934 0.34921695031730793 357
1694439082965 0.34573883630407476 358
1694439082993 0.3423223413473597 359
1694439083024 0.3389663143388933 360
1694439083058 0.3356696263298614 361
1694439083089 0.3324311700973907 362
1694439083126 0.32924985971957205 363
1694439083159 0.32612463015887483 364
1694439083192 0.32305443685377916 365
1694439083227 0.32003825531846136 366
1694439083265 0.31707508075037144 367
1694439083296 0.31416392764555773 368
1694439083328 0.31130382942156454 369
1694439083361 0.30849383804777697 370
1694439083390 0.30573302368304617 371
1694439083418 0.30302047432045887 372
1694439083449 0.30035529543911377 373
1694439083477 0.29773660966275606 374
1694439083565 0.2951635564251393 375
1694439083623 0.29263529164198576 376
1694439083690 0.29015098738940615 377
1694439083738 0.28770983158865576 378
1694439083779 0.2853110276971068 379
1694439083810 0.2829537944052955 380
1694439083848 0.2806373653399462 381
1694439083901 0.2783609887728423 382
1694439083940 0.2761239273354265 383
1694439083968 0.2739254577390219 384
1694439083997 0.2717648705005668 385
1694439084025 0.2696414696737346 386
1694439084060 0.2675545725853618 387
1694439084092 0.2655035095770526 388
1694439084122 0.2634876237518744 389
1694439084151 0.2615062707260342 390
1694439084190 0.25955881838543954 391
1694439084222 0.257644646647054 392
1694439084265 0.25576314722493826 393
1694439084301 0.25391372340090107 394
1694439084334 0.252095789799655 395
1694439084372 0.2503087721683943 396
1694439084411 0.24855210716070877 397
1694439084450 0.24682524212474008 398
1694439084489 0.2451276348955094 399
1694439084518 0.24345875359131922 400
1694439084551 0.2418180764141611 401
1694439084591 0.2402050914540415 402
1694439084624 0.23861929649715505 403
1694439084661 0.23706019883782461 404
1694439084695 0.2355273150941323 405
1694439084727 0.2340201710271753 406
1694439084761 0.23253830136386944 407
1694439084798 0.23108124962322935 408
1694439084828 0.2296485679460618 409
1694439084862 0.2282398169279988 410
1694439084896 0.22685456545581165 411
1694439084928 0.2254923905469331 412
1694439084962 0.2241528771921278 413
1694439084996 0.22283561820125217 414
1694439085025 0.22154021405203717 415
1694439085060 0.22026627274183616 416
1694439085093 0.21901340964228327 417
1694439085125 0.21778124735679524 418
1694439085162 0.21656941558087203 419
1694439085201 0.21537755096513317 420
1694439085235 0.21420529698103843 421
1694439085273 0.21305230378924014 422
1694439085303 0.21191822811051056 423
1694439085332 0.2108027330992059 424
1694439085366 0.2097054882191969 425
1694439085401 0.2086261691222421 426
1694439085432 0.20756445752872954 427
1694439085465 0.2065200411107622 428
1694439085499 0.20549261337752792 429
1694439085530 0.2044818735629119 430
1694439085565 0.20348752651530874 431
1694439085600 0.20250928258959208 432
1694439085629 0.20154685754119459 433
1694439085662 0.20059997242225913 434
1694439085695 0.19966835347982123 435
1694439085723 0.19875173205598382 436
1694439085758 0.19784984449003978 437
1694439085791 0.1969624320225085 438
1694439085819 0.19608924070104802 439
1694439085851 0.19523002128820452 440
1694439085880 0.19438452917096444 441
1694439085911 0.19355252427207126 442
1694439085941 0.1927337709630737 443
1694439085973 0.19192803797907448 444
1694439086003 0.1911350983351363 445
1694439086032 0.1903547292443282 446
1694439086063 0.1895867120373627 447
1694439086096 0.18883083208380327 448
1694439086127 0.18808687871480925 449
1694439086162 0.18735464514738598 450
1694439086197 0.1866339284101121 451
1694439086226 0.18592452927031405 452
1694439086264 0.1852262521626589 453
1694439086299 0.1845389051191412 454
1694439086326 0.18386229970042817 455
1694439086367 0.1831962509285485 456
1694439086403 0.18254057722088676 457
1694439086430 0.18189510032546166 458
1694439086464 0.18125964525747046 459
1694439086498 0.18063404023706198 460
1694439086526 0.18001811662832015 461
1694439086561 0.17941170887943847 462
1694439086594 0.1788146544640554 463
1694439086623 0.17822679382372603 464
1694439086663 0.1776479703115214 465
1694439086703 0.17707803013671242 466
1694439086741 0.17651682231053856 467
1694439086797 0.17596419859302134 468
1694439086832 0.17542001344081595 469
1694439086872 0.1748841239560749 470
1694439086909 0.17435638983630042 471
1694439086942 0.17383667332517372 472
1694439086982 0.17332483916433422 473
1694439087016 0.17282075454609863 474
1694439087048 0.17232428906709302 475
1694439087094 0.171835314682785 476
1694439087127 0.17135370566289732 477
1694439087164 0.1708793385476829 478
1694439087198 0.1704120921050513 479
1694439087231 0.1699518472885215 480
1694439087278 0.16949848719598823 481
1694439087315 0.16905189702928966 482
1694439087359 0.16861196405455472 483
1694439087393 0.16817857756331836 484
1694439087425 0.16775162883438863 485
1694439087460 0.1673310110964499 486
1694439087492 0.1669166194913907 487
1694439087523 0.16650835103833903 488
1694439087556 0.16610610459839112 489
1694439087590 0.16570978084002422 490
1694439087622 0.16531928220517425 491
1694439087653 0.16493451287596866 492
1694439087690 0.1645553787421038 493
1694439087719 0.1641817873688477 494
1694439087755 0.16381364796565995 495
1694439087785 0.16345087135542155 496
1694439087815 0.1630933699442504 497
1694439087847 0.16274105769190342 498
1694439087879 0.16239385008274698 499
