1694438865140 152.28031717576235 0
1694438865172 141.10160736539078 1
1694438865205 129.15983027901262 2
1694438865235 120.26711588918015 3
1694438865267 110.70792209312688 4
1694438865301 101.45613539650198 5
1694438865338 94.63728395127 6
1694438865385 86.66960996413248 7
1694438865447 80.975620521533 8
1694438865494 74.69461991496422 9
1694438865532 68.74152660168393 10
1694438865562 63.64521000479798 11
1694438865592 58.72314997802308 12
1694438865622 54.610760221215834 13
1694438865654 49.45096028218035 14
1694438865684 46.3498979888369 15
1694438865715 42.80409426313975 16
1694438865744 39.509979146814715 17
1694438865780 36.5507012964337 18
1694438865815 33.38706245337007 19
1694438865848 31.45982296603982 20
1694438865886 29.02840662014854 21
1694438865935 26.311307548466253 22
1694438865980 24.731858671732585 23
1694438866031 22.557360663683397 24
1694438866087 21.032068364294172 25
1694438866124 19.600001233740638 26
1694438866160 18.05694272327769 27
1694438866197 16.498893461099463 28
1694438866236 15.336685269837554 29
1694438866272 14.329548165088724 30
1694438866306 13.238283429378352 31
1694438866340 12.289280333757802 32
1694438866383 11.349098607721674 33
1694438866419 10.483326626189537 34
1694438866461 9.585369164471745 35
1694438866493 8.953681209404841 36
1694438866534 8.347721896051205 37
1694438866571 7.758597015614717 38
1694438866607 7.205453903114748 39
1694438866640 6.750554008320033 40
1694438866676 6.20355515027328 41
1694438866715 5.6587959522353835 42
1694438866751 5.382728138144603 43
1694438866786 4.930658281625626 44
1694438866822 4.528705532415888 45
1694438866856 4.288889782777711 46
1694438866887 3.9451359803181902 47
1694438866917 3.6144339173269633 48
1694438866947 3.4131306861250676 49
1694438866978 3.08426498730898 50
1694438867010 2.956231418563028 51
1694438867039 2.7042226841929065 52
1694438867070 2.584418205702479 53
1694438867100 2.340465822722793 54
1694438867130 2.225259547022834 55
1694438867158 2.0296153055704806 56
1694438867192 1.9481070904863411 57
1694438867222 1.769177113763756 58
1694438867253 1.6943210651783929 59
1694438867284 1.560346915596345 60
1694438867313 1.4842147591479213 61
1694438867346 1.377138117761603 62
1694438867385 1.2927835568159898 63
1694438867420 1.2239668642146717 64
1694438867451 1.1418420245609249 65
1694438867483 1.078246568423932 66
1694438867513 0.9953214948885906 67
1694438867542 0.9707734784347 68
1694438867573 0.9180744674536688 69
1694438867602 0.8461894046734023 70
1694438867634 0.7797015757843188 71
1694438867662 0.7895988473466705 72
1694438867693 0.6837361781193043 73
1694438867723 0.6673624272273346 74
1694438867754 0.5854452950763989 75
1694438867785 0.5967059889204908 76
1694438867819 0.5963495970814945 77
1694438867853 0.5431770656203855 78
1694438867889 0.5001125757947527 79
1694438867921 0.4582220436167401 80
1694438867955 0.4664527117065405 81
1694438867987 0.43192374698702307 82
1694438868019 0.4256443981984335 83
1694438868051 0.41313844823761453 84
1694438868080 0.3990785132405481 85
1694438868110 0.38156726607802877 86
1694438868140 0.35583899856289786 87
1694438868169 0.3298961707146116 88
1694438868200 0.31410163067433616 89
1694438868228 0.33750532340498807 90
1694438868260 0.31611588178093114 91
1694438868288 0.315423756392879 92
1694438868320 0.3166237896837049 93
1694438868348 0.263195112419479 94
1694438868379 0.29302499729070086 95
1694438868409 0.26909284416137647 96
1694438868439 0.2548689485392266 97
1694438868470 0.24047891130089036 98
1694438868502 0.24241608335520362 99
1694438868536 0.23938490570574233 100
1694438868572 0.21228162344701088 101
1694438868606 0.23462403584190808 102
1694438868639 0.21476526258037218 103
1694438868670 0.20958673069273892 104
1694438868701 0.20945322053818333 105
1694438868731 0.21420817973242764 106
1694438868761 0.19891251608222515 107
1694438868791 0.19120010382858899 108
1694438868821 0.2072770285191465 109
1694438868852 0.19224549516239237 110
1694438868882 0.19800731607312386 111
1694438868909 0.21089510664374794 112
1694438868940 0.19771113890399958 113
1694438868971 0.18476737616834207 114
1694438869005 0.1786780140345911 115
1694438869040 0.17947783841315487 116
1694438869072 0.18202808809871257 117
1694438869103 0.16433566370305575 118
1694438869136 0.1702099576478246 119
1694438869166 0.17082320943332505 120
1694438869198 0.16558927509113308 121
1694438869228 0.17850212952331543 122
1694438869258 0.17929505918711308 123
1694438869289 0.17241846063550806 124
1694438869319 0.17847747004402226 125
1694438869347 0.17193086660688936 126
1694438869378 0.1713749232329146 127
1694438869409 0.15978258912162835 128
1694438869439 0.16418380103758623 129
1694438869470 0.15917906154965666 130
1694438869500 0.18110096278000626 131
1694438869529 0.1537063523409043 132
1694438869559 0.16359502922965183 133
1694438869589 0.16103663371278848 134
1694438869619 0.16056338231018583 135
1694438869650 0.14066977067643108 136
1694438869679 0.15170008945343202 137
1694438869711 0.1513477751367569 138
1694438869740 0.15555220171490478 139
1694438869770 0.14481156912401938 140
1694438869799 0.1569520756602086 141
1694438869829 0.15384742892535916 142
1694438869860 0.14175611892330367 143
1694438869891 0.143255097496986 144
1694438869922 0.15407681563642806 145
1694438869951 0.14780806814785924 146
1694438869980 0.1517243767582689 147
1694438870009 0.15034113402676838 148
1694438870040 0.1494589631864303 149
1694438870069 0.15744204294363698 150
1694438870099 0.16120314437646602 151
1694438870129 0.15036008795626074 152
1694438870158 0.15775336278486937 153
1694438870189 0.1396312278791365 154
1694438870220 0.13512990237877257 155
1694438870248 0.15647733503502023 156
1694438870280 0.15311925338603555 157
1694438870310 0.16456359898426293 158
1694438870342 0.13732001349812248 159
1694438870373 0.15163279971213714 160
1694438870403 0.16309856069470627 161
1694438870433 0.15150305030235225 162
1694438870462 0.14549152188217396 163
1694438870493 0.15594889369395265 164
1694438870526 0.14181067120381316 165
1694438870557 0.14575001217918823 166
1694438870586 0.15889363797270406 167
1694438870616 0.14875968577645268 168
1694438870647 0.14296828143872975 169
1694438870678 0.15421684483594542 170
1694438870709 0.14717203289503997 171
1694438870738 0.14261108616432114 172
1694438870769 0.14061416354613848 173
1694438870798 0.14431020769922961 174
1694438870830 0.134585670832639 175
1694438870861 0.1492673978596705 176
1694438870893 0.14426870993321303 177
1694438870923 0.1334963609762237 178
1694438870954 0.13316409807513954 179
1694438870983 0.14574065546557022 180
1694438871016 0.15623221047745664 181
1694438871052 0.15099730148091625 182
1694438871084 0.13809926252796137 183
1694438871118 0.14988560055144215 184
1694438871149 0.1510929125994531 185
1694438871178 0.1439771506395851 186
1694438871213 0.12852769044521672 187
