1694438157533 5.173952007241359 0
1694438157778 6.090425731970792 1
1694438158025 5.683691216892622 2
1694438158293 4.353084011751089 3
1694438158567 7.036017851278783 4
1694438158901 1.7342847637012653 5
1694438159188 5.854705994025747 6
1694438159429 2.3850326895229967 7
1694438159673 4.2603826813010475 8
1694438159907 3.880253460962738 9
1694438160144 8.799447224616172 10
1694438160422 4.15511617439811 11
1694438160698 3.1371947263308053 12
1694438160982 6.015665348706203 13
1694438161241 5.696996238396315 14
1694438161516 5.216319886646681 15
1694438161783 4.809831461037097 16
1694438162040 4.997441709858119 17
1694438162298 5.189323586882253 18
1694438162529 3.1479880574669643 19
1694438162766 5.730970181168494 20
1694438163022 4.682278895074657 21
1694438163280 6.196363715689828 22
1694438163539 3.1185105960851742 23
1694438163796 5.939985640765928 24
1694438164061 5.419118161809674 25
1694438164333 4.551802317818269 26
1694438164588 5.08320838513139 27
1694438164848 3.8104922627967146 28
1694438165086 4.0436705430146365 29
1694438165336 4.999700820336888 30
1694438165583 1.4203319440785873 31
1694438165847 3.605834905685675 32
1694438166120 4.5991444162753545 33
1694438166392 4.357518518092289 34
1694438166628 3.0342734672251717 35
1694438166868 3.7272680428648743 36
1694438167133 4.2195646549568355 37
1694438167386 5.396473610799073 38
1694438167643 5.550111207974134 39
1694438167878 3.247337116658643 40
1694438168119 5.299046851675523 41
1694438168379 4.059118602682008 42
1694438168632 5.832097498385202 43
1694438168872 4.126889294005348 44
1694438169132 3.8276729165016916 45
1694438169389 2.1532582050943696 46
1694438169642 4.436254339306324 47
1694438169872 6.139196221770974 48
1694438170112 4.311745826231695 49
1694438170368 5.461346566597088 50
1694438170621 3.9284036206540143 51
1694438170869 5.548017076837952 52
1694438171177 5.3650158571411595 53
1694438171473 5.065245643056855 54
1694438171742 5.0855631447628795 55
1694438171983 4.1941748794459315 56
1694438172222 7.232540378281655 57
1694438172463 3.786658952346039 58
1694438172700 2.591873499872702 59
1694438172984 4.5397254033770205 60
1694438173254 5.196723624253811 61
1694438173518 2.9299146986244775 62
1694438173798 4.737557341127883 63
1694438174058 4.093207306141534 64
1694438174297 3.613630566130559 65
1694438174539 3.2840989205744107 66
1694438174775 4.155546270806655 67
1694438175042 5.622484640551883 68
1694438175307 7.350733268700636 69
1694438175557 7.264131371717532 70
1694438175803 4.4844434014141665 71
1694438176061 4.793978427637915 72
1694438176315 6.336390555947066 73
1694438176569 4.366481869254709 74
1694438176820 3.4964249786385406 75
1694438177087 3.4797578945585608 76
1694438177335 5.947809242637956 77
1694438177563 4.491317493058056 78
1694438177817 4.7038774974035595 79
1694438178077 3.317741273034977 80
1694438178336 5.5537165531722685 81
1694438178596 2.0105504658693025 82
1694438178837 3.9954901246944465 83
1694438179086 4.308347594692767 84
1694438179340 5.0461090783420195 85
1694438179580 5.19496552755725 86
1694438179811 6.748787812414113 87
1694438180052 3.489023644837638 88
1694438180288 3.7880520846368233 89
1694438180540 3.8981051133192475 90
1694438180793 2.9468399085911 91
1694438181031 4.269901850170478 92
1694438181287 2.04565060823587 93
1694438181574 4.003743885968347 94
1694438181831 5.432945172371113 95
1694438182072 2.7670039282722505 96
1694438182317 4.835752125197234 97
1694438182543 4.88349023257943 98
1694438182780 6.6423693492852856 99
1694438183019 3.6157508455471215 100
1694438183253 1.9664932481183417 101
1694438183493 3.9355556360338566 102
1694438183741 9.052861103084423 103
1694438183973 3.454464319562513 104
1694438184223 4.547166911550721 105
1694438184470 3.9025974059810062 106
1694438184698 3.8045641339525513 107
1694438184935 5.715463827950386 108
1694438185187 6.405071783120468 109
1694438185463 7.137248928287921 110
1694438185719 2.6269659743942415 111
1694438185981 3.6596874299482414 112
1694438186227 4.009048614133147 113
1694438186464 6.3616164089137115 114
1694438186666 5.804824800605742 115
1694438186946 6.6432197537704125 116
1694438187230 4.278502870440873 117
1694438187493 6.360454253862502 118
1694438187751 5.620301090784834 119
1694438187996 4.9150636242412205 120
1694438188227 3.4922261095111677 121
1694438188480 6.822349468538926 122
1694438188728 3.7140479845318444 123
1694438188982 4.636645857413972 124
1694438189227 2.60829879438432 125
1694438189480 4.1932336274654665 126
1694438189728 4.06713246743096 127
1694438189974 2.7459634977343765 128
1694438190217 6.073756824659822 129
1694438190452 5.0561669505883895 130
1694438190684 6.76374448884163 131
1694438190947 3.6748587327020843 132
1694438191204 3.027638814498778 133
1694438191456 4.564352510782163 134
1694438191703 5.594924642618941 135
1694438191955 6.681434784036678 136
1694438192179 4.7759591216281105 137
1694438192436 2.5515919480045186 138
1694438192685 5.574700297276671 139
1694438192906 6.671288260776175 140
1694438193158 3.7520339240625025 141
1694438193434 2.9841370081737386 142
1694438193689 4.563559612846862 143
1694438193942 8.065537833222248 144
1694438194184 5.295450400910374 145
1694438194426 4.8170884124634705 146
1694438194681 5.9957344302986515 147
1694438194937 3.9642675604614745 148
1694438195192 3.8023957908101997 149
1694438195454 5.23951938147606 150
1694438195687 4.760681642051066 151
1694438195950 4.614114836635292 152
1694438196203 5.588637725488326 153
1694438196454 4.5020208826816415 154
1694438196713 4.783206541074419 155
1694438196944 4.637161821031229 156
1694438197185 4.478788705502784 157
1694438197437 5.254131865128531 158
1694438197674 5.430215025669668 159
1694438197925 7.07809616496579 160
1694438198176 2.570765504268874 161
1694438198436 4.645691010970337 162
1694438198677 5.214793180312628 163
1694438198920 3.011414945041531 164
1694438199173 4.4207770196360245 165
1694438199418 3.117421913178007 166
1694438199672 5.000822499734591 167
1694438199902 3.0540830461660864 168
1694438200148 6.230239148493336 169
1694438200378 4.944230794674817 170
1694438200606 6.242903944169597 171
1694438200848 6.145823383669261 172
1694438201096 4.532141212630686 173
1694438201339 4.607955252761349 174
1694438201608 2.4017387683095164 175
1694438201870 6.271702014614743 176
1694438202112 4.406912567964183 177
1694438202348 4.298028068235441 178
1694438202593 6.442211911822427 179
1694438202838 4.413727255799908 180
1694438203083 5.079243761987908 181
1694438203317 5.207743975181027 182
1694438203573 6.0975120982709985 183
1694438203840 4.935226037186409 184
1694438204073 5.271586616167789 185
1694438204306 5.284497997133977 186
1694438204539 2.856326378713318 187
1694438204791 5.660353642260431 188
1694438205054 6.5713225033938985 189
1694438205298 6.104470595509629 190
1694438205542 5.289514850822683 191
1694438205787 7.7186179734101215 192
1694438206019 4.22732560734769 193
1694438206267 4.3710296180088415 194
1694438206530 4.262970357611205 195
1694438206827 3.355885287424509 196
1694438207147 3.088619014155649 197
1694438207383 4.359706320773106 198
1694438207656 3.929577442779898 199
1694438207903 5.883232691369334 200
1694438208148 3.055071751536398 201
1694438208434 4.276091014544667 202
1694438208689 4.785972009875382 203
1694438208938 4.301553505751428 204
1694438209181 3.945638183233091 205
1694438209500 6.720350487934851 206
1694438209779 5.694612436004589 207
1694438210046 5.536438560775822 208
1694438210322 4.279378570697801 209
1694438210598 9.661183868709415 210
1694438210838 3.1985083889707497 211
1694438211125 5.142350118241135 212
1694438211374 1.6015739277633068 213
1694438211637 5.190077334883672 214
1694438211797 6.622589880146194 215
1694438212127 5.704667009360867 216
1694438212380 5.275400690850477 217
1694438212619 4.633018900684018 218
1694438212871 2.0988841597538994 219
1694438213117 4.7444361738087 220
1694438213356 4.791504397199291 221
1694438213629 5.59970281561001 222
1694438213864 3.2621903329643636 223
1694438214110 6.17955907333138 224
1694438214357 3.8604556715491016 225
1694438214592 5.640460634023346 226
1694438214856 2.7355098320809814 227
1694438215133 4.1446303812496845 228
1694438215391 6.516313791207475 229
1694438215640 4.203148755624617 230
1694438215896 3.479517759542474 231
1694438216134 4.697781441857276 232
1694438216364 6.278630088555472 233
1694438216616 3.7669965854007215 234
1694438216865 1.8403256361807891 235
1694438217095 2.971899063040186 236
1694438217331 3.3368648933541873 237
1694438217586 5.143230307576114 238
1694438217868 4.948725001446761 239
1694438218123 6.304314764157381 240
1694438218390 6.559244776149024 241
1694438218661 4.078272378893373 242
1694438218916 3.4696623515500735 243
1694438219177 6.479302920972139 244
1694438219437 3.3862814018301486 245
1694438219692 5.690680324483856 246
1694438219916 3.552864228912096 247
1694438220169 6.175335649300689 248
1694438220407 4.291288862357553 249
1694438220660 6.8320133143615775 250
1694438220894 5.71072455493219 251
1694438221147 6.701842921213738 252
1694438221420 5.15157557055331 253
1694438221685 4.1435747063703845 254
1694438221953 3.2148003260904865 255
1694438222198 6.232200971469027 256
1694438222442 5.901339108527915 257
1694438222668 4.673136989003502 258
1694438222922 3.958343374608401 259
1694438223164 1.8682555193395423 260
1694438223410 4.6667846291107375 261
1694438223669 3.8146544570123266 262
1694438223933 2.914174853140802 263
1694438224170 4.8451252615982945 264
1694438224428 5.346212104994727 265
1694438224666 2.733839850215139 266
1694438224924 4.490393411134509 267
1694438225186 5.511268499602999 268
1694438225430 6.006019522126692 269
1694438225682 5.044663470484779 270
1694438225959 3.380397373375386 271
1694438226212 6.82223546146939 272
1694438226464 4.644003550372048 273
1694438226706 5.3964918029559135 274
1694438226949 5.965693573424284 275
1694438227223 4.000892961303506 276
1694438227490 2.041856707113695 277
1694438227735 3.1710609616843675 278
1694438227969 5.26322174944737 279
1694438228198 6.643124341883082 280
1694438228433 6.272105943315713 281
1694438228669 5.850060155109985 282
1694438228895 3.003534984861302 283
1694438229170 3.8340486998581316 284
1694438229438 1.4041940841782106 285
1694438229704 5.264700339155346 286
1694438229951 5.778136184711233 287
1694438230202 6.6840421890758535 288
1694438230453 7.252286074861928 289
1694438230699 2.4640243421876717 290
1694438230944 3.377181500655434 291
1694438231195 6.874699687775563 292
1694438231449 6.727547135887021 293
1694438231707 4.766706823581526 294
1694438231966 4.144061573595455 295
1694438232218 4.419061874631895 296
1694438232495 3.6600808302914007 297
1694438232739 5.525503866045543 298
1694438232978 3.4635611817287537 299
1694438233206 5.170103444103688 300
1694438233465 5.666976553938166 301
1694438233761 4.752682106580195 302
1694438234042 1.6444142509603363 303
1694438234280 4.585657559356234 304
1694438234533 2.8124081223532 305
1694438234783 3.8238621285111507 306
1694438235024 8.819294324161085 307
1694438235291 3.0407937188591947 308
1694438235565 7.375202387620279 309
1694438235804 4.696832242239081 310
1694438236062 6.720947070607969 311
1694438236321 4.8955375458585735 312
1694438236567 5.921864976830894 313
1694438236829 4.284132059111104 314
1694438237090 4.667737868100716 315
1694438237361 3.631688869140446 316
1694438237612 5.16554227390436 317
1694438237872 1.7542740156741408 318
1694438238116 5.151814673181813 319
1694438238384 3.4681919345076215 320
1694438238626 4.089166321862253 321
1694438238854 3.4837648185435683 322
1694438239084 4.820060377403322 323
1694438239344 6.218988349392886 324
1694438239580 2.616398153784745 325
1694438239833 6.449519924526819 326
1694438240110 5.201324175925612 327
1694438240370 1.850326554300198 328
1694438240634 4.170526170358584 329
1694438240899 4.119586463168705 330
1694438241150 4.014193104805286 331
1694438241401 5.373794369346958 332
1694438241661 4.07775092419245 333
1694438241911 2.626392780082396 334
1694438242198 4.778015851903392 335
1694438242438 4.782191481509644 336
1694438242691 4.247303391810211 337
1694438242928 6.401162163673261 338
1694438243168 4.680330175893177 339
1694438243409 8.421524110519341 340
1694438243658 5.848012334060338 341
1694438243892 4.852169148646161 342
1694438244126 6.081204345424471 343
1694438244378 3.59520773011326 344
1694438244626 4.030516864065773 345
1694438244877 3.936591562422362 346
1694438245117 7.0511027271387166 347
1694438245359 3.368354104842826 348
1694438245609 6.14664534042101 349
1694438245863 6.924229523827312 350
1694438246095 4.172000125656449 351
1694438246338 5.585523642782204 352
1694438246564 1.7868870424141237 353
1694438246787 4.40265976161327 354
1694438247018 4.692866684995814 355
1694438247264 5.035703168150162 356
1694438247511 6.2112173303301335 357
1694438247760 4.552484090301328 358
1694438247996 4.660617377809859 359
1694438248231 7.2587703350461465 360
1694438248489 3.0905277467268943 361
1694438248730 4.614638096727356 362
1694438248976 8.622420590241877 363
1694438249233 6.653085293223315 364
1694438249491 6.19972324844916 365
1694438249727 5.618954274214127 366
1694438249970 4.819563876667429 367
1694438250210 5.121994928344883 368
1694438250463 5.063815722319371 369
1694438250713 4.389808210970779 370
1694438250951 3.417772117163916 371
1694438251199 6.657761000111106 372
1694438251436 3.7995283742760537 373
1694438251687 2.3064466579209055 374
1694438251923 0.7562893192384286 375
1694438252155 6.453951965662465 376
1694438252416 4.7056347531178275 377
1694438252644 4.636645211775009 378
1694438252877 3.849695414356919 379
1694438253135 4.49792802264202 380
1694438253374 5.08501368905112 381
1694438253612 5.334478422983223 382
1694438253870 4.984467090515028 383
1694438254111 6.234978567612985 384
1694438254355 7.103939342112135 385
1694438254600 4.950003917763159 386
1694438254869 6.487391431261711 387
1694438255151 7.6690106685792605 388
1694438255404 4.326005209383941 389
1694438255647 5.242488002424955 390
1694438255883 6.0736981390963765 391
1694438256143 4.639001158066752 392
1694438256405 4.389171155179772 393
1694438256655 5.227175569996558 394
1694438256892 5.872362669132628 395
1694438257125 3.9902009547679813 396
1694438257369 3.8960977791985614 397
1694438257609 6.167541338333517 398
1694438257864 5.851158973515224 399
1694438258109 5.437102975973377 400
1694438258389 4.892064195328326 401
1694438258642 2.3104672656170266 402
1694438258882 3.7185321478030757 403
1694438259148 3.1283283558122754 404
1694438259425 5.352255734746446 405
1694438259693 4.001427725794849 406
1694438259950 5.654884693126627 407
1694438260213 5.170080280796687 408
1694438260461 4.0706595800104335 409
1694438260707 7.898636827983901 410
1694438260952 6.4744178749413335 411
1694438261201 4.7962485877972645 412
1694438261453 2.4199945950159623 413
1694438261690 2.259082296999046 414
1694438261915 5.034815658506889 415
1694438262137 3.6926555439046096 416
1694438262413 3.034597107260155 417
1694438262647 4.619959867989676 418
1694438262868 5.207930385876965 419
1694438263102 4.4783049298732465 420
1694438263337 7.46207819566433 421
1694438263581 6.255385930208944 422
1694438263825 4.373361481530551 423
1694438264064 4.335886877147129 424
1694438264289 6.776926272598238 425
1694438264524 7.6448203232253835 426
1694438264742 6.413486499511793 427
1694438264974 3.420782316461827 428
1694438265215 5.506624118535054 429
1694438265466 4.3023843321554205 430
1694438265716 3.051166293570995 431
1694438265962 2.5157895805118553 432
1694438266211 4.257326300965062 433
1694438266471 4.078047606147928 434
1694438266727 4.114848338680815 435
1694438266983 3.988180559626563 436
1694438267237 4.029138040412165 437
1694438267501 4.614163167064195 438
1694438267756 2.649271778053402 439
1694438268018 1.9086396624186663 440
1694438268254 1.5498540746465732 441
1694438268485 4.9846714200270785 442
1694438268727 4.309819512929936 443
1694438268967 5.833618472600011 444
1694438269225 2.623018804111498 445
1694438269484 3.6486562335782584 446
1694438269745 4.885529766031295 447
1694438269988 4.133407107787151 448
1694438270233 3.376784541922476 449
1694438270467 6.653863030596517 450
1694438270716 6.423583061216549 451
1694438270956 3.78675753278912 452
1694438271193 4.509984412781423 453
1694438271427 4.196778302633985 454
1694438271687 6.216750281752696 455
1694438271946 7.939397988148809 456
1694438272189 6.884702821295984 457
1694438272505 6.000576534952486 458
1694438272810 5.775236399732653 459
1694438273088 4.226561339178472 460
1694438273380 4.489178096196095 461
1694438273634 4.933362312362527 462
1694438273926 4.167139462983426 463
1694438274201 4.742664486096744 464
1694438274515 7.665814130176941 465
1694438274798 3.5731178957882586 466
1694438275129 4.914666132715137 467
1694438275389 4.328165193611092 468
1694438275684 3.0243520831686284 469
1694438275931 6.522570515396886 470
1694438276200 5.643150860044164 471
1694438276480 5.1187216956938455 472
1694438276723 3.8301355889777318 473
1694438276962 4.258887566736314 474
1694438277222 4.849189303964167 475
1694438277465 2.2009242493967767 476
1694438277721 4.108494545030677 477
1694438277975 5.326546936882433 478
1694438278218 4.376191165410719 479
1694438278491 6.205267278752696 480
1694438278758 5.1443996627935205 481
1694438279004 6.184258164338385 482
1694438279267 4.060680306470057 483
1694438279541 4.249255590445763 484
1694438279784 5.625369003451687 485
1694438280045 5.241086090462752 486
1694438280300 3.6292205251420935 487
1694438280547 4.259816825087507 488
1694438280799 3.7438264314538605 489
1694438281052 5.740887559653111 490
1694438281297 3.746804760714136 491
1694438281540 3.818644351133931 492
1694438281776 3.6657476432755653 493
1694438282034 4.9647318581516116 494
1694438282275 5.098369065356805 495
1694438282532 5.544825132686533 496
1694438282823 3.680330960023527 497
1694438283084 5.42002941255089 498
1694438283328 2.417678692367309 499
