1694441419304 166.75324011892098 0
1694441419341 152.4023127283972 1
1694441419380 140.85823697326458 2
1694441419422 129.59397334330754 3
1694441419465 121.28862547496561 4
1694441419503 111.36509176902369 5
1694441419574 103.31654639105902 6
1694441419628 94.98978400929435 7
1694441419683 88.32449593664747 8
1694441419731 81.51039343750708 9
1694441419772 75.55076110726975 10
1694441419812 69.90259340168143 11
1694441419846 64.3676543055907 12
1694441419891 59.852454768769654 13
1694441419929 55.11095151626096 14
1694441419969 50.92157285625295 15
1694441420008 46.93524778604315 16
1694441420047 43.12246194449711 17
1694441420100 41.143307838676115 18
1694441420142 37.60787913327247 19
1694441420194 35.36336643672597 20
1694441420242 32.34921275665998 21
1694441420294 30.15116934557984 22
1694441420340 28.222104032949648 23
1694441420402 26.22023278617168 24
1694441420463 24.233793613745327 25
1694441420514 22.38011564510736 26
1694441420581 20.97142444064178 27
1694441420642 19.69597229422515 28
1694441420707 18.19694663016735 29
1694441420776 16.814341410518168 30
1694441420847 15.679638271302602 31
1694441420908 14.74994145322854 32
1694441420948 13.541659097537202 33
1694441420992 12.701340963548914 34
1694441421031 12.090006764684391 35
1694441421074 11.090806224415486 36
1694441421113 10.443531742096551 37
1694441421152 9.953825826532972 38
1694441421193 9.14783912444926 39
1694441421233 8.748599591948718 40
1694441421277 8.2364502785825 41
1694441421323 7.724156395877925 42
1694441421366 7.227458218717468 43
1694441421411 6.740513204296156 44
1694441421458 6.376051026067031 45
1694441421500 5.991301951190866 46
1694441421544 5.572852702973938 47
1694441421584 5.224705330581189 48
1694441421623 5.030577461994768 49
1694441421663 4.787293390719443 50
1694441421707 4.485963484521983 51
1694441421748 4.266877337770363 52
1694441421799 4.0025679547340784 53
1694441421840 3.7717697447327403 54
1694441421891 3.580670281776906 55
1694441421930 3.3798667961546305 56
1694441421969 3.2089217332306545 57
1694441422010 3.1355402075408585 58
1694441422050 2.9398655475631896 59
1694441422091 2.7799548601706907 60
1694441422132 2.625937299149318 61
1694441422178 2.526783817673061 62
1694441422219 2.445874332812256 63
1694441422258 2.3053648348940423 64
1694441422298 2.2115911947115507 65
1694441422338 2.0723021625709688 66
1694441422380 2.121432650706774 67
1694441422421 2.0730468813329006 68
1694441422462 1.8738932265856527 69
1694441422502 1.7735559795088522 70
1694441422543 1.7759961466450604 71
1694441422585 1.65053731942824 72
1694441422625 1.6413715608921093 73
1694441422663 1.5275539657288453 74
1694441422706 1.497990252101319 75
1694441422746 1.51177061733714 76
1694441422786 1.4274970366133493 77
1694441422822 1.3684880071174665 78
1694441422862 1.33621503186912 79
1694441422903 1.3204303735287133 80
1694441422947 1.233975320313925 81
1694441422992 1.246784419083487 82
1694441423035 1.2669204208243308 83
1694441423077 1.1345460030494192 84
1694441423114 1.1529817494814698 85
1694441423152 1.0758476848758591 86
1694441423192 1.0607888703421628 87
1694441423231 1.0599470310109809 88
1694441423271 1.0085775498031304 89
1694441423310 1.0621633228363339 90
1694441423348 0.9895231332631927 91
1694441423388 0.9624882658066125 92
1694441423431 0.9563995013414743 93
1694441423469 0.9017319520912653 94
1694441423515 0.9668900110535317 95
1694441423556 0.9003873588693271 96
1694441423595 0.8811437000907676 97
1694441423636 0.8826427043245304 98
1694441423675 0.8201800323014465 99
1694441423716 0.8364535523878057 100
1694441423754 0.82209154789764 101
1694441423794 0.8103152757757728 102
1694441423832 0.7624377969140013 103
1694441423873 0.7791930982323688 104
1694441423915 0.7856465528594886 105
1694441423955 0.7554052343748654 106
1694441423990 0.7595808593000178 107
1694441424034 0.7969638928979105 108
1694441424077 0.764877260644465 109
1694441424119 0.7517653120881995 110
1694441424160 0.7717185165238125 111
1694441424203 0.7067549714765037 112
1694441424241 0.6838983497533232 113
1694441424283 0.6973327269957765 114
1694441424330 0.6937876198706213 115
1694441424372 0.7048196571699045 116
1694441424411 0.690559089025058 117
1694441424451 0.689651354597223 118
1694441424493 0.6839657080452514 119
1694441424530 0.6385949782012637 120
1694441424571 0.6670227586965988 121
1694441424609 0.6368380333384024 122
1694441424648 0.655478113218853 123
1694441424683 0.647354737213671 124
1694441424726 0.6340801017235684 125
1694441424762 0.6645266626724453 126
1694441424798 0.6226723093367152 127
1694441424840 0.627795028362234 128
1694441424881 0.6216881145335762 129
1694441424919 0.614715172041441 130
1694441424959 0.6550187126108374 131
1694441424998 0.6219418396676276 132
1694441425040 0.6602970456236548 133
1694441425079 0.5917306727119004 134
1694441425117 0.6240943191369779 135
1694441425153 0.6489975174547381 136
1694441425192 0.6178544804494913 137
1694441425227 0.6309868018435192 138
1694441425264 0.6122942735786489 139
1694441425303 0.5853480618564086 140
1694441425340 0.5978172594791147 141
1694441425384 0.6076785689809392 142
1694441425422 0.6231172563908333 143
1694441425461 0.6181961899344875 144
1694441425499 0.601348485598876 145
1694441425540 0.6011159792209199 146
1694441425576 0.5956829211082695 147
1694441425611 0.6045108657177912 148
1694441425649 0.6226987628569354 149
1694441425690 0.5673660025786156 150
1694441425732 0.6188097914892289 151
1694441425772 0.6152613771842534 152
1694441425810 0.5956429148740369 153
1694441425848 0.5526661603189128 154
1694441425889 0.6168183931193478 155
1694441425926 0.594731166213458 156
1694441425968 0.5885540322497176 157
1694441426004 0.6011548753305466 158
1694441426042 0.5780594298103184 159
1694441426080 0.593357016142033 160
1694441426118 0.5614841261344156 161
1694441426157 0.6014818520699076 162
1694441426195 0.5976905813159961 163
1694441426236 0.550810572554423 164
1694441426277 0.5398761898665271 165
1694441426315 0.5824546377882851 166
1694441426358 0.6047593713135199 167
1694441426400 0.5768728593728846 168
1694441426441 0.541636733448028 169
1694441426481 0.5870834110848276 170
1694441426525 0.5502416673283838 171
1694441426564 0.5642083234981158 172
1694441426598 0.5423670380037232 173
1694441426639 0.5961509631472129 174
1694441426676 0.5941211132377802 175
1694441426718 0.5610616784537005 176
1694441426754 0.5646425296523924 177
1694441426795 0.578130724839681 178
1694441426831 0.5873662547004896 179
1694441426871 0.5736297090403337 180
1694441426910 0.6076969187920881 181
1694441426948 0.578645126594252 182
1694441426991 0.564080455425623 183
1694441427030 0.5786245893176412 184
1694441427065 0.5515730164877571 185
1694441427110 0.5603225577567984 186
1694441427150 0.5790241760976615 187
1694441427193 0.616199762017117 188
1694441427235 0.5796241670264295 189
1694441427276 0.5957469594867078 190
1694441427326 0.5439077714312555 191
1694441427371 0.5226563641358999 192
1694441427411 0.5766621716326052 193
1694441427453 0.5787682646536443 194
1694441427490 0.5732417035224819 195
1694441427531 0.5535924213257379 196
1694441427567 0.5393106749109026 197
1694441427606 0.6017279909471707 198
1694441427648 0.590776183005708 199
1694441427690 0.5626786713743157 200
1694441427730 0.5745389990795724 201
1694441427766 0.5581040630836934 202
1694441427801 0.5388094438520971 203
1694441427843 0.5978417928568363 204
1694441427880 0.5605223629442383 205
1694441427924 0.587877406738316 206
1694441427960 0.5487917350874295 207
1694441427998 0.5476335585102916 208
1694441428032 0.6039990162044182 209
1694441428073 0.5595119136178212 210
1694441428110 0.6030490775040922 211
1694441428154 0.5676479076306262 212
1694441428190 0.56788920233576 213
1694441428232 0.5845115417158638 214
1694441428276 0.5913523152969912 215
1694441428317 0.580212161039055 216
1694441428361 0.5420348672747091 217
1694441428403 0.5540006914214872 218
1694441428442 0.5506607930554012 219
1694441428480 0.5971881555549615 220
1694441428519 0.5589261196840083 221
1694441428557 0.5760850603732324 222
1694441428593 0.5687680543251388 223
1694441428636 0.5595795950997875 224
