1694441657418 165.0046465677121 0
1694441657458 166.6404930830617 1
1694441657497 164.1562325253785 2
1694441657536 165.80245639031395 3
1694441657577 164.45720215391137 4
1694441657618 165.82852776802065 5
1694441657674 164.30914783153466 6
1694441657739 166.364792194368 7
1694441657798 163.55950750463725 8
1694441657839 164.19150424636285 9
1694441657879 164.44407754108295 10
1694441657920 164.57685410566947 11
1694441657960 164.2915536342716 12
1694441657999 164.72028199326544 13
1694441658040 164.41568301633473 14
1694441658079 161.6184090788043 15
1694441658119 164.18971807787278 16
1694441658154 163.9473549312336 17
1694441658208 163.02318715529773 18
1694441658266 162.80543254583932 19
1694441658318 164.86555933903142 20
1694441658369 162.0784272532234 21
1694441658415 161.69985617949968 22
1694441658471 163.15216305878297 23
1694441658519 163.20981736647104 24
1694441658569 163.63909519938636 25
1694441658619 161.236075386897 26
1694441658677 161.67621438368516 27
1694441658725 161.89235718592866 28
1694441658773 162.95493022090866 29
1694441658824 161.25010702157817 30
1694441658874 161.64431346608714 31
1694441658926 161.8392540203945 32
1694441658981 161.49055097779686 33
1694441659021 162.4240754832173 34
1694441659060 162.013607750791 35
1694441659097 161.48867945533726 36
1694441659135 162.14061493106345 37
1694441659171 161.75417589673697 38
1694441659213 159.70877359775838 39
1694441659252 160.36607040589982 40
1694441659292 159.94052570546708 41
1694441659333 161.42012660114187 42
1694441659373 159.18903883563266 43
1694441659410 159.75992049464247 44
1694441659449 159.09650556490868 45
1694441659486 160.1956616643089 46
1694441659527 158.11535559406295 47
1694441659564 159.5011120670457 48
1694441659602 159.91966264573958 49
1694441659640 160.71667397727452 50
1694441659683 159.439412672383 51
1694441659724 158.47641866388966 52
1694441659767 157.65247017783415 53
1694441659809 158.97247656268723 54
1694441659846 159.4210003751891 55
1694441659888 158.20749523910902 56
1694441659926 159.56226175197952 57
1694441659967 158.59892671369022 58
1694441660009 158.0699073903107 59
1694441660054 157.59730399105362 60
1694441660096 156.82338691698385 61
1694441660138 157.92533321514165 62
1694441660183 158.6946985086169 63
1694441660228 158.72583176562765 64
1694441660266 158.5369915306898 65
1694441660305 157.11565867602707 66
1694441660347 157.22467334715947 67
1694441660385 155.86547939968102 68
1694441660425 156.6274183459937 69
1694441660462 156.1743769169487 70
1694441660498 158.64799700691995 71
1694441660540 157.34610555212987 72
1694441660576 155.92906562864866 73
1694441660614 155.86963871878376 74
1694441660659 155.01240787694312 75
1694441660698 157.5718698798483 76
1694441660735 155.3881890554338 77
1694441660776 155.58491385171243 78
1694441660816 154.4703774134444 79
1694441660853 156.63713471667938 80
1694441660891 156.1854042110329 81
1694441660932 154.35465582777454 82
1694441660972 155.02649898771912 83
1694441661016 154.40051712350095 84
1694441661055 155.49048228044222 85
1694441661095 154.85462793551687 86
1694441661133 154.4392088320181 87
1694441661178 154.81063517950165 88
1694441661221 154.19621987995086 89
1694441661265 154.5578577287166 90
1694441661309 153.00906612501842 91
1694441661355 153.22642505611057 92
1694441661400 152.79804725125913 93
1694441661445 153.2764388636655 94
1694441661487 153.6964172061873 95
1694441661529 153.1803996695262 96
1694441661567 154.61998395797053 97
1694441661614 152.7902743636754 98
1694441661653 153.32890637316962 99
1694441661698 153.0859404562629 100
1694441661736 152.51378152413514 101
1694441661781 151.84965906428658 102
1694441661831 151.69392367714946 103
1694441661869 153.64137624399638 104
1694441661907 151.69949849182 105
1694441661949 151.48813669887016 106
1694441661997 151.2649410585676 107
1694441662043 152.18465979737715 108
1694441662088 151.38241694808343 109
1694441662131 151.30717453414746 110
1694441662174 150.76699742363544 111
1694441662213 152.23876674556644 112
1694441662252 149.03284472743957 113
1694441662287 150.15154462174806 114
1694441662330 151.35193312944807 115
1694441662370 151.72375483816188 116
1694441662413 151.2815891494028 117
1694441662454 149.92403755890683 118
1694441662495 150.32299411114624 119
1694441662534 150.49934450140435 120
1694441662575 148.11652934075258 121
1694441662613 149.10173853044515 122
1694441662653 150.77128567532063 123
1694441662695 149.6435076036089 124
1694441662732 150.82302771100512 125
1694441662775 149.6299932493299 126
1694441662811 149.03299998077506 127
1694441662851 147.7680839085095 128
1694441662893 148.9067830125027 129
1694441662931 149.91501268001875 130
1694441662968 149.4089244841392 131
1694441663009 148.56556728115245 132
1694441663051 149.92397711139003 133
1694441663089 149.34332899153807 134
1694441663130 147.35885725217602 135
1694441663168 148.18930055811708 136
1694441663204 148.00384764279002 137
1694441663243 149.72108461821762 138
1694441663283 147.19937945766554 139
1694441663321 149.2859933577996 140
1694441663366 147.31273901324505 141
1694441663409 147.1401590676493 142
1694441663453 149.69067043702003 143
1694441663494 148.32365710562098 144
1694441663535 146.35158990468636 145
1694441663573 148.71933370269818 146
1694441663609 147.76422934636287 147
1694441663649 146.60727498105646 148
1694441663690 147.26629784193094 149
1694441663725 146.24622599159193 150
1694441663763 147.32938004396698 151
1694441663801 146.79531704562712 152
1694441663841 146.93318510897046 153
1694441663881 147.58369990742008 154
1694441663920 146.77073770522932 155
1694441663961 147.4242838280035 156
1694441663999 146.1149835231483 157
1694441664034 147.3723153433816 158
1694441664071 143.92092080886886 159
1694441664113 146.0685694076746 160
1694441664158 146.16790659545762 161
1694441664194 144.37781643459488 162
1694441664232 146.1164290824638 163
1694441664269 143.98880081765319 164
1694441664307 144.86028144501356 165
1694441664347 144.6507237098311 166
1694441664391 144.86284477415975 167
1694441664427 142.80303195902346 168
1694441664467 147.05175107978658 169
1694441664504 144.72383301267936 170
1694441664547 143.71794058646535 171
1694441664585 142.50110017830093 172
1694441664626 142.96300448202908 173
1694441664665 143.3050528472028 174
1694441664705 143.9313248625537 175
1694441664745 144.62811587640854 176
1694441664785 144.83684547422925 177
1694441664820 143.32788858665148 178
1694441664863 145.36697121745766 179
1694441664902 145.2632938044543 180
1694441664945 142.00330656446883 181
1694441664985 142.91664429650834 182
1694441665021 142.86581927048866 183
1694441665067 144.40249701560975 184
1694441665102 142.8334881987529 185
1694441665142 142.18677836423848 186
1694441665181 142.01139856756262 187
1694441665219 141.9834321811657 188
1694441665258 142.5265066796573 189
1694441665301 141.2136678611657 190
1694441665346 140.19332610629547 191
1694441665393 141.91956720347375 192
1694441665435 141.26474850453818 193
1694441665482 141.52025699235287 194
1694441665522 141.6098463355182 195
1694441665561 140.85771891427063 196
1694441665600 140.81433101610904 197
1694441665643 141.93164716572312 198
1694441665683 141.69206015914529 199
1694441665722 141.37915163157982 200
1694441665767 141.4650199092036 201
1694441665805 141.12111353337255 202
1694441665844 141.6002940574942 203
1694441665882 141.07598313286238 204
1694441665924 140.90557130995535 205
1694441665964 139.0193581630251 206
1694441666002 138.51447895067324 207
1694441666043 140.3223827218699 208
1694441666083 140.16820845623118 209
1694441666117 139.30449171595615 210
1694441666158 140.83586386883934 211
1694441666198 141.1456973386032 212
1694441666236 140.30783805984103 213
1694441666271 139.00238551440864 214
1694441666309 139.338874824477 215
1694441666349 140.01463216634755 216
1694441666393 139.58382974042783 217
1694441666437 140.32471348828014 218
1694441666478 138.65705198963536 219
1694441666517 138.21192387972428 220
1694441666555 139.8940721926168 221
1694441666593 138.69696916886332 222
1694441666634 139.26650008351334 223
1694441666672 138.33877928147865 224
1694441666707 137.1742497597698 225
1694441666747 138.38626351457702 226
1694441666787 138.72932638715034 227
1694441666826 138.3718358415472 228
1694441666865 137.92608843819636 229
1694441666902 138.42296876763365 230
1694441666945 137.1051320431984 231
1694441666980 137.84929105325827 232
1694441667018 137.91988999324101 233
1694441667058 136.80178878004583 234
1694441667097 137.98705657638752 235
1694441667138 136.58663948082506 236
1694441667176 136.67691939374527 237
1694441667212 137.17277573712352 238
1694441667250 137.2108284473035 239
1694441667293 136.26452898930225 240
1694441667335 134.74741658215356 241
1694441667381 134.85972380281558 242
1694441667422 135.57969490526744 243
1694441667460 137.6597991059274 244
1694441667495 135.56907604270654 245
1694441667535 136.09804543624725 246
1694441667575 136.28587736967276 247
1694441667612 136.72364358729644 248
1694441667654 136.6294251479363 249
1694441667697 134.08360544634925 250
1694441667734 136.7196602109758 251
1694441667773 135.67576875542386 252
1694441667814 134.8544360804562 253
1694441667848 135.8573846024415 254
1694441667883 133.8115996895603 255
1694441667926 134.32936641111806 256
1694441667965 134.48907002529126 257
1694441668003 134.94523007371268 258
1694441668039 135.153184443812 259
1694441668082 135.4111205821226 260
1694441668119 135.0731914262295 261
1694441668155 135.69592398844617 262
1694441668194 134.5026129570932 263
1694441668231 133.33990695528738 264
1694441668270 132.82138886658765 265
1694441668308 135.1856567514825 266
1694441668349 133.92293930785655 267
1694441668392 134.46648539262662 268
1694441668427 133.9721408933181 269
1694441668464 134.706167345527 270
1694441668501 132.42786846237155 271
1694441668539 133.90418126066743 272
1694441668578 135.00556792720369 273
1694441668618 133.71022345339028 274
1694441668657 132.93235643678918 275
1694441668692 132.93424885538292 276
1694441668730 132.92032645473876 277
1694441668773 131.89534361898382 278
1694441668810 132.38421233974722 279
1694441668847 132.63669565543594 280
1694441668884 132.685170587771 281
1694441668925 132.0259967392066 282
1694441668963 132.9094086516798 283
1694441669003 131.041975446104 284
1694441669039 132.1616792473767 285
1694441669076 132.85270650879772 286
1694441669112 132.59420853410427 287
1694441669146 130.97077368746326 288
1694441669186 130.59878268026569 289
1694441669222 129.75851684541027 290
1694441669260 131.19426144645718 291
1694441669302 131.93015269913687 292
1694441669343 132.04719429722365 293
1694441669389 130.3623051324417 294
1694441669430 130.29211069489784 295
1694441669463 131.3435953324831 296
1694441669505 131.83399635954189 297
1694441669547 130.29615843695427 298
1694441669583 131.61312957782692 299
1694441669621 130.10314900273565 300
1694441669658 130.49886343088878 301
1694441669697 130.67382375165738 302
1694441669736 129.92744633918025 303
1694441669777 129.74213468276773 304
1694441669818 130.5811859542748 305
1694441669856 131.41948598988398 306
1694441669891 129.72485660595885 307
1694441669926 128.660953166871 308
1694441669963 128.75544571362227 309
1694441670001 129.61411962526392 310
1694441670040 129.60907482700307 311
1694441670083 128.91483942594488 312
1694441670125 128.71766489965088 313
1694441670163 128.7407181437004 314
1694441670205 129.15231837283397 315
1694441670245 128.13816205352936 316
1694441670285 129.64834995533215 317
1694441670327 128.34797643811876 318
1694441670372 126.895174708026 319
1694441670411 128.42672283332533 320
1694441670447 127.19853617782431 321
1694441670484 127.5648140389079 322
1694441670523 128.2788634705495 323
1694441670564 128.93508541143257 324
1694441670602 127.83764561800541 325
1694441670637 127.67807164251317 326
1694441670672 127.86099255982728 327
1694441670713 127.57647687731205 328
1694441670751 127.81991061224555 329
1694441670790 126.87864096369108 330
1694441670827 127.25387397306284 331
1694441670864 127.68038239612707 332
1694441670901 127.07430585073978 333
1694441670940 126.22687846524967 334
1694441670979 125.82759352298889 335
1694441671028 126.61262056305986 336
1694441671104 125.83803977911622 337
1694441671149 127.22318669358934 338
1694441671187 125.8521259187258 339
1694441671224 127.30669876799435 340
1694441671261 126.33541835798374 341
1694441671306 126.66719187677023 342
1694441671346 124.68576795770733 343
1694441671385 126.39303666024034 344
1694441671424 125.06346516135221 345
1694441671460 126.38276097975512 346
1694441671501 126.35536475633297 347
1694441671542 126.3508708010388 348
1694441671586 125.07626044997079 349
1694441671626 125.3899774179137 350
1694441671663 125.18141045418463 351
1694441671700 125.01427529315279 352
1694441671739 126.15125208594834 353
1694441671776 126.0307978251059 354
1694441671816 124.05740301208317 355
1694441671850 124.64973191936132 356
1694441671889 125.09931363476385 357
1694441671928 123.39271044130906 358
1694441671964 124.59472899735603 359
1694441672001 123.97744987820688 360
1694441672034 124.59404662573681 361
1694441672073 124.70773505534711 362
1694441672111 124.29918685141435 363
1694441672149 123.93063328459776 364
1694441672185 123.92269777189074 365
1694441672223 122.83050563132687 366
1694441672262 124.00414009845055 367
1694441672296 123.74155140317521 368
1694441672337 123.13498534341792 369
1694441672376 123.56957164392358 370
1694441672415 126.0525434746963 371
1694441672454 123.37950242994594 372
1694441672494 123.42229919083825 373
1694441672531 123.39990840258163 374
1694441672569 122.72218950044646 375
1694441672608 124.39855317862262 376
1694441672649 122.70879490598918 377
1694441672688 124.10542227081113 378
1694441672727 122.49570190698155 379
1694441672765 123.14800703084813 380
1694441672804 122.61764323077577 381
1694441672844 122.18520737353454 382
1694441672883 122.57099167984256 383
1694441672922 121.16098238717306 384
1694441672961 122.57644118300553 385
1694441673000 122.20324342574168 386
1694441673036 121.98901263988164 387
1694441673072 121.55798829742025 388
1694441673108 122.69101096766848 389
1694441673147 121.59680194832814 390
1694441673186 121.55510359351106 391
1694441673229 121.1687625374423 392
1694441673269 120.01855234956044 393
1694441673308 121.68671606341188 394
1694441673350 120.92157376330816 395
1694441673388 121.90450990323913 396
1694441673426 120.74996503596537 397
1694441673464 121.83045295554638 398
1694441673508 119.58405093580976 399
1694441673551 119.90396134832316 400
1694441673595 121.63785030780303 401
1694441673638 119.89040024396179 402
1694441673676 119.26515770994978 403
1694441673722 119.35869505785175 404
1694441673762 118.36031308177331 405
1694441673802 119.98580336090572 406
1694441673844 120.05155622497799 407
1694441673877 119.52868502139755 408
1694441673914 120.04676033425322 409
1694441673952 120.82909025745079 410
1694441673990 119.46311469844971 411
1694441674031 119.6400580766266 412
1694441674070 117.73380707758984 413
1694441674113 118.95009471546429 414
1694441674151 119.03970750451332 415
1694441674187 119.17861344778703 416
1694441674226 119.26291073613199 417
1694441674265 118.81252926876299 418
1694441674302 118.9593172494237 419
1694441674339 118.75665487489636 420
1694441674379 119.28514593428321 421
1694441674418 117.56591352215769 422
1694441674453 119.30630168560106 423
1694441674493 118.9482084294696 424
1694441674529 117.46741828952148 425
1694441674566 119.5980885686782 426
1694441674606 117.60864736979073 427
1694441674649 118.20754821535401 428
1694441674688 118.78639469531785 429
1694441674725 117.39852796368376 430
1694441674771 117.02032594198418 431
1694441674808 117.82139472831498 432
1694441674843 116.63274370686611 433
1694441674884 117.17249312316216 434
1694441674924 117.3935000002354 435
1694441674963 118.14787524067609 436
1694441675002 117.13377917074895 437
1694441675039 117.16051033187182 438
1694441675078 116.16881111650268 439
1694441675119 117.05677941889472 440
1694441675155 117.7409835530832 441
1694441675196 114.58187866135957 442
1694441675237 116.12042482572474 443
1694441675284 116.55391387635592 444
1694441675327 115.38919266937665 445
1694441675370 117.32968176556209 446
1694441675406 116.34473460175714 447
1694441675443 115.88245661223344 448
1694441675482 117.05116686519898 449
1694441675519 116.78856872262389 450
1694441675559 114.5853783521914 451
1694441675599 116.03126656424078 452
1694441675638 116.33295182954714 453
1694441675677 116.46860926563853 454
1694441675714 115.76866742572037 455
1694441675755 113.33614672328868 456
1694441675794 114.09374769072815 457
1694441675835 116.40624152220958 458
1694441675874 115.02643393556286 459
1694441675914 114.6091894644192 460
1694441675951 115.6368248374227 461
1694441675992 114.0052345459713 462
1694441676027 113.50745149382368 463
1694441676068 115.14315375182309 464
1694441676105 113.7584137851653 465
1694441676146 115.36898232361393 466
1694441676186 115.55943213508438 467
1694441676231 114.38931499308363 468
1694441676282 113.52930274474917 469
1694441676325 114.76879108780962 470
1694441676367 113.57291135992436 471
1694441676412 113.56888430273162 472
1694441676453 113.54908751914705 473
1694441676493 113.67420596239825 474
1694441676532 113.88891652042133 475
1694441676575 114.19160288059503 476
1694441676621 113.42109616257818 477
1694441676660 113.77797670420938 478
1694441676702 113.09934522742337 479
1694441676741 112.72227738187901 480
1694441676788 113.28059029446744 481
1694441676831 114.29603675721299 482
1694441676874 113.21677168332738 483
1694441676914 113.40994663635446 484
1694441676953 111.83757412053427 485
1694441676992 113.53119110114193 486
1694441677032 111.09675834085304 487
1694441677076 112.40028686716609 488
1694441677114 111.86915040694088 489
1694441677155 112.90869055733978 490
1694441677193 111.42712704205341 491
1694441677236 112.40384184339406 492
1694441677275 111.20785515313153 493
1694441677311 111.79289297151999 494
1694441677351 111.1164264055845 495
1694441677393 110.85996908836034 496
1694441677427 112.03065410213371 497
1694441677466 111.7928025362973 498
1694441677502 111.0458742481068 499
