1694445728523 0.22491977338946612 0
1694445728834 0.0049866155303483475 1
1694445729103 0.04305657833581186 2
1694445729426 0.21617645982144548 3
1694445729714 0.12842852242388744 4
1694445730016 0.45367085707100957 5
1694445730274 0.14888914504108072 6
1694445730535 0.16433052016174718 7
1694445730812 0.013170813778073514 8
1694445731086 0.10114151007294142 9
1694445731364 0.0013476558711382064 10
1694445731629 0.135340590750571 11
1694445731892 0.009937770262873697 12
1694445732163 0.0288993423840418 13
1694445732439 0.0028040938777412305 14
1694445732686 0.07528912544542572 15
1694445732952 0.013709953390995377 16
1694445733217 0.10045508612498769 17
1694445733496 0.008868444930824415 18
1694445733761 0.058838582553774416 19
1694445734019 0.0016240238936177695 20
1694445734288 0.12830971595771892 21
1694445734573 0.0008621554901368009 22
1694445734833 0.03606409327433537 23
1694445735114 0.07975168453104203 24
1694445735374 0.00042579962818030425 25
1694445735650 0.0070586926566533325 26
1694445735907 0.006353823642858969 27
1694445736181 0.004762108054493017 28
1694445736464 0.01056386266037611 29
1694445736744 0.001645526388524735 30
1694445737041 0.27898083459833883 31
1694445737282 0.026165341923258062 32
1694445737558 0.0007931860351440087 33
1694445737816 0.15249411355397266 34
1694445738081 0.03779185810671132 35
1694445738344 0.0039876792958912916 36
1694445738662 0.00017701447941266847 37
1694445738932 0.09257218096251192 38
1694445739199 5.020149341974376e-05 39
1694445739451 0.007620668639296461 40
1694445739712 0.009598392749822843 41
1694445739968 0.18975172376976032 42
1694445740239 0.004879509177859683 43
1694445740509 3.543518872432685e-05 44
1694445740775 0.05859854581851113 45
1694445741026 0.03100633808182948 46
1694445741285 0.09648336026551013 47
1694445741550 0.0001801943245078436 48
1694445741813 0.20765198813745334 49
1694445742059 0.007958892037378677 50
1694445742319 0.0009093148234211312 51
1694445742581 0.1131385761572845 52
1694445742838 0.001321708103933031 53
1694445743109 0.1465631216883085 54
1694445743366 0.3791590547034066 55
1694445743648 0.07382326083814346 56
1694445743909 0.2010170747469555 57
1694445744168 0.01539438782588044 58
1694445744473 0.00027570107345469485 59
1694445744735 0.00170872041134757 60
1694445744993 0.009493766193562184 61
1694445745253 0.21080438030346998 62
1694445745529 0.03618812645082277 63
1694445745787 0.0017135762460240515 64
1694445746053 0.0015697152723948733 65
1694445746316 0.00032920130459705265 66
1694445746587 0.14683578617034782 67
1694445746843 0.12156113242791695 68
1694445747108 0.047937673473278895 69
1694445747379 0.08715738549940802 70
1694445747645 0.13707940407579186 71
1694445747910 0.04835856550726148 72
1694445748186 0.0002586587598693192 73
1694445748447 0.030977479995256022 74
1694445748717 0.13327940730002202 75
1694445748965 0.022655609822652235 76
1694445749225 0.14953718203960573 77
1694445749492 0.04488478604323173 78
1694445749758 0.23569308049147056 79
1694445750027 0.03006588233266486 80
1694445750274 0.15036943603043315 81
1694445750547 0.06525298331153996 82
1694445750831 0.04668163411472979 83
1694445751101 0.2126846263443773 84
1694445751372 0.028207504965520297 85
1694445751623 0.021680261117225295 86
1694445751879 0.015023104185125726 87
1694445752139 0.001957579654002748 88
1694445752417 0.01983748890132965 89
1694445752703 0.37716053542161376 90
1694445752960 0.00024812845360636375 91
1694445753244 0.052007311295065015 92
1694445753497 0.26986159735147813 93
1694445753805 0.09251204031593026 94
1694445754069 0.2861108836143966 95
1694445754332 0.0684946143239467 96
1694445754600 0.24580229461106498 97
1694445754869 0.0744969640738248 98
1694445755134 0.3112368817380456 99
1694445755408 0.011969336096726303 100
1694445755662 0.06255659547241253 101
1694445755934 0.05947961503643616 102
1694445756175 0.09387411449898911 103
1694445756443 0.02256709878734735 104
1694445756715 0.1596772312154627 105
1694445756897 0.0072920242253426346 106
1694445757213 0.006005755742574584 107
1694445757481 0.019125398769285644 108
1694445757734 1.4540626569066255 109
1694445757989 0.020059249782474586 110
1694445758249 0.0012986031835439172 111
1694445758527 0.16324429648139221 112
1694445758801 0.022166568920011426 113
1694445759066 0.006631025935880596 114
1694445759328 0.029573667457764574 115
1694445759603 0.000939163727179986 116
1694445759865 0.012347967703513943 117
1694445760124 0.004681117794806441 118
1694445760388 0.4852604796644813 119
1694445760656 0.22672662728059279 120
1694445760924 0.04630118769774997 121
1694445761184 0.06346875328971002 122
1694445761438 0.02344189485427621 123
1694445761703 0.8465146940384601 124
1694445761981 0.2445526032986594 125
1694445762242 0.06358794983059338 126
1694445762511 0.0008194434357382855 127
1694445762779 0.05384781166799424 128
1694445763065 0.009987630834356963 129
1694445763341 0.12111964571307476 130
1694445763627 1.0044364327272175 131
1694445763902 2.275254668992655e-05 132
1694445764154 0.00026725095445022926 133
1694445764400 0.06748466991237041 134
1694445764634 0.017989581199281842 135
1694445764870 0.5839400728631557 136
1694445765113 0.03371027192787175 137
1694445765366 0.0018219964079198797 138
1694445765653 0.40453239171215094 139
1694445765903 0.251077832765821 140
1694445766148 0.013015709633840897 141
1694445766403 0.0007722805961026317 142
1694445766656 0.001417450436691268 143
1694445766908 0.022479797312969344 144
1694445767190 0.056572825086992684 145
1694445767501 0.03110558543362852 146
1694445767765 0.19445531321055023 147
1694445768063 0.04145593056869056 148
1694445768341 0.10881609190997442 149
1694445768607 0.16744838377681487 150
1694445768870 0.08546893687059587 151
1694445769116 0.03444608090815862 152
1694445769373 0.12422483841904684 153
1694445769638 0.17232594945140187 154
1694445769878 0.5572919505452755 155
1694445770145 0.1557118389057157 156
1694445770411 0.021933130559078685 157
1694445770676 0.08872938864987977 158
1694445770940 0.02133916776435753 159
1694445771199 0.011730501356405684 160
1694445771468 0.04773097312377097 161
1694445771773 0.4841205802868596 162
1694445772013 0.6014445597115006 163
1694445772289 0.06444494829445287 164
1694445772563 0.15097934180623163 165
1694445772835 0.019599716734794093 166
1694445773127 0.00644039812260459 167
1694445773378 0.019396175653038368 168
1694445773630 0.30192392931735884 169
1694445773892 0.05194536811703414 170
1694445774176 0.000700956847290612 171
1694445774452 0.21600063645265793 172
1694445774724 0.025043188522399683 173
1694445774985 0.06318286099294611 174
1694445775243 0.04277674287715825 175
1694445775413 0.019965303706039616 176
1694445775774 1.2172150558768515 177
1694445776033 0.01973654052941717 178
1694445776293 0.047193602900714046 179
1694445776564 0.18039738152610985 180
1694445776821 0.011908482505807281 181
1694445777094 0.09099290070003345 182
1694445777395 0.11232398475798845 183
1694445777666 0.0852795006721231 184
1694445777928 0.0050013176340702225 185
1694445778207 0.23763504662685966 186
1694445778434 0.10967876175432797 187
1694445778709 0.00019270922688602955 188
1694445778960 0.00204243417492361 189
1694445779236 0.00202715359816021 190
1694445779515 0.0914064515561354 191
1694445779791 0.024434635637028235 192
1694445780066 0.12959124827577814 193
1694445780324 0.06350845095077202 194
1694445780587 0.529048668487533 195
1694445780833 0.031210296251417895 196
1694445781083 0.3986524843804753 197
1694445781335 0.15806309490712633 198
1694445781593 0.0007485429684074365 199
1694445781824 0.012851318329353574 200
1694445782121 0.004540197126886363 201
1694445782402 0.10185968907087964 202
1694445782695 0.027841809029611662 203
1694445783036 6.1548629100881825e-06 204
1694445783291 5.1892437254876414e-05 205
1694445783564 0.007477199593637555 206
1694445783859 0.3357469231532725 207
1694445784129 0.001983676966195472 208
1694445784367 0.12908533675100456 209
1694445784663 0.024110191636097213 210
1694445784950 0.029706486608474348 211
1694445785200 0.009655245463467693 212
1694445785465 0.029827542706812482 213
1694445785707 0.28840568713513526 214
1694445785974 0.031377177980186376 215
1694445786244 0.08738649717405494 216
1694445786512 0.06906019916804378 217
1694445786756 0.06748900717137944 218
1694445787023 0.019095863584024333 219
1694445787246 0.009749314172522857 220
1694445787493 0.00978720375599908 221
1694445787751 3.677109726851994e-05 222
1694445788002 0.027037037568685914 223
1694445788264 0.0025061646082245636 224
1694445788506 0.006646694605285833 225
1694445788747 0.6471677696278287 226
1694445788973 0.09450950675547494 227
1694445789210 0.026484888140330842 228
1694445789454 0.05686377603269783 229
1694445789695 0.009316511621745337 230
1694445789933 0.00019561446388946193 231
1694445790177 0.0016144444168538663 232
1694445790414 0.06454509885406043 233
1694445790644 0.006749494224178665 234
1694445790890 0.013494458275193183 235
1694445791147 0.17989565187880197 236
1694445791389 0.5049640067107586 237
1694445791651 0.0025734284185993956 238
1694445791916 0.029399623831120953 239
1694445792161 0.018405552397975772 240
1694445792419 0.0065788822554575365 241
1694445792681 0.20936298649831928 242
1694445792953 0.0038010152536538827 243
1694445793227 0.002384416561309484 244
1694445793503 0.10248349039898189 245
1694445793772 0.032806541829374196 246
1694445794035 0.01032148424980526 247
1694445794303 0.127969064055289 248
1694445794584 0.00023237729971521627 249
1694445794828 0.04845928534402789 250
1694445795088 0.002255191351579531 251
1694445795342 0.02141304551942604 252
1694445795599 0.08901341200551799 253
1694445795864 0.09904411410240946 254
1694445796160 0.004102973281379817 255
1694445796406 0.2509320609579612 256
1694445796649 0.03672238589345737 257
1694445796890 0.09704004046452373 258
1694445797130 0.014002570674696022 259
1694445797435 0.011507793380330634 260
1694445797719 0.0029960469761522927 261
1694445797986 0.007161077655445651 262
1694445798228 0.03592573885171875 263
1694445798458 13.341035280283446 264
1694445798698 0.7087584560045656 265
1694445798958 0.0020706748376261553 266
1694445799222 0.003581975198908169 267
1694445799475 0.021526801784063278 268
1694445799730 0.038057099059198025 269
1694445799979 0.023942665046356247 270
1694445800230 0.04746136303525789 271
1694445800491 0.19463302617782904 272
1694445800747 0.007855242885687742 273
1694445800998 0.01839679189251493 274
1694445801226 0.10679218336985383 275
1694445801469 0.026651133005305635 276
1694445801736 0.2072310146962583 277
1694445801988 0.018510422294202078 278
1694445802256 0.06825026042655852 279
1694445802527 0.001410319884305049 280
1694445802767 0.040395185085281525 281
1694445803012 0.013011187169850185 282
1694445803264 0.009201177236760274 283
1694445803530 0.15135032063315912 284
1694445803778 0.005257766945082642 285
1694445804054 0.03926070428528189 286
1694445804325 0.016842103244292847 287
1694445804581 0.10927263976041801 288
1694445804863 0.494499545907731 289
1694445805157 0.0030533690881089323 290
1694445805422 0.01188155115188542 291
1694445805680 0.11371885202748935 292
1694445805961 0.029224636599134178 293
1694445806232 0.0004469152776814166 294
1694445806486 0.38259534484430147 295
1694445806715 0.005646213425658167 296
1694445807002 0.27296559678310317 297
1694445807244 0.020603154038844898 298
1694445807506 0.3448515132752967 299
1694445807751 0.00017445155068444745 300
1694445808011 0.032461012182319025 301
1694445808277 0.0340788331686866 302
1694445808553 0.0008374159196099133 303
1694445808817 0.21333680133574703 304
1694445809061 0.27761029378952046 305
1694445809331 0.8325963725485256 306
1694445809614 0.0002571372014937589 307
1694445809862 0.039807610006648814 308
1694445810101 0.0014613825543682776 309
1694445810342 0.012396235593658766 310
1694445810616 0.03774932972000371 311
1694445810894 0.04495538911268061 312
1694445811171 0.007954117807976757 313
1694445811426 0.2732228169709445 314
1694445811693 1.0422902972680548 315
1694445811962 0.18127334582453994 316
1694445812254 0.4077906050157222 317
1694445812531 0.001663674796258976 318
1694445812776 0.46722478270320056 319
1694445813042 0.018237524436910714 320
1694445813285 0.04869437253703247 321
1694445813531 0.0015235167646192656 322
1694445813779 0.13447264447161839 323
1694445814033 0.03275727335051766 324
1694445814294 0.008186200892191499 325
1694445814560 0.273443325940888 326
1694445814800 0.15030202106866525 327
1694445815080 0.42705419616650747 328
1694445815349 0.02595548245644169 329
1694445815626 0.0012294959114530573 330
1694445815900 0.018271391805982876 331
1694445816144 0.08398968570711302 332
1694445816426 0.037621752968882295 333
1694445816709 0.27189286959924863 334
1694445816983 0.03650006455080081 335
1694445817238 0.01557527330313351 336
1694445817504 0.062142978589931855 337
1694445817756 0.081528273564558 338
1694445818009 0.005688304661965401 339
1694445818275 0.09236584763607729 340
1694445818529 0.9838619130594467 341
1694445818719 0.11948276867738548 342
1694445819052 0.0015471672620403533 343
1694445819308 0.01633489290801126 344
1694445819570 0.08485294827566392 345
1694445819831 0.010107139091307797 346
1694445820092 0.09527923155114332 347
1694445820348 0.026278651915451843 348
1694445820626 0.6658352793124476 349
1694445820866 0.040130866413885004 350
1694445821104 0.06803029019693531 351
1694445821330 0.6726404940454633 352
1694445821570 0.06048180827555902 353
1694445821797 0.01589908688133729 354
1694445822039 0.0013618861293906892 355
1694445822292 0.09413841086251958 356
1694445822525 0.004251007566710925 357
1694445822762 0.0565790715280446 358
1694445823022 0.8845273047233744 359
1694445823289 0.09397285664007476 360
1694445823557 0.05248615722527982 361
