1694445728534 0.0 0
1694445728842 0.0 1
1694445729112 0.0 2
1694445729437 0.0 3
1694445729722 0.0 4
1694445730024 0.0 5
1694445730281 0.0 6
1694445730551 0.0 7
1694445730820 0.0 8
1694445731095 0.0 9
1694445731371 0.0 10
1694445731635 0.0 11
1694445731899 0.0 12
1694445732171 0.0 13
1694445732446 0.0 14
1694445732695 0.0 15
1694445732963 0.0 16
1694445733228 0.0 17
1694445733503 0.0 18
1694445733767 0.0 19
1694445734026 0.0 20
1694445734295 0.0 21
1694445734580 0.0 22
1694445734841 0.0 23
1694445735122 0.0 24
1694445735382 0.0 25
1694445735657 0.0 26
1694445735915 0.0 27
1694445736190 0.0 28
1694445736473 0.0 29
1694445736751 0.0 30
1694445737049 0.0 31
1694445737291 0.0 32
1694445737566 0.0 33
1694445737823 0.0 34
1694445738089 0.0 35
1694445738351 0.0 36
1694445738674 0.0 37
1694445738941 0.0 38
1694445739207 0.0 39
1694445739462 0.0 40
1694445739720 0.0 41
1694445739977 0.0 42
1694445740246 0.0 43
1694445740517 0.0 44
1694445740782 0.0 45
1694445741034 0.0 46
1694445741293 0.0 47
1694445741558 0.0 48
1694445741823 0.0 49
1694445742065 0.0 50
1694445742326 0.0 51
1694445742590 0.0 52
1694445742846 0.0 53
1694445743115 0.0 54
1694445743374 0.0 55
1694445743657 0.0 56
1694445743916 0.0 57
1694445744177 0.0 58
1694445744481 0.0 59
1694445744744 0.0 60
1694445745001 0.0 61
1694445745261 0.0 62
1694445745537 0.0 63
1694445745794 0.0 64
1694445746061 0.0 65
1694445746323 0.0 66
1694445746595 0.0 67
1694445746850 0.0 68
1694445747117 0.0 69
1694445747388 0.0 70
1694445747652 0.0 71
1694445747916 0.0 72
1694445748196 0.0 73
1694445748456 0.0 74
1694445748725 0.0 75
1694445748974 0.0 76
1694445749232 0.0 77
1694445749500 0.0 78
1694445749766 0.0 79
1694445750034 0.0 80
1694445750281 0.0 81
1694445750554 0.0 82
1694445750839 0.0 83
1694445751108 0.0 84
1694445751380 0.0 85
1694445751631 0.0 86
1694445751889 0.0 87
1694445752148 0.0 88
1694445752425 0.0 89
1694445752710 0.0 90
1694445752967 0.0 91
1694445753253 0.0 92
1694445753525 0.0 93
1694445753812 0.0 94
1694445754077 0.0 95
1694445754340 0.0 96
1694445754608 0.0 97
1694445754877 0.0 98
1694445755144 0.0 99
1694445755416 0.0 100
1694445755671 0.0 101
1694445755942 0.0 102
1694445756182 0.0 103
1694445756452 0.0 104
1694445756724 0.0 105
1694445756961 0.0 106
1694445757222 0.0 107
1694445757489 0.0 108
1694445757741 0.0 109
1694445757996 0.0 110
1694445758257 0.0 111
1694445758534 0.0 112
1694445758809 0.0 113
1694445759074 0.0 114
1694445759335 0.0 115
1694445759611 0.0 116
1694445759872 0.0 117
1694445760131 0.0 118
1694445760395 0.0 119
1694445760663 0.0 120
1694445760932 0.0 121
1694445761193 0.0 122
1694445761445 0.0 123
1694445761711 0.0 124
1694445761989 0.0 125
1694445762250 0.0 126
1694445762519 0.0 127
1694445762787 0.0 128
1694445763073 0.0 129
1694445763350 0.0 130
1694445763634 0.0 131
1694445763909 0.0 132
1694445764162 0.0 133
1694445764408 0.0 134
1694445764642 0.0 135
1694445764876 0.0 136
1694445765120 0.0 137
1694445765374 0.0 138
1694445765661 0.0 139
1694445765910 0.0 140
1694445766156 0.0 141
1694445766410 0.0 142
1694445766664 0.0 143
1694445766915 0.0 144
1694445767200 0.0 145
1694445767512 0.0 146
1694445767772 0.0 147
1694445768070 0.0 148
1694445768348 0.0 149
1694445768615 0.0 150
1694445768878 0.0 151
1694445769125 0.0 152
1694445769381 0.0 153
1694445769645 0.0 154
1694445769886 0.0 155
1694445770153 0.0 156
1694445770419 0.0 157
1694445770684 0.0 158
1694445770949 0.0 159
1694445771206 0.0 160
1694445771483 0.0 161
1694445771782 0.0 162
1694445772021 0.0 163
1694445772296 0.0 164
1694445772570 0.0 165
1694445772845 0.0 166
1694445773135 0.0 167
1694445773385 0.0 168
1694445773637 0.0 169
1694445773901 0.0 170
1694445774184 0.0 171
1694445774461 0.0 172
1694445774730 0.0 173
1694445774993 0.0 174
1694445775250 0.0 175
1694445775509 0.0 176
1694445775781 0.0 177
1694445776041 0.0 178
1694445776300 0.0 179
1694445776569 0.0 180
1694445776828 0.0 181
1694445777102 0.0 182
1694445777403 0.0 183
1694445777674 0.0 184
1694445777935 0.0 185
1694445778214 0.0 186
1694445778458 0.0 187
1694445778717 0.0 188
1694445778966 0.0 189
1694445779244 0.0 190
1694445779523 0.0 191
1694445779798 0.0 192
1694445780075 0.0 193
1694445780331 0.0 194
1694445780595 0.0 195
1694445780842 0.0 196
1694445781091 0.0 197
1694445781342 0.0 198
1694445781600 0.0 199
1694445781831 0.0 200
1694445782129 0.0 201
1694445782412 0.0 202
1694445782703 0.0 203
1694445783045 0.0 204
1694445783300 0.0 205
1694445783570 0.0 206
1694445783866 0.0 207
1694445784136 0.0 208
1694445784374 0.0 209
1694445784670 0.0 210
1694445784958 0.0 211
1694445785206 0.0 212
1694445785474 0.0 213
1694445785715 0.0 214
1694445785982 0.0 215
1694445786253 0.0 216
1694445786520 0.0 217
1694445786763 0.0 218
1694445787029 0.0 219
1694445787257 0.0 220
1694445787501 0.0 221
1694445787761 0.0 222
1694445788010 0.0 223
1694445788272 0.0 224
1694445788513 0.0 225
1694445788753 0.0 226
1694445788981 0.0 227
1694445789217 0.0 228
1694445789462 0.0 229
1694445789701 0.0 230
1694445789942 0.0 231
1694445790186 0.0 232
1694445790420 0.0 233
1694445790651 0.0 234
1694445790898 0.0 235
1694445791155 0.0 236
1694445791396 0.0 237
1694445791658 0.0 238
1694445791923 0.0 239
1694445792168 0.0 240
1694445792425 0.0 241
1694445792691 0.0 242
1694445792962 0.0 243
1694445793235 0.0 244
1694445793511 0.0 245
1694445793780 0.0 246
1694445794048 0.0 247
1694445794312 0.0 248
1694445794591 0.0 249
1694445794836 0.0 250
1694445795097 0.0 251
1694445795349 0.0 252
1694445795607 0.0 253
1694445795878 0.0 254
1694445796167 0.0 255
1694445796414 0.0 256
1694445796657 0.0 257
1694445796896 0.0 258
1694445797136 0.0 259
1694445797442 0.0 260
1694445797726 0.0 261
1694445797995 0.0 262
1694445798235 0.0 263
1694445798464 0.0 264
1694445798707 0.0 265
1694445798965 0.0 266
1694445799230 0.0 267
1694445799483 0.0 268
1694445799735 0.0 269
1694445799985 0.0 270
1694445800237 0.0 271
1694445800499 0.0 272
1694445800754 0.0 273
1694445801006 0.0 274
1694445801234 0.0 275
1694445801487 0.0 276
1694445801744 0.0 277
1694445801997 0.0 278
1694445802263 0.0 279
1694445802534 0.0 280
1694445802774 0.0 281
1694445803020 0.0 282
1694445803272 0.0 283
1694445803537 0.0 284
1694445803785 0.0 285
1694445804063 0.0 286
1694445804333 0.0 287
1694445804588 0.0 288
1694445804872 0.0 289
1694445805165 0.0 290
1694445805430 0.0 291
1694445805687 0.0 292
1694445805969 0.0 293
1694445806239 0.0 294
1694445806494 0.0 295
1694445806748 0.0 296
1694445807010 0.0 297
1694445807251 0.0 298
1694445807514 0.0 299
1694445807759 0.0 300
1694445808018 0.0 301
1694445808285 0.0 302
1694445808561 0.0 303
1694445808823 0.0 304
1694445809070 0.0 305
1694445809338 0.0 306
1694445809621 0.0 307
1694445809869 0.0 308
1694445810109 0.0 309
1694445810349 0.0 310
1694445810624 0.0 311
1694445810902 0.0 312
1694445811179 0.0 313
1694445811434 0.0 314
1694445811701 0.0 315
1694445811969 0.0 316
1694445812262 0.0 317
1694445812538 0.0 318
1694445812784 0.0 319
1694445813050 0.0 320
1694445813294 0.0 321
1694445813537 0.0 322
1694445813787 0.0 323
1694445814040 0.0 324
1694445814303 0.0 325
1694445814568 0.0 326
1694445814808 0.0 327
1694445815089 0.0 328
1694445815358 0.0 329
1694445815633 0.0 330
1694445815908 0.0 331
1694445816153 0.0 332
1694445816434 0.0 333
1694445816717 0.0 334
1694445816990 0.0 335
1694445817246 0.0 336
1694445817513 0.0 337
1694445817764 0.0 338
1694445818017 0.0 339
1694445818282 0.0 340
1694445818537 0.0 341
1694445818794 0.0 342
1694445819059 0.0 343
1694445819315 0.0 344
1694445819578 0.0 345
1694445819839 0.0 346
1694445820100 0.0 347
1694445820358 0.0 348
1694445820633 0.0 349
1694445820874 0.0 350
1694445821111 0.0 351
1694445821338 0.0 352
1694445821578 0.0 353
1694445821803 0.0 354
1694445822047 0.0 355
1694445822300 0.0 356
1694445822531 0.0 357
1694445822771 0.0 358
1694445823029 0.0 359
1694445823296 0.0 360
1694445823565 0.0 361
