1694444705823 -0.009004622673888685 0
1694444705863 -0.009004609459335677 1
1694444705901 -0.009004596158662448 2
1694444705935 -0.00900458277184768 3
1694444705973 -0.00900456929886917 4
1694444706015 -0.009004555739706488 5
1694444706060 -0.009004542094336765 6
1694444706120 -0.009004528362738462 7
1694444706175 -0.009004514544890263 8
1694444706237 -0.009004500640772406 9
1694444706287 -0.009004486650359578 10
1694444706341 -0.009004472573633793 11
1694444706395 -0.009004458410571292 12
1694444706435 -0.009004444161151204 13
1694444706472 -0.009004429825351323 14
1694444706509 -0.009004415403151 15
1694444706559 -0.009004400894527809 16
1694444706603 -0.009004386299460432 17
1694444706650 -0.009004371617926887 18
1694444706710 -0.009004356849906747 19
1694444706768 -0.009004341995376253 20
1694444706819 -0.009004327054316086 21
1694444706877 -0.00900431202670271 22
1694444706913 -0.009004296912515475 23
1694444706941 -0.009004281711732398 24
1694444706970 -0.00900426642433283 25
1694444707052 -0.009004251050293233 26
1694444707108 -0.00900423558959318 27
1694444707159 -0.009004220042210243 28
1694444707224 -0.009004204408122884 29
1694444707299 -0.00900418868731001 30
1694444707371 -0.009004172879749639 31
1694444707428 -0.00900415698542023 32
1694444707477 -0.009004141004299804 33
1694444707528 -0.009004124936366154 34
1694444707594 -0.009004108781599518 35
1694444707668 -0.009004092539975916 36
1694444707717 -0.009004076211474032 37
1694444707764 -0.009004059796073216 38
1694444707817 -0.009004043293750374 39
1694444707865 -0.00900402670448508 40
1694444707909 -0.009004010028255571 41
1694444707951 -0.009003993265038979 42
1694444708008 -0.009003976414814208 43
1694444708052 -0.009003959477559276 44
1694444708106 -0.0090039424532522 45
1694444708159 -0.00900392534187211 46
1694444708211 -0.009003908143396577 47
1694444708261 -0.009003890857804286 48
1694444708318 -0.009003873485072589 49
1694444708369 -0.00900385602518039 50
1694444708427 -0.009003838478106596 51
1694444708473 -0.009003820843827226 52
1694444708523 -0.009003803122323184 53
1694444708571 -0.009003785313570711 54
1694444708621 -0.009003767417548492 55
1694444708677 -0.009003749434234765 56
1694444708727 -0.009003731363607992 57
1694444708784 -0.009003713205645525 58
1694444708843 -0.00900369496032738 59
1694444708911 -0.009003676627629575 60
1694444708970 -0.00900365820753124 61
1694444709005 -0.009003639700010835 62
1694444709052 -0.009003621105046156 63
1694444709089 -0.009003602422615664 64
1694444709125 -0.009003583652696934 65
1694444709181 -0.009003564795267538 66
1694444709226 -0.009003545850307493 67
1694444709269 -0.009003526817794372 68
1694444709305 -0.009003507697705082 69
1694444709339 -0.009003488490018974 70
1694444709390 -0.009003469194712732 71
1694444709429 -0.009003449811766151 72
1694444709472 -0.009003430341156582 73
1694444709513 -0.00900341078286182 74
1694444709547 -0.009003391136860994 75
1694444709591 -0.009003371403131899 76
1694444709625 -0.009003351581650998 77
1694444709673 -0.009003331672398529 78
1694444709713 -0.009003311675351178 79
1694444709757 -0.009003291590488294 80
1694444709791 -0.009003271417786118 81
1694444709829 -0.009003251157225112 82
1694444709866 -0.00900323080878107 83
1694444709917 -0.009003210372432902 84
1694444709957 -0.009003189848159732 85
1694444710004 -0.009003169235938024 86
1694444710044 -0.009003148535745797 87
1694444710080 -0.009003127747563067 88
1694444710128 -0.009003106871365185 89
1694444710168 -0.009003085907132169 90
1694444710213 -0.009003064854841591 91
1694444710249 -0.009003043714471914 92
1694444710288 -0.009003022485999823 93
1694444710319 -0.009003001169404001 94
1694444710349 -0.009002979764662244 95
1694444710385 -0.009002958271753014 96
1694444710420 -0.009002936690654106 97
1694444710451 -0.009002915021344204 98
1694444710481 -0.009002893263799772 99
1694444710515 -0.009002871418000602 100
1694444710545 -0.009002849483922937 101
1694444710581 -0.009002827461545904 102
1694444710617 -0.009002805350846854 103
1694444710650 -0.009002783151804028 104
1694444710686 -0.00900276086439522 105
1694444710721 -0.009002738488599116 106
1694444710755 -0.009002716024392843 107
1694444710795 -0.009002693471753531 108
1694444710841 -0.009002670830660753 109
1694444710881 -0.009002648101092747 110
1694444710926 -0.009002625283025534 111
1694444710973 -0.009002602376438462 112
1694444711019 -0.009002579381309106 113
1694444711053 -0.009002556297615927 114
1694444711096 -0.009002533125335388 115
1694444711145 -0.009002509864446617 116
1694444711193 -0.00900248651492741 117
1694444711234 -0.009002463076755118 118
1694444711273 -0.009002439549907981 119
1694444711309 -0.009002415934364016 120
1694444711341 -0.00900239223010102 121
1694444711380 -0.00900236843709723 122
1694444711418 -0.009002344555329556 123
1694444711456 -0.009002320584776236 124
1694444711496 -0.009002296525416176 125
1694444711534 -0.009002272377225173 126
1694444711572 -0.009002248140183466 127
1694444711613 -0.009002223814266852 128
1694444711655 -0.009002199399454458 129
1694444711699 -0.00900217489572408 130
1694444711738 -0.009002150303052625 131
1694444711768 -0.009002125621419 132
1694444711798 -0.009002100850800998 133
1694444711828 -0.009002075991175085 134
1694444711864 -0.009002051042520387 135
1694444711907 -0.009002026004814923 136
1694444711943 -0.009002000878034933 137
1694444711981 -0.009001975662160433 138
1694444712017 -0.009001950357166777 139
1694444712051 -0.009001924963033536 140
1694444712086 -0.00900189947973784 141
1694444712119 -0.009001873907257707 142
1694444712162 -0.009001848245571376 143
1694444712217 -0.009001822494655753 144
1694444712247 -0.009001796654488414 145
1694444712292 -0.00900177072504782 146
1694444712330 -0.009001744706311987 147
1694444712371 -0.00900171859825849 148
1694444712417 -0.009001692400864458 149
1694444712459 -0.009001666114107687 150
1694444712493 -0.00900163973796686 151
1694444712531 -0.00900161327241844 152
1694444712563 -0.009001586717441779 153
1694444712599 -0.009001560073012671 154
1694444712633 -0.009001533339110468 155
1694444712665 -0.00900150651571252 156
1694444712704 -0.009001479602795515 157
1694444712737 -0.0090014526003388 158
1694444712775 -0.009001425508319505 159
1694444712822 -0.009001398326714094 160
1694444712859 -0.009001371055502139 161
1694444712911 -0.009001343694660102 162
1694444712978 -0.009001316244165558 163
1694444713084 -0.009001288703996524 164
1694444713185 -0.009001261074132128 165
1694444713266 -0.009001233354547944 166
1694444713319 -0.009001205545221769 167
1694444713364 -0.00900117764613273 168
1694444713407 -0.009001149657257956 169
1694444713443 -0.009001121578574356 170
1694444713492 -0.009001093410059502 171
1694444713528 -0.009001065151692522 172
1694444713569 -0.00900103680344988 173
1694444713607 -0.009001008365309371 174
1694444713646 -0.00900097983724879 175
1694444713685 -0.009000951219246378 176
1694444713724 -0.009000922511278375 177
1694444713765 -0.009000893713323466 178
1694444713812 -0.00900086482535789 179
1694444713850 -0.009000835847361888 180
1694444713889 -0.009000806779309922 181
1694444713922 -0.009000777621182676 182
1694444713971 -0.009000748372954614 183
1694444714017 -0.009000719034606197 184
1694444714051 -0.009000689606113443 185
1694444714082 -0.009000660087453927 186
1694444714117 -0.009000630478605665 187
1694444714153 -0.009000600779546009 188
1694444714197 -0.009000570990252088 189
1694444714239 -0.00900054111070303 190
1694444714290 -0.009000511140874412 191
1694444714329 -0.009000481080745137 192
1694444714396 -0.00900045093029278 193
1694444714447 -0.009000420689493582 194
1694444714504 -0.009000390358326449 195
1694444714545 -0.009000359936768954 196
1694444714585 -0.009000329424796893 197
1694444714623 -0.009000298822389396 198
1694444714672 -0.009000268129524258 199
1694444714720 -0.009000237346177276 200
1694444714753 -0.009000206472327577 201
1694444714791 -0.009000175507952513 202
1694444714825 -0.009000144453028547 203
1694444714865 -0.009000113307533475 204
1694444714902 -0.009000082071445537 205
1694444714936 -0.009000050744741195 206
1694444714972 -0.009000019327399578 207
1694444715015 -0.008999987819396038 208
1694444715052 -0.00899995622071037 209
1694444715093 -0.008999924531317482 210
1694444715130 -0.008999892751197391 211
1694444715170 -0.00899986088032545 212
1694444715220 -0.00899982891868012 213
1694444715259 -0.008999796866238974 214
1694444715322 -0.008999764722978032 215
1694444715359 -0.00899973248887731 216
1694444715397 -0.008999700163912161 217
1694444715439 -0.008999667748061047 218
1694444715485 -0.00899963524130043 219
1694444715535 -0.008999602643608107 220
1694444715593 -0.008999569954962539 221
1694444715678 -0.0089995371753393 222
1694444715730 -0.008999504304718187 223
1694444715778 -0.008999471343073884 224
1694444715819 -0.008999438290386186 225
1694444715860 -0.008999405146630002 226
1694444715919 -0.008999371911785348 227
1694444715960 -0.00899933858582802 228
1694444716024 -0.008999305168735594 229
1694444716077 -0.008999271660486086 230
1694444716140 -0.00899923806105618 231
1694444716205 -0.008999204370423675 232
1694444716261 -0.008999170588564809 233
1694444716317 -0.008999136715458489 234
1694444716380 -0.008999102751080734 235
1694444716425 -0.008999068695410006 236
1694444716471 -0.008999034548423435 237
1694444716520 -0.00899900031009837 238
1694444716560 -0.008998965980410834 239
1694444716601 -0.008998931559339951 240
1694444716638 -0.008998897046861964 241
1694444716677 -0.008998862442955335 242
1694444716716 -0.008998827747595639 243
1694444716753 -0.008998792960761781 244
1694444716801 -0.008998758082430003 245
1694444716847 -0.0089987231125781 246
1694444716883 -0.008998688051183201 247
1694444716916 -0.008998652898221549 248
1694444716955 -0.00899861765367338 249
1694444716988 -0.008998582317512493 250
1694444717033 -0.008998546889719128 251
1694444717076 -0.00899851137026797 252
1694444717115 -0.008998475759138591 253
1694444717159 -0.008998440056306567 254
1694444717203 -0.008998404261749915 255
1694444717248 -0.008998368375444876 256
1694444717290 -0.008998332397370579 257
1694444717336 -0.008998296327503486 258
1694444717378 -0.008998260165819838 259
1694444717416 -0.008998223912297432 260
1694444717455 -0.008998187566914284 261
1694444717500 -0.008998151129646192 262
1694444717543 -0.008998114600471618 263
1694444717581 -0.008998077979367691 264
1694444717618 -0.008998041266311319 265
1694444717662 -0.00899800446127852 266
1694444717714 -0.008997967564248421 267
1694444717768 -0.008997930575196822 268
1694444717812 -0.008997893494102627 269
1694444717847 -0.008997856320940745 270
1694444717890 -0.008997819055689638 271
1694444717930 -0.008997781698326657 272
1694444717964 -0.00899774424882871 273
1694444717998 -0.00899770670717226 274
1694444718056 -0.008997669073335324 275
1694444718120 -0.008997631347295032 276
1694444718167 -0.008997593529027403 277
1694444718207 -0.008997555618511788 278
1694444718246 -0.008997517615723316 279
1694444718290 -0.008997479520639784 280
1694444718330 -0.008997441333238099 281
1694444718374 -0.0089974030534965 282
1694444718413 -0.00899736468139034 283
1694444718455 -0.008997326216898305 284
1694444718500 -0.008997287659996411 285
1694444718553 -0.008997249010662678 286
1694444718604 -0.008997210268872458 287
1694444718660 -0.008997171434605322 288
1694444718724 -0.008997132507836625 289
1694444718783 -0.008997093488544161 290
1694444718837 -0.008997054376704838 291
1694444718893 -0.008997015172295786 292
1694444718943 -0.008996975875293689 293
1694444718991 -0.008996936485676121 294
1694444719041 -0.008996897003420656 295
1694444719092 -0.008996857428502869 296
1694444719155 -0.008996817760900777 297
1694444719217 -0.008996778000589956 298
1694444719269 -0.008996738147550865 299
1694444719324 -0.008996698201757303 300
1694444719376 -0.00899665816318751 301
1694444719418 -0.008996618031817727 302
1694444719463 -0.008996577807626416 303
1694444719507 -0.008996537490590262 304
1694444719557 -0.008996497080685062 305
1694444719594 -0.008996456577888834 306
1694444719631 -0.008996415982177819 307
1694444719681 -0.008996375293530035 308
1694444719728 -0.008996334511922166 309
1694444719805 -0.008996293637330677 310
1694444719877 -0.008996252669732252 311
1694444719930 -0.008996211609105353 312
1694444719976 -0.008996170455425778 313
1694444720043 -0.008996129208671988 314
1694444720095 -0.00899608786881867 315
1694444720177 -0.008996046435843175 316
1694444720236 -0.008996004909724187 317
1694444720297 -0.00899596329043817 318
1694444720363 -0.008995921577960697 319
1694444720421 -0.008995879772269788 320
1694444720473 -0.008995837873341461 321
1694444720512 -0.0089957958811544 322
1694444720556 -0.008995753795683514 323
1694444720592 -0.008995711616907931 324
1694444720639 -0.00899566934480256 325
1694444720684 -0.008995626979344307 326
1694444720726 -0.00899558452051119 327
1694444720776 -0.008995541968281007 328
1694444720820 -0.008995499322628886 329
1694444720864 -0.008995456583531292 330
1694444720918 -0.008995413750966685 331
1694444720962 -0.008995370824910642 332
1694444721004 -0.008995327805341846 333
1694444721051 -0.00899528469223454 334
1694444721093 -0.008995241485567629 335
1694444721134 -0.008995198185318687 336
1694444721188 -0.008995154791461957 337
1694444721235 -0.008995111303976344 338
1694444721275 -0.008995067722837424 339
1694444721314 -0.008995024048022993 340
1694444721356 -0.008994980279508846 341
1694444721401 -0.008994936417273447 342
1694444721438 -0.00899489246129237 343
1694444721473 -0.008994848411541634 344
1694444721508 -0.008994804268000589 345
1694444721545 -0.008994760030643922 346
1694444721585 -0.008994715699448985 347
1694444721622 -0.008994671274392463 348
1694444721666 -0.008994626755451707 349
1694444721701 -0.008994582142603846 350
1694444721733 -0.008994537435824013 351
1694444721767 -0.008994492635091111 352
1694444721800 -0.00899444774037983 353
1694444721837 -0.008994402751668629 354
1694444721871 -0.008994357668933084 355
1694444721904 -0.008994312492150325 356
1694444721942 -0.008994267221297925 357
1694444721978 -0.00899422185635168 358
1694444722012 -0.00899417639728739 359
1694444722048 -0.008994130844084847 360
1694444722085 -0.008994085196717627 361
1694444722122 -0.00899403945516486 362
1694444722156 -0.008993993619401675 363
1694444722193 -0.008993947689405424 364
1694444722230 -0.008993901665151904 365
1694444722287 -0.008993855546619356 366
1694444722324 -0.00899380933378402 367
1694444722363 -0.008993763026622803 368
1694444722402 -0.008993716625110837 369
1694444722441 -0.008993670129227027 370
1694444722483 -0.008993623538945839 371
1694444722520 -0.008993576854246621 372
1694444722558 -0.008993530075103173 373
1694444722592 -0.008993483201494845 374
1694444722632 -0.008993436233395213 375
1694444722669 -0.00899338917078385 376
1694444722707 -0.008993342013637218 377
1694444722743 -0.008993294761929338 378
1694444722783 -0.008993247415640004 379
1694444722830 -0.008993199974743016 380
1694444722894 -0.008993152439217056 381
1694444722944 -0.008993104809038366 382
1694444722980 -0.008993057084183853 383
1694444723040 -0.008993009264628427 384
1694444723103 -0.008992961350351436 385
1694444723161 -0.008992913341326458 386
1694444723205 -0.008992865237532621 387
1694444723255 -0.0089928170389455 388
1694444723308 -0.008992768745541557 389
1694444723363 -0.008992720357297257 390
1694444723401 -0.008992671874189728 391
1694444723444 -0.008992623296195879 392
1694444723488 -0.008992574623290839 393
1694444723532 -0.00899252585545307 394
1694444723580 -0.008992476992657261 395
1694444723613 -0.008992428034881428 396
1694444723655 -0.008992378982102034 397
1694444723693 -0.008992329834293766 398
1694444723731 -0.00899228059143553 399
1694444723763 -0.008992231253503347 400
1694444723823 -0.008992181820473233 401
1694444723867 -0.008992132292321209 402
1694444723909 -0.00899208266902507 403
1694444723947 -0.008992032950560391 404
1694444723989 -0.008991983136903858 405
1694444724032 -0.008991933228033488 406
1694444724068 -0.008991883223922637 407
1694444724107 -0.00899183312455154 408
1694444724152 -0.008991782929893555 409
1694444724197 -0.008991732639926697 410
1694444724247 -0.008991682254626987 411
1694444724287 -0.008991631773971331 412
1694444724326 -0.008991581197935972 413
1694444724374 -0.008991530526498037 414
1694444724414 -0.008991479759633103 415
1694444724457 -0.008991428897317855 416
1694444724499 -0.008991377939528089 417
1694444724542 -0.008991326886242268 418
1694444724580 -0.008991275737434856 419
1694444724628 -0.008991224493082539 420
1694444724667 -0.008991173153163556 421
1694444724714 -0.008991121717651929 422
1694444724757 -0.00899107018652634 423
1694444724798 -0.008991018559761255 424
1694444724841 -0.00899096683733358 425
1694444724879 -0.008990915019220225 426
1694444724926 -0.008990863105398095 427
1694444724968 -0.00899081109584321 428
1694444725011 -0.0089907589905307 429
1694444725052 -0.008990706789439029 430
1694444725103 -0.008990654492542438 431
1694444725149 -0.008990602099819833 432
1694444725199 -0.008990549611245013 433
1694444725242 -0.008990497026795774 434
1694444725289 -0.008990444346448578 435
1694444725339 -0.00899039157017989 436
1694444725377 -0.008990338697965061 437
1694444725417 -0.008990285729781222 438
1694444725454 -0.008990232665604614 439
1694444725501 -0.008990179505411477 440
1694444725548 -0.008990126249178054 441
1694444725588 -0.008990072896880585 442
1694444725625 -0.008990019448496422 443
1694444725672 -0.00898996590400003 444
1694444725717 -0.00898991226336987 445
1694444725759 -0.008989858526581296 446
1694444725795 -0.00898980469360966 447
1694444725827 -0.008989750764433202 448
1694444725865 -0.008989696739027053 449
1694444725903 -0.008989642617367233 450
1694444725940 -0.008989588399429982 451
1694444725970 -0.008989534085192874 452
1694444726010 -0.00898947967463104 453
1694444726050 -0.008989425167721166 454
1694444726087 -0.008989370564440158 455
1694444726125 -0.008989315864762482 456
1694444726175 -0.008989261068666154 457
1694444726222 -0.008989206176126974 458
1694444726262 -0.008989151187120958 459
1694444726310 -0.008989096101623684 460
1694444726354 -0.008989040919612723 461
1694444726401 -0.008988985641064318 462
1694444726437 -0.008988930265953599 463
1694444726475 -0.008988874794257251 464
1694444726523 -0.008988819225951517 465
1694444726558 -0.008988763561012414 466
1694444726606 -0.00898870779941685 467
1694444726657 -0.008988651941140624 468
1694444726703 -0.008988595986159531 469
1694444726746 -0.008988539934449813 470
1694444726790 -0.008988483785988377 471
1694444726839 -0.008988427540751243 472
1694444726892 -0.008988371198714429 473
1694444726936 -0.008988314759853733 474
1694444726977 -0.008988258224146062 475
1694444727018 -0.008988201591567657 476
1694444727068 -0.008988144862093428 477
1694444727109 -0.00898808803570006 478
1694444727156 -0.008988031112364236 479
1694444727207 -0.008987974092062867 480
1694444727264 -0.008987916974770416 481
1694444727328 -0.008987859760463568 482
1694444727377 -0.008987802449118343 483
1694444727442 -0.008987745040711648 484
1694444727483 -0.008987687535218392 485
1694444727528 -0.008987629932615704 486
1694444727578 -0.008987572232878938 487
1694444727636 -0.008987514435985666 488
1694444727693 -0.008987456541910355 489
1694444727735 -0.008987398550629466 490
1694444727793 -0.008987340462119242 491
1694444727838 -0.008987282276356368 492
1694444727896 -0.008987223993316862 493
1694444727936 -0.008987165612975412 494
1694444727981 -0.008987107135309813 495
1694444728028 -0.00898704856029453 496
1694444728070 -0.008986989887907582 497
1694444728123 -0.008986931118122987 498
1694444728181 -0.008986872250918543 499
