1694442055565 157.72827509546698 0
1694442055608 157.69687836511912 1
1694442055648 157.66548806869156 2
1694442055691 157.6341042048465 3
1694442055726 157.60272677224623 4
1694442055769 157.57135576955355 5
1694442055859 157.53999119543138 6
1694442055922 157.50863304854298 7
1694442055990 157.47728132755188 8
1694442056036 157.44593603112196 9
1694442056088 157.4145971579172 10
1694442056137 157.383264706602 11
1694442056184 157.35193867584107 12
1694442056223 157.32061906429928 13
1694442056268 157.28930587064193 14
1694442056312 157.2579990935344 15
1694442056392 157.22669873164259 16
1694442056466 157.1954047836324 17
1694442056569 157.16411724817027 18
1694442056678 157.13283612392283 19
1694442056786 157.10156140955687 20
1694442056880 157.07029310373971 21
1694442056954 157.03903120513863 22
1694442057041 157.00777571242153 23
1694442057116 156.97652662425637 24
1694442057192 156.9452839393113 25
1694442057241 156.9140476562551 26
1694442057286 156.88281777375653 27
1694442057338 156.85159429048468 28
1694442057386 156.82037720510905 29
1694442057466 156.78916651629925 30
1694442057523 156.7579622227253 31
1694442057577 156.7267643230574 32
1694442057632 156.69557281596613 33
1694442057690 156.66438770012226 34
1694442057743 156.6332089741969 35
1694442057810 156.60203663686133 36
1694442057869 156.57087068678734 37
1694442057919 156.5397111226467 38
1694442057975 156.50855794311173 39
1694442058042 156.47741114685485 40
1694442058093 156.44627073254878 41
1694442058157 156.41513669886663 42
1694442058213 156.3840090444817 43
1694442058280 156.35288776806755 44
1694442058337 156.32177286829807 45
1694442058386 156.29066434384742 46
1694442058444 156.25956219338997 47
1694442058533 156.2284664156005 48
1694442058587 156.19737700915397 49
1694442058641 156.1662939727256 50
1694442058702 156.13521730499102 51
1694442058779 156.10414700462593 52
1694442058858 156.07308307030652 53
1694442058921 156.04202550070917 54
1694442058977 156.01097429451042 55
1694442059030 155.97992945038732 56
1694442059078 155.948890967017 57
1694442059117 155.917858843077 58
1694442059167 155.88683307724506 59
1694442059208 155.85581366819918 60
1694442059253 155.82480061461774 61
1694442059335 155.79379391517926 62
1694442059398 155.76279356856273 63
1694442059444 155.7317995734472 64
1694442059534 155.70081192851208 65
1694442059574 155.66983063243717 66
1694442059624 155.63885568390236 67
1694442059662 155.60788708158793 68
1694442059704 155.57692482417448 69
1694442059741 155.5459689103427 70
1694442059793 155.5150193387738 71
1694442059850 155.4840761081491 72
1694442059901 155.45313921715024 73
1694442059944 155.4222086644591 74
1694442060001 155.39128444875792 75
1694442060064 155.36036656872912 76
1694442060127 155.32945502305552 77
1694442060172 155.29854981042013 78
1694442060221 155.26765092950617 79
1694442060273 155.2367583789973 80
1694442060314 155.20587215757743 81
1694442060359 155.1749922639305 82
1694442060418 155.14411869674112 83
1694442060460 155.11325145469377 84
1694442060515 155.0823905364736 85
1694442060572 155.05153594076575 86
1694442060622 155.02068766625572 87
1694442060673 154.98984571162936 88
1694442060727 154.95901007557265 89
1694442060786 154.92818075677195 90
1694442060839 154.8973577539139 91
1694442060887 154.86654106568537 92
1694442060934 154.83573069077354 93
1694442060974 154.80492662786585 94
1694442061022 154.77412887564998 95
1694442061088 154.74333743281395 96
1694442061141 154.71255229804603 97
1694442061199 154.68177347003473 98
1694442061320 154.65100094746893 99
1694442061368 154.62023472903763 100
1694442061418 154.58947481343026 101
1694442061457 154.55872119933645 102
1694442061495 154.52797388544613 103
1694442061533 154.49723287044944 104
1694442061579 154.4664981530369 105
1694442061622 154.43576973189923 106
1694442061664 154.40504760572748 107
1694442061705 154.37433177321284 108
1694442061750 154.34362223304697 109
1694442061805 154.3129189839217 110
1694442061853 154.28222202452912 111
1694442061903 154.25153135356163 112
1694442061958 154.22084696971189 113
1694442062005 154.19016887167282 114
1694442062064 154.15949705813767 115
1694442062107 154.12883152779992 116
1694442062161 154.09817227935326 117
1694442062206 154.0675193114918 118
1694442062257 154.03687262290984 119
1694442062327 154.00623221230197 120
1694442062377 153.97559807836296 121
1694442062423 153.94497021978805 122
1694442062465 153.91434863527257 123
1694442062508 153.88373332351227 124
1694442062550 153.85312428320307 125
1694442062588 153.82252151304115 126
1694442062626 153.79192501172307 127
1694442062682 153.76133477794554 128
1694442062750 153.73075081040565 129
1694442062810 153.70017310780074 130
1694442062859 153.66960166882828 131
1694442062916 153.63903649218634 132
1694442062967 153.60847757657288 133
1694442063025 153.57792492068643 134
1694442063072 153.54737852322555 135
1694442063126 153.51683838288935 136
1694442063191 153.48630449837694 137
1694442063235 153.45577686838786 138
1694442063273 153.42525549162195 139
1694442063330 153.39474036677916 140
1694442063446 153.3642314925599 141
1694442063530 153.33372886766466 142
1694442063618 153.30323249079441 143
1694442063716 153.2727423606503 144
1694442063777 153.24225847593362 145
1694442063848 153.2117808353462 146
1694442063886 153.1813094375899 147
1694442063932 153.150844281367 148
1694442063977 153.12038536537997 149
1694442064027 153.0899326883316 150
1694442064073 153.0594862489249 151
1694442064122 153.02904604586334 152
1694442064171 152.9986120778503 153
1694442064227 152.96818434358977 154
1694442064277 152.93776284178588 155
1694442064320 152.907347571143 156
1694442064382 152.8769385303658 157
1694442064443 152.8465357181593 158
1694442064504 152.8161391332287 159
1694442064559 152.78574877427945 160
1694442064620 152.75536464001735 161
1694442064684 152.72498672914844 162
1694442064749 152.69461504037898 163
1694442064808 152.66424957241563 164
1694442064854 152.6338903239652 165
1694442064902 152.6035372937348 166
1694442064945 152.5731904804319 167
1694442064999 152.54284988276402 168
1694442065056 152.51251549943925 169
1694442065118 152.4821873291657 170
1694442065179 152.45186537065192 171
1694442065232 152.42154962260665 172
1694442065280 152.39124008373886 173
1694442065321 152.36093675275782 174
1694442065371 152.3306396283732 175
1694442065422 152.30034870929478 176
1694442065469 152.27006399423263 177
1694442065506 152.23978548189717 178
1694442065568 152.20951317099903 179
1694442065623 152.17924706024917 180
1694442065668 152.14898714835874 181
1694442065727 152.11873343403911 182
1694442065773 152.08848591600218 183
1694442065825 152.05824459295982 184
1694442065873 152.0280094636244 185
1694442065911 151.9977805267083 186
1694442065951 151.96755778092452 187
1694442065993 151.93734122498597 188
1694442066033 151.90713085760612 189
1694442066072 151.87692667749852 190
1694442066112 151.8467286833771 191
1694442066173 151.81653687395604 192
1694442066243 151.78635124794965 193
1694442066290 151.75617180407275 194
1694442066340 151.7259985410403 195
1694442066390 151.69583145756746 196
1694442066444 151.66567055236982 197
1694442066491 151.63551582416306 198
1694442066574 151.6053672716633 199
1694442066620 151.57522489358686 200
1694442066675 151.5450886886503 201
1694442066723 151.51495865557044 202
1694442066774 151.4848347930645 203
1694442066842 151.45471709984983 204
1694442066903 151.42460557464403 205
1694442066967 151.39450021616508 206
1694442067032 151.36440102313117 207
1694442067092 151.33430799426077 208
1694442067139 151.30422112827267 209
1694442067189 151.27414042388574 210
1694442067255 151.24406587981943 211
1694442067302 151.21399749479318 212
1694442067373 151.1839352675268 213
1694442067425 151.1538791967404 214
1694442067476 151.12382928115431 215
1694442067521 151.09378551948916 216
1694442067568 151.06374791046585 217
1694442067607 151.0337164528055 218
1694442067652 151.0036911452296 219
1694442067690 150.97367198645975 220
1694442067734 150.94365897521794 221
1694442067772 150.91365211022642 222
1694442067822 150.88365139020775 223
1694442067884 150.85365681388456 224
1694442067926 150.82366837997995 225
1694442067973 150.79368608721722 226
1694442068023 150.76370993431993 227
1694442068067 150.73373992001194 228
1694442068108 150.70377604301734 229
1694442068156 150.67381830206045 230
1694442068207 150.64386669586597 231
1694442068268 150.6139212231588 232
1694442068311 150.58398188266406 233
1694442068369 150.55404867310727 234
1694442068447 150.52412159321415 235
1694442068509 150.49420064171053 236
1694442068546 150.4642858173228 237
1694442068582 150.43437711877743 238
1694442068621 150.4044745448012 239
1694442068664 150.37457809412112 240
1694442068704 150.3446877654645 241
1694442068750 150.31480355755897 242
1694442068795 150.28492546913236 243
1694442068848 150.2550534989128 244
1694442068891 150.2251876456286 245
1694442068930 150.19532790800847 246
1694442068996 150.16547428478128 247
1694442069074 150.1356267746763 248
1694442069120 150.10578537642283 249
1694442069157 150.07595008875074 250
1694442069199 150.04612091038987 251
1694442069255 150.01629784007056 252
1694442069320 149.98648087652327 253
1694442069376 149.95667001847886 254
1694442069438 149.92686526466824 255
1694442069478 149.89706661382283 256
1694442069525 149.86727406467415 257
1694442069571 149.8374876159541 258
1694442069623 149.80770726639474 259
1694442069665 149.7779330147285 260
1694442069710 149.748164859688 261
1694442069749 149.71840280000606 262
1694442069790 149.68864683441598 263
1694442069834 149.65889696165112 264
1694442069875 149.6291531804452 265
1694442069925 149.59941548953228 266
1694442069965 149.56968388764642 267
1694442070001 149.53995837352227 268
1694442070043 149.51023894589454 269
1694442070084 149.48052560349825 270
1694442070120 149.45081834506877 271
1694442070162 149.42111716934158 272
1694442070201 149.39142207505253 273
1694442070238 149.3617330609377 274
1694442070288 149.3320501257335 275
1694442070367 149.30237326817655 276
1694442070446 149.27270248700367 277
1694442070537 149.2430377809521 278
1694442070590 149.21337914875923 279
1694442070642 149.1837265891627 280
1694442070708 149.15408010090047 281
1694442070749 149.1244396827108 282
1694442070786 149.09480533333218 283
1694442070833 149.0651770515033 284
1694442070894 149.03555483596318 285
1694442070954 149.00593868545107 286
1694442070993 148.97632859870657 287
1694442071034 148.9467245744694 288
1694442071091 148.91712661147972 289
1694442071152 148.8875347084778 290
1694442071196 148.85794886420425 291
1694442071258 148.82836907739986 292
1694442071306 148.7987953468059 293
1694442071356 148.76922767116363 294
1694442071409 148.73966604921475 295
1694442071458 148.71011047970114 296
1694442071506 148.68056096136502 297
1694442071549 148.65101749294882 298
1694442071589 148.62148007319527 299
1694442071627 148.5919487008473 300
1694442071672 148.56242337464812 301
1694442071714 148.5329040933413 302
1694442071757 148.50339085567057 303
1694442071797 148.47388366037993 304
1694442071853 148.44438250621369 305
1694442071894 148.41488739191638 306
1694442071938 148.38539831623288 307
1694442071999 148.3559152779082 308
1694442072040 148.3264382756877 309
1694442072090 148.296967308317 310
1694442072163 148.26750237454195 311
1694442072202 148.23804347310866 312
1694442072242 148.2085906027636 313
1694442072297 148.17914376225332 314
1694442072356 148.14970295032484 315
1694442072425 148.1202681657253 316
1694442072464 148.0908394072021 317
1694442072520 148.06141667350303 318
1694442072559 148.03199996337602 319
1694442072618 148.0025892755693 320
1694442072662 147.97318460883136 321
1694442072726 147.943785961911 322
1694442072767 147.91439333355717 323
1694442072831 147.88500672251922 324
1694442072870 147.8556261275467 325
1694442072918 147.8262515473894 326
1694442072961 147.7968829807973 327
1694442073003 147.7675204265209 328
1694442073055 147.73816388331065 329
1694442073093 147.70881334991748 330
1694442073131 147.67946882509253 331
1694442073173 147.6501303075871 332
1694442073229 147.62079779615289 333
1694442073290 147.5914712895418 334
1694442073354 147.562150786506 335
1694442073392 147.53283628579788 336
1694442073449 147.50352778617022 337
1694442073483 147.47422528637586 338
1694442073527 147.44492878516806 339
1694442073571 147.41563828130032 340
1694442073625 147.38635377352634 341
1694442073670 147.35707526060014 342
1694442073724 147.32780274127597 343
1694442073769 147.29853621430837 344
1694442073820 147.26927567845206 345
1694442073862 147.2400211324622 346
1694442073909 147.21077257509398 347
1694442073955 147.18153000510299 348
1694442074006 147.15229342124508 349
1694442074056 147.12306282227635 350
1694442074108 147.0938382069531 351
1694442074160 147.06461957403204 352
1694442074209 147.03540692226989 353
1694442074254 147.00620025042392 354
1694442074297 146.9769995572514 355
1694442074341 146.94780484151008 356
1694442074405 146.91861610195787 357
1694442074459 146.8894333373528 358
1694442074501 146.86025654645354 359
1694442074561 146.83108572801854 360
1694442074602 146.80192088080696 361
1694442074668 146.7727620035779 362
1694442074709 146.74360909509085 363
1694442074772 146.71446215410558 364
1694442074827 146.685321179382 365
1694442074876 146.6561861696805 366
1694442074914 146.62705712376146 367
1694442074960 146.59793404038575 368
1694442075005 146.56881691831438 369
1694442075051 146.53970575630865 370
1694442075093 146.51060055313008 371
1694442075137 146.48150130754055 372
1694442075182 146.45240801830207 373
1694442075221 146.42332068417699 374
1694442075267 146.3942393039279 375
1694442075326 146.36516387631772 376
1694442075387 146.3360944001095 377
1694442075458 146.3070308740666 378
1694442075517 146.2779732969527 379
1694442075575 146.24892166753165 380
1694442075623 146.21987598456764 381
1694442075700 146.190836246825 382
1694442075736 146.16180245306853 383
1694442075775 146.13277460206305 384
1694442075811 146.10375269257375 385
1694442075862 146.0747367233662 386
1694442075903 146.04572669320592 387
1694442075943 146.01672260085903 388
1694442076005 145.98772444509171 389
1694442076041 145.95873222467037 390
1694442076090 145.92974593836183 391
1694442076126 145.90076558493303 392
1694442076188 145.87179116315133 393
1694442076270 145.8428226717841 394
1694442076326 145.81386010959923 395
1694442076372 145.78490347536476 396
1694442076423 145.75595276784887 397
1694442076466 145.7270079858202 398
1694442076509 145.69806912804756 399
1694442076547 145.66913619329995 400
1694442076634 145.6402091803468 401
1694442076671 145.61128808795758 402
1694442076719 145.58237291490218 403
1694442076757 145.55346365995075 404
1694442076827 145.52456032187357 405
1694442076884 145.4956628994413 406
1694442076931 145.4667713914248 407
1694442076975 145.43788579659517 408
1694442077027 145.40900611372385 409
1694442077070 145.38013234158248 410
1694442077114 145.3512644789429 411
1694442077160 145.32240252457734 412
1694442077213 145.29354647725822 413
1694442077272 145.26469633575817 414
1694442077362 145.23585209885013 415
1694442077437 145.20701376530738 416
1694442077523 145.1781813339032 417
1694442077589 145.14935480341146 418
1694442077623 145.12053417260606 419
1694442077666 145.0917194402612 420
1694442077710 145.0629106051514 421
1694442077755 145.0341076660513 422
1694442077791 145.00531062173602 423
1694442077841 144.9765194709807 424
1694442077883 144.94773421256093 425
1694442077922 144.91895484525244 426
1694442077957 144.89018136783125 427
1694442078010 144.86141377907362 428
1694442078049 144.8326520777561 429
1694442078090 144.80389626265543 430
1694442078147 144.77514633254873 431
1694442078195 144.74640228621328 432
1694442078273 144.7176641224266 433
1694442078335 144.68893183996656 434
1694442078396 144.6602054376112 435
1694442078449 144.63148491413884 436
1694442078502 144.60277026832804 437
1694442078547 144.57406149895775 438
1694442078587 144.54535860480695 439
1694442078639 144.51666158465503 440
1694442078683 144.48797043728158 441
1694442078740 144.4592851614665 442
1694442078792 144.4306057559899 443
1694442078838 144.40193221963216 444
1694442078878 144.3732645511739 445
1694442078924 144.344602749396 446
1694442078980 144.3159468130796 447
1694442079020 144.28729674100614 448
1694442079068 144.25865253195718 449
1694442079107 144.23001418471472 450
1694442079151 144.20138169806094 451
1694442079202 144.1727550707782 452
1694442079242 144.1441343016492 453
1694442079289 144.11551938945686 454
1694442079336 144.08691033298436 455
1694442079391 144.05830713101517 456
1694442079428 144.029709782333 457
1694442079473 144.00111828572173 458
1694442079519 143.97253263996564 459
1694442079555 143.94395284384916 460
1694442079604 143.91537889615697 461
1694442079659 143.8868107956741 462
1694442079698 143.8582485411858 463
1694442079752 143.82969213147746 464
1694442079802 143.8011415653349 465
1694442079848 143.7725968415441 466
1694442079898 143.7440579588912 467
1694442079951 143.71552491616288 468
1694442080009 143.68699771214577 469
1694442080071 143.6584763456269 470
1694442080107 143.6299608153935 471
1694442080146 143.60145112023318 472
1694442080192 143.57294725893365 473
1694442080229 143.54444923028294 474
1694442080271 143.51595703306936 475
1694442080314 143.4874706660814 476
1694442080357 143.45899012810784 477
1694442080408 143.4305154179378 478
1694442080450 143.40204653436055 479
1694442080485 143.37358347616555 480
1694442080522 143.34512624214273 481
1694442080567 143.31667483108208 482
1694442080607 143.28822924177393 483
1694442080658 143.25978947300885 484
1694442080714 143.23135552357763 485
1694442080763 143.2029273922714 486
1694442080803 143.17450507788143 487
1694442080855 143.1460885791993 488
1694442080903 143.11767789501693 489
1694442080957 143.08927302412627 490
1694442081010 143.0608739653197 491
1694442081058 143.03248071738992 492
1694442081094 143.0040932791297 493
1694442081152 142.97571164933214 494
1694442081209 142.94733582679058 495
1694442081257 142.91896581029863 496
1694442081298 142.89060159865016 497
1694442081356 142.86224319063928 498
1694442081422 142.8338905850604 499
