1694442055574 -0.006496131760031831 0
1694442055618 -0.006496087107594084 1
1694442055658 -0.006496042367106991 2
1694442055702 -0.006495997538547682 3
1694442055736 -0.006495952621893286 4
1694442055778 -0.006495907617122931 5
1694442055880 -0.006495862524213969 6
1694442055936 -0.006495817343143306 7
1694442056001 -0.0064957720738898495 8
1694442056046 -0.0064957267164305055 9
1694442056098 -0.006495681270743736 10
1694442056145 -0.006495635736806893 11
1694442056193 -0.006495590114597549 12
1694442056232 -0.006495544404093945 13
1694442056276 -0.006495498605273431 14
1694442056326 -0.006495452718114025 15
1694442056411 -0.006495406742593746 16
1694442056487 -0.006495360678689055 17
1694442056585 -0.006495314526379081 18
1694442056699 -0.006495268285641176 19
1694442056799 -0.006495221956451802 20
1694442056900 -0.006495175538790754 21
1694442056979 -0.0064951290326340505 22
1694442057056 -0.006495082437960598 23
1694442057139 -0.006495035754747747 24
1694442057201 -0.006494988982972183 25
1694442057251 -0.00649494212261259 26
1694442057297 -0.006494895173646764 27
1694442057351 -0.006494848136051834 28
1694442057401 -0.006494801009806039 29
1694442057476 -0.006494753794886732 30
1694442057533 -0.006494706491271485 31
1694442057588 -0.006494659098938316 32
1694442057644 -0.006494611617864132 33
1694442057709 -0.006494564048027396 34
1694442057765 -0.00649451638940568 35
1694442057821 -0.006494468641976114 36
1694442057877 -0.006494420805716938 37
1694442057927 -0.006494372880605059 38
1694442057989 -0.006494324866618939 39
1694442058057 -0.006494276763735707 40
1694442058110 -0.006494228571932936 41
1694442058168 -0.006494180291188867 42
1694442058224 -0.006494131921480184 43
1694442058291 -0.006494083462784905 44
1694442058345 -0.006494034915081048 45
1694442058396 -0.0064939862783457425 46
1694442058471 -0.006493937552556339 47
1694442058542 -0.0064938887376913 48
1694442058605 -0.006493839833727533 49
1694442058649 -0.0064937908406430545 50
1694442058742 -0.006493741758414773 51
1694442058791 -0.006493692587021149 52
1694442058881 -0.006493643326439091 53
1694442058930 -0.006493593976646839 54
1694442058989 -0.0064935445376208545 55
1694442059041 -0.006493495009340267 56
1694442059087 -0.00649344539178065 57
1694442059130 -0.006493395684920911 58
1694442059175 -0.006493345888738844 59
1694442059218 -0.006493296003210913 60
1694442059266 -0.00649324602831558 61
1694442059344 -0.00649319596402953 62
1694442059407 -0.0064931458103312245 63
1694442059475 -0.006493095567197793 64
1694442059542 -0.006493045234606365 65
1694442059586 -0.00649299481253518 66
1694442059634 -0.006492944300961145 67
1694442059674 -0.006492893699861835 68
1694442059712 -0.0064928430092150435 69
1694442059754 -0.006492792228997901 70
1694442059804 -0.006492741359188647 71
1694442059862 -0.006492690399764189 72
1694442059909 -0.006492639350702545 73
1694442059956 -0.006492588211980177 74
1694442060015 -0.006492536983574881 75
1694442060077 -0.006492485665464898 76
1694442060136 -0.006492434257626911 77
1694442060185 -0.006492382760038717 78
1694442060236 -0.00649233117267789 79
1694442060284 -0.006492279495521114 80
1694442060327 -0.006492227728547517 81
1694442060370 -0.006492175871732675 82
1694442060424 -0.006492123925055271 83
1694442060471 -0.00649207188849199 84
1694442060523 -0.006492019762020851 85
1694442060582 -0.006491967545618982 86
1694442060634 -0.006491915239263957 87
1694442060691 -0.006491862842932905 88
1694442060742 -0.006491810356603844 89
1694442060794 -0.006491757780253238 90
1694442060850 -0.006491705113859325 91
1694442060894 -0.006491652357399236 92
1694442060943 -0.006491599510850321 93
1694442060982 -0.006491546574190155 94
1694442061034 -0.006491493547396088 95
1694442061107 -0.006491440430445028 96
1694442061162 -0.006491387223315659 97
1694442061234 -0.006491333925983334 98
1694442061328 -0.006491280538427624 99
1694442061377 -0.006491227060623883 100
1694442061428 -0.006491173492550795 101
1694442061465 -0.006491119834185488 102
1694442061503 -0.006491066085504871 103
1694442061545 -0.00649101224648696 104
1694442061589 -0.006490958317108886 105
1694442061634 -0.006490904297347333 106
1694442061674 -0.006490850187180763 107
1694442061716 -0.00649079598658564 108
1694442061759 -0.006490741695539537 109
1694442061813 -0.006490687314020027 110
1694442061862 -0.00649063284200424 111
1694442061912 -0.006490578279469306 112
1694442061966 -0.006490523626392797 113
1694442062017 -0.006490468882752287 114
1694442062074 -0.006490414048524462 115
1694442062119 -0.006490359123687117 116
1694442062171 -0.006490304108216938 117
1694442062217 -0.006490249002091941 118
1694442062285 -0.006490193805289035 119
1694442062337 -0.006490138517785793 120
1694442062387 -0.0064900831395589 121
1694442062431 -0.006490027670586596 122
1694442062477 -0.006489972110844677 123
1694442062520 -0.006489916460312273 124
1694442062557 -0.006489860718965179 125
1694442062596 -0.006489804886781192 126
1694442062637 -0.006489748963737441 127
1694442062698 -0.006489692949811499 128
1694442062760 -0.006489636844980273 129
1694442062823 -0.006489580649221338 130
1694442062870 -0.0064895243625111565 131
1694442062926 -0.006489467984827968 132
1694442062976 -0.006489411516148458 133
1694442063040 -0.0064893549564499775 134
1694442063082 -0.0064892983057094344 135
1694442063142 -0.006489241563904624 136
1694442063201 -0.006489184731012454 137
1694442063243 -0.006489127807010053 138
1694442063288 -0.006489070791874552 139
1694442063358 -0.0064890136855833 140
1694442063464 -0.006488956488113651 141
1694442063551 -0.006488899199442955 142
1694442063644 -0.006488841819547453 143
1694442063726 -0.006488784348405385 144
1694442063791 -0.006488726785993215 145
1694442063856 -0.006488669132288738 146
1694442063898 -0.006488611387268639 147
1694442063951 -0.006488553550910048 148
1694442063991 -0.006488495623190316 149
1694442064039 -0.006488437604086794 150
1694442064081 -0.0064883794935759465 151
1694442064134 -0.006488321291636234 152
1694442064178 -0.006488262998243233 153
1694442064237 -0.006488204613374737 154
1694442064285 -0.006488146137008544 155
1694442064332 -0.006488087569120671 156
1694442064392 -0.006488028909688914 157
1694442064455 -0.00648797015868996 158
1694442064526 -0.006487911316101824 159
1694442064570 -0.006487852381900749 160
1694442064631 -0.0064877933560638645 161
1694442064705 -0.006487734238568965 162
1694442064764 -0.0064876750293925145 163
1694442064816 -0.00648761572851142 164
1694442064865 -0.006487556335903477 165
1694442064911 -0.006487496851544927 166
1694442064963 -0.006487437275413788 167
1694442065010 -0.006487377607486522 168
1694442065071 -0.006487317847740481 169
1694442065132 -0.006487257996152351 170
1694442065191 -0.006487198052699705 171
1694442065244 -0.006487138017359673 172
1694442065289 -0.006487077890108717 173
1694442065329 -0.006487017670923967 174
1694442065381 -0.006486957359783219 175
1694442065431 -0.006486896956662491 176
1694442065477 -0.006486836461539358 177
1694442065517 -0.006486775874390727 178
1694442065576 -0.006486715195193726 179
1694442065633 -0.006486654423925486 180
1694442065678 -0.006486593560563136 181
1694442065736 -0.0064865326050829175 182
1694442065783 -0.006486471557462625 183
1694442065838 -0.006486410417678723 184
1694442065882 -0.006486349185709228 185
1694442065920 -0.006486287861529938 186
1694442065961 -0.006486226445117982 187
1694442066002 -0.006486164936450933 188
1694442066041 -0.0064861033355057 189
1694442066083 -0.006486041642258744 190
1694442066124 -0.006485979856688084 191
1694442066185 -0.00648591797876974 192
1694442066261 -0.006485856008480395 193
1694442066303 -0.006485793945797846 194
1694442066353 -0.006485731790699223 195
1694442066406 -0.006485669543160544 196
1694442066454 -0.0064856072031593825 197
1694442066514 -0.0064855447706724245 198
1694442066584 -0.006485482245676577 199
1694442066634 -0.006485419628149192 200
1694442066686 -0.0064853569180669535 201
1694442066732 -0.006485294115406548 202
1694442066788 -0.0064852312201451046 203
1694442066855 -0.006485168232259975 204
1694442066915 -0.006485105151727177 205
1694442066980 -0.006485041978524508 206
1694442067046 -0.006484978712627987 207
1694442067103 -0.006484915354015186 208
1694442067151 -0.006484851902663236 209
1694442067199 -0.006484788358547711 210
1694442067264 -0.006484724721647295 211
1694442067316 -0.006484660991937341 212
1694442067384 -0.006484597169395645 213
1694442067435 -0.006484533253999114 214
1694442067489 -0.006484469245723767 215
1694442067531 -0.0064844051445474005 216
1694442067578 -0.0064843409504460325 217
1694442067616 -0.006484276663397015 218
1694442067659 -0.006484212283377477 219
1694442067699 -0.006484147810363883 220
1694442067746 -0.0064840832443324725 221
1694442067783 -0.006484018585261486 222
1694442067831 -0.006483953833127165 223
1694442067892 -0.006483888987905306 224
1694442067938 -0.0064838240495743715 225
1694442067986 -0.00648375901811038 226
1694442068034 -0.006483693893490017 227
1694442068078 -0.006483628675690856 228
1694442068119 -0.006483563364688472 229
1694442068164 -0.006483497960460882 230
1694442068218 -0.006483432462983663 231
1694442068279 -0.006483366872234608 232
1694442068321 -0.0064833011881899605 233
1694442068381 -0.006483235410827293 234
1694442068459 -0.006483169540122846 235
1694442068518 -0.006483103576052862 236
1694442068555 -0.006483037518594692 237
1694442068592 -0.006482971367725465 238
1694442068635 -0.006482905123421423 239
1694442068672 -0.006482838785659029 240
1694442068713 -0.0064827723544158555 241
1694442068760 -0.006482705829668145 242
1694442068803 -0.006482639211392582 243
1694442068858 -0.006482572499566519 244
1694442068899 -0.006482505694166196 245
1694442068944 -0.006482438795168077 246
1694442069022 -0.0064823718025490695 247
1694442069082 -0.006482304716286746 248
1694442069130 -0.006482237536356461 249
1694442069166 -0.006482170262736009 250
1694442069207 -0.006482102895401631 251
1694442069266 -0.0064820354343297915 252
1694442069338 -0.006481967879497619 253
1694442069393 -0.006481900230882243 254
1694442069450 -0.006481832488459238 255
1694442069493 -0.006481764652205957 256
1694442069541 -0.006481696722098862 257
1694442069579 -0.006481628698115305 258
1694442069632 -0.006481560580230861 259
1694442069676 -0.006481492368423103 260
1694442069719 -0.006481424062668495 261
1694442069758 -0.006481355662943278 262
1694442069802 -0.006481287169224359 263
1694442069845 -0.006481218581488646 264
1694442069883 -0.006481149899712602 265
1694442069935 -0.006481081123872912 266
1694442069972 -0.006481012253945595 267
1694442070010 -0.006480943289908669 268
1694442070052 -0.006480874231737266 269
1694442070091 -0.00648080507940918 270
1694442070130 -0.006480735832900653 271
1694442070171 -0.006480666492187481 272
1694442070210 -0.006480597057247683 273
1694442070249 -0.00648052752805639 274
1694442070303 -0.006480457904591841 275
1694442070381 -0.006480388186829833 276
1694442070462 -0.0064803183747463855 277
1694442070547 -0.006480248468319072 278
1694442070601 -0.006480178467523912 279
1694442070672 -0.006480108372337368 280
1694442070719 -0.006480038182736569 281
1694442070758 -0.006479967898697536 282
1694442070797 -0.006479897520197397 283
1694442070842 -0.006479827047212394 284
1694442070904 -0.006479756479719656 285
1694442070964 -0.006479685817694314 286
1694442071004 -0.006479615061113941 287
1694442071043 -0.006479544209955446 288
1694442071108 -0.006479473264194624 289
1694442071161 -0.006479402223808162 290
1694442071212 -0.006479331088772966 291
1694442071268 -0.006479259859065056 292
1694442071315 -0.00647918853466134 293
1694442071370 -0.006479117115538502 294
1694442071421 -0.006479045601672118 295
1694442071467 -0.0064789739930399826 296
1694442071518 -0.006478902289617228 297
1694442071560 -0.006478830491381871 298
1694442071597 -0.0064787585983097085 299
1694442071637 -0.006478686610376538 300
1694442071682 -0.006478614527559712 301
1694442071723 -0.00647854234983547 302
1694442071765 -0.006478470077180276 303
1694442071807 -0.006478397709570816 304
1694442071862 -0.006478325246983552 305
1694442071905 -0.006478252689394504 306
1694442071950 -0.006478180036780579 307
1694442072009 -0.006478107289118018 308
1694442072051 -0.006478034446383729 309
1694442072102 -0.006477961508553065 310
1694442072171 -0.006477888475603599 311
1694442072211 -0.006477815347511573 312
1694442072255 -0.006477742124252783 313
1694442072317 -0.006477668805804138 314
1694442072371 -0.006477595392142099 315
1694442072436 -0.006477521883243131 316
1694442072475 -0.006477448279083475 317
1694442072528 -0.006477374579639372 318
1694442072571 -0.0064773007848877295 319
1694442072631 -0.006477226894804788 320
1694442072672 -0.006477152909366568 321
1694442072737 -0.006477078828549976 322
1694442072777 -0.006477004652331031 323
1694442072838 -0.006476930380686197 324
1694442072880 -0.006476856013592158 325
1694442072932 -0.006476781551025157 326
1694442072969 -0.00647670699296099 327
1694442073012 -0.006476632339377009 328
1694442073064 -0.006476557590248566 329
1694442073103 -0.006476482745553014 330
1694442073143 -0.006476407805266593 331
1694442073181 -0.0064763327693642125 332
1694442073242 -0.006476257637824112 333
1694442073302 -0.006476182410621423 334
1694442073364 -0.006476107087733274 335
1694442073411 -0.0064760316691354625 336
1694442073457 -0.006475956154804674 337
1694442073491 -0.0064758805447164836 338
1694442073542 -0.0064758048388480205 339
1694442073578 -0.006475729037175748 340
1694442073643 -0.006475653139675019 341
1694442073678 -0.006475577146322964 342
1694442073740 -0.006475501057095601 343
1694442073777 -0.006475424871969171 344
1694442073834 -0.006475348590919694 345
1694442073871 -0.006475272213924743 346
1694442073920 -0.0064751957409592276 347
1694442073966 -0.0064751191719998324 348
1694442074018 -0.006475042507022577 349
1694442074065 -0.006474965746004591 350
1694442074119 -0.006474888888921004 351
1694442074172 -0.00647481193574917 352
1694442074219 -0.0064747348864648835 353
1694442074264 -0.006474657741044165 354
1694442074307 -0.006474580499463256 355
1694442074358 -0.006474503161698841 356
1694442074419 -0.00647442572772694 357
1694442074468 -0.006474348197523794 358
1694442074514 -0.0064742705710658655 359
1694442074570 -0.006474192848328064 360
1694442074610 -0.00647411502928863 361
1694442074676 -0.006474037113922693 362
1694442074727 -0.006473959102206717 363
1694442074780 -0.006473880994116277 364
1694442074839 -0.00647380278962828 365
1694442074886 -0.006473724488718968 366
1694442074925 -0.006473646091364138 367
1694442074972 -0.006473567597540031 368
1694442075016 -0.006473489007223332 369
1694442075060 -0.0064734103203893945 370
1694442075104 -0.006473331537015126 371
1694442075148 -0.006473252657076767 372
1694442075191 -0.006473173680549449 373
1694442075236 -0.006473094607410523 374
1694442075277 -0.006473015437635565 375
1694442075338 -0.006472936171200594 376
1694442075410 -0.006472856808082295 377
1694442075474 -0.006472777348256686 378
1694442075528 -0.006472697791699122 379
1694442075589 -0.006472618138386732 380
1694442075648 -0.0064725383882953125 381
1694442075708 -0.006472458541400661 382
1694442075743 -0.006472378597679462 383
1694442075782 -0.006472298557107514 384
1694442075819 -0.006472218419660836 385
1694442075871 -0.00647213818531589 386
1694442075912 -0.006472057854048252 387
1694442075960 -0.0064719774258346074 388
1694442076013 -0.006471896900650975 389
1694442076056 -0.0064718162784729305 390
1694442076099 -0.0064717355592769366 391
1694442076136 -0.0064716547430390126 392
1694442076209 -0.006471573829736288 393
1694442076278 -0.006471492819342117 394
1694442076336 -0.006471411711834962 395
1694442076389 -0.00647133050719062 396
1694442076431 -0.006471249205384 397
1694442076475 -0.006471167806392231 398
1694442076520 -0.00647108631019111 399
1694442076568 -0.006471004716756434 400
1694442076642 -0.00647092302606489 401
1694442076680 -0.006470841238091163 402
1694442076726 -0.006470759352812827 403
1694442076775 -0.0064706773702047915 404
1694442076838 -0.006470595290243963 405
1694442076894 -0.006470513112905696 406
1694442076940 -0.00647043083816623 407
1694442076987 -0.006470348466001585 408
1694442077038 -0.006470265996388225 409
1694442077082 -0.006470183429301057 410
1694442077123 -0.0064701007647165465 411
1694442077178 -0.006470018002611377 412
1694442077223 -0.006469935142961125 413
1694442077300 -0.006469852185741365 414
1694442077387 -0.00646976913092856 415
1694442077450 -0.006469685978498063 416
1694442077544 -0.006469602728426338 417
1694442077596 -0.006469519380689626 418
1694442077630 -0.006469435935263501 419
1694442077675 -0.006469352392123984 420
1694442077723 -0.0064692687512470926 421
1694442077762 -0.006469185012608403 422
1694442077798 -0.0064691011761841555 423
1694442077854 -0.00646901724195037 424
1694442077893 -0.0064689332098832875 425
1694442077928 -0.006468849079958261 426
1694442077972 -0.006468764852151532 427
1694442078019 -0.006468680526438231 428
1694442078057 -0.0064685961027954875 429
1694442078101 -0.006468511581198433 430
1694442078157 -0.00646842696162353 431
1694442078205 -0.0064683422440461324 432
1694442078295 -0.006468257428442259 433
1694442078345 -0.006468172514788151 434
1694442078407 -0.006468087503059383 435
1694442078459 -0.006468002393231753 436
1694442078510 -0.006467917185281502 437
1694442078557 -0.006467831879184649 438
1694442078596 -0.006467746474915881 439
1694442078650 -0.006467660972452549 440
1694442078694 -0.006467575371769563 441
1694442078750 -0.006467489672843607 442
1694442078799 -0.006467403875649147 443
1694442078848 -0.006467317980163312 444
1694442078889 -0.006467231986361899 445
1694442078934 -0.006467145894220039 446
1694442078991 -0.006467059703713529 447
1694442079030 -0.006466973414819277 448
1694442079078 -0.0064668870275121915 449
1694442079115 -0.006466800541768292 450
1694442079159 -0.006466713957562931 451
1694442079212 -0.006466627274873016 452
1694442079252 -0.006466540493673456 453
1694442079302 -0.006466453613940715 454
1694442079358 -0.006466366635649701 455
1694442079400 -0.006466279558777099 456
1694442079437 -0.006466192383298264 457
1694442079481 -0.006466105109188991 458
1694442079526 -0.006466017736425078 459
1694442079563 -0.0064659302649825445 460
1694442079627 -0.006465842694836299 461
1694442079669 -0.006465755025963249 462
1694442079707 -0.0064656672583385255 463
1694442079763 -0.006465579391938148 464
1694442079813 -0.006465491426737913 465
1694442079859 -0.0064654033627131735 466
1694442079910 -0.006465315199839949 467
1694442079959 -0.0064652269380940375 468
1694442080030 -0.006465138577450791 469
1694442080078 -0.006465050117886673 470
1694442080116 -0.00646496155937637 471
1694442080156 -0.006464872901896568 472
1694442080202 -0.00646478414542262 473
1694442080241 -0.006464695289929878 474
1694442080281 -0.006464606335394807 475
1694442080324 -0.006464517281792315 476
1694442080369 -0.006464428129098865 477
1694442080417 -0.006464338877289366 478
1694442080457 -0.00646424952634006 479
1694442080494 -0.006464160076226522 480
1694442080534 -0.006464070526924326 481
1694442080577 -0.00646398087840927 482
1694442080616 -0.006463891130657151 483
1694442080667 -0.0064638012836431 484
1694442080723 -0.006463711337343581 485
1694442080771 -0.006463621291733279 486
1694442080817 -0.006463531146788437 487
1694442080867 -0.0064634409024846295 488
1694442080914 -0.006463350558798098 489
1694442080970 -0.0064632601157035285 490
1694442081019 -0.006463169573176275 491
1694442081066 -0.006463078931193245 492
1694442081115 -0.00646298818972979 493
1694442081165 -0.006462897348760155 494
1694442081222 -0.006462806408261468 495
1694442081267 -0.00646271536820886 496
1694442081311 -0.006462624228577685 497
1694442081368 -0.006462532989343961 498
1694442081433 -0.006462441650483486 499
