1694441974469 159.59930905596087 0
1694441974505 159.2819327946572 1
1694441974551 158.96520617155898 2
1694441974594 158.64912783773156 3
1694441974677 158.33369644706585 4
1694441974752 158.0189106562726 5
1694441974807 157.7047691248762 6
1694441974861 157.39127051520916 7
1694441974919 157.07841349240553 8
1694441974959 156.76619672439574 9
1694441975007 156.4546188819001 10
1694441975055 156.14367863842327 11
1694441975106 155.83337467024828 12
1694441975149 155.52370565643054 13
1694441975243 155.21467027879234 14
1694441975350 154.9062672219166 15
1694441975432 154.59849517314132 16
1694441975496 154.29135282255373 17
1694441975611 153.98483886298436 18
1694441975751 153.67895199000145 19
1694441975823 153.37369090190504 20
1694441975923 153.06905429972122 21
1694441976029 152.76504088719648 22
1694441976120 152.46164937079186 23
1694441976202 152.1588784596772 24
1694441976263 151.85672686572576 25
1694441976324 151.5551933035079 26
1694441976390 151.25427649028603 27
1694441976438 150.95397514600856 28
1694441976507 150.65428799330437 29
1694441976563 150.35521375747695 30
1694441976619 150.0567511664993 31
1694441976686 149.75889895100755 32
1694441976733 149.461655844296 33
1694441976791 149.16502058231112 34
1694441976857 148.86899190364616 35
1694441976908 148.5735685495354 36
1694441976947 148.2787492638488 37
1694441976992 147.98453279308626 38
1694441977036 147.69091788637218 39
1694441977092 147.39790329544977 40
1694441977166 147.1054877746759 41
1694441977220 146.8136700810151 42
1694441977272 146.52244897403435 43
1694441977341 146.23182321589766 44
1694441977416 145.94179157136034 45
1694441977483 145.65235280776383 46
1694441977541 145.36350569503003 47
1694441977606 145.07524900565593 48
1694441977674 144.78758151470808 49
1694441977722 144.50050199981752 50
1694441977762 144.2140092411739 51
1694441977814 143.9281020215205 52
1694441977884 143.64277912614858 53
1694441977955 143.35803934289206 54
1694441977997 143.07388146212233 55
1694441978037 142.79030427674266 56
1694441978140 142.50730658218302 57
1694441978202 142.22488717639473 58
1694441978243 141.9430448598451 59
1694441978285 141.6617784355122 60
1694441978325 141.38108670887948 61
1694441978372 141.1009684879306 62
1694441978419 140.82142258314408 63
1694441978457 140.5424478074879 64
1694441978506 140.26404297641477 65
1694441978549 139.98620690785617 66
1694441978586 139.70893842221776 67
1694441978625 139.43223634237376 68
1694441978674 139.15609949366197 69
1694441978732 138.8805267038785 70
1694441978782 138.6055168032725 71
1694441978871 138.33106862454122 72
1694441978940 138.05718100282465 73
1694441979006 137.7838527757004 74
1694441979070 137.5110827831787 75
1694441979119 137.2388698676971 76
1694441979171 136.9672128741155 77
1694441979223 136.6961106497109 78
1694441979273 136.4255620441725 79
1694441979326 136.15556590959645 80
1694441979380 135.88612110048078 81
1694441979424 135.6172264737205 82
1694441979476 135.34888088860242 83
1694441979522 135.08108320680012 84
1694441979570 134.81383229236894 85
1694441979618 134.547127011741 86
1694441979668 134.2809662337201 87
1694441979710 134.0153488294769 88
1694441979770 133.75027367254367 89
1694441979821 133.48573963880955 90
1694441979873 133.22174560651553 91
1694441979928 132.95829045624933 92
1694441979984 132.69537307094075 93
1694441980036 132.43299233585648 94
1694441980101 132.17114713859536 95
1694441980143 131.90983636908325 96
1694441980190 131.64905891956843 97
1694441980245 131.38881368461642 98
1694441980300 131.12909956110528 99
1694441980354 130.8699154482207 100
1694441980426 130.61126024745099 101
1694441980489 130.35313286258258 102
1694441980532 130.0955321996948 103
1694441980574 129.8384571671552 104
1694441980620 129.5819066756149 105
1694441980672 129.32587963800353 106
1694441980720 129.07037496952447 107
1694441980767 128.81539158765025 108
1694441980820 128.56092841211756 109
1694441980868 128.30698436492256 110
1694441980919 128.05355837031615 111
1694441980966 127.80064935479922 112
1694441981005 127.54825624711786 113
1694441981048 127.2963779782587 114
1694441981087 127.04501348144409 115
1694441981136 126.79416169212749 116
1694441981179 126.54382154798877 117
1694441981258 126.29399198892948 118
1694441981329 126.04467195706818 119
1694441981396 125.79586039673575 120
1694441981501 125.54755625447078 121
1694441981534 125.29975847901491 122
1694441981570 125.05246602130823 123
1694441981614 124.80567783448446 124
1694441981649 124.55939287386666 125
1694441981697 124.31361009696226 126
1694441981749 124.06832846345878 127
1694441981785 123.82354693521904 128
1694441981836 123.57926447627663 129
1694441981887 123.33548005283137 130
1694441981930 123.09219263324471 131
1694441981966 122.84940118803522 132
1694441982018 122.60710468987403 133
1694441982055 122.36530211358027 134
1694441982106 122.1239924361166 135
1694441982151 121.88317463658468 136
1694441982195 121.64284769622061 137
1694441982239 121.40301059839058 138
1694441982305 121.16366232858618 139
1694441982357 120.92480187442014 140
1694441982404 120.68642822562171 141
1694441982450 120.44854037403229 142
1694441982529 120.21113731360093 143
1694441982565 119.9742180403799 144
1694441982630 119.73778155252035 145
1694441982670 119.50182685026783 146
1694441982715 119.26635293595778 147
1694441982759 119.03135881401133 148
1694441982816 118.79684349093071 149
1694441982864 118.56280597529506 150
1694441982912 118.32924527775593 151
1694441982969 118.09616041103298 152
1694441983042 117.86355038990958 153
1694441983103 117.63141423122848 154
1694441983158 117.3997509538875 155
1694441983214 117.16855957883526 156
1694441983267 116.93783912906666 157
1694441983324 116.70758862961883 158
1694441983389 116.47780710756668 159
1694441983458 116.24849359201863 160
1694441983517 116.01964711411239 161
1694441983563 115.79126670701056 162
1694441983622 115.56335140589655 163
1694441983671 115.33590024797019 164
1694441983710 115.10891227244353 165
1694441983765 114.88238652053666 166
1694441983804 114.6563220354733 167
1694441983851 114.43071786247685 168
1694441983891 114.20557304876606 169
1694441983931 113.98088664355069 170
1694441983970 113.75665769802758 171
1694441984032 113.53288526537624 172
1694441984067 113.30956840075488 173
1694441984106 113.08670616129608 174
1694441984166 112.86429760610271 175
1694441984212 112.64234179624381 176
1694441984267 112.42083779475038 177
1694441984320 112.19978466661136 178
1694441984370 111.97918147876935 179
1694441984420 111.7590273001167 180
1694441984464 111.5393212014912 181
1694441984502 111.32006225567221 182
1694441984541 111.10124953737635 183
1694441984577 110.8828821232536 184
1694441984614 110.6649590918831 185
1694441984692 110.44747952376925 186
1694441984757 110.23044250133746 187
1694441984800 110.01384710893035 188
1694441984841 109.79769243280342 189
1694441984906 109.58197756112135 190
1694441984963 109.3667015839537 191
1694441985008 109.1518635932711 192
1694441985053 108.93746268294117 193
1694441985103 108.7234979487245 194
1694441985150 108.50996848827077 195
1694441985201 108.2968734011147 196
1694441985253 108.08421178867202 197
1694441985297 107.8719827542357 198
1694441985348 107.66018540297185 199
1694441985397 107.44881884191581 200
1694441985445 107.23788217996828 201
1694441985486 107.02737452789133 202
1694441985526 106.8172949983045 203
1694441985589 106.6076427056809 204
1694441985637 106.39841676634335 205
1694441985671 106.18961629846038 206
1694441985714 105.98124042204252 207
1694441985769 105.77328825893825 208
1694441985821 105.56575893283024 209
1694441985859 105.35865156923148 210
1694441985898 105.15196529548142 211
1694441985941 104.94569924074209 212
1694441985986 104.73985253599434 213
1694441986021 104.53442431403401 214
1694441986072 104.329413709468 215
1694441986116 104.12481985871058 216
1694441986168 103.92064189997963 217
1694441986207 103.71687897329265 218
1694441986242 103.51353022046321 219
1694441986291 103.310594785097 220
1694441986333 103.10807181258812 221
1694441986375 102.90596045011536 222
1694441986411 102.70425984663844 223
1694441986456 102.50296915289412 224
1694441986493 102.30208752139275 225
1694441986540 102.10161410641423 226
1694441986583 101.9015480640045 227
1694441986619 101.70188855197178 228
1694441986665 101.50263472988276 229
1694441986704 101.30378575905911 230
1694441986747 101.10534080257356 231
1694441986792 100.9072990252464 232
1694441986834 100.70965959364175 233
1694441986870 100.51242167606375 234
1694441986908 100.3155844425532 235
1694441986951 100.11914706488363 236
1694441986987 99.92310871655782 237
1694441987025 99.72746857280406 238
1694441987109 99.53222581057265 239
1694441987188 99.33737960853219 240
1694441987231 99.14292914706591 241
1694441987274 98.94887360826823 242
1694441987307 98.75521217594103 243
1694441987357 98.5619440355901 244
1694441987403 98.36906837442162 245
1694441987441 98.17658438133846 246
1694441987486 97.98449124693673 247
1694441987537 97.79278816350212 248
1694441987584 97.60147432500652 249
1694441987632 97.41054892710423 250
1694441987682 97.2200111671286 251
1694441987724 97.02986024408854 252
1694441987775 96.84009535866473 253
1694441987821 96.6507157132065 254
1694441987868 96.46172051172793 255
1694441987908 96.27310895990466 256
1694441987991 96.08488026507025 257
1694441988041 95.89703363621268 258
1694441988091 95.70956828397092 259
1694441988140 95.52248342063152 260
1694441988185 95.33577826012495 261
1694441988235 95.14945201802243 262
1694441988274 94.96350391153223 263
1694441988348 94.77793315949633 264
1694441988387 94.59273898238703 265
1694441988447 94.40792060230345 266
1694441988498 94.22347724296816 267
1694441988543 94.03940812972375 268
1694441988602 93.85571248952942 269
1694441988643 93.67238955095758 270
1694441988682 93.48943854419045 271
1694441988739 93.30685870101674 272
1694441988787 93.12464925482826 273
1694441988846 92.94280944061641 274
1694441988891 92.76133849496908 275
1694441988932 92.58023565606702 276
1694441988975 92.3995001636807 277
1694441989022 92.21913125916689 278
1694441989062 92.03912818546527 279
1694441989108 91.85949018709523 280
1694441989156 91.68021651015245 281
1694441989205 91.50130640230563 282
1694441989261 91.32275911279322 283
1694441989317 91.14457389241998 284
1694441989374 90.9667499935539 285
1694441989427 90.78928667012279 286
1694441989472 90.61218317761096 287
1694441989516 90.43543877305603 288
1694441989555 90.25905271504568 289
1694441989598 90.0830242637144 290
1694441989639 89.90735268074006 291
1694441989679 89.73203722934096 292
1694441989723 89.55707717427237 293
1694441989774 89.38247178182336 294
1694441989813 89.20822031981369 295
1694441989863 89.0343220575904 296
1694441989924 88.86077626602473 297
1694441989963 88.6875822175089 298
1694441990002 88.5147391859529 299
1694441990052 88.34224644678133 300
1694441990098 88.17010327693019 301
1694441990137 87.99830895484367 302
1694441990187 87.82686276047106 303
1694441990226 87.65576397526353 304
1694441990269 87.48501188217107 305
1694441990338 87.31460576563919 306
1694441990380 87.14454491160588 307
1694441990416 86.97482860749851 308
1694441990476 86.80545614223051 309
1694441990529 86.63642680619861 310
1694441990575 86.46773989127925 311
1694441990623 86.29939469082593 312
1694441990676 86.13139049966578 313
1694441990718 85.96372661409667 314
1694441990757 85.79640233188398 315
1694441990792 85.62941695225757 316
1694441990834 85.46276977590881 317
1694441990876 85.29646010498729 318
1694441990929 85.13048724309795 319
1694441991008 84.96485049529794 320
1694441991082 84.79954916809359 321
1694441991190 84.63458256943743 322
1694441991280 84.46995000872492 323
1694441991356 84.30565079679175 324
1694441991429 84.1416842459106 325
1694441991488 83.97804966978813 326
1694441991558 83.81474638356208 327
1694441991625 83.65177370379818 328
1694441991686 83.48913094848717 329
1694441991734 83.32681743704178 330
1694441991785 83.16483249029385 331
1694441991821 83.00317543049118 332
1694441991871 82.84184558129475 333
1694441991918 82.68084226777556 334
1694441991971 82.52016481641186 335
1694441992016 82.35981255508602 336
1694441992060 82.1997848130817 337
1694441992102 82.04008092108093 338
1694441992137 81.88070021116097 339
1694441992175 81.72164201679168 340
1694441992214 81.56290567283237 341
1694441992255 81.40449051552895 342
1694441992299 81.24639588251101 343
1694441992358 81.08862111278903 344
1694441992395 80.93116554675126 345
1694441992429 80.77402852616109 346
1694441992470 80.61720939415383 347
1694441992510 80.46070749523422 348
1694441992559 80.30452217527322 349
1694441992595 80.14865278150538 350
1694441992638 79.99309866252582 351
1694441992681 79.83785916828748 352
1694441992730 79.68293365009815 353
1694441992771 79.52832146061775 354
1694441992825 79.3740219538555 355
1694441992864 79.22003448516693 356
1694441992947 79.06635841125119 357
1694441992984 78.9129930901482 358
1694441993024 78.75993788123586 359
1694441993058 78.60719214522716 360
1694441993101 78.45475524416744 361
1694441993173 78.30262654143164 362
1694441993238 78.15080540172139 363
1694441993285 77.99929119106231 364
1694441993325 77.84808327680123 365
1694441993366 77.69718102760336 366
1694441993404 77.54658381344962 367
1694441993451 77.39629100563376 368
1694441993489 77.24630197675968 369
1694441993583 77.0966161007387 370
1694441993632 76.94723275278679 371
1694441993669 76.79815130942173 372
1694441993718 76.64937114846056 373
1694441993759 76.50089164901678 374
1694441993798 76.35271219149755 375
1694441993838 76.20483215760109 376
1694441993885 76.05725093031391 377
1694441993937 75.90996789390812 378
1694441993981 75.76298243393869 379
1694441994039 75.61629393724087 380
1694441994090 75.46990179192741 381
1694441994138 75.3238053873859 382
1694441994175 75.17800411427606 383
1694441994233 75.03249736452722 384
1694441994301 74.88728453133537 385
1694441994400 74.74236500916088 386
1694441994457 74.59773819372546 387
1694441994523 74.45340348200986 388
1694441994572 74.30936027225091 389
1694441994621 74.16560796393921 390
1694441994667 74.0221459578162 391
1694441994720 73.87897365587172 392
1694441994773 73.73609046134133 393
1694441994837 73.59349577870373 394
1694441994879 73.45118901367809 395
1694441994922 73.30916957322151 396
1694441994961 73.16743686552638 397
1694441995004 73.02599030001782 398
1694441995042 72.88482928735111 399
1694441995109 72.74395323940904 400
1694441995198 72.60336156929935 401
1694441995258 72.46305369135226 402
1694441995340 72.32302902111776 403
1694441995423 72.18328697536317 404
1694441995476 72.04382697207055 405
1694441995514 71.9046484304341 406
1694441995555 71.76575077085765 407
1694441995604 71.6271334149522 408
1694441995651 71.48879578553326 409
1694441995687 71.35073730661843 410
1694441995724 71.21295740342474 411
1694441995761 71.07545550236635 412
1694441995797 70.93823103105183 413
1694441995851 70.80128341828177 414
1694441995890 70.66461209404625 415
1694441995932 70.52821648952234 416
1694441995992 70.39209603707165 417
1694441996050 70.2562501702377 418
1694441996099 70.12067832374372 419
1694441996188 69.98537993348988 420
1694441996269 69.85035443655102 421
1694441996362 69.71560127117407 422
1694441996431 69.58111987677565 423
1694441996481 69.44690969393963 424
1694441996523 69.31297016441465 425
1694441996569 69.17930073111168 426
1694441996619 69.04590083810159 427
1694441996686 68.9127699306127 428
1694441996732 68.7799074550284 429
1694441996769 68.64731285888466 430
1694441996833 68.51498559086771 431
1694441996932 68.38292510081149 432
1694441997001 68.25113083969538 433
1694441997075 68.11960225964172 434
1694441997139 67.98833881391342 435
1694441997181 67.8573399569116 436
1694441997221 67.72660514417318 437
1694441997263 67.59613383236851 438
1694441997306 67.46592547929896 439
1694441997351 67.33597954389461 440
1694441997413 67.20629548621183 441
1694441997455 67.07687276743096 442
1694441997492 66.94771084985386 443
1694441997538 66.81880919690174 444
1694441997575 66.69016727311259 445
1694441997621 66.56178454413904 446
1694441997668 66.43366047674589 447
1694441997719 66.30579453880782 448
1694441997766 66.17818619930709 449
1694441997810 66.05083492833118 450
1694441997863 65.92374019707049 451
1694441997901 65.79690147781602 452
1694441997943 65.67031824395708 453
1694441997991 65.54398996997897 454
1694441998046 65.41791613146064 455
1694441998090 65.29209620507254 456
1694441998140 65.16652966857416 457
1694441998187 65.04121600081186 458
1694441998241 64.91615468171653 459
1694441998296 64.79134519230136 460
1694441998341 64.66678701465958 461
1694441998395 64.54247963196208 462
1694441998459 64.41842252845537 463
1694441998559 64.29461518945907 464
1694441998630 64.17105710136386 465
1694441998667 64.04774775162916 466
1694441998734 63.92468662878086 467
1694441998785 63.80187322240915 468
1694441998835 63.679307023166224 469
1694441998891 63.5569875227641 470
1694441998941 63.43491421397239 471
1694441998989 63.31308659061609 472
1694441999046 63.19150414757331 473
1694441999097 63.07016638077315 474
1694441999148 62.94907278719346 475
1694441999193 62.82822286485862 476
1694441999242 62.70761611283738 477
1694441999284 62.58725203124068 478
1694441999332 62.46713012121942 479
1694441999385 62.34724988496232 480
1694441999433 62.227610825693695 481
1694441999470 62.10821244767138 482
1694441999526 61.98905425618448 483
1694441999564 61.870135757551225 484
1694441999639 61.75145645911683 485
1694441999706 61.63301586925133 486
1694441999757 61.514813497347454 487
1694441999802 61.396848853818454 488
1694441999851 61.27912145009597 489
1694441999903 61.16163079862792 490
1694441999942 61.04437641287635 491
1694441999983 60.927357807315325 492
1694442000046 60.810574497428775 493
1694442000105 60.69402599970841 494
1694442000169 60.57771183165159 495
1694442000239 60.46163151175927 496
1694442000299 60.34578455953381 497
1694442000365 60.23017049547694 498
1694442000405 60.11478884108766 499
