1694446259532 90.96156772708107 0
1694446259817 36.50650988998044 1
1694446260089 15.459885761868355 2
1694446260411 11.132307697798998 3
1694446260740 5.315278601306489 4
1694446261022 2.3409780979762997 5
1694446261278 1.2694205628298285 6
1694446261542 0.5349948911665758 7
1694446261820 0.169804818356789 8
1694446262072 0.00014650858076928135 9
1694446262311 0.10907839220332796 10
1694446262589 0.47861208796147453 11
1694446262883 0.04722390323037721 12
1694446263176 0.1199624012260001 13
1694446263451 0.10290635800038009 14
1694446263769 0.05180680499543883 15
1694446264061 0.17291770418787406 16
1694446264322 0.0027623192584785828 17
1694446264588 0.03560283648535613 18
1694446264861 0.09434269785859765 19
1694446265118 0.19880996754932645 20
1694446265369 0.006227335999683082 21
1694446265634 0.3804929250963888 22
1694446265899 0.08053207421208142 23
1694446266167 0.1501987787485964 24
1694446266432 0.0023055351635073366 25
1694446266698 0.002996751578582438 26
1694446266972 0.16286943429033157 27
1694446267234 0.17001546171611326 28
1694446267499 0.07836232267655394 29
1694446267732 0.002027463805996575 30
1694446267970 0.09000453716055963 31
1694446268241 9.201347651307873e-05 32
1694446268528 0.1855622756097457 33
1694446268797 0.15992340260779286 34
1694446269095 0.00027809935563208874 35
1694446269377 0.11463909826201212 36
1694446269635 0.20220636546576323 37
1694446269901 0.0028854418261073256 38
1694446270151 0.009367912404812344 39
1694446270418 0.13331166548786044 40
1694446270670 0.030439891677656126 41
1694446270922 0.019378394399037345 42
1694446271201 0.19131801314292635 43
1694446271466 0.10935824556345847 44
1694446271721 0.014149554184469544 45
1694446271979 0.10595020283970409 46
