1694437187724 -0.004539629750666574 0
1694437187751 -0.0045393049757618265 1
1694437187778 -0.004538980102619439 2
1694437187804 -0.0045386551312252 3
1694437187861 -0.004538330061565565 4
1694437187919 -0.004538004893627878 5
1694437187959 -0.004537679627396596 6
1694437188002 -0.004537354262858617 7
1694437188029 -0.004537028800001064 8
1694437188058 -0.004536703238809059 9
1694437188087 -0.0045363775792688354 10
1694437188115 -0.004536051821367515 11
1694437188148 -0.004535725965089998 12
1694437188177 -0.004535400010424073 13
1694437188210 -0.004535073957354863 14
1694437188238 -0.004534747805869044 15
1694437188268 -0.00453442155595285 16
1694437188294 -0.004534095207591404 17
1694437188322 -0.004533768760772494 18
1694437188374 -0.004533442215481465 19
1694437188415 -0.004533115571705215 20
1694437188442 -0.004532788829428869 21
1694437188466 -0.004532461988639769 22
1694437188491 -0.00453213504932326 23
1694437188519 -0.004531808011466465 24
1694437188544 -0.0045314808750547275 25
1694437188573 -0.004531153640074281 26
1694437188600 -0.004530826306512248 27
1694437188629 -0.004530498874353972 28
1694437188659 -0.004530171343585687 29
1694437188684 -0.004529843714194071 30
1694437188712 -0.0045295159861653556 31
1694437188738 -0.004529188159485109 32
1694437188764 -0.004528860234140231 33
1694437188789 -0.004528532210116731 34
1694437188817 -0.004528204087400178 35
1694437188848 -0.004527875865977915 36
1694437188874 -0.004527547545834842 37
1694437188910 -0.004527219126958526 38
1694437188945 -0.004526890609334311 39
1694437188979 -0.00452656199294843 40
1694437189009 -0.004526233277787783 41
1694437189044 -0.004525904463837271 42
1694437189072 -0.00452557555108446 43
1694437189098 -0.0045252465395146935 44
1694437189130 -0.004524917429114428 45
1694437189158 -0.00452458821987034 46
1694437189189 -0.0045242589117673315 47
1694437189220 -0.004523929504792967 48
1694437189251 -0.0045235999989323705 49
1694437189281 -0.004523270394172885 50
1694437189314 -0.004522940690499633 51
1694437189341 -0.004522610887899736 52
1694437189370 -0.004522280986358318 53
1694437189400 -0.0045219509858624996 54
1694437189442 -0.004521620886398292 55
1694437189468 -0.004521290687951485 56
1694437189496 -0.004520960390508311 57
1694437189528 -0.004520629994055447 58
1694437189559 -0.004520299498578684 59
1694437189586 -0.004519968904064475 60
1694437189613 -0.004519638210498389 61
1694437189643 -0.004519307417867546 62
1694437189672 -0.004518976526157514 63
1694437189702 -0.004518645535354526 64
1694437189741 -0.0045183144454452595 65
1694437189773 -0.004517983256415059 66
1694437189808 -0.00451765196825038 67
1694437189847 -0.004517320580937678 68
1694437189875 -0.004516989094463186 69
1694437189901 -0.004516657508812916 70
1694437189931 -0.0045163258239731 71
1694437189957 -0.004515994039929749 72
1694437189985 -0.00451566215666932 73
1694437190041 -0.004515330174178045 74
1694437190100 -0.004514998092441269 75
1694437190133 -0.004514665911446336 76
1694437190167 -0.004514333631178369 77
1694437190195 -0.004514001251624489 78
1694437190225 -0.004513668772770263 79
1694437190252 -0.004513336194601925 80
1694437190278 -0.004513003517105929 81
1694437190304 -0.0045126707402680655 82
1694437190331 -0.004512337864075011 83
1694437190361 -0.004512004888512333 84
1694437190386 -0.004511671813566709 85
1694437190412 -0.004511338639223927 86
1694437190440 -0.004511005365470666 87
1694437190466 -0.00451067199229227 88
1694437190491 -0.0045103385196758605 89
1694437190518 -0.004510004947606783 90
1694437190542 -0.004509671276071492 91
1694437190568 -0.004509337505056665 92
1694437190593 -0.004509003634548092 93
1694437190626 -0.0045086696645311175 94
1694437190652 -0.004508335594993085 95
1694437190678 -0.004508001425919561 96
1694437190704 -0.004507667157297446 97
1694437190752 -0.00450733278911164 98
1694437190787 -0.004506998321349043 99
1694437190812 -0.00450666375399611 100
1694437190840 -0.004506329087038186 101
1694437190865 -0.004505994320462392 102
1694437190889 -0.004505659454254074 103
1694437190915 -0.004505324488399687 104
1694437190942 -0.004504989422885464 105
1694437190968 -0.004504654257697416 106
1694437190993 -0.0045043189928219984 107
1694437191019 -0.004503983628244779 108
1694437191045 -0.004503648163952434 109
1694437191077 -0.004503312599930975 110
1694437191102 -0.004502976936166414 111
1694437191128 -0.004502641172645205 112
1694437191158 -0.004502305309352916 113
1694437191191 -0.0045019693462766686 114
1694437191218 -0.004501633283401585 115
1694437191245 -0.004501297120714121 116
1694437191274 -0.004500960858200953 117
1694437191304 -0.004500624495847427 118
1694437191336 -0.004500288033640443 119
1694437191371 -0.004499951471565566 120
1694437191402 -0.004499614809609476 121
1694437191435 -0.004499278047757516 122
1694437191460 -0.004498941185996808 123
1694437191485 -0.004498604224312697 124
1694437191509 -0.004498267162691638 125
1694437191535 -0.004497930001120087 126
1694437191562 -0.004497592739583833 127
1694437191587 -0.004497255378068443 128
1694437191612 -0.0044969179165612605 129
1694437191637 -0.004496580355047852 130
1694437191662 -0.004496242693513786 131
1694437191687 -0.004495904931945738 132
1694437191712 -0.004495567070330386 133
1694437191741 -0.004495229108653298 134
1694437191771 -0.00449489104690004 135
1694437191802 -0.004494552885058178 136
1694437191830 -0.004494214623112169 137
1694437191855 -0.0044938762610491345 138
1694437191882 -0.004493537798855307 139
1694437191913 -0.004493199236516698 140
1694437191938 -0.004492860574018875 141
1694437191964 -0.0044925218113485155 142
1694437191991 -0.00449218294849163 143
1694437192019 -0.004491843985434452 144
1694437192044 -0.004491504922162992 145
1694437192074 -0.0044911657586632625 146
1694437192101 -0.004490826494921274 147
1694437192133 -0.004490487130924148 148
1694437192160 -0.004490147666656563 149
1694437192193 -0.004489808102105641 150
1694437192231 -0.004489468437256949 151
1694437192256 -0.0044891286720969426 152
1694437192283 -0.004488788806611632 153
1694437192310 -0.004488448840787251 154
1694437192343 -0.004488108774609811 155
1694437192389 -0.004487768608065323 156
1694437192445 -0.004487428341140243 157
1694437192477 -0.0044870879738205804 158
1694437192506 -0.00448674750609146 159
1694437192536 -0.004486406937940668 160
1694437192561 -0.004486066269353328 161
1694437192586 -0.004485725500315674 162
1694437192615 -0.00448538463081416 163
1694437192642 -0.00448504366083502 164
1694437192668 -0.004484702590363154 165
1694437192693 -0.004484361419385907 166
1694437192719 -0.004484020147888623 167
1694437192746 -0.004483678775857758 168
1694437192772 -0.004483337303279766 169
1694437192805 -0.004482995730141326 170
1694437192833 -0.004482654056426449 171
1694437192859 -0.004482312282122702 172
1694437192884 -0.004481970407215874 173
1694437192909 -0.004481628431692641 174
1694437192939 -0.00448128635553835 175
1694437192966 -0.004480944178739454 176
1694437192992 -0.0044806019012819664 177
1694437193019 -0.004480259523151675 178
1694437193054 -0.004479917044335036 179
1694437193079 -0.004479574464818503 180
1694437193104 -0.004479231784587423 181
1694437193137 -0.004478889003628472 182
1694437193162 -0.004478546121927884 183
1694437193187 -0.004478203139471004 184
1694437193224 -0.004477860056244287 185
1694437193253 -0.0044775168722339664 186
1694437193278 -0.004477173587426053 187
1694437193303 -0.004476830201807003 188
1694437193331 -0.004476486715362382 189
1694437193362 -0.004476143128078425 190
1694437193389 -0.004475799439941364 191
1694437193415 -0.00447545565093721 192
1694437193441 -0.004475111761051975 193
1694437193467 -0.004474767770271892 194
1694437193494 -0.004474423678582751 195
1694437193520 -0.004474079485971227 196
1694437193546 -0.004473735192423112 197
1694437193573 -0.004473390797924415 198
1694437193598 -0.004473046302460704 199
1694437193623 -0.004472701706019322 200
1694437193651 -0.0044723570085851705 201
1694437193678 -0.004472012210145149 202
1694437193704 -0.004471667310685046 203
1694437193730 -0.004471322310190651 204
1694437193761 -0.004470977208648419 205
1694437193786 -0.004470632006044584 206
1694437193812 -0.004470286702364712 207
1694437193854 -0.004469941297595703 208
1694437193882 -0.004469595791722458 209
1694437193907 -0.004469250184732099 210
1694437193940 -0.0044689044766101915 211
1694437193966 -0.00446855866734297 212
1694437193991 -0.004468212756916223 213
1694437194030 -0.004467866745316407 214
1694437194062 -0.004467520632529753 215
1694437194089 -0.0044671744185420525 216
1694437194114 -0.004466828103339537 217
1694437194147 -0.004466481686907331 218
1694437194173 -0.004466135169232999 219
1694437194198 -0.004465788550301664 220
1694437194223 -0.004465441830100225 221
1694437194250 -0.004465095008613584 222
1694437194275 -0.004464748085828418 223
1694437194301 -0.0044644010617311825 224
1694437194327 -0.004464053936307444 225
1694437194355 -0.004463706709543436 226
1694437194383 -0.004463359381425391 227
1694437194410 -0.004463011951938878 228
1694437194437 -0.004462664421070794 229
1694437194464 -0.004462316788806264 230
1694437194491 -0.004461969055131743 231
1694437194516 -0.004461621220033463 232
1694437194545 -0.004461273283497436 233
1694437194572 -0.004460925245509673 234
1694437194596 -0.004460577106056407 235
1694437194621 -0.004460228865123206 236
1694437194654 -0.004459880522696746 237
1694437194678 -0.004459532078762596 238
1694437194702 -0.004459183533306987 239
1694437194727 -0.004458834886316154 240
1694437194760 -0.004458486137776108 241
1694437194785 -0.004458137287672859 242
1694437194811 -0.0044577883359919745 243
1694437194838 -0.004457439282720355 244
1694437194864 -0.004457090127843788 245
1694437194890 -0.004456740871347842 246
1694437194915 -0.004456391513219193 247
1694437194950 -0.004456042053443854 248
1694437194976 -0.004455692492007612 249
1694437195004 -0.004455342828896036 250
1694437195034 -0.0044549930640964686 251
1694437195062 -0.0044546431975938106 252
1694437195090 -0.0044542932293745174 253
1694437195115 -0.0044539431594250445 254
1694437195142 -0.004453592987730959 255
1694437195169 -0.0044532427142780495 256
1694437195198 -0.004452892339052772 257
1694437195223 -0.004452541862041581 258
1694437195252 -0.004452191283230045 259
1694437195277 -0.004451840602603951 260
1694437195304 -0.004451489820149979 261
1694437195331 -0.004451138935853471 262
1694437195360 -0.004450787949701329 263
1694437195385 -0.004450436861678453 264
1694437195410 -0.004450085671772408 265
1694437195435 -0.004449734379967429 266
1694437195461 -0.0044493829862508605 267
1694437195485 -0.0044490314906084905 268
1694437195511 -0.004448679893026775 269
1694437195535 -0.00444832819349017 270
1694437195563 -0.0044479763919864634 271
1694437195588 -0.004447624488501445 272
1694437195612 -0.004447272483019793 273
1694437195638 -0.004446920375529073 274
1694437195664 -0.0044465681660146306 275
1694437195689 -0.004446215854462698 276
1694437195714 -0.004445863440859288 277
1694437195739 -0.004445510925190188 278
1694437195765 -0.004445158307441632 279
1694437195792 -0.004444805587599632 280
1694437195820 -0.004444452765650642 281
1694437195853 -0.004444099841580007 282
1694437195879 -0.004443746815373961 283
1694437195906 -0.004443393687018293 284
1694437195932 -0.004443040456500125 285
1694437195959 -0.004442687123804356 286
1694437195990 -0.004442333688917666 287
1694437196017 -0.004441980151825398 288
1694437196049 -0.0044416265125140075 289
1694437196075 -0.004441272770969729 290
1694437196100 -0.00444091892717835 291
1694437196127 -0.004440564981125883 292
1694437196157 -0.004440210932798561 293
1694437196186 -0.004439856782182616 294
1694437196212 -0.004439502529262729 295
1694437196238 -0.004439148174026242 296
1694437196266 -0.004438793716459166 297
1694437196292 -0.004438439156546625 298
1694437196320 -0.004438084494275518 299
1694437196349 -0.004437729729631634 300
1694437196378 -0.0044373748626007625 301
1694437196411 -0.004437019893169358 302
1694437196446 -0.004436664821322989 303
1694437196475 -0.004436309647047887 304
1694437196503 -0.004435954370330064 305
1694437196530 -0.004435598991155532 306
1694437196556 -0.004435243509510078 307
1694437196583 -0.004434887925379938 308
1694437196609 -0.004434532238751565 309
1694437196635 -0.004434176449609861 310
1694437196663 -0.00443382055794217 311
1694437196689 -0.0044334645637338355 312
1694437196714 -0.004433108466970204 313
1694437196740 -0.004432752267638618 314
1694437196769 -0.004432395965723757 315
1694437196795 -0.00443203956121252 316
1694437196821 -0.004431683054090918 317
1694437196850 -0.004431326444344741 318
1694437196879 -0.0044309697319602215 319
1694437196905 -0.004430612916922705 320
1694437196931 -0.00443025599921909 321
1694437196960 -0.004429898978834723 322
1694437196985 -0.004429541855755836 323
1694437197010 -0.004429184629968219 324
1694437197036 -0.004428827301458549 325
1694437197069 -0.0044284698702121705 326
1694437197093 -0.0044281123362155395 327
1694437197117 -0.004427754699454001 328
1694437197143 -0.0044273969599142315 329
1694437197170 -0.004427039117581799 330
1694437197197 -0.004426681172442937 331
1694437197222 -0.004426323124483655 332
1694437197252 -0.0044259649736899664 333
1694437197278 -0.004425606720047659 334
1694437197303 -0.004425248363542966 335
1694437197331 -0.004424889904161677 336
1694437197367 -0.004424531341890026 337
1694437197399 -0.004424172676714022 338
1694437197425 -0.004423813908619678 339
1694437197459 -0.004423455037592117 340
1694437197491 -0.004423096063618459 341
1694437197516 -0.0044227369866842725 342
1694437197541 -0.004422377806776012 343
1694437197569 -0.004422018523878579 344
1694437197597 -0.004421659137978873 345
1694437197624 -0.004421299649062904 346
1694437197662 -0.0044209400571160185 347
1694437197694 -0.004420580362124893 348
1694437197727 -0.004420220564074873 349
1694437197758 -0.004419860662952413 350
1694437197794 -0.004419500658743303 351
1694437197832 -0.004419140551433998 352
1694437197861 -0.0044187803410096205 353
1694437197892 -0.004418420027457071 354
1694437197917 -0.004418059610761915 355
1694437197942 -0.004417699090909943 356
1694437197970 -0.004417338467887166 357
1694437197997 -0.004416977741679817 358
1694437198026 -0.004416616912273907 359
1694437198053 -0.004416255979655226 360
1694437198082 -0.004415894943809784 361
1694437198107 -0.004415533804723815 362
1694437198136 -0.004415172562382663 363
1694437198166 -0.004414811216773229 364
1694437198193 -0.004414449767880635 365
1694437198222 -0.004414088215691336 366
1694437198251 -0.0044137265601915665 367
1694437198280 -0.00441336480136667 368
1694437198309 -0.004413002939202881 369
1694437198338 -0.0044126409736864325 370
1694437198372 -0.004412278904802669 371
1694437198397 -0.004411916732538268 372
1694437198423 -0.004411554456878797 373
1694437198449 -0.0044111920778104885 374
1694437198475 -0.00441082959531891 375
1694437198499 -0.004410467009390295 376
1694437198529 -0.004410104320011321 377
1694437198558 -0.004409741527166444 378
1694437198591 -0.004409378630842786 379
1694437198620 -0.00440901563102547 380
1694437198644 -0.0044086525277013955 381
1694437198677 -0.004408289320855907 382
1694437198701 -0.00440792601047546 383
1694437198727 -0.004407562596545622 384
1694437198751 -0.004407199079052626 385
1694437198778 -0.004406835457982039 386
1694437198803 -0.004406471733320094 387
1694437198832 -0.004406107905053247 388
1694437198858 -0.004405743973166398 389
1694437198885 -0.0044053799376460034 390
1694437198917 -0.004405015798478518 391
1694437198945 -0.004404651555649286 392
1694437198980 -0.00440428720914432 393
1694437199010 -0.004403922758950296 394
1694437199059 -0.004403558205051894 395
1694437199090 -0.004403193547436013 396
1694437199118 -0.004402828786088664 397
1694437199145 -0.004402463920995414 398
1694437199175 -0.004402098952142275 399
1694437199206 -0.004401733879515479 400
1694437199233 -0.004401368703100372 401
1694437199262 -0.0044010034228836314 402
1694437199292 -0.004400638038851046 403
1694437199325 -0.00440027255098796 404
1694437199359 -0.0043999069592814966 405
1694437199396 -0.004399541263716111 406
1694437199422 -0.00439917546427937 407
1694437199447 -0.00439880956095573 408
1694437199472 -0.00439844355373209 409
1694437199501 -0.004398077442594239 410
1694437199539 -0.004397711227527967 411
1694437199583 -0.004397344908519063 412
1694437199626 -0.004396978485553982 413
1694437199665 -0.004396611958618291 414
1694437199701 -0.004396245327698223 415
1694437199729 -0.004395878592779123 416
1694437199759 -0.004395511753848114 417
1694437199791 -0.004395144810889873 418
1694437199841 -0.004394777763890856 419
1694437199886 -0.004394410612836852 420
1694437199931 -0.004394043357714317 421
1694437199969 -0.004393675998509483 422
1694437200009 -0.004393308535206586 423
1694437200055 -0.004392940967792969 424
1694437200108 -0.004392573296254421 425
1694437200179 -0.004392205520576731 426
1694437200227 -0.004391837640745688 427
1694437200279 -0.004391469656747304 428
1694437200335 -0.004391101568567812 429
1694437200385 -0.004390733376192779 430
1694437200446 -0.00439036507960866 431
1694437200522 -0.004389996678800578 432
1694437200579 -0.004389628173754989 433
1694437200623 -0.004389259564458126 434
1694437200664 -0.004388890850895555 435
1694437200696 -0.004388522033052844 436
1694437200728 -0.0043881531109164484 437
1694437200755 -0.004387784084472157 438
1694437200782 -0.0043874149537062035 439
1694437200813 -0.0043870457186039324 440
1694437200850 -0.004386676379151577 441
1694437200886 -0.004386306935335149 442
1694437200920 -0.004385937387140659 443
1694437200952 -0.004385567734553675 444
1694437200991 -0.004385197977560651 445
1694437201030 -0.004384828116146933 446
1694437201065 -0.0043844581502989755 447
1694437201093 -0.004384088080002346 448
1694437201132 -0.004383717905242834 449
1694437201158 -0.004383347626006673 450
1694437201185 -0.004382977242279651 451
1694437201211 -0.004382606754048002 452
1694437201248 -0.004382236161297293 453
1694437201278 -0.004381865464013979 454
1694437201306 -0.004381494662183183 455
1694437201346 -0.004381123755791361 456
1694437201376 -0.004380752744824301 457
1694437201402 -0.004380381629268237 458
1694437201434 -0.0043800104091082925 459
1694437201469 -0.004379639084331366 460
1694437201499 -0.004379267654922581 461
1694437201538 -0.00437889612086817 462
1694437201611 -0.004378524482153923 463
1694437201682 -0.0043781527387665164 464
1694437201756 -0.00437778089069063 465
1694437201798 -0.004377408937912941 466
1694437201845 -0.00437703688041946 467
1694437201902 -0.004376664718195755 468
1694437201946 -0.004376292451227837 469
1694437201991 -0.00437592007950216 470
1694437202054 -0.004375547603003183 471
1694437202100 -0.004375175021718247 472
1694437202150 -0.004374802335632699 473
1694437202182 -0.004374429544732772 474
1694437202213 -0.004374056649004032 475
1694437202246 -0.0043736836484324915 476
1694437202277 -0.004373310543004161 477
1694437202304 -0.004372937332705051 478
1694437202335 -0.004372564017520286 479
1694437202372 -0.004372190597436987 480
1694437202459 -0.004371817072439832 481
1694437202568 -0.004371443442515943 482
1694437202635 -0.0043710697076508875 483
1694437202679 -0.004370695867829566 484
1694437202706 -0.0043703219230391 485
1694437202731 -0.004369947873264612 486
1694437202760 -0.004369573718492781 487
1694437202788 -0.004369199458708506 488
1694437202814 -0.004368825093898687 489
1694437202843 -0.004368450624048448 490
1694437202871 -0.004368076049144465 491
1694437202895 -0.004367701369171861 492
1694437202922 -0.004367326584117315 493
1694437202947 -0.004366951693965948 494
1694437202973 -0.0043665766987042165 495
1694437202999 -0.004366201598317687 496
1694437203029 -0.004365826392792815 497
1694437203059 -0.004365451082114502 498
1694437203086 -0.0043650756662694246 499
