1694438806650 0.0 0
1694438806964 0.0 1
1694438807245 0.0 2
1694438807556 0.0 3
1694438807871 0.0 4
1694438808152 0.0 5
1694438808417 0.0 6
1694438808675 0.0 7
1694438808922 0.0 8
1694438809174 0.0 9
1694438809438 0.0 10
1694438809698 0.0 11
1694438809951 0.0 12
1694438810224 0.0 13
1694438810506 0.0 14
1694438810763 0.0 15
1694438811023 0.0 16
1694438811296 0.0 17
1694438811631 0.0 18
1694438811938 0.0 19
1694438812187 0.0 20
1694438812430 0.0 21
1694438812688 0.0 22
1694438812941 0.0 23
1694438813197 0.0 24
1694438813467 0.0 25
1694438813717 0.0 26
1694438813993 0.0 27
1694438814255 0.0 28
1694438814497 0.0 29
1694438814764 0.0 30
1694438815019 0.0 31
1694438815272 0.0 32
1694438815522 0.0 33
1694438815779 0.0 34
1694438816021 0.0 35
1694438816309 0.0 36
1694438816571 0.0 37
1694438816817 0.0 38
1694438817104 0.0 39
1694438817355 0.0 40
1694438817622 0.0 41
1694438817887 0.0 42
1694438818178 0.0 43
1694438818438 0.0 44
1694438818712 0.0 45
1694438818960 0.0 46
1694438819224 0.0 47
1694438819480 0.0 48
1694438819723 0.0 49
1694438819964 0.0 50
1694438820237 0.0 51
1694438820487 0.0 52
1694438820749 0.0 53
1694438820990 0.0 54
1694438821247 0.0 55
