1694439051798 -0.007646659345834195 0
1694439051825 -0.007831768979299047 1
1694439051855 -0.007858795341717517 2
1694439051884 -0.007417732595763393 3
1694439051913 -0.008125973932913366 4
1694439051944 -0.007940876500543315 5
1694439051975 -0.006754294845752629 6
1694439052010 -0.007598121969480065 7
1694439052054 -0.008176832136356893 8
1694439052094 -0.008015404875903576 9
1694439052128 -0.008178328929297374 10
1694439052157 -0.007094508865119753 11
1694439052187 -0.008412331960474528 12
1694439052218 -0.007106588404348635 13
1694439052250 -0.007626691489234894 14
1694439052281 -0.00752379335577813 15
1694439052314 -0.007441472032456042 16
1694439052342 -0.008227607030223405 17
1694439052372 -0.007093853094484404 18
1694439052402 -0.007848127548267136 19
1694439052430 -0.007719389361194873 20
1694439052462 -0.008045509376900517 21
1694439052494 -0.007436487301660577 22
1694439052526 -0.00833064126713512 23
1694439052563 -0.007591717540665677 24
1694439052605 -0.006769459601426053 25
1694439052643 -0.0078169295544388 26
1694439052681 -0.008796991668646115 27
1694439052716 -0.007575049889062102 28
1694439052752 -0.007615705936439232 29
1694439052793 -0.00788520049327679 30
1694439052828 -0.00836477380243994 31
1694439052866 -0.008814317394946425 32
1694439052904 -0.00806328916258825 33
1694439052939 -0.007329271483911937 34
1694439052980 -0.008297806373749772 35
1694439053028 -0.00792194431032911 36
1694439053065 -0.007429344244443525 37
1694439053111 -0.008317007812219668 38
1694439053147 -0.007944074263403822 39
1694439053183 -0.0080727449610567 40
1694439053221 -0.007808513004434525 41
1694439053261 -0.007432570626729973 42
1694439053298 -0.007440934960774914 43
1694439053335 -0.0076923398273835986 44
1694439053368 -0.007589735818987364 45
1694439053402 -0.0073373592417567135 46
1694439053440 -0.006815416934692564 47
1694439053480 -0.008210422701223186 48
1694439053521 -0.008321115014509717 49
1694439053565 -0.006983923483593335 50
1694439053600 -0.007825087274106357 51
1694439053632 -0.007272425674625715 52
1694439053663 -0.007517975082802275 53
1694439053694 -0.007743498541217253 54
1694439053726 -0.007812746914341195 55
1694439053756 -0.007768103933735837 56
1694439053785 -0.008116585666290588 57
1694439053816 -0.00808615123949119 58
1694439053846 -0.007600602822143809 59
1694439053875 -0.007035347077067655 60
1694439053905 -0.008026153453138507 61
1694439053935 -0.006990863235556644 62
1694439053964 -0.006458658105923387 63
1694439053994 -0.007445545666803222 64
1694439054027 -0.007903521307667027 65
1694439054058 -0.0073407606294630945 66
1694439054089 -0.007213650316773457 67
1694439054118 -0.007915778751441893 68
1694439054150 -0.007147816033095555 69
1694439054184 -0.00798504036452119 70
1694439054216 -0.007843628284787796 71
1694439054250 -0.007291760785521184 72
1694439054280 -0.007410949984189674 73
1694439054310 -0.007108699975004962 74
1694439054341 -0.007642979147874929 75
1694439054373 -0.0073914146890807775 76
1694439054402 -0.006781556812717193 77
1694439054431 -0.007386888578017503 78
1694439054462 -0.007045608145016979 79
1694439054491 -0.00847351600474866 80
1694439054522 -0.008369480397939721 81
1694439054550 -0.008731924215312326 82
1694439054580 -0.007230221584258123 83
1694439054610 -0.008271575765887329 84
1694439054640 -0.00824063378582407 85
1694439054668 -0.008343912449411128 86
1694439054699 -0.00797101266663569 87
1694439054731 -0.00806306622905284 88
1694439054761 -0.007417762359124724 89
1694439054791 -0.007582905448688004 90
1694439054823 -0.008272244748736668 91
1694439054850 -0.007358642715661112 92
1694439054882 -0.00739774287318018 93
1694439054912 -0.007414739143778881 94
1694439054943 -0.007398849059381485 95
1694439054974 -0.007080815144682839 96
1694439055006 -0.006618066023702518 97
1694439055037 -0.007975818157893055 98
1694439055066 -0.008065560995387466 99
1694439055096 -0.007637839192548457 100
1694439055126 -0.00820910983673695 101
1694439055155 -0.007621954427989186 102
1694439055184 -0.006967228456460806 103
1694439055215 -0.007484862983515361 104
1694439055248 -0.007247978594017379 105
1694439055278 -0.008321499050259584 106
1694439055309 -0.008699875147899272 107
1694439055338 -0.007116952903948759 108
1694439055367 -0.00654029717135951 109
1694439055398 -0.00745319524045196 110
1694439055428 -0.008053169983593511 111
1694439055456 -0.007553722405996721 112
1694439055488 -0.00730784342769164 113
1694439055517 -0.007079750210030156 114
1694439055547 -0.008368667638567917 115
1694439055577 -0.007506781424363007 116
1694439055606 -0.007858745449300875 117
1694439055635 -0.008447116739743965 118
1694439055664 -0.0082407667626625 119
1694439055693 -0.007346941156068931 120
1694439055723 -0.00765616815383674 121
1694439055754 -0.007186747689654327 122
1694439055782 -0.00831099190397322 123
1694439055813 -0.007446022531362617 124
1694439055844 -0.007740234695342352 125
1694439055874 -0.007709629750385361 126
1694439055906 -0.008800988214754835 127
1694439055935 -0.007508701459408629 128
1694439055965 -0.0074512054348192525 129
1694439055994 -0.007361181800058958 130
1694439056027 -0.007386580704405787 131
1694439056055 -0.00818022486070702 132
1694439056084 -0.0072518391119702486 133
1694439056116 -0.006827304959977187 134
1694439056147 -0.007519447709664062 135
1694439056177 -0.008213911235879445 136
1694439056208 -0.007363902149400303 137
1694439056240 -0.008333755304146706 138
1694439056270 -0.007581265361153555 139
1694439056300 -0.007680497447449586 140
1694439056331 -0.007978247193925148 141
1694439056362 -0.007179043333773949 142
1694439056392 -0.007785410917378055 143
1694439056421 -0.007726770386105697 144
1694439056449 -0.0067753509378194465 145
1694439056480 -0.007600371833561548 146
1694439056510 -0.007534623969922771 147
1694439056540 -0.007956576150228711 148
1694439056570 -0.008606644892707571 149
1694439056600 -0.007376225176398465 150
1694439056632 -0.007811230527053459 151
1694439056662 -0.007189650176573137 152
1694439056691 -0.00794482616596981 153
1694439056722 -0.007174153737981026 154
1694439056752 -0.00825278817712305 155
1694439056780 -0.008262264562056698 156
1694439056812 -0.007718439228738605 157
1694439056841 -0.008029288792963163 158
1694439056871 -0.00903053330153858 159
1694439056899 -0.008818440074702005 160
1694439056929 -0.007713001407098519 161
1694439056960 -0.007239684368984145 162
1694439056989 -0.006761567957791481 163
1694439057018 -0.008002566256370303 164
1694439057048 -0.007503411382857372 165
1694439057079 -0.008122434183465588 166
1694439057109 -0.007357368933487152 167
1694439057139 -0.008324669833976284 168
1694439057168 -0.007936342686148512 169
1694439057198 -0.007144092160184412 170
1694439057231 -0.007635105997331193 171
1694439057263 -0.007256018453228208 172
1694439057292 -0.006891259389278037 173
1694439057324 -0.0070798439287402815 174
1694439057356 -0.008450273876331016 175
1694439057387 -0.007366422467485423 176
1694439057417 -0.008105536739713148 177
1694439057446 -0.0069888405731795 178
1694439057476 -0.00783555680821224 179
1694439057505 -0.00790275473638613 180
1694439057536 -0.007264721066156499 181
1694439057565 -0.007979166342305 182
1694439057594 -0.008310699507692254 183
1694439057624 -0.007511626705554386 184
1694439057655 -0.0078000744803592426 185
1694439057684 -0.007537042483172218 186
1694439057713 -0.007404457947100873 187
1694439057743 -0.007668641827105693 188
1694439057773 -0.007507925760121603 189
1694439057802 -0.0072766048185479715 190
1694439057834 -0.00730783600191609 191
1694439057863 -0.008043512491399119 192
1694439057892 -0.008009251799108386 193
1694439057923 -0.007416974021460243 194
1694439057952 -0.007147343503821402 195
1694439057980 -0.008091032497481221 196
1694439058011 -0.007024044740576718 197
1694439058042 -0.007378175204223902 198
1694439058071 -0.007994756862196084 199
1694439058100 -0.006949045336734017 200
1694439058132 -0.0075709583055985075 201
1694439058163 -0.007755328709034837 202
1694439058192 -0.0081261096285965 203
1694439058223 -0.007510863515808319 204
1694439058255 -0.008188168302195376 205
1694439058284 -0.007854026144815007 206
1694439058315 -0.007744887828763369 207
1694439058347 -0.007955458203591004 208
1694439058379 -0.007377014496957823 209
1694439058413 -0.007517946695555278 210
1694439058445 -0.007555946990283946 211
1694439058473 -0.007336931599460028 212
1694439058502 -0.0072812825399544145 213
1694439058532 -0.008251375712506004 214
1694439058563 -0.006877589873249601 215
1694439058593 -0.007500309847618514 216
1694439058625 -0.00784657137573963 217
1694439058655 -0.007449605018115424 218
1694439058683 -0.00726671967652015 219
1694439058713 -0.007893444043364006 220
1694439058744 -0.00802365504449054 221
1694439058776 -0.006786509037106203 222
1694439058806 -0.007937371832778428 223
1694439058839 -0.007206319263247218 224
1694439058869 -0.007173250624459726 225
1694439058898 -0.008518634319979679 226
1694439058928 -0.007418347989948781 227
1694439058960 -0.007841205877277657 228
1694439058991 -0.006674873534902259 229
1694439059021 -0.008078038131266618 230
1694439059050 -0.00853822925330916 231
1694439059079 -0.007918290920604587 232
1694439059108 -0.007015619718724331 233
1694439059139 -0.007800765359595507 234
1694439059169 -0.007230135448414776 235
1694439059197 -0.0076219969103710206 236
1694439059230 -0.006863099464658573 237
1694439059261 -0.006999113339809515 238
1694439059292 -0.007852407284680396 239
1694439059322 -0.007907341644253219 240
1694439059352 -0.007545283595849828 241
1694439059381 -0.007169200046174495 242
1694439059412 -0.007360231008251006 243
1694439059442 -0.007572917576875282 244
1694439059472 -0.006951280027226003 245
1694439059500 -0.006878448166968809 246
1694439059532 -0.007259962547468968 247
1694439059562 -0.007575531111867262 248
1694439059592 -0.0070072755932715225 249
1694439059621 -0.007581331132142877 250
1694439059651 -0.007477140132559956 251
1694439059682 -0.00702518308851019 252
1694439059711 -0.007035178311881385 253
1694439059741 -0.007476192711907581 254
1694439059773 -0.008043300285270227 255
1694439059802 -0.007270437897079596 256
1694439059832 -0.007299122102753852 257
1694439059864 -0.0071197176077235635 258
1694439059892 -0.007829323912131425 259
1694439059923 -0.006803974772921162 260
1694439059953 -0.007564884000506922 261
1694439059981 -0.007398485346609807 262
1694439060015 -0.008123578014927357 263
1694439060049 -0.007508048806921019 264
1694439060081 -0.007755781075071022 265
1694439060112 -0.0076112533868974985 266
1694439060143 -0.007645018861204722 267
1694439060173 -0.0078508136200246 268
1694439060202 -0.008051638083282686 269
1694439060232 -0.007084180944206819 270
1694439060264 -0.006996264083302339 271
1694439060299 -0.00794075114359627 272
1694439060338 -0.007495130727333654 273
1694439060376 -0.0074502354753307465 274
1694439060418 -0.007619163726779954 275
1694439060457 -0.007947732386710982 276
1694439060490 -0.007699975278515847 277
1694439060526 -0.007934036837189407 278
1694439060558 -0.00713487299916693 279
1694439060590 -0.00723195630880058 280
1694439060617 -0.00833975780771401 281
1694439060651 -0.007855687728780536 282
1694439060680 -0.007495741353195973 283
1694439060711 -0.00788639258465662 284
1694439060744 -0.007166156706771565 285
1694439060774 -0.008482572946688416 286
1694439060807 -0.00702832525245789 287
1694439060836 -0.00840493513408469 288
1694439060866 -0.007644349360803826 289
1694439060895 -0.007010597609552027 290
1694439060924 -0.007162057966325408 291
1694439060957 -0.007376917720725462 292
1694439060986 -0.007543265916823305 293
1694439061015 -0.007593859026176819 294
1694439061046 -0.007485052374667234 295
1694439061075 -0.007936038480258034 296
1694439061104 -0.0075569944449209725 297
1694439061134 -0.007018775274763911 298
1694439061165 -0.006971278777087031 299
1694439061197 -0.007810670949141452 300
1694439061233 -0.00798250432082126 301
1694439061267 -0.007470482180645721 302
1694439061301 -0.007291512921627552 303
1694439061338 -0.007088970971163899 304
1694439061372 -0.006778761108390707 305
1694439061407 -0.006646558927186241 306
1694439061440 -0.00755183149840799 307
1694439061471 -0.007561416395766241 308
1694439061499 -0.007253247797208484 309
1694439061529 -0.007422743345603333 310
1694439061561 -0.007183426414455907 311
1694439061590 -0.007684503739539439 312
1694439061624 -0.0069899834974394 313
1694439061660 -0.007657827174354592 314
1694439061692 -0.007365322067514057 315
1694439061725 -0.008021786544329945 316
1694439061759 -0.007670232959736012 317
1694439061789 -0.007218825445617139 318
1694439061819 -0.008123214828626324 319
1694439061849 -0.008948407307362904 320
1694439061880 -0.006909722960406706 321
1694439061910 -0.007088298765780765 322
1694439061940 -0.008390111561373592 323
1694439061971 -0.006744042107119874 324
1694439062000 -0.006771725719654453 325
1694439062031 -0.007679697464670454 326
1694439062063 -0.007496602014007481 327
1694439062092 -0.007139397651372947 328
1694439062120 -0.00797236553262759 329
1694439062152 -0.007559081731380202 330
1694439062186 -0.007364636379638023 331
1694439062217 -0.008639764636845904 332
1694439062252 -0.006658220011114713 333
1694439062293 -0.006677677960096773 334
1694439062331 -0.007733102890124854 335
1694439062368 -0.007932593277524491 336
1694439062400 -0.007628075169454851 337
1694439062430 -0.007221657203534404 338
1694439062461 -0.007977070101458317 339
1694439062493 -0.00735770579474937 340
1694439062523 -0.00732682787276584 341
1694439062553 -0.007673316786605655 342
1694439062582 -0.00769207577715747 343
1694439062610 -0.007501201787732725 344
1694439062639 -0.00829311272292621 345
1694439062669 -0.00758508818639414 346
1694439062700 -0.00742199751368422 347
1694439062729 -0.007790289368928116 348
1694439062759 -0.00812961935221801 349
1694439062790 -0.008206278260148636 350
1694439062817 -0.007610580789845445 351
1694439062847 -0.008304165638123306 352
1694439062878 -0.006354301326448875 353
1694439062907 -0.007804005487229926 354
1694439062939 -0.0068726782372305895 355
1694439062974 -0.0075824749754289655 356
1694439063008 -0.006881414475800263 357
1694439063040 -0.0075422790048778054 358
1694439063077 -0.007979591812572684 359
1694439063105 -0.008806408380294117 360
1694439063131 -0.007493357798395328 361
1694439063162 -0.007639028200213893 362
1694439063192 -0.007777609553804021 363
1694439063223 -0.007080667213673397 364
1694439063253 -0.00701360110175675 365
1694439063284 -0.007850489730875765 366
1694439063314 -0.007687837013816923 367
1694439063343 -0.007645351124375921 368
1694439063374 -0.007077927543933882 369
1694439063403 -0.008382317578933707 370
1694439063433 -0.0077252336919213516 371
1694439063462 -0.0077269787443596805 372
1694439063492 -0.007591907445076762 373
1694439063521 -0.008589955331396393 374
1694439063548 -0.00745705852670131 375
1694439063577 -0.008226554467400504 376
1694439063605 -0.00781462019780399 377
1694439063633 -0.00765961581101493 378
1694439063663 -0.007767275843691079 379
1694439063692 -0.007559328813280031 380
1694439063719 -0.007675999084753915 381
1694439063748 -0.008209938741005063 382
1694439063780 -0.007949476248973575 383
1694439063810 -0.007621693682614339 384
1694439063845 -0.007210935951392994 385
1694439063880 -0.007584057302340019 386
1694439063912 -0.00800162700279805 387
1694439063946 -0.0073631174925083975 388
1694439063979 -0.008018351790665568 389
1694439064010 -0.007736052333867871 390
1694439064039 -0.007664446991165974 391
1694439064068 -0.00879444285147879 392
1694439064098 -0.008008450761714858 393
1694439064126 -0.007470792805165605 394
1694439064155 -0.007132102773220295 395
1694439064185 -0.007813149074309411 396
1694439064212 -0.007482574172119838 397
1694439064246 -0.00723896776795363 398
1694439064282 -0.00785896400999686 399
1694439064315 -0.0085678865711869 400
1694439064348 -0.007682392906714908 401
1694439064383 -0.007131714352260676 402
1694439064412 -0.007342904098317726 403
1694439064439 -0.007915483479127294 404
1694439064466 -0.0074913833677312525 405
1694439064495 -0.007401438233108015 406
1694439064524 -0.007974743970839748 407
1694439064552 -0.007933221853665406 408
1694439064583 -0.007491054456336466 409
1694439064612 -0.007188916596707395 410
1694439064642 -0.007605083197285145 411
1694439064673 -0.007243655171095487 412
1694439064703 -0.008184340290157799 413
1694439064731 -0.008084154363522389 414
1694439064762 -0.007477264914994564 415
1694439064795 -0.007360709063731097 416
1694439064825 -0.007153799855126319 417
1694439064858 -0.006786899129235913 418
1694439064891 -0.007903339944470122 419
1694439064922 -0.008612859932196404 420
1694439064954 -0.006798591964384482 421
1694439064988 -0.008070645807914945 422
1694439065015 -0.007335147473798376 423
1694439065044 -0.007903596782785627 424
1694439065074 -0.008021024698545709 425
1694439065105 -0.008009571828156092 426
1694439065134 -0.007279185643449759 427
1694439065165 -0.007322667565880625 428
1694439065197 -0.006942366874837402 429
1694439065227 -0.007306200481022929 430
1694439065257 -0.008044912727484643 431
1694439065288 -0.008317167576074258 432
1694439065315 -0.007023169184370737 433
1694439065345 -0.007948144830418169 434
1694439065378 -0.007601286751297787 435
1694439065406 -0.006833526562245895 436
1694439065435 -0.008166738704885379 437
1694439065464 -0.00791692933971988 438
1694439065495 -0.0076161427251526526 439
1694439065522 -0.007116607727557955 440
1694439065553 -0.007523705783949897 441
1694439065588 -0.008139175993512993 442
1694439065621 -0.0066089574509577975 443
1694439065651 -0.007610999585338396 444
1694439065683 -0.00780940741769709 445
1694439065713 -0.007711055899972674 446
1694439065741 -0.007199236812237553 447
1694439065770 -0.006536266845784011 448
1694439065801 -0.007197202885069087 449
1694439065829 -0.007241577996945914 450
1694439065858 -0.007468893675221189 451
1694439065889 -0.006826761226843114 452
1694439065918 -0.0071220376147369535 453
1694439065947 -0.006495389733871315 454
1694439065976 -0.007391002416125225 455
1694439066007 -0.008435416548165042 456
1694439066036 -0.007623746520161623 457
1694439066070 -0.007981243015076522 458
1694439066104 -0.00839571106314363 459
1694439066132 -0.008441752866130914 460
1694439066162 -0.008352628556683062 461
1694439066197 -0.0070624792575486595 462
1694439066225 -0.007250967023796795 463
1694439066257 -0.007183615116655551 464
1694439066288 -0.00750544843641654 465
1694439066322 -0.008079430891267059 466
1694439066351 -0.006672966259726243 467
1694439066383 -0.008085984260544077 468
1694439066413 -0.007151585309595587 469
1694439066442 -0.007762118888995806 470
1694439066477 -0.008019499382842188 471
1694439066508 -0.007570936188302957 472
1694439066537 -0.006635512153287504 473
1694439066568 -0.006555850395573826 474
1694439066599 -0.007926468661505703 475
1694439066626 -0.007712376566438639 476
1694439066655 -0.007926849769751776 477
1694439066684 -0.006862656097563091 478
1694439066714 -0.007697109775685718 479
1694439066745 -0.007931295311444542 480
1694439066775 -0.007598657879863691 481
1694439066805 -0.007767747406520531 482
1694439066835 -0.007453905461073385 483
1694439066865 -0.006872694410840818 484
1694439066895 -0.008122880690394574 485
1694439066925 -0.007705400944221452 486
1694439066956 -0.007892343276712843 487
1694439066986 -0.008103938580549919 488
1694439067017 -0.007184016227017587 489
1694439067046 -0.006743293528441052 490
1694439067075 -0.006875258092768233 491
1694439067105 -0.008440195120271277 492
1694439067134 -0.007478830308310869 493
1694439067164 -0.0073096306013638035 494
1694439067193 -0.0076085652121256064 495
1694439067225 -0.007678726753204801 496
1694439067254 -0.0069108019090433626 497
1694439067283 -0.007887352635808753 498
1694439067315 -0.007968309074203095 499
