1694438889291 162.21996176660684 0
1694438889321 162.4676084338135 1
1694438889352 161.3341968651887 2
1694438889382 159.16725250846008 3
1694438889411 158.23961868035872 4
1694438889441 156.7286242650412 5
1694438889474 156.42821185751063 6
1694438889513 154.52249645642115 7
1694438889551 152.99308132436687 8
1694438889587 151.63272988898248 9
1694438889622 150.0954719912807 10
1694438889660 149.3083557660454 11
1694438889693 147.24704446607643 12
1694438889724 146.75130232714113 13
1694438889753 145.97974571456467 14
1694438889783 144.69371350682928 15
1694438889816 143.76582498993565 16
1694438889847 142.6009837296977 17
1694438889877 141.90566584740762 18
1694438889907 139.73858632615597 19
1694438889936 138.6891644562362 20
1694438889964 137.49234641591096 21
1694438889995 136.37330075798454 22
1694438890026 135.34327971093307 23
1694438890060 134.44272071172864 24
1694438890097 133.47950799095221 25
1694438890131 132.5302833800663 26
1694438890167 131.41510930737803 27
1694438890207 130.21146424673307 28
1694438890241 129.25606090814333 29
1694438890276 128.69347511298054 30
1694438890312 127.11382067286156 31
1694438890346 125.93071458239106 32
1694438890388 125.49334528388879 33
1694438890425 124.27886104079109 34
1694438890459 124.07575658070407 35
1694438890496 122.35932487792472 36
1694438890533 121.49504794810488 37
1694438890568 120.29018797941299 38
1694438890606 119.62178049471729 39
1694438890645 118.18619559521358 40
1694438890679 117.33711257986765 41
1694438890719 117.29299087492474 42
1694438890756 115.27009046699028 43
1694438890796 114.84622365747735 44
1694438890838 113.76259192003619 45
1694438890870 112.82148019402128 46
1694438890901 112.39540717743157 47
1694438890933 111.54945659024779 48
1694438890962 109.63058292871536 49
1694438890992 109.62755629839896 50
1694438891022 108.17282564222117 51
1694438891051 107.3478609435959 52
1694438891079 106.81466502954711 53
1694438891109 105.753822468276 54
1694438891139 105.32327885575552 55
1694438891169 104.5109340777474 56
1694438891202 103.39880054027115 57
1694438891235 102.39014072883616 58
1694438891264 101.86757366977766 59
1694438891294 100.4675738675333 60
1694438891325 100.16267958918446 61
1694438891356 99.63636151610793 62
1694438891386 98.74227452932014 63
1694438891415 98.00038069570697 64
1694438891447 96.55070950238664 65
1694438891476 96.5359706101482 66
1694438891506 95.94432459672619 67
1694438891538 94.33191191319939 68
1694438891569 94.05522281060837 69
1694438891601 93.70514129718006 70
1694438891634 93.30789914325837 71
1694438891663 91.98242216990349 72
1694438891694 91.03158357136962 73
1694438891728 90.95224804292326 74
1694438891761 89.70619171063551 75
1694438891793 89.10012573108521 76
1694438891826 88.12622292389202 77
1694438891856 88.25701525482002 78
1694438891887 87.36335744302679 79
1694438891916 86.42903617527092 80
1694438891947 85.93926323072978 81
1694438891980 85.37523626106427 82
1694438892013 84.62671974120101 83
1694438892044 83.5963569972032 84
1694438892074 83.50762495883264 85
1694438892107 82.2343705634021 86
1694438892136 81.52527636049285 87
1694438892165 80.20714548034996 88
1694438892197 80.80192357274802 89
1694438892227 79.69699682594161 90
1694438892259 79.55535057994459 91
1694438892288 78.58591615137632 92
1694438892320 77.80023711287235 93
1694438892351 77.02302303486242 94
1694438892383 76.640815904959 95
1694438892412 75.99323051490492 96
1694438892442 75.37348906339815 97
1694438892473 75.21238817231195 98
1694438892503 73.76524314877452 99
1694438892539 73.9367978070005 100
1694438892568 72.83686293775618 101
1694438892598 72.613559896261 102
1694438892630 71.82463948152524 103
1694438892660 71.2812511811843 104
1694438892691 70.72792110498904 105
1694438892720 70.01334029743788 106
1694438892751 69.71102210633784 107
1694438892783 69.14130474274451 108
1694438892816 68.58886049559398 109
1694438892847 68.22353238287566 110
1694438892878 67.60533136352413 111
1694438892909 66.70768292509563 112
1694438892939 66.99896706999071 113
1694438892968 66.27649336661035 114
1694438892997 65.7676017490119 115
1694438893028 64.66831215217061 116
1694438893057 64.63855399184007 117
1694438893087 64.09546854745014 118
1694438893119 63.82507164167622 119
1694438893147 62.74630854832528 120
1694438893177 62.428799802700404 121
1694438893209 62.02706812598047 122
1694438893240 61.69457176129868 123
1694438893271 60.87248229140922 124
1694438893300 60.13706598962373 125
1694438893330 59.81679310064223 126
1694438893362 59.62944160994204 127
1694438893394 59.21981032175262 128
1694438893423 58.84377040830692 129
1694438893453 58.293235450969064 130
1694438893484 57.75101511056104 131
1694438893514 57.2321675595543 132
1694438893543 56.533100515771245 133
1694438893574 55.74579929987555 134
1694438893605 55.6293209778102 135
1694438893634 55.17762963653082 136
1694438893663 54.97837432696396 137
1694438893693 54.790395755503006 138
1694438893723 54.05537431697563 139
1694438893753 53.88220014042247 140
1694438893782 53.29012264336106 141
1694438893812 53.033083488292114 142
1694438893843 52.48765867231385 143
1694438893872 52.11062685967584 144
1694438893901 51.63412444967496 145
1694438893930 51.380752802971 146
1694438893960 50.9388307747155 147
1694438893990 50.58643786808454 148
1694438894023 49.81792170880306 149
1694438894052 49.69760060638125 150
1694438894080 49.77078133750557 151
1694438894111 48.99291256497334 152
1694438894143 48.74901180553759 153
1694438894172 48.314553716515114 154
1694438894205 47.9081408230737 155
1694438894236 48.07370257749427 156
1694438894264 46.69538648101616 157
1694438894294 46.491024128246664 158
1694438894324 46.27849349450341 159
1694438894355 45.59689447765163 160
1694438894387 45.471841164203596 161
1694438894418 45.27953574238234 162
1694438894448 44.874681621039095 163
1694438894479 44.50299652830734 164
1694438894508 44.3789876484559 165
1694438894539 43.69829240199799 166
1694438894569 42.97538302869803 167
1694438894598 43.07631397792693 168
1694438894630 42.87581526555252 169
1694438894660 42.584791992762376 170
1694438894690 42.38208658860087 171
1694438894721 41.72447924663231 172
1694438894751 41.330084517703135 173
1694438894780 41.16497139096617 174
1694438894810 40.926239911175394 175
1694438894841 40.429773018929374 176
1694438894872 40.10175574590388 177
1694438894904 39.896603664740944 178
1694438894935 39.495686984942886 179
1694438894964 39.335509099005954 180
1694438894993 38.76411767966394 181
1694438895026 38.56031151503152 182
1694438895056 38.50823915198558 183
1694438895087 38.24920493142033 184
1694438895116 37.791429500538044 185
1694438895146 37.21780746203046 186
1694438895176 37.12071077284992 187
1694438895208 36.75776029673359 188
1694438895237 36.50416644797088 189
1694438895269 36.20186382468083 190
1694438895299 35.98859618909974 191
1694438895328 35.884296389858235 192
1694438895358 35.629252198343664 193
1694438895393 35.229759001747055 194
1694438895425 34.94588407521302 195
1694438895456 34.38675779832523 196
1694438895487 34.52571519687731 197
1694438895519 33.85607685461367 198
1694438895553 33.48812844496558 199
1694438895584 33.6700366214352 200
1694438895613 33.015835172522905 201
1694438895645 33.152154315699136 202
1694438895674 32.54930947964656 203
1694438895705 32.7850846360242 204
1694438895735 32.21834388797236 205
1694438895765 31.92700659799124 206
1694438895794 31.818216613932222 207
1694438895823 31.455805774026157 208
1694438895854 31.027349506816716 209
1694438895883 30.87594475794442 210
1694438895912 31.00796978156813 211
1694438895942 30.822278798177962 212
1694438895971 30.198848343328127 213
1694438896000 29.787441416101753 214
1694438896029 29.70619416081588 215
1694438896061 29.635239112733284 216
1694438896090 29.193789372058994 217
1694438896121 29.144006158190873 218
1694438896152 28.573471465051863 219
1694438896180 28.65244460311127 220
1694438896211 28.67306022061512 221
1694438896242 28.24558503640581 222
1694438896273 28.29399975603784 223
1694438896303 27.879968169569334 224
1694438896335 27.461459249664276 225
1694438896368 27.81556908491213 226
1694438896397 27.201731388647126 227
1694438896442 26.977822499271085 228
1694438896473 26.45867641680511 229
1694438896503 26.571151787275227 230
1694438896531 26.539436209526357 231
1694438896562 26.08751071863091 232
1694438896592 25.872583868295003 233
1694438896622 25.51084963123751 234
1694438896653 25.575156891664964 235
1694438896683 25.35189455344137 236
1694438896711 25.2303473651785 237
1694438896742 24.89682091608993 238
1694438896772 24.802589422294677 239
1694438896801 24.78764647254307 240
1694438896831 24.450124275657384 241
1694438896861 24.194703755827685 242
1694438896891 24.175493939445328 243
1694438896922 23.702669382033232 244
1694438896952 23.606469813488438 245
1694438896979 23.37406559416718 246
1694438897009 23.03406897893201 247
1694438897040 23.21657742556891 248
1694438897070 22.659806934452156 249
1694438897098 22.414148717855017 250
1694438897128 22.403363547963966 251
1694438897160 22.543691053369454 252
1694438897190 22.316093364585107 253
1694438897220 22.00718889182946 254
1694438897250 21.826058963592157 255
1694438897279 21.63420542103192 256
1694438897309 21.596504628909468 257
1694438897339 21.44492850324605 258
1694438897371 21.41547505099846 259
1694438897402 20.868752200511942 260
1694438897431 20.81880848976971 261
1694438897462 20.64895321857671 262
1694438897500 20.500409758877208 263
1694438897540 20.50918050579262 264
1694438897578 20.17953957210479 265
1694438897612 20.061541572065817 266
1694438897648 19.92887749852303 267
1694438897680 19.794236395273163 268
1694438897717 19.673567004915583 269
1694438897753 19.36623366082157 270
1694438897785 19.166860826110547 271
1694438897820 19.227630755586258 272
1694438897855 18.86655263204683 273
1694438897888 18.807749776699758 274
1694438897922 18.598562540104854 275
1694438897958 18.712666363862738 276
1694438897990 18.503282403627143 277
1694438898022 18.161557813206613 278
1694438898054 18.025688916221313 279
1694438898085 17.927513853747687 280
1694438898113 17.825399661614707 281
1694438898143 17.420657588878406 282
1694438898172 17.659251663835327 283
1694438898203 17.42468026068477 284
1694438898233 17.199132085281914 285
1694438898261 17.191563542275944 286
1694438898291 17.052152760373854 287
1694438898322 16.84413608025788 288
1694438898351 16.728108278323358 289
1694438898381 16.66448160282169 290
1694438898411 16.435738388025356 291
1694438898445 16.281830888873387 292
1694438898475 16.32663537455664 293
1694438898505 15.969881173692261 294
1694438898534 15.982405346723425 295
1694438898563 15.814582779024576 296
1694438898593 15.744859331438043 297
1694438898622 15.660900971857192 298
1694438898653 15.573243446901154 299
1694438898684 15.269760909216872 300
1694438898713 15.30981663410975 301
1694438898744 15.078131271153156 302
1694438898775 14.955546413515503 303
1694438898806 14.824722910343779 304
1694438898842 14.782837635118973 305
1694438898874 14.708536730665447 306
1694438898905 14.546945259592034 307
1694438898936 14.385782218497239 308
1694438898966 14.383756620381789 309
1694438898997 14.150776294875044 310
1694438899026 14.067820630397335 311
1694438899057 13.886183445980208 312
1694438899087 13.935695088200069 313
1694438899117 13.9251926532042 314
1694438899146 13.60240726861625 315
1694438899177 13.568221840263389 316
1694438899208 13.627137746606364 317
1694438899238 13.280912356895481 318
1694438899268 13.297897322468641 319
1694438899296 13.29571172376446 320
1694438899326 13.104048846504398 321
1694438899356 12.872472510395426 322
1694438899386 12.909717110555283 323
1694438899414 12.875259032733918 324
1694438899444 12.843053354657492 325
1694438899475 12.634890233486427 326
1694438899503 12.501225972170253 327
1694438899534 12.40812461989642 328
1694438899564 12.409585717841729 329
1694438899594 12.18466751352827 330
1694438899624 12.195868771115038 331
1694438899655 12.00769007055807 332
1694438899687 12.023318524557917 333
1694438899715 12.023952669911067 334
1694438899745 11.67997546701315 335
1694438899777 11.580632445605353 336
1694438899810 11.665846000213362 337
1694438899843 11.381630281438726 338
1694438899878 11.398472607582763 339
1694438899911 11.270385096728395 340
1694438899943 11.20621191287432 341
1694438899974 11.115768113706968 342
1694438900006 10.866653149002515 343
1694438900037 11.024589145161682 344
1694438900067 10.953115736059775 345
1694438900097 10.686874081652807 346
1694438900125 10.801320250266588 347
1694438900156 10.566118109924792 348
1694438900187 10.45133222626043 349
1694438900219 10.453091926375503 350
1694438900247 10.417546765883401 351
1694438900278 10.161140335362832 352
1694438900307 10.389881841555043 353
1694438900337 10.347904103738282 354
1694438900367 10.00779556484334 355
1694438900396 10.087814185191954 356
1694438900425 9.868263518537882 357
1694438900455 10.006831663229754 358
1694438900485 10.017696727199525 359
1694438900514 9.762535356693752 360
1694438900545 9.732522172219612 361
1694438900575 9.55720293932051 362
1694438900605 9.457707917130383 363
1694438900635 9.363204460504509 364
1694438900666 9.37602105718053 365
1694438900698 9.354977897581355 366
1694438900728 9.182107700677431 367
1694438900759 9.218159206957708 368
1694438900791 9.066147877686808 369
1694438900820 8.977068616527749 370
1694438900852 8.84825765229554 371
1694438900881 8.813534168006324 372
1694438900911 8.661807017250954 373
1694438900940 8.768684577697966 374
1694438900969 8.757564946562853 375
1694438900998 8.556011874807929 376
1694438901028 8.566342177304943 377
1694438901064 8.415270526007923 378
1694438901096 8.48223784044559 379
1694438901127 8.466110580699405 380
1694438901162 8.242598840307895 381
1694438901200 8.257227848784273 382
1694438901229 8.001738354468923 383
1694438901262 7.954907492627881 384
1694438901293 8.11705009757199 385
1694438901324 7.888464565790685 386
1694438901357 8.015006902884794 387
1694438901386 7.849707365593484 388
1694438901421 7.8095905463587645 389
1694438901459 7.706056444065833 390
1694438901506 7.572851723449031 391
1694438901555 7.514566769447292 392
1694438901603 7.536099125445235 393
1694438901656 7.473793961002082 394
1694438901731 7.455191726405824 395
1694438901776 7.42960724218033 396
1694438901814 7.277950890748509 397
1694438901843 7.2385666533122786 398
1694438901870 7.348163044570191 399
1694438901905 7.071090986072012 400
1694438901935 7.169739053518863 401
1694438901968 7.1520279145617245 402
1694438901996 6.98488605260741 403
1694438902026 6.948276071862038 404
1694438902054 6.960131237215766 405
1694438902083 6.794401963925174 406
1694438902113 6.880797915875794 407
1694438902143 6.759508320886985 408
1694438902174 6.733194617475851 409
1694438902205 6.565993632906563 410
1694438902235 6.627193654337955 411
1694438902265 6.5087316902532795 412
1694438902294 6.526683399141077 413
1694438902326 6.481945401043726 414
1694438902360 6.334628561243414 415
1694438902390 6.333336815251056 416
1694438902420 6.39247214211647 417
1694438902448 6.285286097695713 418
1694438902477 6.1806279706723934 419
1694438902509 6.223965685285973 420
1694438902539 6.188981290392017 421
1694438902568 6.062360995596317 422
1694438902597 5.981851152701222 423
1694438902628 5.9420768323035515 424
1694438902659 5.971068053451571 425
1694438902689 5.905281878838956 426
1694438902719 5.838148237502409 427
1694438902750 5.732392936044441 428
1694438902779 5.681098151831942 429
1694438902811 5.600816659236791 430
1694438902840 5.744467465716337 431
1694438902869 5.703446526136787 432
1694438902899 5.682906097711976 433
1694438902928 5.492574978488585 434
1694438902957 5.424396020599241 435
1694438902987 5.478483062613187 436
1694438903017 5.374281104019237 437
1694438903046 5.377230974640217 438
1694438903077 5.399124220731605 439
1694438903108 5.407411066159826 440
1694438903137 5.21988591643204 441
1694438903168 5.280950549713256 442
1694438903199 5.189342604686079 443
1694438903229 5.101140285646222 444
1694438903261 5.227741796644306 445
1694438903293 5.021216732569515 446
1694438903323 5.039024646690379 447
1694438903353 4.985127636109344 448
1694438903384 5.041045689103322 449
1694438903415 4.912614895709991 450
1694438903446 4.968013516648575 451
1694438903476 4.725945174157053 452
1694438903508 4.7323230056057275 453
1694438903537 4.805189413890395 454
1694438903567 4.73443029831028 455
1694438903598 4.653016979347395 456
1694438903627 4.613828441881513 457
1694438903657 4.595816298126377 458
1694438903688 4.657982087197699 459
1694438903717 4.624429638410036 460
1694438903745 4.5805059330961475 461
1694438903776 4.559227330897357 462
1694438903805 4.4391964132949795 463
1694438903835 4.332829518235857 464
1694438903863 4.411478083870322 465
1694438903893 4.399493664052045 466
1694438903922 4.39290355734716 467
1694438903953 4.358785797344373 468
1694438903981 4.308617214966998 469
1694438904012 4.261167742223718 470
1694438904042 4.236142289755117 471
1694438904075 4.185676796152881 472
1694438904108 4.174538884791955 473
1694438904139 4.15774394789664 474
1694438904171 3.999127453912961 475
1694438904202 4.015324613153195 476
1694438904232 4.052742773965543 477
1694438904263 4.102537804775984 478
1694438904294 3.9401934590960845 479
1694438904326 3.886364105559839 480
1694438904358 3.9738501118261 481
1694438904388 3.9521147327976003 482
1694438904420 3.8117005517755627 483
1694438904449 3.854476002724722 484
1694438904479 3.708127219821628 485
1694438904508 3.789901479370898 486
1694438904537 3.7966739157159455 487
1694438904564 3.8801266421160334 488
1694438904594 3.8251653890200856 489
1694438904623 3.68449536136087 490
1694438904653 3.579492144269602 491
1694438904683 3.576030216168756 492
1694438904712 3.600106975680155 493
1694438904743 3.5964426770904905 494
1694438904772 3.566670888874948 495
1694438904804 3.563302003774283 496
1694438904835 3.4634201406465945 497
1694438904863 3.5510555110852757 498
1694438904893 3.5135341919747662 499
