1694437679267 0.0 0
1694437679575 0.0 1
1694437679845 0.0 2
1694437680121 0.0 3
1694437680420 0.0 4
1694437680693 0.0 5
1694437680967 0.0 6
1694437681250 0.0 7
1694437681516 0.0 8
1694437681773 0.0 9
1694437682082 0.0 10
1694437682349 0.0 11
1694437682614 0.0 12
1694437682876 0.0 13
1694437683147 0.0 14
1694437683431 0.0 15
1694437683691 0.0 16
1694437683980 0.0 17
1694437684287 0.0 18
1694437684570 0.0 19
1694437684863 0.0 20
1694437685131 0.0 21
1694437685405 0.0 22
1694437685657 0.0 23
1694437685927 0.0 24
1694437686187 0.0 25
1694437686457 0.0 26
1694437686736 0.0 27
1694437686986 0.0 28
1694437687238 0.0 29
1694437687501 0.0 30
1694437687763 0.0 31
1694437688032 0.0 32
1694437688298 0.0 33
1694437688551 0.0 34
1694437688797 0.0 35
1694437689076 0.0 36
1694437689361 0.0 37
1694437689611 0.0 38
1694437689902 0.0 39
1694437690161 0.0 40
1694437690428 0.0 41
1694437690683 0.0 42
1694437690944 0.0 43
1694437691207 0.0 44
1694437691480 0.0 45
1694437691733 0.0 46
1694437691984 0.0 47
1694437692242 0.0 48
1694437692509 0.0 49
1694437692758 0.0 50
1694437693034 0.0 51
1694437693282 0.0 52
1694437693562 0.0 53
1694437693868 0.0 54
1694437694182 0.0 55
1694437694440 0.0 56
1694437694678 0.0 57
1694437694948 0.0 58
1694437695177 0.0 59
1694437695442 0.0 60
1694437695699 0.0 61
1694437695952 0.0 62
1694437696209 0.0 63
1694437696474 0.0 64
1694437696720 0.0 65
1694437696995 0.0 66
1694437697249 0.0 67
1694437697500 0.0 68
1694437697746 0.0 69
1694437698037 0.0 70
1694437698293 0.0 71
1694437698553 0.0 72
1694437698803 0.0 73
1694437699057 0.0 74
1694437699311 0.0 75
1694437699564 0.0 76
1694437699818 0.0 77
1694437700083 0.0 78
1694437700347 0.0 79
1694437700614 0.0 80
1694437700895 0.0 81
1694437701155 0.0 82
1694437701415 0.0 83
1694437701680 0.0 84
1694437701936 0.0 85
1694437702204 0.0 86
1694437702476 0.0 87
1694437702748 0.0 88
1694437703004 0.0 89
1694437703245 0.0 90
1694437703511 0.0 91
1694437703771 0.0 92
1694437704041 0.0 93
1694437704298 0.0 94
1694437704561 0.0 95
1694437704807 0.0 96
1694437705051 0.0 97
1694437705314 0.0 98
1694437705553 0.0 99
1694437705801 0.0 100
1694437706079 0.0 101
1694437706341 0.0 102
1694437706596 0.0 103
1694437706885 0.0 104
1694437707181 0.0 105
1694437707432 0.0 106
1694437707695 0.0 107
1694437707916 0.0 108
1694437708186 0.0 109
1694437708451 0.0 110
1694437708717 0.0 111
1694437708966 0.0 112
1694437709213 0.0 113
1694437709458 0.0 114
1694437709701 0.0 115
1694437709963 0.0 116
1694437710225 0.0 117
1694437710495 0.0 118
1694437710752 0.0 119
1694437711012 0.0 120
1694437711264 0.0 121
1694437711535 0.0 122
1694437711807 0.0 123
1694437712071 0.0 124
1694437712338 0.0 125
1694437712604 0.0 126
1694437712856 0.0 127
1694437713108 0.0 128
1694437713353 0.0 129
1694437713605 0.0 130
1694437713865 0.0 131
1694437714128 0.0 132
1694437714420 0.0 133
1694437714667 0.0 134
1694437714930 0.0 135
1694437715188 0.0 136
1694437715446 0.0 137
1694437715705 0.0 138
1694437715950 0.0 139
1694437716206 0.0 140
1694437716463 0.0 141
1694437716714 0.0 142
1694437716989 0.0 143
1694437717231 0.0 144
1694437717484 0.0 145
1694437717726 0.0 146
1694437717981 0.0 147
1694437718230 0.0 148
1694437718490 0.0 149
1694437718754 0.0 150
1694437719012 0.0 151
1694437719277 0.0 152
1694437719521 0.0 153
1694437719759 0.0 154
1694437720002 0.0 155
1694437720233 0.0 156
1694437720479 0.0 157
1694437720742 0.0 158
1694437720995 0.0 159
1694437721247 0.0 160
1694437721500 0.0 161
1694437721760 0.0 162
1694437722022 0.0 163
1694437722274 0.0 164
1694437722533 0.0 165
1694437722798 0.0 166
1694437723053 0.0 167
1694437723321 0.0 168
1694437723585 0.0 169
1694437723836 0.0 170
1694437724095 0.0 171
1694437724349 0.0 172
1694437724603 0.0 173
1694437724857 0.0 174
1694437725117 0.0 175
1694437725382 0.0 176
1694437725638 0.0 177
1694437725899 0.0 178
1694437726147 0.0 179
1694437726407 0.0 180
1694437726653 0.0 181
1694437726937 0.0 182
1694437727209 0.0 183
1694437727461 0.0 184
1694437727719 0.0 185
1694437727982 0.0 186
1694437728242 0.0 187
1694437728508 0.0 188
1694437728760 0.0 189
1694437729006 0.0 190
1694437729258 0.0 191
1694437729526 0.0 192
1694437729784 0.0 193
1694437730065 0.0 194
1694437730336 0.0 195
1694437730588 0.0 196
1694437730913 0.0 197
1694437731173 0.0 198
1694437731428 0.0 199
1694437731685 0.0 200
1694437731948 0.0 201
1694437732213 0.0 202
1694437732473 0.0 203
1694437732755 0.0 204
1694437733031 0.0 205
1694437733296 0.0 206
1694437733569 0.0 207
1694437733841 0.0 208
1694437734118 0.0 209
1694437734383 0.0 210
1694437734636 0.0 211
1694437734890 0.0 212
1694437735155 0.0 213
1694437735400 0.0 214
1694437735650 0.0 215
1694437735899 0.0 216
1694437736158 0.0 217
1694437736406 0.0 218
1694437736650 0.0 219
1694437736920 0.0 220
1694437737192 0.0 221
1694437737481 0.0 222
1694437737763 0.0 223
1694437738029 0.0 224
1694437738292 0.0 225
1694437738569 0.0 226
1694437738836 0.0 227
1694437739108 0.0 228
1694437739360 0.0 229
1694437739624 0.0 230
1694437739885 0.0 231
1694437740172 0.0 232
1694437740438 0.0 233
1694437740697 0.0 234
1694437740984 0.0 235
1694437741253 0.0 236
1694437741516 0.0 237
1694437741768 0.0 238
1694437742034 0.0 239
1694437742295 0.0 240
1694437742551 0.0 241
1694437742799 0.0 242
1694437743068 0.0 243
1694437743326 0.0 244
1694437743585 0.0 245
1694437743845 0.0 246
1694437744109 0.0 247
1694437744368 0.0 248
1694437744619 0.0 249
1694437744905 0.0 250
1694437745182 0.0 251
1694437745480 0.0 252
1694437745738 0.0 253
1694437746033 0.0 254
1694437746282 0.0 255
1694437746535 0.0 256
1694437746819 0.0 257
1694437747102 0.0 258
1694437747361 0.0 259
1694437747671 0.0 260
1694437747944 0.0 261
1694437748188 0.0 262
1694437748435 0.0 263
1694437748735 0.0 264
1694437749013 0.0 265
1694437749293 0.0 266
1694437749582 0.0 267
1694437749864 0.0 268
1694437750120 0.0 269
1694437750379 0.0 270
1694437750635 0.0 271
1694437750897 0.0 272
1694437751169 0.0 273
1694437751430 0.0 274
1694437751709 0.0 275
1694437751970 0.0 276
1694437752232 0.0 277
1694437752486 0.0 278
1694437752742 0.0 279
1694437753008 0.0 280
1694437753265 0.0 281
1694437753566 0.0 282
1694437753830 0.0 283
1694437754090 0.0 284
1694437754364 0.0 285
1694437754627 0.0 286
1694437754894 0.0 287
1694437755162 0.0 288
1694437755422 0.0 289
1694437755672 0.0 290
1694437755935 0.0 291
1694437756196 0.0 292
1694437756446 0.0 293
1694437756686 0.0 294
1694437756950 0.0 295
1694437757223 0.0 296
1694437757517 0.0 297
1694437757765 0.0 298
1694437758032 0.0 299
1694437758288 0.0 300
1694437758543 0.0 301
1694437758802 0.0 302
1694437759080 0.0 303
1694437759336 0.0 304
1694437759606 0.0 305
1694437759866 0.0 306
1694437760132 0.0 307
1694437760384 0.0 308
1694437760651 0.0 309
1694437760897 0.0 310
1694437761148 0.0 311
1694437761388 0.0 312
1694437761646 0.0 313
1694437761899 0.0 314
1694437762152 0.0 315
1694437762415 0.0 316
1694437762734 0.0 317
1694437763016 0.0 318
1694437763272 0.0 319
1694437763533 0.0 320
1694437763798 0.0 321
1694437764080 0.0 322
1694437764344 0.0 323
1694437764607 0.0 324
1694437764856 0.0 325
1694437765118 0.0 326
1694437765364 0.0 327
1694437765619 0.0 328
1694437765865 0.0 329
1694437766098 0.0 330
1694437766324 0.0 331
1694437766553 0.0 332
1694437766787 0.0 333
1694437767041 0.0 334
1694437767295 0.0 335
1694437767582 0.0 336
1694437767846 0.0 337
1694437768101 0.0 338
1694437768351 0.0 339
1694437768633 0.0 340
1694437768863 0.0 341
1694437769104 0.0 342
1694437769344 0.0 343
1694437769583 0.0 344
1694437769842 0.0 345
1694437770084 0.0 346
1694437770336 0.0 347
1694437770562 0.0 348
1694437770815 0.0 349
1694437771074 0.0 350
1694437771356 0.0 351
1694437771616 0.0 352
1694437771881 0.0 353
1694437772131 0.0 354
1694437772371 0.0 355
1694437772630 0.0 356
1694437772873 0.0 357
1694437773122 0.0 358
1694437773370 0.0 359
1694437773612 0.0 360
1694437773858 0.0 361
1694437774121 0.0 362
1694437774366 0.0 363
1694437774621 0.0 364
1694437774866 0.0 365
1694437775111 0.0 366
1694437775356 0.0 367
1694437775603 0.0 368
1694437775858 0.0 369
1694437776121 0.0 370
1694437776374 0.0 371
1694437776626 0.0 372
1694437776885 0.0 373
1694437777134 0.0 374
1694437777375 0.0 375
1694437777634 0.0 376
1694437777875 0.0 377
1694437778114 0.0 378
1694437778365 0.0 379
1694437778595 0.0 380
1694437778851 0.0 381
1694437779113 0.0 382
1694437779395 0.0 383
1694437779642 0.0 384
1694437779899 0.0 385
1694437780148 0.0 386
1694437780393 0.0 387
1694437780646 0.0 388
1694437780902 0.0 389
1694437781147 0.0 390
1694437781394 0.0 391
1694437781649 0.0 392
1694437781913 0.0 393
1694437782153 0.0 394
1694437782408 0.0 395
1694437782660 0.0 396
1694437782903 0.0 397
1694437783158 0.0 398
1694437783427 0.0 399
1694437783680 0.0 400
1694437783921 0.0 401
1694437784180 0.0 402
1694437784429 0.0 403
1694437784680 0.0 404
1694437784932 0.0 405
1694437785183 0.0 406
1694437785415 0.0 407
1694437785660 0.0 408
1694437785892 0.0 409
1694437786155 0.0 410
1694437786401 0.0 411
1694437786635 0.0 412
1694437786874 0.0 413
1694437787138 0.0 414
1694437787389 0.0 415
1694437787659 0.0 416
1694437787928 0.0 417
1694437788182 0.0 418
1694437788426 0.0 419
1694437788667 0.0 420
1694437788916 0.0 421
1694437789197 0.0 422
1694437789449 0.0 423
1694437789699 0.0 424
1694437789937 0.0 425
1694437790174 0.0 426
1694437790419 0.0 427
1694437790658 0.0 428
1694437790889 0.0 429
1694437791146 0.0 430
1694437791385 0.0 431
1694437791624 0.0 432
1694437791881 0.0 433
1694437792146 0.0 434
1694437792394 0.0 435
1694437792653 0.0 436
1694437792910 0.0 437
1694437793148 0.0 438
1694437793368 0.0 439
1694437793601 0.0 440
1694437793850 0.0 441
1694437794100 0.0 442
1694437794358 0.0 443
1694437794610 0.0 444
1694437794855 0.0 445
1694437795095 0.0 446
1694437795338 0.0 447
1694437795596 0.0 448
1694437795840 0.0 449
1694437796081 0.0 450
1694437796323 0.0 451
1694437796565 0.0 452
1694437796806 0.0 453
1694437797072 0.0 454
1694437797315 0.0 455
1694437797547 0.0 456
1694437797807 0.0 457
1694437798071 0.0 458
1694437798314 0.0 459
1694437798599 0.0 460
1694437798841 0.0 461
1694437799085 0.0 462
1694437799356 0.0 463
1694437799625 0.0 464
1694437799877 0.0 465
1694437800127 0.0 466
1694437800378 0.0 467
1694437800629 0.0 468
1694437800860 0.0 469
1694437801110 0.0 470
1694437801354 0.0 471
1694437801584 0.0 472
1694437801860 0.0 473
1694437802110 0.0 474
1694437802334 0.0 475
1694437802553 0.0 476
1694437802794 0.0 477
1694437803024 0.0 478
1694437803265 0.0 479
1694437803520 0.0 480
1694437803775 0.0 481
1694437804037 0.0 482
1694437804276 0.0 483
1694437804521 0.0 484
1694437804768 0.0 485
1694437805011 0.0 486
1694437805277 0.0 487
1694437805540 0.0 488
1694437805785 0.0 489
1694437806045 0.0 490
1694437806271 0.0 491
1694437806512 0.0 492
1694437806755 0.0 493
1694437807007 0.0 494
1694437807246 0.0 495
1694437807490 0.0 496
1694437807737 0.0 497
1694437808025 0.0 498
1694437808274 0.0 499
