1694441918447 -0.0021711951132612484 0
1694441918490 -0.0021680871698641635 1
1694441918532 -0.002164969865956712 2
1694441918572 -0.002161843182775458 3
1694441918646 -0.0021587071015256587 4
1694441918722 -0.0021555616033794855 5
1694441918790 -0.0021524066694793564 6
1694441918897 -0.0021492422809299416 7
1694441918971 -0.0021460684188077117 8
1694441919047 -0.0021428850641549424 9
1694441919112 -0.0021396921979803807 10
1694441919218 -0.002136489801261021 11
1694441919269 -0.0021332778549389975 12
1694441919345 -0.0021300563399277994 13
1694441919404 -0.002126825237102725 14
1694441919459 -0.0021235845273110954 15
1694441919505 -0.002120334191362705 16
1694441919582 -0.002117074210036707 17
1694441919651 -0.002113804564078947 18
1694441919701 -0.0021105252342019654 19
1694441919755 -0.0021072362010854384 20
1694441919814 -0.002103937445373738 21
1694441919869 -0.002100628947681038 22
1694441919929 -0.002097310688586207 23
1694441919982 -0.0020939826486334745 24
1694441920027 -0.0020906448083368723 25
1694441920081 -0.0020872971481746827 26
1694441920135 -0.0020839396485927697 27
1694441920191 -0.002080572290000804 28
1694441920239 -0.002077195052779146 29
1694441920282 -0.002073807917269521 30
1694441920355 -0.0020704108637847884 31
1694441920412 -0.0020670038725993933 32
1694441920459 -0.0020635869239586935 33
1694441920520 -0.0020601599980694107 34
1694441920571 -0.002056723075107403 35
1694441920618 -0.0020532761352130002 36
1694441920659 -0.002049819158494559 37
1694441920699 -0.002046352125023354 38
1694441920746 -0.002042843486091961 39
1694441920811 -0.0020393248285968113 40
1694441920868 -0.002035796133096124 41
1694441920937 -0.0020322573801199173 42
1694441920982 -0.0020294236189317694 43
1694441921028 -0.0020265813568300928 44
1694441921073 -0.002023730577215721 45
1694441921132 -0.002020871263461288 46
1694441921194 -0.0020180033989105617 47
1694441921249 -0.0020151269668799987 48
1694441921307 -0.0020122419506611866 49
1694441921357 -0.002009348333516625 50
1694441921409 -0.002006446098679948 51
1694441921460 -0.0020035352293592545 52
1694441921511 -0.0020006157087355536 53
1694441921567 -0.0019976875199598787 54
1694441921619 -0.001994750646157062 55
1694441921657 -0.0019918050704239576 56
1694441921708 -0.001988850775831441 57
1694441921758 -0.0019858877454186352 58
1694441921815 -0.0019829159622020143 59
1694441921860 -0.001979935409164746 60
1694441921915 -0.001976946069267793 61
1694441921966 -0.0019739479254388126 62
1694441922022 -0.001970940960582812 63
1694441922076 -0.001967925157571937 64
1694441922125 -0.0019649004992532415 65
1694441922177 -0.0019618669684460244 66
1694441922237 -0.001958824547939164 67
1694441922298 -0.0019557732204960043 68
1694441922342 -0.0019527129688503564 69
1694441922400 -0.0019496437757087204 70
1694441922443 -0.00194656562374651 71
1694441922494 -0.0019434784956164908 72
1694441922539 -0.0019403823739370107 73
1694441922605 -0.0019372772413024375 74
1694441922672 -0.0019341630802764964 75
1694441922714 -0.0019310398733964895 76
1694441922754 -0.0019279076031697429 77
1694441922802 -0.0019247662520742725 78
1694441922842 -0.0019216158025627816 79
1694441922895 -0.0019184562370559988 80
1694441922949 -0.0019152875379491174 81
1694441922998 -0.0019121096876055788 82
1694441923041 -0.0019089226683619565 83
1694441923097 -0.0019057264625270687 84
1694441923145 -0.0019025210523804237 85
1694441923187 -0.0018993064201702214 86
1694441923240 -0.0018960825481193488 87
1694441923283 -0.0018928494184213829 88
1694441923347 -0.0018896070132381482 89
1694441923411 -0.0018863553147068224 90
1694441923471 -0.0018830943049312765 91
1694441923520 -0.0018798239659898464 92
1694441923573 -0.0018765442799295595 93
1694441923628 -0.0018732552287710202 94
1694441923678 -0.0018699567945039686 95
1694441923745 -0.0018666489590883906 96
1694441923822 -0.0018633317044551845 97
1694441923890 -0.0018600050125097134 98
1694441923958 -0.0018566688651224794 99
1694441924040 -0.0018533232441386716 100
1694441924085 -0.0018499681313737248 101
1694441924137 -0.0018466035086124322 102
1694441924185 -0.0018432293576098324 103
1694441924234 -0.0018398456600952073 104
1694441924306 -0.0018364523977629776 105
1694441924376 -0.001833049552282917 106
1694441924424 -0.0018296371052930471 107
1694441924464 -0.001826215038401191 108
1694441924516 -0.0018227833331860843 109
1694441924554 -0.001819341971198929 110
1694441924592 -0.0018158909339587304 111
1694441924648 -0.0018124302029556283 112
1694441924690 -0.0018089597596493423 113
1694441924740 -0.0018054795854731687 114
1694441924804 -0.0018019896618244324 115
1694441924864 -0.0017984899700762558 116
1694441924906 -0.0017949804915702305 117
1694441924950 -0.0017914612076159742 118
1694441924990 -0.0017879320994957926 119
1694441925031 -0.0017843931484615716 120
1694441925078 -0.0017808443357332226 121
1694441925124 -0.0017772856425040118 122
1694441925168 -0.001773717049932344 123
1694441925211 -0.0017701385391510893 124
1694441925263 -0.001766550091260699 125
1694441925309 -0.001762951687333203 126
1694441925356 -0.0017593433084057697 127
1694441925416 -0.001755724935490921 128
1694441925465 -0.0017520965495685381 129
1694441925529 -0.0017484581315871939 130
1694441925590 -0.0017448096624674836 131
1694441925651 -0.0017411511230951415 132
1694441925715 -0.001737482494331255 133
1694441925783 -0.0017338037570018283 134
1694441925851 -0.001730114891904888 135
1694441925899 -0.0017264158798071527 136
1694441925975 -0.0017227067014440323 137
1694441926024 -0.0017189873375207387 138
1694441926081 -0.001715257768711842 139
1694441926125 -0.00171151797566238 140
1694441926167 -0.00170776793898475 141
1694441926221 -0.0017040076392620396 142
1694441926259 -0.0017002370570440295 143
1694441926310 -0.001696456172853411 144
1694441926387 -0.001692664967179347 145
1694441926441 -0.0016888634204799136 146
1694441926497 -0.0016850515131845434 147
1694441926548 -0.0016812292256882522 148
1694441926597 -0.0016773965383583 149
1694441926649 -0.0016735534315288625 150
1694441926699 -0.0016696998855036949 151
1694441926742 -0.0016658358805556883 152
1694441926784 -0.0016619613969242053 153
1694441926832 -0.001658076414822185 154
1694441926892 -0.0016541809144254849 155
1694441926992 -0.0016502748758835395 156
1694441927038 -0.0016463582793115883 157
1694441927084 -0.0016424311047951168 158
1694441927151 -0.0016384933323858597 159
1694441927207 -0.00163454494210713 160
1694441927253 -0.0016305859139493784 161
1694441927296 -0.0016266162278695262 162
1694441927358 -0.0016226358637974059 163
1694441927421 -0.0016186448016262123 164
1694441927477 -0.0016146430212220508 165
1694441927547 -0.0016106305024152778 166
1694441927598 -0.001606607225008494 167
1694441927653 -0.0016025731687689948 168
1694441927727 -0.0015985283134336559 169
1694441927773 -0.0015944726387093766 170
1694441927823 -0.0015904061242681955 171
1694441927865 -0.001586328749752841 172
1694441927910 -0.001582240494771403 173
1694441927953 -0.0015781413389017729 174
1694441927996 -0.0015740312616894236 175
1694441928039 -0.0015699102426496303 176
1694441928079 -0.0015657782612616966 177
1694441928124 -0.0015616352969747282 178
1694441928166 -0.0015574813292071887 179
1694441928208 -0.001553316337344235 180
1694441928252 -0.001549140300738161 181
1694441928315 -0.0015449531987079546 182
1694441928386 -0.0015407550105432932 183
1694441928465 -0.0015365457155001039 184
1694441928525 -0.0015323252928016728 185
1694441928570 -0.0015280937216375357 186
1694441928621 -0.001523850981167696 187
1694441928664 -0.0015195970505179623 188
1694441928715 -0.0015153319087819472 189
1694441928761 -0.0015110555350204002 190
1694441928819 -0.0015067679082612084 191
1694441928872 -0.0015024690075000624 192
1694441928929 -0.0014981588117006783 193
1694441928986 -0.0014938372997939098 194
1694441929034 -0.0014895044506757493 195
1694441929095 -0.0014851602432108812 196
1694441929150 -0.0014808046562335697 197
1694441929189 -0.0014764376685405534 198
1694441929225 -0.0014720592588988168 199
1694441929271 -0.0014676694060407058 200
1694441929323 -0.001463268088668368 201
1694441929381 -0.0014588552854484238 202
1694441929422 -0.001454430975013743 203
1694441929467 -0.0014499951359672192 204
1694441929519 -0.001445547746875775 205
1694441929562 -0.0014410887862741362 206
1694441929606 -0.0014366182326648325 207
1694441929660 -0.0014321360645146441 208
1694441929718 -0.0014276422602610417 209
1694441929770 -0.001423136798303526 210
1694441929840 -0.0014186196570122878 211
1694441929903 -0.001414090814721769 212
1694441929959 -0.0014095502497335488 213
1694441930020 -0.0014049979403167878 214
1694441930081 -0.0014004338647046755 215
1694441930147 -0.0013958580010984267 216
1694441930220 -0.0013912703276670602 217
1694441930305 -0.0013866708225449553 218
1694441930371 -0.0013820594638305206 219
1694441930448 -0.0013774362295913 220
1694441930522 -0.001372801097860199 221
1694441930593 -0.001368154046637704 222
1694441930666 -0.0013634950538876645 223
1694441930738 -0.0013588240975417332 224
1694441930806 -0.0013541411554993665 225
1694441930868 -0.0013494462056227174 226
1694441930914 -0.0013447392257424085 227
1694441930963 -0.0013400201936546452 228
1694441931019 -0.0013352890871205503 229
1694441931068 -0.0013305458838686057 230
1694441931120 -0.0013257905615926546 231
1694441931204 -0.0013210230979523452 232
1694441931288 -0.0013162434705722426 233
1694441931363 -0.0013114516570462698 234
1694441931435 -0.0013066476349283818 235
1694441931515 -0.0013018313817434457 236
1694441931592 -0.0012970028749801354 237
1694441931656 -0.0012921620920913757 238
1694441931720 -0.0012873090104972285 239
1694441931780 -0.0012824436075826728 240
1694441931835 -0.0012775658607004914 241
1694441931890 -0.0012726757471659411 242
1694441931944 -0.0012677732442607503 243
1694441932005 -0.0012628583292326745 244
1694441932061 -0.001257930979294386 245
1694441932107 -0.0012529911716243625 246
1694441932161 -0.0012480388833651102 247
1694441932206 -0.0012430740916251626 248
1694441932256 -0.0012380967734801906 249
1694441932332 -0.0012331069059681177 250
1694441932420 -0.0012281044660935603 251
1694441932491 -0.0012230894308271623 252
1694441932554 -0.0012180617771007096 253
1694441932596 -0.0012130214818164564 254
1694441932646 -0.0012079685218389091 255
1694441932687 -0.001202902873996825 256
1694441932739 -0.0011978245150849887 257
1694441932793 -0.0011927334218626573 258
1694441932851 -0.0011876295710555596 259
1694441932892 -0.0011825129393521205 260
1694441932991 -0.0011773835034079028 261
1694441933039 -0.001172241239839611 262
1694441933098 -0.0011670861252315312 263
1694441933154 -0.0011619181361326447 264
1694441933231 -0.0011567372490559613 265
1694441933277 -0.0011515434404796299 266
1694441933348 -0.0011463366868444957 267
1694441933402 -0.0011411169645578756 268
1694441933453 -0.0011358842499911148 269
1694441933520 -0.0011306385194793656 270
1694441933576 -0.0011253797493251394 271
1694441933638 -0.0011201079157905358 272
1694441933697 -0.0011148229951052357 273
1694441933764 -0.001109524963463171 274
1694441933813 -0.001104213797021858 275
1694441933861 -0.001098889471903508 276
1694441933901 -0.0010935519641932512 277
1694441933944 -0.0010882012499418003 278
1694441933993 -0.0010828373051638973 279
1694441934050 -0.0010774601058380906 280
1694441934100 -0.0010720696279069575 281
1694441934156 -0.0010666658472782142 282
1694441934211 -0.0010612487398207193 283
1694441934262 -0.0010558182813693584 284
1694441934318 -0.0010503744477254884 285
1694441934370 -0.0010449172146480556 286
1694441934420 -0.0010394465578646983 287
1694441934500 -0.0010339624530668612 288
1694441934557 -0.0010284648759082415 289
1694441934603 -0.0010229538020052331 290
1694441934648 -0.0010174292069402568 291
1694441934689 -0.001011891066257542 292
1694441934735 -0.0010063393554682332 293
1694441934769 -0.0010007740500419526 294
1694441934810 -0.0009951951254172364 295
1694441934851 -0.0009896025569917644 296
1694441934899 -0.0009839963201283553 297
1694441934953 -0.0009783763901547449 298
1694441935003 -0.0009727427423618096 299
1694441935053 -0.0009670953520002357 300
1694441935099 -0.0009614341942874027 301
1694441935141 -0.0009557592444042751 302
1694441935182 -0.0009500704774949575 303
1694441935231 -0.000944367868663587 304
1694441935275 -0.0009386513929814377 305
1694441935314 -0.000932921025480038 306
1694441935356 -0.0009271767411576093 307
1694441935399 -0.0009214185149726273 308
1694441935453 -0.00091564632184582 309
1694441935493 -0.0009098601366637205 310
1694441935539 -0.0009040599342740041 311
1694441935587 -0.0008982456894899293 312
1694441935631 -0.0008924173770827881 313
1694441935686 -0.0008865749717907878 314
1694441935744 -0.0008807184483143882 315
1694441935780 -0.0008748477813158573 316
1694441935826 -0.0008689629454194936 317
1694441935866 -0.0008630639152158448 318
1694441935914 -0.0008571506652554906 319
1694441935959 -0.0008512231700508188 320
1694441936002 -0.0008452814040780243 321
1694441936045 -0.0008393253417777746 322
1694441936117 -0.0008333549575501031 323
1694441936161 -0.000827370225759072 324
1694441936227 -0.0008213711207307739 325
1694441936304 -0.0008153576167566623 326
1694441936385 -0.0008093296880846701 327
1694441936458 -0.0008032873089311998 328
1694441936524 -0.0007972304534720198 329
1694441936588 -0.0007911590958438186 330
1694441936637 -0.0007850732101490898 331
1694441936676 -0.0007789727704505811 332
1694441936725 -0.0007728577507741807 333
1694441936764 -0.0007667281251055869 334
1694441936816 -0.0007605838673947485 335
1694441936862 -0.0007544249515551993 336
1694441936898 -0.0007482513514576183 337
1694441936938 -0.0007420630409411544 338
1694441936997 -0.0007358599938014354 339
1694441937036 -0.0007296421837990064 340
1694441937099 -0.0007234095846542221 341
1694441937149 -0.0007171621700534647 342
1694441937207 -0.0007108999136398175 343
1694441937245 -0.0007046227890210588 344
1694441937303 -0.0006983307697683294 345
1694441937343 -0.0006920238294085834 346
1694441937400 -0.0006857019414379106 347
1694441937436 -0.0006793650793104344 348
1694441937483 -0.0006730132164403102 349
1694441937532 -0.0006666463262057221 350
1694441937568 -0.0006602643819457743 351
1694441937627 -0.0006538673569611575 352
1694441937661 -0.0006474552245161469 353
1694441937720 -0.000641027957831275 354
1694441937766 -0.0006345855300944336 355
1694441937813 -0.0006281279144506602 356
1694441937859 -0.0006216550840081325 357
1694441937920 -0.0006151670118368369 358
1694441937961 -0.0006086636709670135 359
1694441938022 -0.0006021450343904888 360
1694441938063 -0.0005956110750600097 361
1694441938118 -0.0005890617658921293 362
1694441938163 -0.0005824970797596585 363
1694441938213 -0.000575916989501879 364
1694441938271 -0.0005693214679136638 365
1694441938338 -0.0005627104877561351 366
1694441938401 -0.000556084021750225 367
1694441938451 -0.0005494420425729007 368
1694441938502 -0.0005427845228700434 369
1694441938563 -0.0005361114352435692 370
1694441938608 -0.0005294227522560924 371
1694441938660 -0.0005227184464329238 372
1694441938700 -0.00051599849025874 373
1694441938737 -0.0005092628561822465 374
1694441938771 -0.0005025115166079619 375
1694441938813 -0.0004957444439048775 376
1694441938859 -0.0004889616104013506 377
1694441938896 -0.0004821629883855483 378
1694441938938 -0.0004753485501096666 379
1694441938976 -0.00046851826778215866 380
1694441939022 -0.0004616721135739521 381
1694441939063 -0.00045481005961867105 382
1694441939117 -0.0004479320780055307 383
1694441939164 -0.0004410381407879971 384
1694441939208 -0.0004341282199806784 385
1694441939290 -0.0004272022875542181 386
1694441939341 -0.0004202603154455087 387
1694441939428 -0.0004133022755445914 388
1694441939485 -0.0004063281397101992 389
1694441939545 -0.0003993378797531033 390
1694441939606 -0.0003923314674507683 391
1694441939665 -0.00038530887453780416 392
1694441939711 -0.0003782700727081867 393
1694441939756 -0.0003712150336181441 394
1694441939802 -0.00036414372888304847 395
1694441939840 -0.00035705613007896986 396
1694441939893 -0.00034995220873978994 397
1694441939929 -0.00034283193636408527 398
1694441939983 -0.00033569528440446916 399
1694441940049 -0.000328542224278916 400
1694441940090 -0.00032137272736032507 401
1694441940149 -0.0003141867649867347 402
1694441940200 -0.00030698430845066405 403
1694441940292 -0.0002997653290088831 404
1694441940354 -0.00029252979787708355 405
1694441940405 -0.00028527768622743643 406
1694441940452 -0.000278008965193699 407
1694441940489 -0.000270723605872325 408
1694441940531 -0.0002634215793160255 409
1694441940575 -0.0002561028565375434 410
1694441940618 -0.00024876740850987566 411
1694441940666 -0.00024141520616427492 412
1694441940719 -0.00023404622039402412 413
1694441940765 -0.00022666042205110593 414
1694441940822 -0.0002192577819446484 415
1694441940880 -0.00021183827084469975 416
1694441940957 -0.00020440185948222833 417
1694441941003 -0.00019694851854579198 418
1694441941069 -0.00018947821868398051 419
1694441941144 -0.0001819909305038614 420
1694441941191 -0.00017448662457253405 421
1694441941233 -0.0001669652714171299 422
1694441941272 -0.0001594268415210376 423
1694441941310 -0.00015187130532967608 424
1694441941350 -0.00014429863324805225 425
1694441941392 -0.00013670879563743021 426
1694441941442 -0.00012910176281910601 427
1694441941487 -0.00012147750507640609 428
1694441941538 -0.00011383599264713773 429
1694441941584 -0.00010617719573158269 430
1694441941652 -9.850108448739014e-05 431
1694441941718 -9.080762902935469e-05 432
1694441941774 -8.30967994369658e-05 433
1694441941833 -7.536856574241746e-05 434
1694441941868 -6.762289793948995e-05 435
1694441941904 -5.985976598021914e-05 436
1694441941948 -5.207913977578471e-05 437
1694441941993 -4.4280989196954224e-05 438
1694441942037 -3.646528407141858e-05 439
1694441942103 -2.8631994187344745e-05 440
1694441942161 -2.0781089288712806e-05 441
1694441942207 -1.2912539079978913e-05 442
1694441942268 -5.026313226297319e-06 443
1694441942312 2.877618651142555e-06 444
1694441942357 1.0799286974338962e-05 445
1694441942424 1.873872220159445e-05 446
1694441942493 2.6695954838173996e-05 447
1694441942561 3.467101542731221e-05 448
1694441942602 4.266393455576445e-05 449
1694441942648 5.067474285114226e-05 450
1694441942695 5.870347098146933e-05 451
1694441942731 6.675014965751291e-05 452
1694441942764 7.481480963345e-05 453
1694441942801 8.289748170364764e-05 454
1694441942841 9.099819670277398e-05 455
1694441942879 9.911698551090531e-05 456
1694441942919 0.00010725387904519934 457
1694441942963 0.00011540890826755579 458
1694441943014 0.00012358210418395021 459
1694441943056 0.0001317734978373286 460
1694441943106 0.000139983120315601 461
1694441943177 0.00014821100274753363 462
1694441943227 0.0001564571763066347 463
1694441943290 0.00016472167220249467 464
1694441943350 0.00017300452169421998 465
1694441943403 0.00018130575607688826 466
1694441943454 0.00018962540668909789 467
1694441943503 0.00019796350491607662 468
1694441943556 0.00020632008217780218 469
1694441943613 0.00021469516994343518 470
1694441943688 0.0002230887997182185 471
1694441943751 0.0002315010030559117 472
1694441943814 0.00023993181154624565 473
1694441943886 0.00024838125682502543 474
1694441943947 0.00025684937057157686 475
1694441943994 0.0002653361845033064 476
1694441944047 0.0002738417303819185 477
1694441944096 0.00028236604001530274 478
1694441944144 0.00029090914524687594 479
1694441944208 0.0002994710779682386 480
1694441944268 0.0003080518701107371 481
1694441944305 0.00031665155364857256 482
1694441944354 0.00032527016059880065 483
1694441944416 0.0003339077230215537 484
1694441944463 0.0003425642730188194 485
1694441944509 0.00035123984273521813 486
1694441944562 0.0003599344643580027 487
1694441944610 0.00036864817011905693 488
1694441944658 0.00037738099228790123 489
1694441944726 0.0003861329631833499 490
1694441944788 0.0003949041151626309 491
1694441944839 0.0004036944806278253 492
1694441944889 0.00041250409202142624 493
1694441944928 0.0004213329818300027 494
1694441944967 0.0004301811825863089 495
1694441945004 0.0004390487268601806 496
1694441945047 0.0004479356472671947 497
1694441945090 0.00045684197646733704 498
1694441945157 0.00046576774716200475 499
