1694441549190 170.11263243494955 0
1694441549229 168.30580218415417 1
1694441549266 166.52557246885604 2
1694441549304 164.6625423406215 3
1694441549344 163.41592041608806 4
1694441549384 162.822205265165 5
1694441549437 160.9182921576802 6
1694441549494 159.9512908680524 7
1694441549557 159.63653739970192 8
1694441549604 156.09831298540337 9
1694441549644 155.39725268060823 10
1694441549683 155.21494078066453 11
1694441549723 152.39965049123023 12
1694441549768 153.35377903304683 13
1694441549812 152.59170925834354 14
1694441549850 149.20525792809676 15
1694441549889 148.91342378341656 16
1694441549931 147.54220770133998 17
1694441549980 147.4629159701997 18
1694441550027 144.7257503769841 19
1694441550084 144.19973577102144 20
1694441550141 143.47154008789383 21
1694441550195 142.1089386219784 22
1694441550252 139.77297230611995 23
1694441550313 140.5812057674831 24
1694441550375 137.98231049033302 25
1694441550436 138.31880636764342 26
1694441550485 135.70080594128555 27
1694441550536 134.70245775485506 28
1694441550588 134.25207056477765 29
1694441550641 132.0792789897106 30
1694441550681 132.3880242440309 31
1694441550728 130.72481793310703 32
1694441550776 129.96644801524718 33
1694441550817 129.80972889750413 34
1694441550859 127.52252184607823 35
1694441550898 126.5066390308019 36
1694441550940 127.29707775492805 37
1694441550980 124.29162991056849 38
1694441551023 123.701551631414 39
1694441551061 122.96858363780248 40
1694441551098 122.33694295786114 41
1694441551139 120.72672850033658 42
1694441551179 120.25241787010346 43
1694441551222 119.44562033929306 44
1694441551263 118.75014011117644 45
1694441551300 115.83415012862291 46
1694441551343 116.87775328557369 47
1694441551392 116.10890128513886 48
1694441551438 114.62117250701326 49
1694441551483 114.44096085943274 50
1694441551526 112.69795530239314 51
1694441551568 111.90551113422896 52
1694441551609 110.59250217653839 53
1694441551645 110.1687968932641 54
1694441551683 109.72689286511444 55
1694441551723 108.96790095052435 56
1694441551766 107.25424347655597 57
1694441551808 105.70448358470023 58
1694441551846 105.90098680868594 59
1694441551888 105.1533678988973 60
1694441551926 104.44670081061876 61
1694441551965 102.79295758276912 62
1694441552004 102.56438587726521 63
1694441552046 102.24514976331926 64
1694441552087 100.26782749334711 65
1694441552125 100.60750888071613 66
1694441552164 100.04129109704716 67
1694441552205 99.24664469683391 68
1694441552247 97.87916580486097 69
1694441552287 97.2698923287345 70
1694441552329 96.69913266617088 71
1694441552371 95.24531872856612 72
1694441552412 95.30736842515441 73
1694441552453 94.44070639455491 74
1694441552499 93.5571628439859 75
1694441552536 93.2919011149431 76
1694441552571 91.1514610836867 77
1694441552612 90.72894566283391 78
1694441552649 90.34061868766851 79
1694441552688 89.21362584514274 80
1694441552723 89.34079447513986 81
1694441552764 88.46038411110395 82
1694441552802 87.72464436376468 83
1694441552847 88.00972102639093 84
1694441552883 86.45891180700133 85
1694441552919 86.3503965485346 86
1694441552955 84.86431342811136 87
1694441552998 84.15692046045109 88
1694441553040 83.68398877073687 89
1694441553081 83.04739215730717 90
1694441553119 82.21526748556518 91
1694441553157 81.36000944125392 92
1694441553193 81.7252113533363 93
1694441553234 80.32590744718854 94
1694441553271 79.92132647719711 95
1694441553311 78.99322957616266 96
1694441553349 79.17101034480622 97
1694441553392 77.78824300759166 98
1694441553431 77.37251010491968 99
1694441553467 76.74393411969555 100
1694441553508 77.01691166308461 101
1694441553545 75.51112675706982 102
1694441553586 75.05161827941787 103
1694441553628 74.58755556284969 104
1694441553668 73.45456392200627 105
1694441553708 72.89474171983551 106
1694441553753 72.8487858960309 107
1694441553796 72.14639587742236 108
1694441553836 71.38943757067116 109
1694441553876 70.7603063340136 110
1694441553913 71.28012589859742 111
1694441553948 69.94643014824015 112
1694441553987 69.37997871731055 113
1694441554022 69.24307919066602 114
1694441554060 68.88444931794754 115
1694441554100 67.9590056877565 116
1694441554139 66.93845041306942 117
1694441554176 66.93927526447446 118
1694441554217 66.42337239093398 119
1694441554256 65.88594425344486 120
1694441554294 65.77612572263307 121
1694441554335 64.66438927631725 122
1694441554379 64.49122372024407 123
1694441554423 64.44957642467453 124
1694441554461 63.64129074437059 125
1694441554504 62.91022032891855 126
1694441554542 62.882219057653145 127
1694441554580 61.97132688046286 128
1694441554617 61.568280545477435 129
1694441554654 60.635140751527636 130
1694441554694 60.455614789398965 131
1694441554733 59.945724359865075 132
1694441554775 59.430919845226576 133
1694441554815 58.663451572754525 134
1694441554852 58.274837780270055 135
1694441554891 57.57063882636474 136
1694441554927 57.673272109279345 137
1694441554966 57.31858191075357 138
1694441555005 56.72767132309793 139
1694441555042 56.38863398800794 140
1694441555080 56.07474721605234 141
1694441555117 55.59923295178852 142
1694441555156 55.37060067257651 143
1694441555195 55.0353961862805 144
1694441555237 54.334022665722244 145
1694441555278 53.67921124819553 146
1694441555316 53.3359808507405 147
1694441555357 53.50136496836875 148
1694441555395 52.71986571635935 149
1694441555434 52.32874861422424 150
1694441555472 51.74247990735209 151
1694441555513 51.304654572899246 152
1694441555551 51.00109166523406 153
1694441555591 50.914792889267986 154
1694441555633 49.95817159446011 155
1694441555671 50.437208846596285 156
1694441555707 49.584707382354985 157
1694441555747 49.027670578087985 158
1694441555786 48.851096679285625 159
1694441555824 48.207504900040824 160
1694441555863 48.03844654401809 161
1694441555904 47.929023256674796 162
1694441555939 47.6175480623783 163
1694441555975 47.04915354791153 164
1694441556012 46.703712903735465 165
1694441556050 46.039355117768444 166
1694441556087 45.75469586724354 167
1694441556124 46.0001399894667 168
1694441556166 45.34507190603632 169
1694441556211 44.65727329148911 170
1694441556254 44.61952139477872 171
1694441556292 43.96956072954985 172
1694441556329 44.104492872328564 173
1694441556373 43.425647490834564 174
1694441556428 43.305937300080124 175
1694441556474 43.243991942221385 176
1694441556519 42.47128149713934 177
1694441556560 42.409476824804955 178
1694441556597 42.14062515641392 179
1694441556635 41.856689560626954 180
1694441556679 41.231135477177325 181
1694441556723 40.902569331327165 182
1694441556767 40.41852013546557 183
1694441556808 40.54311956085163 184
1694441556847 39.9221604966399 185
1694441556886 39.728678344295545 186
1694441556927 39.79610562347654 187
1694441556972 38.671446202229326 188
1694441557015 39.017495406286336 189
1694441557055 38.64719659340062 190
1694441557096 38.57998238332221 191
1694441557134 37.6672281395963 192
1694441557172 38.18113439616353 193
1694441557209 37.299196418721344 194
1694441557248 37.237301315978 195
1694441557289 37.11586345014996 196
1694441557331 36.61517067483543 197
1694441557371 36.17997349793288 198
1694441557411 35.94306525379639 199
1694441557450 36.01629306415038 200
1694441557491 35.43537128698445 201
1694441557531 35.300357685011186 202
1694441557572 34.71103655124124 203
1694441557613 34.78276260858912 204
1694441557653 34.510150329681956 205
1694441557693 33.844291919038376 206
1694441557735 34.2043402298966 207
1694441557775 34.15950750759897 208
1694441557811 33.67680379041023 209
1694441557848 33.3391127242481 210
1694441557884 32.96746022956557 211
1694441557931 32.74560723334851 212
1694441557971 32.58664052210306 213
1694441558007 32.24666377155375 214
1694441558046 31.873435491902484 215
1694441558089 32.12612320972719 216
1694441558131 31.51596829785488 217
1694441558168 31.39942735151828 218
1694441558206 31.563007133601502 219
1694441558241 30.939841599048385 220
1694441558282 30.689011475776272 221
1694441558322 30.308496558402332 222
1694441558368 30.154756989847844 223
1694441558407 30.021186118571332 224
1694441558447 29.932322168008834 225
1694441558488 29.770960788183988 226
1694441558530 29.296384358251622 227
1694441558570 29.179908765422322 228
1694441558609 29.197571037468844 229
1694441558645 28.610870196273574 230
1694441558686 28.608070453995527 231
1694441558729 28.274194230037562 232
1694441558771 28.099105657209694 233
1694441558817 27.87618026923922 234
1694441558861 27.749261102386285 235
1694441558908 27.711939189309167 236
1694441558948 27.246130837328607 237
1694441558996 26.8059969513061 238
1694441559042 27.09845417884667 239
1694441559079 26.688826899307116 240
1694441559120 26.52425290001892 241
1694441559157 26.34400154926356 242
1694441559197 26.15190256796853 243
1694441559244 25.72061183484567 244
1694441559283 25.60998914579859 245
1694441559327 25.612379441297055 246
1694441559368 25.189449173520224 247
1694441559406 25.050305448554663 248
1694441559446 24.821407241230084 249
1694441559494 24.91825274024216 250
1694441559542 24.51845183558067 251
1694441559586 24.56349970640823 252
1694441559623 24.223114394964437 253
1694441559661 24.03866372136644 254
1694441559697 23.856240407941527 255
1694441559734 23.793435049241115 256
1694441559769 23.580138064887713 257
1694441559805 23.18896330010665 258
1694441559843 23.383770808595074 259
1694441559881 23.007588234716604 260
1694441559920 23.142150335347452 261
1694441559957 22.756900056974168 262
1694441559997 22.536181799093566 263
1694441560036 22.387264225203413 264
1694441560076 22.553236616213628 265
1694441560112 22.29238353127272 266
1694441560152 21.982095183399608 267
1694441560191 21.741127763730294 268
1694441560230 21.73043996302413 269
1694441560268 21.32701915180957 270
1694441560308 21.47584502578596 271
1694441560348 21.120280432204236 272
1694441560390 20.826422051566674 273
1694441560427 20.8820890611405 274
1694441560467 20.710124084484804 275
1694441560503 20.49305743932823 276
1694441560539 20.348271192996116 277
1694441560579 20.028517247192553 278
1694441560616 20.151257827563672 279
1694441560655 19.834087861331447 280
1694441560697 19.781869034516227 281
1694441560735 19.79653926039735 282
1694441560776 19.513181919775267 283
1694441560815 19.260450234248616 284
1694441560857 19.386874287694088 285
1694441560895 19.26545960078948 286
1694441560936 19.0726449972308 287
1694441560977 18.772353150909346 288
1694441561015 18.758275305327544 289
1694441561058 18.39999199774734 290
1694441561094 18.553753812931628 291
1694441561132 18.43454980277383 292
1694441561169 18.492375087650952 293
1694441561205 18.148941239332768 294
1694441561243 17.741757642802074 295
1694441561280 18.042254787919646 296
1694441561319 17.913500407387282 297
1694441561364 17.568390038025743 298
1694441561403 17.430004182190164 299
1694441561441 17.420787042014886 300
1694441561482 17.326863669282428 301
1694441561523 17.261689352574408 302
1694441561562 16.96003498245458 303
1694441561601 16.83413574849586 304
1694441561638 16.887816980390543 305
1694441561683 16.512723987420127 306
1694441561723 16.572881837160864 307
1694441561768 16.586037688432864 308
1694441561816 16.150936537623284 309
1694441561858 16.10718800775189 310
1694441561899 15.98749701576969 311
1694441561941 15.911945049705908 312
1694441561983 15.835384387963272 313
1694441562021 15.802121003716495 314
1694441562060 15.719602062447802 315
1694441562101 15.457009700541848 316
1694441562134 15.485851375707334 317
1694441562178 15.3796061702629 318
1694441562215 15.351288405279215 319
1694441562253 15.120535829023426 320
1694441562290 15.002361186624361 321
1694441562331 14.986399010284188 322
1694441562366 14.787035107229862 323
1694441562403 14.70102778144015 324
1694441562442 14.577412355847272 325
1694441562479 14.510225330048328 326
1694441562514 14.45069730673245 327
1694441562551 14.287123383697235 328
1694441562591 14.231857502288145 329
1694441562625 14.236409800241196 330
1694441562667 13.978551787063449 331
1694441562707 13.955906492136558 332
1694441562744 13.839709923697127 333
1694441562786 13.779441743779426 334
1694441562822 13.546800560930858 335
1694441562857 13.404722807861114 336
1694441562896 13.48629707901332 337
1694441562933 13.30878553619476 338
1694441562976 13.125701478037971 339
1694441563013 13.133780982190105 340
1694441563051 13.250326182868397 341
1694441563095 12.81818260117978 342
1694441563131 12.944982719750634 343
1694441563168 12.864150002296537 344
1694441563208 12.702323345652205 345
1694441563245 12.731501735332277 346
1694441563285 12.551656507868556 347
1694441563325 12.38018040623929 348
1694441563363 12.471450703547406 349
1694441563401 12.290760321775123 350
1694441563440 12.302185542298112 351
1694441563483 12.071207571588099 352
1694441563523 11.977432143532376 353
1694441563556 12.090973159024058 354
1694441563595 11.884275710592739 355
1694441563633 11.800213697272449 356
1694441563673 11.803535292248592 357
1694441563709 11.606570330388251 358
1694441563745 11.397645838486534 359
1694441563786 11.42134648077939 360
1694441563823 11.385549556087547 361
1694441563866 11.169439450751783 362
1694441563906 11.262892364909085 363
1694441563947 11.252207960091786 364
1694441563988 11.143081109758041 365
1694441564027 10.976360985336193 366
1694441564066 11.132108848402913 367
1694441564106 10.888446659038083 368
1694441564144 10.901757793874042 369
1694441564181 10.858611969161764 370
1694441564219 10.601939957750778 371
1694441564259 10.561792071872594 372
1694441564298 10.49827676549797 373
1694441564338 10.537696763238026 374
1694441564379 10.449981794297226 375
1694441564420 10.32310628840301 376
1694441564456 10.227695203175864 377
1694441564495 10.124867546525948 378
1694441564539 10.04324430017979 379
1694441564578 10.143395092382903 380
1694441564620 9.860966491869544 381
1694441564660 10.058129078408642 382
1694441564700 9.864609681610231 383
1694441564741 9.816763257708176 384
1694441564779 9.840545837277428 385
1694441564818 9.545155094750488 386
1694441564855 9.689819617688824 387
1694441564895 9.52136646749399 388
1694441564934 9.555558363892333 389
1694441564984 9.518599682187178 390
1694441565028 9.327103522993626 391
1694441565070 9.201990906094657 392
1694441565122 9.156822977594087 393
1694441565164 9.219513224132614 394
1694441565217 9.130320758840833 395
1694441565280 9.111301789065116 396
1694441565344 9.029412729980427 397
1694441565397 8.999074030577075 398
1694441565442 8.955344176462283 399
1694441565492 8.814147087191289 400
1694441565531 8.730144290002636 401
1694441565572 8.681671565854145 402
1694441565610 8.673012377195866 403
1694441565648 8.584044331293349 404
1694441565689 8.514496705159441 405
1694441565731 8.541171137055114 406
1694441565773 8.361946488268126 407
1694441565811 8.517584960562333 408
1694441565847 8.35555099094726 409
1694441565887 8.374128456216257 410
1694441565927 8.242390710362283 411
1694441565968 8.252947154238395 412
1694441566013 8.203008919275995 413
1694441566049 8.216330222914292 414
1694441566088 8.132667877008766 415
1694441566130 8.032918150536675 416
1694441566173 7.9823167286098275 417
1694441566218 7.850898507954869 418
1694441566261 7.8520008698677115 419
1694441566300 7.747827655048547 420
1694441566337 7.725946554932656 421
1694441566375 7.70616578584486 422
1694441566411 7.698442810018668 423
1694441566452 7.640806356178014 424
1694441566488 7.523059797719748 425
1694441566532 7.397160305637792 426
1694441566576 7.45394574072189 427
1694441566619 7.4553555498509825 428
1694441566663 7.369049739660627 429
1694441566703 7.356964141691312 430
1694441566743 7.284575382428391 431
1694441566780 7.206460854185898 432
1694441566815 7.2521755291358 433
1694441566850 7.248917505873735 434
1694441566887 7.004990743218029 435
1694441566926 7.097829454722751 436
1694441566963 6.984252194910398 437
1694441567001 7.010476439158153 438
1694441567042 6.893939523260575 439
1694441567080 6.930883530103652 440
1694441567120 6.936298491495091 441
1694441567168 6.842444423967641 442
1694441567211 6.800730803189733 443
1694441567251 6.707566768890124 444
1694441567290 6.672299630765683 445
1694441567329 6.625752485783873 446
1694441567369 6.598284589572743 447
1694441567407 6.479113595917438 448
1694441567446 6.493333212209122 449
1694441567487 6.505956703101261 450
1694441567527 6.479086091050625 451
1694441567569 6.411346442273357 452
1694441567611 6.324111843797245 453
1694441567650 6.303798488091909 454
1694441567692 6.251849247992675 455
1694441567734 6.166144014663525 456
1694441567776 6.186779058507607 457
1694441567814 6.152922554030373 458
1694441567853 6.036460456397367 459
1694441567894 6.113077104753962 460
1694441567937 6.039774957603115 461
1694441567982 5.879596227352995 462
1694441568027 6.030003875675486 463
1694441568071 5.909046753231212 464
1694441568110 5.88542088227581 465
1694441568148 5.804992909417867 466
1694441568187 5.865477432434875 467
1694441568226 5.7007089736546686 468
1694441568266 5.838659880558505 469
1694441568306 5.702924319797475 470
1694441568340 5.735213077036677 471
1694441568381 5.701016795781077 472
1694441568416 5.572390907435131 473
1694441568455 5.524678514670101 474
1694441568493 5.624529416285555 475
1694441568535 5.494721214429151 476
1694441568569 5.495489147731685 477
1694441568602 5.528553413636349 478
1694441568639 5.44398461793964 479
1694441568678 5.421492701508507 480
1694441568712 5.448477886009562 481
1694441568754 5.344253035508491 482
1694441568791 5.26998109056087 483
1694441568830 5.318582858913802 484
1694441568874 5.311995995819028 485
1694441568914 5.229364521407715 486
1694441568959 5.2356746303778205 487
1694441569004 5.221582916702452 488
1694441569051 5.1796447566362325 489
1694441569094 5.162135011387611 490
1694441569140 5.126138188335125 491
1694441569181 5.052943363879299 492
1694441569223 5.063887284703092 493
1694441569271 4.99999310558883 494
1694441569317 5.085747595578408 495
1694441569370 4.961762456465381 496
1694441569412 4.816772042584937 497
1694441569454 4.963352956563553 498
1694441569493 4.838639191182762 499
