1694440464428 0.0 0
1694440464771 0.0 1
1694440465184 0.0 2
1694440465595 0.0 3
1694440465940 0.0 4
1694440466259 0.0 5
1694440466561 0.0 6
1694440466850 0.0 7
1694440467145 0.0 8
1694440467436 0.0 9
1694440467728 0.0 10
1694440468027 0.0 11
1694440468357 0.0 12
1694440468655 0.0 13
1694440468956 0.0 14
1694440469241 0.0 15
1694440469568 0.0 16
1694440469855 0.0 17
1694440470190 0.0 18
1694440470497 0.0 19
1694440470846 0.0 20
1694440471173 0.0 21
1694440471506 0.0 22
1694440471869 0.0 23
1694440472206 0.0 24
1694440472544 0.0 25
1694440472838 0.0 26
1694440473135 0.0 27
1694440473431 0.0 28
1694440473726 0.0 29
1694440474038 0.0 30
1694440474354 0.0 31
1694440474668 0.0 32
1694440474997 0.0 33
1694440475339 0.0 34
1694440475674 0.0 35
1694440475974 0.0 36
1694440476277 0.0 37
1694440476602 0.0 38
1694440476902 0.0 39
1694440477200 0.0 40
1694440477506 0.0 41
1694440477829 0.0 42
1694440478157 0.0 43
1694440478488 0.0 44
1694440478823 0.0 45
1694440479113 0.0 46
1694440479442 0.0 47
1694440479767 0.0 48
1694440480055 0.0 49
1694440480360 0.0 50
1694440480668 0.0 51
1694440480995 0.0 52
1694440481325 0.0 53
1694440481639 0.0 54
1694440481944 0.0 55
1694440482241 0.0 56
1694440482558 0.0 57
1694440482878 0.0 58
1694440483210 0.0 59
1694440483542 0.0 60
1694440483845 0.0 61
1694440484179 0.0 62
1694440484497 0.0 63
1694440484791 0.0 64
1694440485124 0.0 65
1694440485454 0.0 66
1694440485763 0.0 67
1694440486051 0.0 68
1694440486338 0.0 69
1694440486650 0.0 70
1694440486947 0.0 71
1694440487256 0.0 72
1694440487583 0.0 73
1694440487908 0.0 74
1694440488209 0.0 75
1694440488533 0.0 76
1694440488831 0.0 77
1694440489141 0.0 78
1694440489428 0.0 79
1694440489709 0.0 80
1694440490023 0.0 81
1694440490339 0.0 82
1694440490651 0.0 83
1694440490962 0.0 84
1694440491262 0.0 85
1694440491610 0.0 86
1694440491917 0.0 87
1694440492261 0.0 88
1694440492557 0.0 89
1694440492992 0.0 90
1694440493331 0.0 91
1694440493649 0.0 92
1694440493964 0.0 93
1694440494257 0.0 94
1694440494585 0.0 95
1694440494905 0.0 96
1694440495239 0.0 97
1694440495556 0.0 98
1694440495852 0.0 99
1694440496143 0.0 100
1694440496444 0.0 101
1694440496761 0.0 102
1694440497088 0.0 103
1694440497384 0.0 104
1694440497691 0.0 105
1694440498012 0.0 106
1694440498332 0.0 107
1694440498646 0.0 108
1694440498986 0.0 109
1694440499278 0.0 110
1694440499582 0.0 111
1694440499902 0.0 112
1694440500218 0.0 113
1694440500548 0.0 114
1694440500857 0.0 115
1694440501168 0.0 116
1694440501489 0.0 117
1694440501806 0.0 118
1694440502138 0.0 119
1694440502462 0.0 120
1694440502764 0.0 121
1694440503054 0.0 122
1694440503338 0.0 123
1694440503621 0.0 124
1694440503931 0.0 125
1694440504283 0.0 126
1694440504586 0.0 127
1694440504908 0.0 128
1694440505222 0.0 129
1694440505546 0.0 130
1694440505871 0.0 131
1694440506193 0.0 132
1694440506525 0.0 133
1694440506829 0.0 134
1694440507130 0.0 135
1694440507455 0.0 136
1694440507764 0.0 137
1694440508055 0.0 138
1694440508363 0.0 139
1694440508690 0.0 140
1694440509019 0.0 141
1694440509337 0.0 142
1694440509654 0.0 143
1694440509980 0.0 144
1694440510294 0.0 145
1694440510620 0.0 146
1694440510908 0.0 147
1694440511245 0.0 148
1694440511583 0.0 149
1694440511934 0.0 150
1694440512252 0.0 151
1694440512596 0.0 152
1694440512946 0.0 153
1694440513304 0.0 154
1694440513630 0.0 155
1694440513975 0.0 156
1694440514271 0.0 157
1694440514608 0.0 158
1694440514944 0.0 159
1694440515238 0.0 160
1694440515559 0.0 161
1694440515921 0.0 162
1694440516187 0.0 163
1694440516506 0.0 164
1694440516841 0.0 165
1694440517141 0.0 166
1694440517463 0.0 167
1694440517793 0.0 168
1694440518131 0.0 169
1694440518451 0.0 170
1694440518762 0.0 171
1694440519109 0.0 172
1694440519417 0.0 173
1694440519726 0.0 174
1694440520056 0.0 175
1694440520379 0.0 176
1694440520715 0.0 177
1694440521018 0.0 178
1694440521331 0.0 179
1694440521686 0.0 180
1694440522020 0.0 181
1694440522335 0.0 182
1694440522690 0.0 183
1694440522997 0.0 184
1694440523337 0.0 185
1694440523672 0.0 186
1694440523997 0.0 187
1694440524337 0.0 188
1694440524641 0.0 189
1694440524949 0.0 190
1694440525260 0.0 191
1694440525552 0.0 192
1694440525882 0.0 193
1694440526227 0.0 194
1694440526552 0.0 195
1694440526870 0.0 196
1694440527189 0.0 197
1694440527519 0.0 198
1694440527845 0.0 199
1694440528165 0.0 200
1694440528487 0.0 201
1694440528798 0.0 202
1694440529137 0.0 203
1694440529461 0.0 204
1694440529746 0.0 205
1694440530031 0.0 206
1694440530330 0.0 207
1694440530671 0.0 208
1694440530964 0.0 209
1694440531283 0.0 210
1694440531585 0.0 211
1694440531877 0.0 212
1694440532239 0.0 213
1694440532568 0.0 214
1694440532880 0.0 215
1694440533201 0.0 216
1694440533530 0.0 217
1694440533877 0.0 218
1694440534202 0.0 219
1694440534537 0.0 220
1694440534854 0.0 221
1694440535165 0.0 222
1694440535491 0.0 223
1694440535801 0.0 224
1694440536140 0.0 225
1694440536447 0.0 226
1694440536776 0.0 227
1694440537108 0.0 228
1694440537434 0.0 229
1694440537770 0.0 230
1694440538084 0.0 231
1694440538421 0.0 232
1694440538748 0.0 233
1694440539040 0.0 234
1694440539349 0.0 235
1694440539660 0.0 236
1694440539980 0.0 237
1694440540271 0.0 238
1694440540573 0.0 239
1694440540880 0.0 240
1694440541207 0.0 241
1694440541526 0.0 242
1694440541849 0.0 243
1694440542182 0.0 244
1694440542505 0.0 245
1694440542836 0.0 246
1694440543136 0.0 247
1694440543461 0.0 248
1694440543757 0.0 249
1694440544062 0.0 250
1694440544389 0.0 251
1694440544698 0.0 252
1694440545007 0.0 253
1694440545307 0.0 254
1694440545619 0.0 255
1694440545927 0.0 256
1694440546241 0.0 257
1694440546559 0.0 258
1694440546842 0.0 259
1694440547165 0.0 260
1694440547494 0.0 261
1694440547802 0.0 262
1694440548136 0.0 263
1694440548447 0.0 264
1694440548763 0.0 265
1694440549078 0.0 266
1694440549402 0.0 267
1694440549723 0.0 268
1694440550060 0.0 269
1694440550384 0.0 270
1694440550702 0.0 271
1694440551004 0.0 272
1694440551336 0.0 273
1694440551662 0.0 274
1694440551962 0.0 275
1694440552270 0.0 276
1694440552595 0.0 277
1694440552910 0.0 278
1694440553198 0.0 279
1694440553523 0.0 280
1694440553847 0.0 281
1694440554168 0.0 282
1694440554484 0.0 283
1694440554808 0.0 284
1694440555105 0.0 285
1694440555412 0.0 286
1694440555765 0.0 287
1694440556081 0.0 288
1694440556408 0.0 289
1694440556726 0.0 290
1694440557055 0.0 291
1694440557372 0.0 292
1694440557697 0.0 293
1694440557991 0.0 294
1694440558283 0.0 295
1694440558677 0.0 296
1694440559010 0.0 297
1694440559287 0.0 298
1694440559623 0.0 299
1694440559937 0.0 300
1694440560215 0.0 301
1694440560554 0.0 302
1694440560875 0.0 303
1694440561186 0.0 304
1694440561502 0.0 305
1694440561789 0.0 306
1694440562096 0.0 307
1694440562440 0.0 308
1694440562749 0.0 309
1694440563063 0.0 310
1694440563439 0.0 311
1694440563736 0.0 312
1694440564073 0.0 313
1694440564404 0.0 314
1694440564710 0.0 315
1694440565029 0.0 316
1694440565351 0.0 317
1694440565669 0.0 318
1694440565957 0.0 319
1694440566264 0.0 320
1694440566587 0.0 321
1694440566848 0.0 322
1694440567169 0.0 323
1694440567478 0.0 324
1694440567795 0.0 325
1694440568122 0.0 326
1694440568426 0.0 327
1694440568741 0.0 328
1694440569036 0.0 329
1694440569325 0.0 330
1694440569631 0.0 331
1694440569930 0.0 332
1694440570198 0.0 333
1694440570499 0.0 334
1694440570807 0.0 335
1694440571117 0.0 336
1694440571427 0.0 337
1694440571727 0.0 338
1694440572059 0.0 339
1694440572396 0.0 340
1694440572707 0.0 341
1694440572981 0.0 342
1694440573260 0.0 343
1694440573657 0.0 344
1694440573993 0.0 345
1694440574278 0.0 346
1694440574575 0.0 347
1694440574892 0.0 348
1694440575216 0.0 349
1694440575552 0.0 350
1694440575839 0.0 351
1694440576167 0.0 352
1694440576484 0.0 353
1694440576809 0.0 354
1694440577147 0.0 355
1694440577481 0.0 356
1694440577805 0.0 357
1694440578163 0.0 358
1694440578465 0.0 359
1694440578788 0.0 360
1694440579133 0.0 361
1694440579475 0.0 362
1694440579802 0.0 363
1694440580140 0.0 364
1694440580462 0.0 365
1694440580772 0.0 366
1694440581115 0.0 367
1694440581419 0.0 368
1694440581745 0.0 369
1694440582084 0.0 370
1694440582343 0.0 371
1694440582675 0.0 372
1694440582984 0.0 373
1694440583280 0.0 374
1694440583614 0.0 375
1694440583934 0.0 376
1694440584234 0.0 377
1694440584525 0.0 378
1694440584843 0.0 379
1694440585159 0.0 380
1694440585468 0.0 381
1694440585802 0.0 382
1694440586119 0.0 383
1694440586440 0.0 384
1694440586772 0.0 385
1694440587102 0.0 386
1694440587408 0.0 387
1694440587737 0.0 388
1694440588021 0.0 389
1694440588309 0.0 390
1694440588604 0.0 391
1694440588943 0.0 392
1694440589267 0.0 393
1694440589575 0.0 394
1694440589901 0.0 395
1694440590241 0.0 396
1694440590585 0.0 397
1694440590917 0.0 398
1694440591233 0.0 399
1694440591570 0.0 400
1694440591889 0.0 401
1694440592218 0.0 402
1694440592528 0.0 403
1694440592847 0.0 404
1694440593142 0.0 405
1694440593465 0.0 406
1694440593778 0.0 407
1694440594085 0.0 408
1694440594380 0.0 409
1694440594685 0.0 410
1694440595021 0.0 411
1694440595332 0.0 412
1694440595631 0.0 413
1694440595934 0.0 414
1694440596220 0.0 415
1694440596610 0.0 416
1694440596950 0.0 417
1694440597262 0.0 418
1694440597580 0.0 419
1694440597847 0.0 420
1694440598159 0.0 421
1694440598460 0.0 422
1694440598756 0.0 423
1694440599075 0.0 424
1694440599372 0.0 425
1694440599693 0.0 426
1694440599996 0.0 427
1694440600297 0.0 428
1694440600628 0.0 429
1694440600944 0.0 430
1694440601258 0.0 431
1694440601550 0.0 432
1694440601860 0.0 433
1694440602198 0.0 434
1694440602546 0.0 435
1694440602826 0.0 436
1694440603154 0.0 437
1694440603482 0.0 438
1694440603788 0.0 439
1694440604103 0.0 440
1694440604410 0.0 441
1694440604751 0.0 442
1694440605062 0.0 443
1694440605385 0.0 444
1694440605678 0.0 445
1694440605977 0.0 446
1694440606287 0.0 447
1694440606607 0.0 448
1694440606918 0.0 449
1694440607261 0.0 450
1694440607594 0.0 451
1694440607911 0.0 452
1694440608231 0.0 453
1694440608558 0.0 454
1694440608879 0.0 455
1694440609188 0.0 456
1694440609494 0.0 457
1694440609806 0.0 458
1694440610130 0.0 459
1694440610449 0.0 460
1694440610800 0.0 461
1694440611095 0.0 462
1694440611384 0.0 463
1694440611684 0.0 464
1694440611999 0.0 465
1694440612286 0.0 466
1694440612567 0.0 467
1694440612879 0.0 468
1694440613186 0.0 469
1694440613520 0.0 470
1694440613838 0.0 471
1694440614129 0.0 472
1694440614431 0.0 473
1694440614753 0.0 474
1694440615050 0.0 475
1694440615373 0.0 476
1694440615663 0.0 477
1694440615994 0.0 478
1694440616315 0.0 479
1694440616626 0.0 480
1694440616952 0.0 481
1694440617295 0.0 482
1694440617571 0.0 483
1694440617885 0.0 484
1694440618199 0.0 485
1694440618524 0.0 486
1694440618812 0.0 487
1694440619124 0.0 488
1694440619406 0.0 489
1694440619728 0.0 490
1694440620035 0.0 491
1694440620366 0.0 492
1694440620685 0.0 493
1694440620991 0.0 494
1694440621302 0.0 495
1694440621566 0.0 496
1694440621893 0.0 497
1694440622209 0.0 498
1694440622530 0.0 499
