1694440464417 0.2901896609787716 0
1694440464763 0.1575148768085139 1
1694440465162 0.03942828613900784 2
1694440465580 0.00673043356278 3
1694440465930 0.08787663865244362 4
1694440466250 0.40836065531722515 5
1694440466554 0.00037509112056635364 6
1694440466843 0.0022374107465077094 7
1694440467134 0.0011259100075794153 8
1694440467426 0.004749876451803415 9
1694440467721 0.010890892166652894 10
1694440468020 0.013262314876584526 11
1694440468345 0.05790968474807489 12
1694440468644 0.14438484857831968 13
1694440468946 0.02287412096825978 14
1694440469231 0.02901594403974628 15
1694440469557 0.4865645594201081 16
1694440469845 0.1693286083433074 17
1694440470178 0.263268413735632 18
1694440470488 0.007293586803238375 19
1694440470837 0.06968234591577276 20
1694440471163 1.0218072411349178e-06 21
1694440471494 2.628881954089e-05 22
1694440471855 0.01860043879636395 23
1694440472193 0.1983785847557047 24
1694440472535 0.0030201282153481147 25
1694440472828 0.12857906897421564 26
1694440473127 0.22205795319829183 27
1694440473421 0.08185587882913621 28
1694440473717 0.03631840225168006 29
1694440474028 0.03783776687974243 30
1694440474343 0.057485825101459706 31
1694440474659 0.002483707976203673 32
1694440474988 0.29786008143033754 33
1694440475329 0.4485780485347746 34
1694440475663 0.02517552662923388 35
1694440475961 0.0018959259609690757 36
1694440476266 0.1517541240627455 37
1694440476593 0.2577924684973557 38
1694440476888 0.03300652889294979 39
1694440477191 0.0013620371772858414 40
1694440477494 0.1350067138252984 41
1694440477819 0.3485593632314445 42
1694440478146 0.19098648627614254 43
1694440478477 0.09021878731896923 44
1694440478813 0.14843261696878307 45
1694440479104 1.3985035092725369e-05 46
1694440479432 0.0009032761671812688 47
1694440479759 0.2359362352390586 48
1694440480043 0.0696646100933247 49
1694440480349 0.04896620185720998 50
1694440480656 6.976177211477122e-07 51
1694440480984 0.5332797035633808 52
1694440481317 0.17162876008469552 53
1694440481629 0.02328371814669069 54
1694440481936 0.015397163672366458 55
1694440482229 0.0029996510597355237 56
1694440482546 0.03740621062676563 57
1694440482869 0.02361552687476408 58
1694440483201 0.4430124363787558 59
1694440483531 0.01996144490539455 60
1694440483837 0.00560973466079122 61
1694440484168 0.1230582746708877 62
1694440484488 0.002117306990990896 63
1694440484782 0.02921737231085044 64
1694440485114 0.00021533746913261924 65
1694440485443 0.0022807687902898174 66
1694440485755 0.4644197075825376 67
1694440486042 0.0889587651736453 68
1694440486331 0.05606751098927776 69
1694440486642 0.7214834886637199 70
1694440486937 0.2218741744292382 71
1694440487244 0.005803551321076535 72
1694440487573 0.45327490746109134 73
1694440487897 0.15808394333400635 74
1694440488202 0.03403295140706516 75
1694440488524 0.28652337910958 76
1694440488823 1.9901742603358324e-05 77
1694440489133 0.18954201800013373 78
1694440489420 0.29701809748577745 79
1694440489700 0.2837891517275212 80
1694440490014 0.0633090852718287 81
1694440490330 0.36227766216133966 82
1694440490643 0.08223774178059322 83
1694440490953 0.016067693132093965 84
1694440491252 0.06361730486283626 85
1694440491601 0.10557559796177973 86
1694440491906 0.00661313682290103 87
1694440492247 0.005404198524584422 88
1694440492546 0.18204396665132752 89
1694440492983 0.008703829406467446 90
1694440493322 0.051353061775713874 91
1694440493640 0.02075489891763457 92
1694440493953 0.0008239238668599117 93
1694440494248 0.34192359586467586 94
1694440494575 0.35948678088852226 95
1694440494895 0.0203866622086208 96
1694440495228 0.20275374843356292 97
1694440495544 6.308172976285418e-05 98
1694440495840 0.6322197449912115 99
1694440496134 0.017541049494712576 100
1694440496435 0.566569862939609 101
1694440496752 0.004436782374528631 102
1694440497077 0.03707551293482045 103
1694440497373 0.06828265357487054 104
1694440497682 0.007439839616407565 105
1694440498004 0.006675696046117111 106
1694440498324 0.12203603960182971 107
1694440498639 0.24948567568713007 108
1694440498975 0.0730397647783688 109
1694440499269 0.14670015091592123 110
1694440499572 0.14617678217893662 111
1694440499891 0.032914930200831465 112
1694440500207 0.10304702037312076 113
1694440500538 0.23155491451815374 114
1694440500847 0.006895372212183 115
1694440501157 0.286005404816128 116
1694440501480 0.07626961373705686 117
1694440501797 0.03485431683022866 118
1694440502127 0.018277806439072307 119
1694440502455 0.01620909489668202 120
1694440502754 0.0858369119037981 121
1694440503047 0.2406553014643494 122
1694440503326 0.054184075881784644 123
1694440503612 0.0003481888953191579 124
1694440503922 0.7207115940591574 125
1694440504274 0.08576723929066564 126
1694440504577 0.10571211888017552 127
1694440504901 0.7070569116680121 128
1694440505212 0.03170912410866335 129
1694440505537 0.362729675446528 130
1694440505860 0.45242848937478564 131
1694440506185 0.012533459780553957 132
1694440506516 0.05606709768286241 133
1694440506819 0.027399838457268285 134
1694440507122 0.033223610318212866 135
1694440507443 0.000870349702868551 136
1694440507753 0.007264588847963267 137
1694440508046 0.008063498470931622 138
1694440508355 0.041831011869601704 139
1694440508680 0.06486544892498157 140
1694440509008 0.08541171425094969 141
1694440509327 0.0030134557944071303 142
1694440509645 0.4161613082719191 143
1694440509971 0.11234010228555631 144
1694440510286 0.0008422057640286449 145
1694440510610 0.02285158966842608 146
1694440510897 0.09271890006999191 147
1694440511232 0.06563293900329494 148
1694440511573 0.4452718998984458 149
1694440511922 0.16761488286967055 150
1694440512240 0.09177696510621042 151
1694440512586 0.04320918496319729 152
1694440512934 0.02488099566148691 153
1694440513293 0.008003101371138662 154
1694440513621 0.08376286580832898 155
1694440513965 0.03804758609674723 156
1694440514257 0.0028513327221989823 157
1694440514598 0.10406519940365211 158
1694440514934 0.005831894218780268 159
1694440515231 0.013636066746156599 160
1694440515548 0.0046217862131341094 161
1694440515912 0.04161473116414773 162
1694440516144 0.2541191306161092 163
1694440516495 0.024103837508626432 164
1694440516832 0.19020914313017534 165
1694440517130 0.33503145419458963 166
1694440517455 0.056050702137709074 167
1694440517783 0.004405362342045802 168
1694440518120 0.007304191398577026 169
1694440518441 0.04673863008953239 170
1694440518753 0.4864127544007653 171
1694440519101 0.0021704590024251387 172
1694440519406 0.017037862958353966 173
1694440519715 0.22846082446654525 174
1694440520046 0.4727593750047836 175
1694440520370 0.08989138634525946 176
1694440520706 0.03740000910379306 177
1694440521010 0.04939523455079553 178
1694440521322 0.00010912614801472061 179
1694440521677 0.00020034217945268015 180
1694440522008 0.01641399124256219 181
1694440522326 0.27937085907730197 182
1694440522680 0.33810943760252304 183
1694440522986 0.023073124450843866 184
1694440523324 0.1124509441667008 185
1694440523662 0.00028660004519236355 186
1694440523989 0.0003678510983670988 187
1694440524328 0.053805522909954204 188
1694440524630 1.2582940668273886e-05 189
1694440524939 0.4898733526233301 190
1694440525250 0.21074755624198624 191
1694440525542 0.3720867792636493 192
1694440525871 0.03140807047140591 193
1694440526218 0.02423774284525725 194
1694440526543 0.03529083366515811 195
1694440526859 0.37290197698079786 196
1694440527177 0.10411746282338627 197
1694440527508 0.0001273566348563474 198
1694440527838 0.0252130179980137 199
1694440528156 0.015263183590630006 200
1694440528475 0.16991490567143475 201
1694440528789 0.014011940335516952 202
1694440529127 0.17413290759424077 203
1694440529452 0.00045411679893303465 204
1694440529739 0.011909515709817266 205
1694440530023 0.005329039501743423 206
1694440530319 0.012488924692398594 207
1694440530660 0.04512062116670835 208
1694440530956 0.006522693168920399 209
1694440531273 0.009162720674048568 210
1694440531574 0.35370216239552327 211
1694440531868 0.048407651524880566 212
1694440532227 0.00034880981943001316 213
1694440532557 0.06041570049004544 214
1694440532869 0.004219379564725956 215
1694440533194 0.05658541942680224 216
1694440533521 0.19485547692308738 217
1694440533869 0.5722451786247982 218
1694440534193 0.6913193917304263 219
1694440534526 0.12475446007845761 220
1694440534844 0.3121810967622315 221
1694440535156 0.0004698545320325878 222
1694440535482 0.24645747834829604 223
1694440535790 0.11054814784605893 224
1694440536131 0.006526311453092339 225
1694440536437 0.038955075580855474 226
1694440536769 0.002482159751133938 227
1694440537097 0.07544087839811205 228
1694440537424 0.6666840420760947 229
1694440537761 0.080654703988544 230
1694440538075 0.04220750999410921 231
1694440538413 0.2292120887087492 232
1694440538739 0.26193453914148684 233
1694440539029 0.06997208107259137 234
1694440539340 0.14613838729623976 235
1694440539651 0.1173991250288448 236
1694440539971 0.4896458222405843 237
1694440540261 0.09261845806666151 238
1694440540564 0.018723528684087384 239
1694440540873 0.02650473686358836 240
1694440541197 0.2519302912781406 241
1694440541514 0.002020166701926753 242
1694440541842 0.00016159054473261896 243
1694440542173 0.734813465698474 244
1694440542496 0.2911551462849185 245
1694440542825 0.0829111474181733 246
1694440543126 0.07204973245029986 247
1694440543450 0.007789222150872795 248
1694440543748 0.23210470927512333 249
1694440544054 3.8490755521694366e-05 250
1694440544378 0.016238427808463008 251
1694440544690 0.23085570023273855 252
1694440544996 0.0005078701716384215 253
1694440545297 0.0011215562580158178 254
1694440545608 0.29904725815502925 255
1694440545914 0.049629973470390276 256
1694440546229 0.06108857709145718 257
1694440546550 0.3572388648674828 258
1694440546835 0.0003643233113828302 259
1694440547158 0.0032536570881238477 260
1694440547487 0.03133186530338183 261
1694440547793 0.26072779364113674 262
1694440548124 0.22864683006098507 263
1694440548439 0.001633288802658247 264
1694440548756 1.2059024382326222 265
1694440549070 0.006619444191295399 266
1694440549392 0.15349081666836165 267
1694440549712 0.4013257343330583 268
1694440550049 3.4994689544721852e-06 269
1694440550374 0.08312675292151046 270
1694440550692 0.031932069465401294 271
1694440550993 0.2555738710148233 272
1694440551328 0.19661192777735936 273
1694440551651 0.014146189583712858 274
1694440551955 0.02978902774776222 275
1694440552261 0.02494813329963121 276
1694440552587 0.0022653454410534197 277
1694440552898 0.30974277169499537 278
1694440553188 0.041887117349505905 279
1694440553512 0.46624302434488935 280
1694440553835 0.05824815617429156 281
1694440554158 0.1466840154864766 282
1694440554476 0.030538408365358448 283
1694440554795 0.015177718567748182 284
1694440555095 0.06010828478518028 285
1694440555402 0.005331005437538906 286
1694440555755 0.002746263691892443 287
1694440556071 0.00012527739193600988 288
1694440556399 0.00021220333844140666 289
1694440556716 0.003968957216986075 290
1694440557044 0.0653471411066991 291
1694440557362 0.1547534939384814 292
1694440557689 0.5425611555076647 293
1694440557983 0.0006308445745135104 294
1694440558274 0.031412441228084335 295
1694440558665 0.02453190616763735 296
1694440558998 0.35601158591294707 297
1694440559276 0.05403127746018654 298
1694440559595 0.01226127272064917 299
1694440559926 0.09906332633785579 300
1694440560206 0.006054508378058416 301
1694440560545 0.00012821022798302143 302
1694440560866 0.003014018942697478 303
1694440561179 9.297800705051224e-06 304
1694440561495 0.21265904713843717 305
1694440561778 0.027509228177121675 306
1694440562087 0.003879514678409747 307
1694440562431 0.0029941908829109786 308
1694440562740 0.005505846702397414 309
1694440563054 0.004550301415002587 310
1694440563429 0.06043604106456434 311
1694440563727 0.02599986807352409 312
1694440564062 0.08490158286291487 313
1694440564393 0.02658221170451721 314
1694440564700 0.08306396944776291 315
1694440565020 0.00039074870668902843 316
1694440565341 0.004154341067925137 317
1694440565660 0.1412623246828109 318
1694440565948 0.07839531166420309 319
1694440566254 0.006379136336185786 320
1694440566576 0.0006255943210835241 321
1694440566840 0.05716371372784551 322
1694440567161 0.00033586455719686857 323
1694440567470 0.1831200289778704 324
1694440567787 0.1366126371893304 325
1694440568113 0.024536076223679117 326
1694440568416 0.07595814329799261 327
1694440568731 0.3143064372532825 328
1694440569025 0.007124009917909708 329
1694440569315 0.14145698236132703 330
1694440569622 0.20765370627604848 331
1694440569920 0.03532619600267957 332
1694440570191 0.0028068916005655 333
1694440570490 0.0029384892799528936 334
1694440570798 0.45728957753944033 335
1694440571108 0.09742926135914136 336
1694440571420 0.03655323002951991 337
1694440571719 0.3196892320675003 338
1694440572049 0.19641191759245738 339
1694440572388 0.2866178937205888 340
1694440572698 0.1690652433197216 341
1694440572972 7.781125250690763e-05 342
1694440573253 0.034307426074849184 343
1694440573649 0.21571465409803386 344
1694440573986 0.03032023102280517 345
1694440574271 0.01848502454910188 346
1694440574564 0.02019875286366439 347
1694440574884 0.02579390578926046 348
1694440575207 0.49095424740432225 349
1694440575544 0.04818105782613106 350
1694440575831 0.01955830227174312 351
1694440576156 0.004354675540475863 352
1694440576476 0.15629962927399493 353
1694440576801 0.09364781351871142 354
1694440577138 0.0014108668058668617 355
1694440577470 0.34859442833188103 356
1694440577797 0.9328129862128541 357
1694440578153 0.14824186268095838 358
1694440578457 0.037917424397753405 359
1694440578776 0.020656908574013057 360
1694440579123 0.0003265665908562433 361
1694440579462 0.043905227126521805 362
1694440579791 0.0004697108623816261 363
1694440580129 0.6567511278077919 364
1694440580453 0.31457630802352654 365
1694440580762 0.10038662384209547 366
1694440581106 0.05109285653521531 367
1694440581405 0.07206016672935399 368
1694440581735 0.02350465543950475 369
1694440582074 0.010740611548343349 370
1694440582337 0.08533540313118863 371
1694440582664 0.001757648208493569 372
1694440582974 0.05849671833722808 373
1694440583271 0.010889353908176505 374
1694440583604 0.010766194016748392 375
1694440583923 0.11742697883590443 376
1694440584225 0.05757616573585829 377
1694440584514 0.05613115977480828 378
1694440584833 1.1442499397806716 379
1694440585148 0.06458034261415281 380
1694440585458 0.003935534169424869 381
1694440585793 0.29782697801008345 382
1694440586108 1.7020840762020597 383
1694440586432 0.12045735192150386 384
1694440586761 0.06301737020707464 385
1694440587093 0.08329599441394925 386
1694440587397 0.2537837939525221 387
1694440587727 0.7310614301799656 388
1694440588010 0.01774574409099721 389
1694440588300 0.01163561211533924 390
1694440588596 0.097790623411506 391
1694440588933 0.03309766684225716 392
1694440589258 0.16115469871950966 393
1694440589566 0.04449184367716909 394
1694440589889 0.0678204566763564 395
1694440590232 0.09246870257996027 396
1694440590575 0.0300861428818793 397
1694440590907 0.25211161543317445 398
1694440591225 8.129242885471001e-05 399
1694440591560 0.026486476995223773 400
1694440591878 0.0022303327459205708 401
1694440592209 0.2047409635659845 402
1694440592518 0.012435488595582812 403
1694440592841 0.42409009376306056 404
1694440593131 0.011734370671528637 405
1694440593456 0.3280610396019273 406
1694440593767 0.7515570433564256 407
1694440594073 0.018738767205429472 408
1694440594372 0.048138027346454226 409
1694440594670 0.03999833606806062 410
1694440595011 0.17301016251692045 411
1694440595324 0.26112057195256877 412
1694440595622 0.02554752814253823 413
1694440595927 0.06879582672643035 414
1694440596213 0.0004034972601122374 415
1694440596595 0.014976981945248774 416
1694440596939 0.1576247445988481 417
1694440597251 0.02885218919748201 418
1694440597571 0.11878175489622833 419
1694440597839 0.016346203584700666 420
1694440598150 0.11584645277088573 421
1694440598450 0.32055974013748056 422
1694440598746 0.47206802774598594 423
1694440599067 0.048569498078808414 424
1694440599361 0.12942582553191098 425
1694440599683 0.48062722914686523 426
1694440599984 0.0229116856095763 427
1694440600289 0.022972545913115882 428
1694440600620 0.0027085920783886546 429
1694440600933 0.1528274984060714 430
1694440601249 0.08280976133254436 431
1694440601543 0.06078517117196985 432
1694440601851 0.60929134797961 433
1694440602188 0.1844939338028858 434
1694440602536 0.04638528599472741 435
1694440602816 0.18205987202888507 436
1694440603140 0.07916649229067475 437
1694440603474 0.018769922035739788 438
1694440603779 0.07358315182904808 439
1694440604095 0.07646616243986935 440
1694440604401 0.06753561773617954 441
1694440604742 0.20178668127982696 442
1694440605055 0.007423393824116244 443
1694440605376 0.06746966324767846 444
1694440605668 0.018709505797924138 445
1694440605968 0.20332200956057594 446
1694440606276 0.1055295473523761 447
1694440606599 0.1333735343546766 448
1694440606908 0.2876168131915352 449
1694440607251 0.0034732303510203416 450
1694440607586 0.0055089349892237845 451
1694440607900 0.14786582237912668 452
1694440608223 0.1195422649712966 453
1694440608546 0.013387037289977605 454
1694440608871 0.003099702533977219 455
1694440609178 2.3215456096746248e-05 456
1694440609484 0.09126407242473264 457
1694440609797 0.0005838712635329646 458
1694440610122 0.015209354680608049 459
1694440610441 0.22724871437995042 460
1694440610783 0.05706593885773177 461
1694440611083 0.0001729241886874234 462
1694440611373 0.1032185618561475 463
1694440611676 0.0316411389460271 464
1694440611989 0.14719642527015253 465
1694440612276 0.4787221452110915 466
1694440612559 3.0971194810619844e-06 467
1694440612871 0.005892436620833138 468
1694440613177 0.03415999619450422 469
1694440613509 0.03223482361073065 470
1694440613829 0.0726922084887368 471
1694440614119 0.13851640065984017 472
1694440614422 0.028932820721299265 473
1694440614743 0.023372956383447697 474
1694440615039 1.107497293420683 475
1694440615363 0.08241767822804781 476
1694440615655 0.01652537492909446 477
1694440615985 0.37517579102499116 478
1694440616307 0.2419708948400887 479
1694440616617 0.03084259636952095 480
1694440616942 0.25394049098526406 481
1694440617284 0.02379653412382857 482
1694440617559 0.5015607379331314 483
1694440617875 0.04104103369436229 484
1694440618192 0.020203248068636066 485
1694440618516 0.017978754330710573 486
1694440618805 0.40154855493275915 487
1694440619117 0.025134067323371936 488
1694440619397 0.2984372329909586 489
1694440619718 0.004151210912379943 490
1694440620025 0.00461393061776959 491
1694440620357 0.3320881778233187 492
1694440620675 0.04445945467609167 493
1694440620981 0.004810257102894997 494
1694440621291 0.040186821096258464 495
1694440621559 0.0014583083988958714 496
1694440621879 0.009531278207090965 497
1694440622201 0.04870507666921013 498
1694440622521 0.013051617009779267 499
