1694444232949 -0.005154912817998181 0
1694444232981 -0.005248263042410661 1
1694444233014 -0.005278450361183795 2
1694444233044 -0.004916249932091832 3
1694444233075 -0.0049346385750108634 4
1694444233106 -0.005202237434838608 5
1694444233139 -0.005053248998251769 6
1694444233175 -0.005566808171414861 7
1694444233216 -0.005125486501085463 8
1694444233252 -0.005255725491683405 9
1694444233282 -0.005093750960941668 10
1694444233313 -0.005081083246567308 11
1694444233343 -0.005056179623287083 12
1694444233377 -0.004503662906264694 13
1694444233409 -0.005044619106534309 14
1694444233438 -0.004825240125694297 15
1694444233471 -0.005331014456220418 16
1694444233502 -0.00514024796389978 17
1694444233532 -0.005621036253754097 18
1694444233564 -0.004555353724312594 19
1694444233596 -0.005214068949521922 20
1694444233628 -0.005136812231065102 21
1694444233658 -0.005018085133215111 22
1694444233693 -0.0049594489788822305 23
1694444233723 -0.004726171603959939 24
1694444233752 -0.004739014662719976 25
1694444233785 -0.004588847419703335 26
1694444233818 -0.0046166077812501705 27
1694444233850 -0.004496185333920044 28
1694444233883 -0.005149803322721747 29
1694444233915 -0.005324247074163013 30
1694444233946 -0.005048211282623782 31
1694444233978 -0.004925670417735617 32
1694444234012 -0.004915591515622708 33
1694444234044 -0.004742319947588891 34
1694444234075 -0.005624520889974782 35
1694444234107 -0.004383039580313053 36
1694444234141 -0.004959350218346925 37
1694444234180 -0.005303853782907986 38
1694444234211 -0.004918392061693311 39
1694444234242 -0.005528104260781763 40
1694444234274 -0.004683380573803575 41
1694444234305 -0.005001796647848611 42
1694444234338 -0.004893729268960811 43
1694444234376 -0.005285738860159039 44
1694444234405 -0.00503760380843743 45
1694444234435 -0.004968009893419056 46
1694444234466 -0.005235000504792753 47
1694444234498 -0.00564685101650686 48
1694444234530 -0.004370858332941152 49
1694444234563 -0.004746061925605671 50
1694444234595 -0.004996917177480409 51
1694444234626 -0.0046205770944300895 52
1694444234655 -0.0048720568989450985 53
1694444234688 -0.005040174411258924 54
1694444234720 -0.005082770625673749 55
1694444234751 -0.004530742278830102 56
1694444234782 -0.0051172672679524744 57
1694444234813 -0.004958176783599999 58
1694444234845 -0.00527979115667665 59
1694444234877 -0.005006192181262525 60
1694444234908 -0.004301671511456773 61
1694444234937 -0.005170384685650342 62
1694444234968 -0.005151744611749276 63
1694444235000 -0.005128291683551778 64
1694444235032 -0.004432046368664011 65
1694444235062 -0.00476978959454466 66
1694444235093 -0.004977814073034548 67
1694444235125 -0.004879909190831144 68
1694444235157 -0.004544566536898165 69
1694444235192 -0.004501744325245749 70
1694444235221 -0.00457421488573706 71
1694444235252 -0.004610847710991406 72
1694444235284 -0.004519905404976932 73
1694444235317 -0.004481163197134874 74
1694444235351 -0.004854317342157355 75
1694444235383 -0.004519597872337133 76
1694444235417 -0.00467847320759196 77
1694444235450 -0.004094945570705777 78
1694444235486 -0.004547093657237822 79
1694444235516 -0.0037161897916768716 80
1694444235549 -0.004686541641833131 81
1694444235583 -0.005003883144609533 82
1694444235613 -0.004622044078032461 83
1694444235644 -0.004749266692375409 84
1694444235677 -0.004032893735458121 85
1694444235707 -0.004400819019354296 86
1694444235737 -0.004581175114500624 87
1694444235769 -0.0035613028856436024 88
1694444235800 -0.004334285665684945 89
1694444235833 -0.003900233173815826 90
1694444235869 -0.003652900530139558 91
1694444235901 -0.00406730811091105 92
1694444235936 -0.004306776325665007 93
1694444235968 -0.00408340493594106 94
1694444236000 -0.0041521743213268625 95
1694444236033 -0.00419388932697351 96
1694444236065 -0.0038908926510943243 97
1694444236097 -0.0035012295423688666 98
1694444236129 -0.003918617879410169 99
1694444236171 -0.003830178184948352 100
1694444236209 -0.0039774668199956675 101
1694444236240 -0.004543282241455948 102
1694444236271 -0.004323032920188652 103
1694444236302 -0.004017788991877547 104
1694444236333 -0.003991273015171437 105
1694444236365 -0.004064630431103389 106
1694444236396 -0.00412270105882051 107
1694444236428 -0.0041355834054292995 108
1694444236459 -0.003484310598801832 109
1694444236493 -0.0035064823297372705 110
1694444236524 -0.004209491315215308 111
1694444236554 -0.0038248639982119137 112
1694444236587 -0.003886957027608995 113
1694444236619 -0.004180200331123762 114
1694444236650 -0.003758658225671674 115
1694444236682 -0.003057614232968575 116
1694444236712 -0.0039110215132767134 117
1694444236743 -0.00317897153438218 118
1694444236773 -0.0035203331961028983 119
1694444236804 -0.003009827185815217 120
1694444236836 -0.003234684628369955 121
1694444236867 -0.0038690549729609724 122
1694444236898 -0.0029269092313910505 123
1694444236930 -0.0032880989636454583 124
1694444236960 -0.003666339637588445 125
1694444236992 -0.003283536751154781 126
1694444237026 -0.003530900211270671 127
1694444237057 -0.0029922455163933215 128
1694444237088 -0.003008908968840096 129
1694444237124 -0.002868856276055709 130
1694444237155 -0.0029439850888213215 131
1694444237191 -0.002664073260089994 132
1694444237223 -0.002226197760528903 133
1694444237254 -0.0025303690381086597 134
1694444237287 -0.0032917211108338673 135
1694444237321 -0.002786993379648939 136
1694444237351 -0.002185542427239895 137
1694444237389 -0.00274635250820654 138
1694444237421 -0.003266942942078188 139
1694444237454 -0.0028354781688231245 140
1694444237491 -0.002238109401538013 141
1694444237525 -0.0024078376031175797 142
1694444237560 -0.00277590490634827 143
1694444237593 -0.002653254191319565 144
1694444237624 -0.0026405388844032984 145
1694444237656 -0.0026152084095811823 146
1694444237692 -0.003040118402009684 147
1694444237725 -0.00193102044093596 148
1694444237761 -0.0025246080606160515 149
1694444237801 -0.0023133014787888317 150
1694444237842 -0.002331803923627085 151
1694444237875 -0.003111163766750469 152
1694444237909 -0.002647296928351528 153
1694444237943 -0.0017693948797905534 154
1694444237978 -0.0023425925823095106 155
1694444238013 -0.0014069845313657847 156
1694444238049 -0.001988414881188616 157
1694444238083 -0.0021675365224234078 158
1694444238113 -0.002482777917080181 159
1694444238147 -0.001554378081126906 160
1694444238184 -0.0017232293748479233 161
1694444238217 -0.002302822026775564 162
1694444238250 -0.002482383479033512 163
1694444238284 -0.002507209795409082 164
1694444238340 -0.001744741709134745 165
1694444238395 -0.0017716780159979795 166
1694444238448 -0.0019500206537688136 167
1694444238480 -0.001299247943715498 168
1694444238512 -0.0009012124996663484 169
1694444238544 -0.0015001197194812743 170
1694444238580 -0.0013996846335551094 171
1694444238616 -0.001075993083278437 172
1694444238654 -0.0018338689329950864 173
1694444238686 -0.002283902756132772 174
1694444238728 -0.0014049872400321295 175
1694444238768 -0.0011857182586034742 176
1694444238803 -0.0010370762795064437 177
1694444238837 -0.0002818337534549187 178
1694444238875 -0.002184943688759766 179
1694444238911 -0.0010449982816096437 180
1694444238943 -0.0014138781572463621 181
1694444238976 -0.0002739039889603223 182
1694444239010 0.0004102030960406733 183
1694444239045 -0.001276157663086419 184
1694444239081 -0.0010032089817324508 185
1694444239117 -0.001283842469828933 186
1694444239154 -0.0006664490179049132 187
1694444239197 -3.505421096394734e-05 188
1694444239236 -0.0007207997198075411 189
1694444239273 -0.0014354569942303108 190
1694444239310 -0.0007983548280758868 191
1694444239347 0.0007611476217347368 192
1694444239388 -6.184801121666972e-05 193
1694444239426 0.00023552336661980533 194
1694444239461 -0.001052462523473574 195
1694444239495 -0.0012518789046085388 196
1694444239537 -3.5865457632455744e-05 197
1694444239575 -0.00034555322538865063 198
1694444239615 0.00041403632206216123 199
1694444239659 -0.0002261245215808838 200
1694444239701 0.0004944820685002238 201
1694444239735 0.00018538537959111867 202
1694444239773 0.0017100484736768395 203
1694444239814 0.0007640462055107378 204
1694444239852 0.0004199026538281858 205
1694444239889 -0.0003547237192702557 206
1694444239928 0.00020529743708963544 207
1694444239962 0.0018931653083702482 208
1694444239999 0.0005264331175691694 209
1694444240036 0.0009631233688168761 210
1694444240078 0.0002392551419525546 211
1694444240112 0.0011341007553958837 212
1694444240143 0.0025083702732798807 213
1694444240177 0.0009963984564872463 214
1694444240212 0.001700597544785909 215
1694444240242 0.002174409188287596 216
1694444240272 0.0016384607386144001 217
1694444240307 0.0007662225519629029 218
1694444240340 0.0022197402223121943 219
1694444240377 0.0015197917761607949 220
1694444240407 0.002449368228103488 221
1694444240437 0.0017427121552882063 222
1694444240472 0.002725552829783928 223
1694444240503 0.0015970663351971837 224
1694444240534 0.0036748241212400945 225
1694444240566 0.0020611354730978304 226
1694444240600 0.00344069801852509 227
1694444240630 0.002540992026514921 228
1694444240662 0.0026943081865276053 229
1694444240693 0.0026156545912814355 230
1694444240723 0.0037019203707001624 231
1694444240754 0.005965772788559698 232
1694444240786 0.0023478107353992472 233
1694444240818 0.0033405011033104115 234
1694444240849 0.003067916126572534 235
1694444240882 0.002715782005188516 236
1694444240914 0.0035552196105475 237
1694444240944 0.004101489165168504 238
1694444240974 0.004703505362506966 239
1694444241005 0.004038933271785394 240
1694444241038 0.003760105552090609 241
1694444241074 0.00286479909790871 242
1694444241106 0.0037647986147090196 243
1694444241137 0.00445769828387399 244
1694444241169 0.0037344583124898634 245
1694444241204 0.005407306288412905 246
1694444241236 0.004804038002579447 247
1694444241268 0.003374064066430038 248
1694444241303 0.006427228741110902 249
1694444241337 0.0056913923643375774 250
1694444241370 0.004914883786618196 251
1694444241404 0.005880686870288532 252
1694444241435 0.005278218269959778 253
1694444241467 0.004344691527025213 254
1694444241501 0.00569984774385246 255
1694444241533 0.005578898595416826 256
1694444241566 0.005596845534732164 257
1694444241597 0.008000488425441099 258
1694444241629 0.008146612280941157 259
1694444241662 0.008311392055798117 260
1694444241696 0.007503631642798436 261
1694444241728 0.006017433485501322 262
1694444241760 0.00596776499381102 263
1694444241792 0.006679878902964398 264
1694444241822 0.005921813079733829 265
1694444241852 0.007566060528568452 266
1694444241884 0.007419780163009815 267
1694444241918 0.00765723002764418 268
1694444241949 0.007536602280840743 269
1694444241980 0.009732142685993872 270
1694444242009 0.007489036771801572 271
1694444242041 0.008088272941847663 272
1694444242073 0.00905592800463939 273
1694444242106 0.006784224430067987 274
1694444242137 0.007894473067246444 275
1694444242171 0.00906470748055277 276
1694444242203 0.010116861137026367 277
1694444242235 0.009656307893646465 278
1694444242269 0.01078782829782965 279
1694444242300 0.010300559170104417 280
1694444242333 0.009181960934571909 281
1694444242365 0.00744260387724105 282
1694444242398 0.0109383025345684 283
1694444242431 0.010611096294509181 284
1694444242465 0.00818469598595506 285
1694444242498 0.009891940100795749 286
1694444242533 0.010224358272928669 287
1694444242565 0.008496128616522602 288
1694444242596 0.012151221308858262 289
1694444242626 0.01111100592986658 290
1694444242657 0.012641290077341827 291
1694444242690 0.013526577853588906 292
1694444242722 0.010300014671140723 293
1694444242754 0.010829090761586446 294
1694444242788 0.012445927678110813 295
1694444242821 0.012730925161692275 296
1694444242853 0.011975059826138779 297
1694444242885 0.011746647517708042 298
1694444242918 0.011046941794933929 299
1694444242950 0.012254637977508809 300
1694444242982 0.014607621287332062 301
1694444243013 0.012512367018957415 302
1694444243046 0.012913327970302313 303
1694444243078 0.013403270381843302 304
1694444243110 0.01526232066252553 305
1694444243139 0.010548227129117183 306
1694444243173 0.01259858964532512 307
1694444243208 0.016181357719364464 308
1694444243238 0.016822767073360834 309
1694444243269 0.014315461430890353 310
1694444243299 0.01730636242599115 311
1694444243331 0.01476620274492868 312
1694444243362 0.015889100482540663 313
1694444243394 0.014389515991528379 314
1694444243424 0.015167662874221999 315
1694444243455 0.017156073715762332 316
1694444243486 0.01442745771719689 317
1694444243518 0.016419709440812724 318
1694444243553 0.01626331074786702 319
1694444243585 0.014780021244641173 320
1694444243617 0.018978164254842333 321
1694444243649 0.015193511647517366 322
1694444243682 0.01947427829088222 323
1694444243714 0.01805557925418466 324
1694444243747 0.013264655342837162 325
1694444243779 0.017081876318615907 326
1694444243810 0.01647807467157736 327
1694444243842 0.016357029873884987 328
1694444243871 0.018266149138341348 329
1694444243904 0.021873214184008116 330
1694444243934 0.01917401319797951 331
1694444243965 0.018312721148608935 332
1694444244001 0.015926822921530137 333
1694444244037 0.02131002488543321 334
1694444244072 0.01839445737628842 335
1694444244104 0.020658798953048896 336
1694444244136 0.02356552480125118 337
1694444244171 0.01570090727629092 338
1694444244203 0.02328262568905526 339
1694444244237 0.021726082716926776 340
1694444244269 0.018790733257376346 341
1694444244303 0.021723288645332794 342
1694444244334 0.02193940619524426 343
1694444244368 0.023919920904445502 344
1694444244400 0.018670986522245192 345
1694444244432 0.028540902573320204 346
1694444244463 0.024086172564378283 347
1694444244493 0.026764014441600814 348
1694444244528 0.0208039322849074 349
1694444244560 0.0236627660030454 350
1694444244593 0.02134841185709435 351
1694444244624 0.026480781825389266 352
1694444244655 0.018236446053171984 353
1694444244685 0.02913478980273021 354
1694444244716 0.026611704754301635 355
1694444244750 0.029783044936697367 356
1694444244782 0.0223261803024547 357
1694444244813 0.025295531340797317 358
1694444244845 0.02732609860235302 359
1694444244875 0.028977233274036562 360
1694444244906 0.024603613357565224 361
1694444244937 0.028412495321334275 362
1694444244967 0.0290666779171328 363
1694444244997 0.027178202620523506 364
1694444245027 0.02776287474258743 365
1694444245060 0.030679588780915923 366
1694444245091 0.02909625893351886 367
1694444245122 0.029057867485689504 368
1694444245153 0.025433327301371933 369
1694444245187 0.028120067376947278 370
1694444245219 0.029036914213925735 371
1694444245250 0.03367877926983287 372
1694444245282 0.03317750430406441 373
1694444245315 0.03578565315617366 374
1694444245345 0.03259652117254552 375
1694444245377 0.03462589336906596 376
1694444245407 0.033362909868082324 377
1694444245439 0.030072959437100866 378
1694444245470 0.03516199970016198 379
1694444245501 0.03252839023707743 380
1694444245533 0.03356106750205734 381
1694444245565 0.03600722220951469 382
1694444245594 0.03553817304647677 383
1694444245627 0.03236754558290755 384
1694444245659 0.03364014599074694 385
1694444245690 0.03519027667343466 386
1694444245721 0.035163794491809064 387
1694444245752 0.03712729132591219 388
1694444245782 0.03294758418427668 389
1694444245816 0.03701223976330803 390
1694444245847 0.037675466731443175 391
1694444245878 0.04085152276031845 392
1694444245909 0.038169961333984426 393
1694444245939 0.04112871930378992 394
1694444245971 0.044198192061305486 395
1694444246002 0.037528853317079336 396
1694444246033 0.04098205607139671 397
1694444246064 0.042029290325059865 398
1694444246094 0.04089972890872917 399
1694444246126 0.047052672242822835 400
1694444246159 0.04205598129338162 401
1694444246191 0.040962694506045616 402
1694444246222 0.04579242382009585 403
1694444246254 0.0538836037121635 404
1694444246284 0.040079982472555176 405
1694444246315 0.037668443737154944 406
1694444246346 0.04776870265878874 407
1694444246378 0.047718229217504904 408
1694444246409 0.04048605274106398 409
1694444246440 0.04877172724995271 410
1694444246471 0.046675841705595356 411
1694444246501 0.045343314025954706 412
1694444246531 0.04403724253835606 413
1694444246563 0.04712716938597683 414
1694444246594 0.04542551221285562 415
1694444246624 0.04417125829816215 416
1694444246655 0.055226068760502844 417
1694444246684 0.057433272699082716 418
1694444246718 0.046619121224505844 419
1694444246748 0.044910874265054246 420
1694444246780 0.0523882177245103 421
1694444246811 0.056139079400551295 422
1694444246841 0.047135014765721794 423
1694444246872 0.048139779044686026 424
1694444246903 0.04518345944892932 425
1694444246932 0.05362022544359568 426
1694444246964 0.05252315105502403 427
1694444246994 0.05404354623857799 428
1694444247025 0.054138966012411305 429
1694444247056 0.051261782783120435 430
1694444247086 0.054540898990007025 431
1694444247118 0.053372491906605535 432
1694444247147 0.05686765557405926 433
1694444247187 0.05220202130398699 434
1694444247219 0.05683708580749691 435
1694444247250 0.0630929342485339 436
1694444247281 0.05510801444763136 437
1694444247311 0.05951066601027655 438
1694444247342 0.061110853607250326 439
1694444247375 0.05623150058860549 440
1694444247408 0.06671584106044592 441
1694444247439 0.05872380457593951 442
1694444247471 0.06727641399631412 443
1694444247503 0.0647408033866056 444
1694444247533 0.06435566035994222 445
1694444247566 0.058479008191710036 446
1694444247596 0.057541918551496374 447
1694444247625 0.06815849906611005 448
1694444247657 0.06731068462443013 449
1694444247689 0.06295182238308117 450
1694444247720 0.06761934620249965 451
1694444247750 0.06055634709226543 452
1694444247780 0.07010053265481864 453
1694444247811 0.06860381828754891 454
1694444247842 0.06526825174208195 455
1694444247877 0.06443915321868199 456
1694444247908 0.06694342168331169 457
1694444247943 0.07008801631414618 458
1694444247976 0.08080630228887298 459
1694444248005 0.0722751244841705 460
1694444248035 0.08060596929553598 461
1694444248067 0.0828500393173347 462
1694444248098 0.06829126952927578 463
1694444248129 0.0731724897974868 464
1694444248161 0.06981059863422612 465
1694444248196 0.08846655814000626 466
1694444248227 0.07616422044994997 467
1694444248259 0.08240712363154201 468
1694444248289 0.07972386536184584 469
1694444248320 0.07587545693823694 470
1694444248353 0.0806114929772177 471
1694444248386 0.06518035686096368 472
1694444248418 0.08026832565632624 473
1694444248450 0.0820439659902461 474
1694444248482 0.0935151673503638 475
1694444248512 0.07658937592907145 476
1694444248543 0.07764940581343982 477
1694444248575 0.08060099673811194 478
1694444248607 0.08626208017805614 479
1694444248639 0.08705568148906417 480
1694444248674 0.07495139765092806 481
1694444248704 0.08878286571075922 482
1694444248735 0.08029832323858088 483
1694444248764 0.10154436705181347 484
1694444248795 0.07978403989518712 485
1694444248826 0.09203040062327583 486
1694444248855 0.08906860269720562 487
1694444248884 0.09052760282886385 488
1694444248916 0.08426593703688867 489
1694444248947 0.0963859330456508 490
1694444248978 0.09025897212485301 491
1694444249009 0.09806207167956549 492
1694444249038 0.10362990745174683 493
1694444249070 0.08380396730240869 494
1694444249100 0.10107179284036383 495
1694444249131 0.10534833423306611 496
1694444249163 0.1104242784076489 497
1694444249195 0.10189140425413135 498
1694444249225 0.10533608353501822 499
