1694444232941 177.25346152894738 0
1694444232974 176.97361945481614 1
1694444233006 174.27647471767673 2
1694444233036 172.46866412037485 3
1694444233067 172.16881034345872 4
1694444233098 171.36386296257757 5
1694444233132 168.49185124657797 6
1694444233165 167.2219723500374 7
1694444233206 167.6382051410052 8
1694444233245 165.19319328856093 9
1694444233275 163.1793703081084 10
1694444233306 162.46044920079444 11
1694444233335 161.17295055409343 12
1694444233370 160.5235934617955 13
1694444233401 157.38156402510828 14
1694444233432 157.3224385639346 15
1694444233464 157.02366739369523 16
1694444233495 155.6095995957257 17
1694444233526 153.38178754173038 18
1694444233556 152.74953781452987 19
1694444233588 151.07518941761873 20
1694444233619 151.09048243068722 21
1694444233650 149.3565495272522 22
1694444233685 148.64554286840314 23
1694444233715 147.21994117710062 24
1694444233746 145.35659600855726 25
1694444233778 145.52698771493047 26
1694444233810 142.50927619005432 27
1694444233843 141.13793613573978 28
1694444233876 142.10896065771303 29
1694444233907 139.06137527235074 30
1694444233937 137.98219544351883 31
1694444233971 136.897109770473 32
1694444234003 136.12082181257873 33
1694444234036 135.55402156365537 34
1694444234067 133.2148384531249 35
1694444234100 132.9985611030812 36
1694444234132 131.97932854277852 37
1694444234171 132.34156761649226 38
1694444234204 130.28788118702084 39
1694444234235 130.0319565576866 40
1694444234267 129.22683064224196 41
1694444234298 126.59112921374948 42
1694444234329 124.74583500655831 43
1694444234368 124.92458841795803 44
1694444234399 123.4663517980108 45
1694444234428 122.10139422989818 46
1694444234459 122.43382849879683 47
1694444234491 120.28836116484304 48
1694444234520 120.04891116047352 49
1694444234555 119.50751799575661 50
1694444234586 116.96997465001208 51
1694444234618 116.82735839971524 52
1694444234648 115.75368533310427 53
1694444234681 115.71173178002026 54
1694444234713 112.98068548010711 55
1694444234744 113.38043922668444 56
1694444234775 112.12268511931914 57
1694444234807 111.68592229252567 58
1694444234837 111.64179536685221 59
1694444234869 111.02109344525034 60
1694444234900 108.38302664465317 61
1694444234930 108.06223183496293 62
1694444234960 107.43418369607453 63
1694444234993 106.25303624010469 64
1694444235024 105.13945628692528 65
1694444235053 105.01581603510432 66
1694444235085 105.12959477497196 67
1694444235116 103.1571225420342 68
1694444235151 101.57445124268688 69
1694444235185 101.60873607259502 70
1694444235215 100.28134155850137 71
1694444235245 100.06602950696717 72
1694444235276 99.105549433885 73
1694444235310 97.91975888598034 74
1694444235343 97.02359716384605 75
1694444235377 95.45944447555077 76
1694444235409 95.73441734812431 77
1694444235443 95.25187526871282 78
1694444235479 95.11067470673106 79
1694444235510 94.12057585208873 80
1694444235542 91.91388922866301 81
1694444235575 92.61403525305619 82
1694444235606 91.50412615225572 83
1694444235636 90.06324626705806 84
1694444235668 90.21670091450703 85
1694444235700 89.43313676615259 86
1694444235730 88.45452518669727 87
1694444235761 87.93423558307222 88
1694444235793 86.99354029662105 89
1694444235826 86.25983402016868 90
1694444235861 85.51119579644285 91
1694444235894 84.82138509207806 92
1694444235927 84.42449560491585 93
1694444235961 83.56802683716005 94
1694444235993 82.53322789418334 95
1694444236027 83.166544885978 96
1694444236057 81.26827172624503 97
1694444236089 81.26263147427372 98
1694444236121 80.575699025325 99
1694444236162 80.4425783685567 100
1694444236199 78.85370742239041 101
1694444236233 78.97299773352019 102
1694444236264 78.07450575882645 103
1694444236295 77.42441952814153 104
1694444236326 75.70426306167982 105
1694444236359 75.59686439497015 106
1694444236388 75.37366247877937 107
1694444236420 74.49426825646461 108
1694444236451 74.00581744827313 109
1694444236485 73.18205549654802 110
1694444236517 73.22442947385147 111
1694444236547 72.63036626950124 112
1694444236580 71.65401563978364 113
1694444236612 71.32193627904348 114
1694444236643 70.4227303008425 115
1694444236674 69.9085118919958 116
1694444236704 69.80525076757488 117
1694444236734 69.17353874846519 118
1694444236766 68.31258557394236 119
1694444236797 68.04204898394741 120
1694444236828 67.70705224837651 121
1694444236861 67.36512990529089 122
1694444236891 66.34716528911407 123
1694444236923 66.1624490502952 124
1694444236953 65.3298556028609 125
1694444236983 64.09591111481285 126
1694444237019 64.20592186039684 127
1694444237050 63.931951117222916 128
1694444237081 63.85346987049967 129
1694444237115 62.774911619270185 130
1694444237149 62.30231598932818 131
1694444237183 62.122470869740596 132
1694444237215 60.8843064048031 133
1694444237247 60.97378106787081 134
1694444237279 60.07548873928904 135
1694444237314 59.65917671044715 136
1694444237344 59.468772483773016 137
1694444237380 58.47871011484281 138
1694444237414 58.633633860373756 139
1694444237447 58.33193253775419 140
1694444237481 57.98277528260257 141
1694444237516 56.919576646468855 142
1694444237551 55.80762156447277 143
1694444237583 55.84847529200662 144
1694444237615 56.05958255118859 145
1694444237650 55.53059183626153 146
1694444237683 54.64863476688273 147
1694444237718 53.7122363246327 148
1694444237751 53.7328574259117 149
1694444237790 53.35171133001506 150
1694444237834 52.79520439397892 151
1694444237865 52.993035312915175 152
1694444237900 52.10762702549116 153
1694444237934 52.50140437876672 154
1694444237969 51.13778001683401 155
1694444238002 50.41873588440875 156
1694444238042 50.69102211707456 157
1694444238073 50.09518303748748 158
1694444238106 49.64753592850247 159
1694444238138 49.12142967939736 160
1694444238177 48.48565182057041 161
1694444238210 49.14329589809089 162
1694444238243 47.98236057302954 163
1694444238277 47.99817984575324 164
1694444238326 46.92866544368327 165
1694444238387 47.37838423124079 166
1694444238441 46.60788920136736 167
1694444238472 46.50105566174763 168
1694444238505 46.3958837942011 169
1694444238536 45.69742120367906 170
1694444238571 45.55474170681545 171
1694444238609 45.087512946710106 172
1694444238643 44.53173357961112 173
1694444238677 44.159597678398924 174
1694444238718 43.563289869284894 175
1694444238759 43.33280009968843 176
1694444238797 43.133647057799394 177
1694444238830 42.52550793803163 178
1694444238866 42.00825216459435 179
1694444238902 41.95736931107188 180
1694444238934 41.77061148554956 181
1694444238967 41.58412053078932 182
1694444239000 40.939103067359 183
1694444239034 40.8853554194218 184
1694444239071 40.395820810705516 185
1694444239111 40.43852171982848 186
1694444239145 40.139450686569845 187
1694444239188 39.48227506351764 188
1694444239228 39.283247889270314 189
1694444239266 38.82863581535702 190
1694444239301 38.73083708709935 191
1694444239335 38.17183074214929 192
1694444239380 37.796354269349216 193
1694444239416 37.84165416405113 194
1694444239452 37.44129352182023 195
1694444239486 37.78360476460612 196
1694444239528 36.59186012104402 197
1694444239565 36.32333176508545 198
1694444239604 36.08130179986348 199
1694444239647 35.72123378882293 200
1694444239694 35.86780095412501 201
1694444239728 35.310783446668836 202
1694444239763 35.07430828168155 203
1694444239804 34.56531859468451 204
1694444239844 34.615745409927214 205
1694444239881 34.166033152008744 206
1694444239916 34.09615450330202 207
1694444239954 33.76347648467752 208
1694444239988 33.251921138911655 209
1694444240028 32.72560980271384 210
1694444240070 32.80115651591068 211
1694444240104 32.46464461850984 212
1694444240135 32.220891728379804 213
1694444240168 31.86322240664812 214
1694444240205 31.935819010669434 215
1694444240234 31.42274433246139 216
1694444240266 31.162068908956254 217
1694444240299 31.106617374276368 218
1694444240332 30.514911290242402 219
1694444240368 30.912510191065753 220
1694444240400 30.202468840892205 221
1694444240431 30.047695317081107 222
1694444240464 29.74348498337234 223
1694444240496 29.376449156354923 224
1694444240528 29.236985566359454 225
1694444240559 28.92068639314361 226
1694444240592 29.01604790347712 227
1694444240622 28.47831087175621 228
1694444240653 28.459029651190953 229
1694444240685 28.35016428400958 230
1694444240716 28.29023872526486 231
1694444240747 27.723733109616287 232
1694444240778 27.455417876734913 233
1694444240810 27.60648329645282 234
1694444240843 27.15302510220469 235
1694444240873 27.182143569528268 236
1694444240907 26.883632833534616 237
1694444240937 26.309565659258343 238
1694444240967 26.225012039764742 239
1694444240997 26.057188885778416 240
1694444241030 25.9350373471883 241
1694444241064 25.465295530412124 242
1694444241099 25.734465497832804 243
1694444241131 25.22464051625931 244
1694444241162 25.05988631209789 245
1694444241197 24.803943498112524 246
1694444241229 24.60098852603022 247
1694444241261 24.649382556772263 248
1694444241295 24.352147745020833 249
1694444241329 24.17469138777515 250
1694444241363 23.919156290883237 251
1694444241396 23.58086127243167 252
1694444241429 23.834890137377254 253
1694444241460 23.318452685418563 254
1694444241495 22.79185204618307 255
1694444241526 23.04084042115741 256
1694444241558 22.914100907297094 257
1694444241590 22.62533009992357 258
1694444241620 22.611777644150223 259
1694444241654 22.11373099565225 260
1694444241689 21.944691757685096 261
1694444241720 21.838246067432227 262
1694444241751 21.668593352126926 263
1694444241783 21.497228218720878 264
1694444241815 21.394931477623967 265
1694444241846 21.356493999496667 266
1694444241877 20.965202744261088 267
1694444241909 20.914572217611177 268
1694444241941 20.625838739153256 269
1694444241971 20.53918907174194 270
1694444242002 20.37036570074496 271
1694444242033 20.150292973096466 272
1694444242066 19.917395860635004 273
1694444242097 19.673245111736573 274
1694444242130 19.631271461295313 275
1694444242164 19.82478082781498 276
1694444242197 19.302554243945945 277
1694444242228 19.45714328311691 278
1694444242261 19.296895738522068 279
1694444242294 18.910948856664213 280
1694444242327 18.999496387284452 281
1694444242359 18.631173670661216 282
1694444242390 18.45474288778643 283
1694444242423 18.62528525612875 284
1694444242458 18.55388142139881 285
1694444242490 18.160965367140516 286
1694444242524 17.88773315050666 287
1694444242557 17.63530302210415 288
1694444242589 17.869128258417124 289
1694444242618 17.49109511721688 290
1694444242649 17.314706431844915 291
1694444242682 17.13508930788816 292
1694444242715 17.154713433680122 293
1694444242748 17.04865755111013 294
1694444242780 16.721655592644815 295
1694444242814 16.616097794813886 296
1694444242846 16.570801061102827 297
1694444242878 16.59131543003316 298
1694444242910 16.325837668557014 299
1694444242943 15.990767506574617 300
1694444242975 15.871043094802232 301
1694444243006 15.93176234663525 302
1694444243038 15.875737699031964 303
1694444243070 15.639420400465438 304
1694444243101 15.60433489071194 305
1694444243133 15.425178888570247 306
1694444243165 15.141639135608173 307
1694444243199 14.94893922265201 308
1694444243231 14.95421525263466 309
1694444243262 14.87355264966707 310
1694444243292 14.721069953680635 311
1694444243324 14.584707613172665 312
1694444243354 14.71853435848497 313
1694444243385 14.520896791961855 314
1694444243418 14.528606586529758 315
1694444243448 14.275664029116268 316
1694444243479 14.25434626660727 317
1694444243511 14.326995595495635 318
1694444243545 13.747772517122558 319
1694444243578 13.874883386565807 320
1694444243610 13.74132493321367 321
1694444243640 13.747587470063065 322
1694444243675 13.606538373254185 323
1694444243706 13.290399947790837 324
1694444243738 13.302518460718133 325
1694444243770 13.240938579208413 326
1694444243803 13.052979408524987 327
1694444243835 13.130281163692521 328
1694444243865 12.875560415043017 329
1694444243896 12.821785780861513 330
1694444243927 12.761613858546994 331
1694444243957 12.700646413245082 332
1694444243993 12.681871224889388 333
1694444244028 12.328064072661446 334
1694444244064 12.357137193610782 335
1694444244096 12.013631919464624 336
1694444244127 12.001032296254177 337
1694444244162 12.038562088497635 338
1694444244196 11.858000502934217 339
1694444244229 11.65747364314472 340
1694444244262 11.684067366222882 341
1694444244295 11.58036279893329 342
1694444244327 11.560795775165126 343
1694444244362 11.429868212301702 344
1694444244392 11.312385778568224 345
1694444244423 11.05545916591005 346
1694444244456 11.093249586296754 347
1694444244486 11.109131388484565 348
1694444244519 11.049873429263096 349
1694444244552 10.78439652743551 350
1694444244584 10.841560919323507 351
1694444244615 10.77093009140947 352
1694444244647 10.651294257763059 353
1694444244678 10.564567948956187 354
1694444244709 10.460610657602063 355
1694444244743 10.355322496802385 356
1694444244774 10.201433307058725 357
1694444244805 10.246618060160753 358
1694444244837 10.081380554226357 359
1694444244867 9.907743898079207 360
1694444244898 10.095848268974809 361
1694444244929 9.9246511918536 362
1694444244960 9.747078638279184 363
1694444244990 9.766665847250238 364
1694444245021 9.643745197910098 365
1694444245052 9.623533068406763 366
1694444245085 9.41533717010006 367
1694444245115 9.5082307893347 368
1694444245145 9.328297897874187 369
1694444245180 9.320819063821787 370
1694444245211 9.284635775667539 371
1694444245243 9.173043381566973 372
1694444245274 9.259304654841088 373
1694444245306 9.042839929780273 374
1694444245338 9.059488736694842 375
1694444245370 8.773904516957813 376
1694444245400 8.797150488626547 377
1694444245432 8.801057442034798 378
1694444245463 8.628436117980346 379
1694444245494 8.543298508078948 380
1694444245525 8.601225257713981 381
1694444245558 8.500676589150425 382
1694444245587 8.550758069215759 383
1694444245619 8.408392978663692 384
1694444245651 8.276094890846949 385
1694444245682 8.214808048719094 386
1694444245714 8.10800397257849 387
1694444245745 8.19403992501156 388
1694444245776 8.014145003317688 389
1694444245808 7.818841592721308 390
1694444245839 7.81981392504186 391
1694444245870 7.779169334833336 392
1694444245901 7.771809919537437 393
1694444245932 7.662935565000392 394
1694444245964 7.412584727410225 395
1694444245994 7.552594769169391 396
1694444246026 7.513256572308602 397
1694444246056 7.5008717060499395 398
1694444246087 7.41436506814473 399
1694444246118 7.257245770746998 400
1694444246150 7.191602945470235 401
1694444246184 7.2553601026566215 402
1694444246214 7.193769141734172 403
1694444246245 7.040870985126553 404
1694444246277 7.119235592717072 405
1694444246307 7.053273100842996 406
1694444246337 6.782982156542039 407
1694444246371 6.720886616638285 408
1694444246401 6.846394693341778 409
1694444246433 6.7219715982174195 410
1694444246465 6.721701566942715 411
1694444246495 6.6311823651402735 412
1694444246524 6.642080036583355 413
1694444246555 6.656844277535707 414
1694444246587 6.498176043914225 415
1694444246618 6.618004833807181 416
1694444246645 6.485984377360457 417
1694444246678 6.3407914108835355 418
1694444246709 6.282830285433992 419
1694444246741 6.20563159017306 420
1694444246771 6.2235215787610345 421
1694444246803 6.187685903157752 422
1694444246834 6.1938261469834766 423
1694444246865 6.062585698189794 424
1694444246896 6.0299752141615715 425
1694444246924 5.920259305752458 426
1694444246955 5.909800994198531 427
1694444246986 5.8776982694056485 428
1694444247018 5.868551913759745 429
1694444247049 5.805397549151794 430
1694444247079 5.68492496012311 431
1694444247111 5.665931296122559 432
1694444247140 5.791315904977569 433
1694444247180 5.5995351928243835 434
1694444247211 5.482088062415156 435
1694444247242 5.455923514917313 436
1694444247273 5.489147987950397 437
1694444247304 5.465259741007423 438
1694444247335 5.447212065452281 439
1694444247366 5.367696542407968 440
1694444247401 5.252652135144118 441
1694444247432 5.277731043111274 442
1694444247464 5.27568190340601 443
1694444247495 5.1936294881230145 444
1694444247526 5.255784965287932 445
1694444247557 5.096525645232825 446
1694444247588 5.023399133971238 447
1694444247619 5.003175772858511 448
1694444247648 5.008595256617 449
1694444247682 4.977887852863952 450
1694444247712 4.998810345457441 451
1694444247742 5.025354736080428 452
1694444247773 4.854039360587502 453
1694444247803 4.826735273804527 454
1694444247834 4.827278860546273 455
1694444247868 4.778776461735875 456
1694444247901 4.739468950854394 457
1694444247935 4.7389053454438885 458
1694444247967 4.586835916760541 459
1694444247998 4.514521128064792 460
1694444248028 4.585010120473026 461
1694444248059 4.4513109856639295 462
1694444248089 4.58304452624577 463
1694444248121 4.569398934381842 464
1694444248152 4.425584151567474 465
1694444248188 4.323799334990816 466
1694444248220 4.39425773223059 467
1694444248251 4.351329627465584 468
1694444248282 4.211467756545981 469
1694444248312 4.233458861279808 470
1694444248343 4.206298403490507 471
1694444248378 4.264057211748573 472
1694444248411 4.130676158432805 473
1694444248443 4.065647796586705 474
1694444248474 4.070022962412139 475
1694444248504 4.108271475745439 476
1694444248535 4.01479255603241 477
1694444248567 4.074974617011433 478
1694444248600 3.9381406270454256 479
1694444248631 3.9288249938040827 480
1694444248665 3.941295383322057 481
1694444248697 3.8873254455125092 482
1694444248727 3.819988453549558 483
1694444248757 3.7984767094617027 484
1694444248787 3.896242939867721 485
1694444248818 3.73346314371503 486
1694444248848 3.765459072120669 487
1694444248878 3.718563990600417 488
1694444248908 3.6649490952362163 489
1694444248940 3.585397983098116 490
1694444248971 3.586187764152452 491
1694444249002 3.537610541776175 492
1694444249032 3.573318134697143 493
1694444249062 3.4979883050412868 494
1694444249093 3.610646542083605 495
1694444249123 3.5147817370566607 496
1694444249155 3.456795597594 497
1694444249188 3.351740149914133 498
1694444249217 3.423652476691655 499
