1694438591448 0.0 0
1694438591736 0.0 1
1694438591985 0.0 2
1694438592241 0.0 3
1694438592500 0.0 4
1694438592764 0.0 5
1694438593019 0.0 6
1694438593270 0.0 7
1694438593536 0.0 8
1694438593837 0.0 9
1694438594236 0.0 10
1694438594731 0.0 11
1694438595181 0.0 12
1694438595560 0.0 13
1694438595857 0.0 14
1694438596110 0.0 15
1694438596365 0.0 16
1694438596634 0.0 17
1694438596896 0.0 18
1694438597170 0.0 19
1694438597446 0.0 20
1694438597845 0.0 21
1694438598300 0.0 22
1694438598600 0.0 23
1694438598903 0.0 24
1694438599189 0.0 25
1694438599450 0.0 26
1694438599705 0.0 27
1694438599986 0.0 28
1694438600369 0.0 29
1694438600759 0.0 30
1694438601109 0.0 31
1694438601454 0.0 32
1694438601803 0.0 33
1694438602133 0.0 34
1694438602418 0.0 35
1694438602753 0.0 36
1694438603038 0.0 37
1694438603278 0.0 38
1694438603544 0.0 39
1694438603800 0.0 40
1694438604071 0.0 41
1694438604334 0.0 42
1694438604610 0.0 43
1694438604872 0.0 44
1694438605149 0.0 45
1694438605432 0.0 46
1694438605704 0.0 47
1694438606094 0.0 48
1694438606358 0.0 49
1694438606603 0.0 50
1694438606870 0.0 51
1694438607139 0.0 52
1694438607412 0.0 53
1694438607690 0.0 54
1694438607935 0.0 55
1694438608170 0.0 56
1694438608408 0.0 57
1694438608658 0.0 58
1694438608916 0.0 59
1694438609168 0.0 60
1694438609449 0.0 61
1694438609695 0.0 62
1694438609942 0.0 63
1694438610190 0.0 64
1694438610446 0.0 65
1694438610686 0.0 66
1694438610941 0.0 67
1694438611202 0.0 68
1694438611454 0.0 69
1694438611694 0.0 70
1694438611932 0.0 71
1694438612178 0.0 72
1694438612447 0.0 73
1694438612702 0.0 74
1694438612950 0.0 75
1694438613202 0.0 76
1694438613450 0.0 77
1694438613698 0.0 78
1694438613952 0.0 79
1694438614206 0.0 80
1694438614455 0.0 81
1694438614683 0.0 82
1694438614939 0.0 83
1694438615189 0.0 84
1694438615457 0.0 85
1694438615732 0.0 86
1694438616024 0.0 87
1694438616281 0.0 88
1694438616542 0.0 89
1694438616819 0.0 90
1694438617087 0.0 91
1694438617349 0.0 92
1694438617597 0.0 93
1694438617854 0.0 94
1694438618120 0.0 95
1694438618377 0.0 96
1694438618642 0.0 97
1694438618895 0.0 98
1694438619169 0.0 99
1694438619430 0.0 100
1694438619693 0.0 101
1694438619936 0.0 102
1694438620180 0.0 103
1694438620430 0.0 104
1694438620676 0.0 105
1694438620908 0.0 106
1694438621145 0.0 107
1694438621399 0.0 108
1694438621659 0.0 109
1694438621909 0.0 110
1694438622151 0.0 111
1694438622416 0.0 112
1694438622670 0.0 113
1694438622943 0.0 114
1694438623206 0.0 115
1694438623468 0.0 116
1694438623719 0.0 117
1694438623964 0.0 118
1694438624203 0.0 119
1694438624462 0.0 120
1694438624723 0.0 121
1694438624985 0.0 122
1694438625244 0.0 123
1694438625490 0.0 124
1694438625744 0.0 125
1694438625981 0.0 126
1694438626298 0.0 127
1694438626537 0.0 128
1694438626788 0.0 129
1694438627046 0.0 130
1694438627288 0.0 131
1694438627534 0.0 132
1694438627787 0.0 133
1694438628047 0.0 134
1694438628303 0.0 135
1694438628565 0.0 136
1694438628806 0.0 137
1694438629050 0.0 138
1694438629320 0.0 139
1694438629574 0.0 140
1694438629837 0.0 141
1694438630104 0.0 142
1694438630352 0.0 143
1694438630605 0.0 144
1694438630847 0.0 145
1694438631093 0.0 146
1694438631366 0.0 147
1694438631617 0.0 148
1694438631873 0.0 149
1694438632119 0.0 150
1694438632382 0.0 151
1694438632642 0.0 152
1694438632863 0.0 153
1694438633089 0.0 154
1694438633334 0.0 155
1694438633580 0.0 156
1694438633823 0.0 157
1694438634067 0.0 158
1694438634316 0.0 159
1694438634587 0.0 160
1694438634866 0.0 161
1694438635103 0.0 162
1694438635373 0.0 163
1694438635614 0.0 164
1694438635854 0.0 165
1694438636091 0.0 166
1694438636372 0.0 167
1694438636611 0.0 168
1694438636851 0.0 169
1694438637091 0.0 170
1694438637328 0.0 171
1694438637562 0.0 172
1694438637820 0.0 173
1694438638072 0.0 174
1694438638326 0.0 175
1694438638566 0.0 176
1694438638813 0.0 177
1694438639070 0.0 178
1694438639337 0.0 179
1694438639589 0.0 180
1694438639835 0.0 181
1694438640115 0.0 182
1694438640374 0.0 183
1694438640610 0.0 184
1694438640850 0.0 185
1694438641106 0.0 186
1694438641378 0.0 187
1694438641625 0.0 188
1694438641876 0.0 189
1694438642142 0.0 190
1694438642408 0.0 191
1694438642621 0.0 192
1694438642838 0.0 193
1694438643065 0.0 194
1694438643296 0.0 195
1694438643537 0.0 196
1694438643775 0.0 197
1694438644017 0.0 198
1694438644258 0.0 199
1694438644523 0.0 200
1694438644767 0.0 201
1694438645027 0.0 202
1694438645301 0.0 203
1694438645553 0.0 204
1694438645817 0.0 205
1694438646085 0.0 206
1694438646384 0.0 207
1694438646649 0.0 208
1694438646904 0.0 209
1694438647170 0.0 210
1694438647427 0.0 211
1694438647685 0.0 212
1694438647942 0.0 213
1694438648188 0.0 214
1694438648437 0.0 215
1694438648686 0.0 216
1694438648903 0.0 217
1694438649141 0.0 218
1694438649387 0.0 219
1694438649623 0.0 220
1694438649870 0.0 221
1694438650092 0.0 222
1694438650336 0.0 223
1694438650586 0.0 224
1694438650836 0.0 225
1694438651074 0.0 226
1694438651304 0.0 227
1694438651544 0.0 228
1694438651780 0.0 229
1694438652018 0.0 230
1694438652250 0.0 231
1694438652491 0.0 232
1694438652732 0.0 233
1694438652980 0.0 234
1694438653241 0.0 235
1694438653500 0.0 236
1694438653744 0.0 237
1694438653998 0.0 238
1694438654281 0.0 239
1694438654542 0.0 240
1694438654792 0.0 241
1694438655041 0.0 242
1694438655310 0.0 243
1694438655607 0.0 244
1694438655859 0.0 245
1694438656106 0.0 246
1694438656378 0.0 247
1694438656612 0.0 248
1694438656856 0.0 249
1694438657087 0.0 250
1694438657346 0.0 251
1694438657592 0.0 252
1694438657827 0.0 253
1694438658056 0.0 254
1694438658302 0.0 255
1694438658554 0.0 256
1694438658813 0.0 257
1694438659038 0.0 258
1694438659310 0.0 259
1694438659572 0.0 260
1694438659827 0.0 261
1694438660082 0.0 262
1694438660352 0.0 263
1694438660600 0.0 264
1694438660856 0.0 265
1694438661122 0.0 266
1694438661390 0.0 267
1694438661630 0.0 268
1694438661883 0.0 269
1694438662133 0.0 270
1694438662387 0.0 271
1694438662659 0.0 272
1694438662902 0.0 273
1694438663145 0.0 274
1694438663395 0.0 275
1694438663658 0.0 276
1694438663908 0.0 277
1694438664156 0.0 278
1694438664423 0.0 279
1694438664670 0.0 280
1694438664891 0.0 281
1694438665118 0.0 282
1694438665341 0.0 283
1694438665576 0.0 284
1694438665803 0.0 285
1694438666030 0.0 286
1694438666282 0.0 287
1694438666588 0.0 288
1694438666848 0.0 289
1694438667114 0.0 290
1694438667378 0.0 291
1694438667667 0.0 292
1694438667910 0.0 293
1694438668193 0.0 294
1694438668471 0.0 295
1694438668716 0.0 296
1694438668969 0.0 297
1694438669242 0.0 298
1694438669538 0.0 299
1694438669779 0.0 300
1694438670028 0.0 301
1694438670278 0.0 302
1694438670515 0.0 303
1694438670782 0.0 304
1694438671066 0.0 305
1694438671329 0.0 306
1694438671572 0.0 307
1694438671819 0.0 308
1694438672053 0.0 309
1694438672298 0.0 310
1694438672562 0.0 311
1694438672805 0.0 312
1694438673049 0.0 313
1694438673284 0.0 314
1694438673521 0.0 315
1694438673782 0.0 316
1694438674032 0.0 317
1694438674282 0.0 318
1694438674528 0.0 319
1694438674765 0.0 320
1694438674988 0.0 321
1694438675244 0.0 322
1694438675503 0.0 323
1694438675751 0.0 324
1694438675973 0.0 325
1694438676220 0.0 326
1694438676486 0.0 327
1694438676751 0.0 328
1694438677000 0.0 329
1694438677244 0.0 330
1694438677503 0.0 331
1694438677771 0.0 332
1694438678012 0.0 333
1694438678271 0.0 334
1694438678523 0.0 335
1694438678790 0.0 336
1694438679047 0.0 337
1694438679292 0.0 338
1694438679544 0.0 339
1694438679791 0.0 340
1694438680033 0.0 341
1694438680300 0.0 342
1694438680575 0.0 343
1694438680837 0.0 344
1694438681080 0.0 345
1694438681340 0.0 346
1694438681584 0.0 347
1694438681832 0.0 348
1694438682073 0.0 349
1694438682342 0.0 350
1694438682603 0.0 351
1694438682832 0.0 352
1694438683077 0.0 353
1694438683306 0.0 354
1694438683558 0.0 355
1694438683808 0.0 356
1694438684066 0.0 357
1694438684328 0.0 358
1694438684578 0.0 359
1694438684826 0.0 360
1694438685094 0.0 361
1694438685331 0.0 362
1694438685585 0.0 363
1694438685824 0.0 364
1694438686068 0.0 365
1694438686336 0.0 366
1694438686583 0.0 367
1694438686835 0.0 368
1694438687075 0.0 369
1694438687330 0.0 370
1694438687563 0.0 371
1694438687800 0.0 372
1694438688019 0.0 373
1694438688257 0.0 374
1694438688499 0.0 375
1694438688770 0.0 376
1694438689022 0.0 377
1694438689261 0.0 378
1694438689532 0.0 379
1694438689774 0.0 380
1694438689994 0.0 381
1694438690241 0.0 382
1694438690462 0.0 383
1694438690686 0.0 384
1694438690919 0.0 385
1694438691176 0.0 386
1694438691415 0.0 387
1694438691674 0.0 388
1694438691920 0.0 389
1694438692162 0.0 390
1694438692420 0.0 391
1694438692682 0.0 392
1694438692933 0.0 393
1694438693185 0.0 394
1694438693445 0.0 395
1694438693709 0.0 396
1694438693969 0.0 397
1694438694209 0.0 398
1694438694469 0.0 399
1694438694705 0.0 400
1694438694942 0.0 401
1694438695182 0.0 402
1694438695422 0.0 403
1694438695651 0.0 404
1694438695909 0.0 405
1694438696183 0.0 406
1694438696510 0.0 407
1694438696792 0.0 408
1694438697034 0.0 409
1694438697280 0.0 410
1694438697548 0.0 411
1694438697803 0.0 412
1694438698057 0.0 413
1694438698310 0.0 414
1694438698553 0.0 415
1694438698809 0.0 416
1694438699063 0.0 417
1694438699295 0.0 418
1694438699536 0.0 419
1694438699768 0.0 420
1694438700009 0.0 421
1694438700282 0.0 422
1694438700512 0.0 423
1694438700752 0.0 424
1694438700986 0.0 425
1694438701233 0.0 426
1694438701482 0.0 427
1694438701735 0.0 428
1694438701981 0.0 429
1694438702231 0.0 430
1694438702463 0.0 431
1694438702696 0.0 432
1694438702957 0.0 433
1694438703212 0.0 434
1694438703476 0.0 435
1694438703727 0.0 436
1694438703969 0.0 437
1694438704225 0.0 438
1694438704484 0.0 439
1694438704720 0.0 440
1694438704967 0.0 441
1694438705227 0.0 442
1694438705482 0.0 443
1694438705736 0.0 444
1694438705973 0.0 445
1694438706223 0.0 446
1694438706483 0.0 447
1694438706715 0.0 448
1694438706969 0.0 449
1694438707187 0.0 450
1694438707424 0.0 451
1694438707658 0.0 452
1694438707895 0.0 453
1694438708166 0.0 454
1694438708421 0.0 455
1694438708661 0.0 456
1694438708918 0.0 457
1694438709182 0.0 458
1694438709407 0.0 459
1694438709637 0.0 460
1694438709869 0.0 461
1694438710119 0.0 462
1694438710374 0.0 463
1694438710642 0.0 464
1694438710908 0.0 465
1694438711158 0.0 466
1694438711404 0.0 467
1694438711642 0.0 468
1694438711892 0.0 469
1694438712158 0.0 470
1694438712413 0.0 471
1694438712660 0.0 472
1694438712912 0.0 473
1694438713186 0.0 474
1694438713434 0.0 475
1694438713698 0.0 476
1694438713945 0.0 477
1694438714171 0.0 478
1694438714418 0.0 479
1694438714637 0.0 480
1694438714882 0.0 481
1694438715117 0.0 482
1694438715346 0.0 483
1694438715576 0.0 484
1694438715824 0.0 485
1694438716175 0.0 486
1694438716434 0.0 487
1694438716674 0.0 488
1694438716893 0.0 489
1694438717145 0.0 490
1694438717374 0.0 491
1694438717606 0.0 492
1694438717854 0.0 493
1694438718105 0.0 494
1694438718352 0.0 495
1694438718574 0.0 496
1694438718808 0.0 497
1694438719042 0.0 498
1694438719270 0.0 499
