1694438591440 3.4465236197895717 0
1694438591730 4.300527089648615 1
1694438591977 5.537330664901365 2
1694438592234 4.393465419958136 3
1694438592492 3.908117193301215 4
1694438592757 3.4028053756947454 5
1694438593012 3.7279668249649833 6
1694438593263 6.731154272135205 7
1694438593530 4.4939695092823575 8
1694438593830 4.536177570874471 9
1694438594224 4.295373945885044 10
1694438594714 4.864324478195673 11
1694438595168 5.33181283424157 12
1694438595552 5.759707458832582 13
1694438595850 6.163189647857368 14
1694438596103 5.346599721405538 15
1694438596357 7.3618858875769355 16
1694438596627 5.369911780777523 17
1694438596889 3.454861068116826 18
1694438597162 6.198639337395251 19
1694438597438 4.520766464515526 20
1694438597832 2.835549632041645 21
1694438598290 4.443347368893469 22
1694438598591 4.016975040082857 23
1694438598896 3.699496886265418 24
1694438599182 4.893216538156527 25
1694438599439 4.377710102761233 26
1694438599698 2.749698810667274 27
1694438599977 4.864245042212494 28
1694438600357 5.579694567701669 29
1694438600745 6.657287268068515 30
1694438601100 4.79997106258868 31
1694438601445 5.3872704132077835 32
1694438601791 5.995317550620452 33
1694438602124 6.0040151119301175 34
1694438602406 5.569310189262169 35
1694438602744 6.2632254841297055 36
1694438603030 5.096572747663134 37
1694438603272 7.232293347997424 38
1694438603537 3.1641796722996 39
1694438603793 5.3507578562956555 40
1694438604063 5.939699448129916 41
1694438604327 4.579657442724844 42
1694438604601 3.837487362660014 43
1694438604865 5.8734678081455325 44
1694438605140 1.6349760098727741 45
1694438605424 4.612866523848315 46
1694438605696 5.651448823289873 47
1694438606086 3.804590748954604 48
1694438606351 6.235501793160715 49
1694438606594 3.807161799908935 50
1694438606856 2.6915045866917073 51
1694438607133 4.186162607150499 52
1694438607403 6.582513036033359 53
1694438607683 5.267685640115744 54
1694438607927 3.9223479233417335 55
1694438608163 2.7036694462862583 56
1694438608402 5.437859466227695 57
1694438608651 5.807962061220734 58
1694438608908 3.305001673482676 59
1694438609161 5.303153304122592 60
1694438609441 5.725818662779372 61
1694438609687 4.128254822970155 62
1694438609936 4.335091454065357 63
1694438610184 5.81182302951272 64
1694438610439 4.853282040768583 65
1694438610680 3.965840837058093 66
1694438610934 7.014859769997128 67
1694438611194 9.048078056548094 68
1694438611447 5.346405752197805 69
1694438611688 1.7592978905297048 70
1694438611923 5.352214757361412 71
1694438612171 3.8733060292498434 72
1694438612438 4.633549875882389 73
1694438612695 5.250939661973808 74
1694438612941 3.340637810338551 75
1694438613195 4.423127355194866 76
1694438613442 4.884119985102594 77
1694438613691 6.246628470050404 78
1694438613945 3.006891291011309 79
1694438614199 6.034368436344024 80
1694438614447 4.5448634849667915 81
1694438614676 6.0481889655848855 82
1694438614931 2.7037687090265208 83
1694438615181 4.789201377276464 84
1694438615450 3.948481908544388 85
1694438615725 3.1298549485802822 86
1694438616016 5.6450440195525795 87
1694438616275 4.351566578426554 88
1694438616534 4.7208245584201824 89
1694438616810 5.678429457773137 90
1694438617080 10.78361328867101 91
1694438617341 4.4212275063587185 92
1694438617590 3.3740893394341627 93
1694438617846 3.620147213838063 94
1694438618113 5.321994654470006 95
1694438618371 4.366229040212818 96
1694438618636 5.213459701122968 97
1694438618888 5.744885454614066 98
1694438619161 3.242225515605378 99
1694438619422 4.643834470788638 100
1694438619686 3.619365276060123 101
1694438619929 2.44010651021074 102
1694438620173 3.75101431254686 103
1694438620422 3.8254280486488548 104
1694438620670 6.532354701908394 105
1694438620900 3.424316925264627 106
1694438621139 3.9305951745647874 107
1694438621391 2.7058415370898854 108
1694438621642 3.455301273982871 109
1694438621902 3.838470763911607 110
1694438622143 6.063005001937992 111
1694438622408 3.2351458542419813 112
1694438622663 3.4572908780931613 113
1694438622937 5.002124998481712 114
1694438623198 4.865595387636525 115
1694438623460 2.0069590967778845 116
1694438623711 5.221420653218933 117
1694438623955 2.8608764178011676 118
1694438624192 5.353363261005684 119
1694438624454 2.68402570923485 120
1694438624716 5.789647660035761 121
1694438624979 7.378372465448322 122
1694438625237 4.231114361182918 123
1694438625483 4.000927688978806 124
1694438625736 8.113177467013355 125
1694438625974 5.006127679531518 126
1694438626291 3.1166242918311475 127
1694438626530 3.2905501357197533 128
1694438626782 3.517546116447653 129
1694438627038 6.768952832114379 130
1694438627280 4.37817109318549 131
1694438627527 6.972389300508941 132
1694438627780 1.676883249951823 133
1694438628039 4.808654624477828 134
1694438628295 4.780491908502595 135
1694438628557 8.199591208219855 136
1694438628798 4.514805352847832 137
1694438629042 4.315311513839955 138
1694438629313 4.994798824736699 139
1694438629568 5.441518379885051 140
1694438629829 6.241043885891399 141
1694438630075 2.678416456778957 142
1694438630344 5.11320750247587 143
1694438630598 10.56756586812081 144
1694438630839 1.7517993106439582 145
1694438631087 6.5109735240907245 146
1694438631359 2.592877361206213 147
1694438631609 5.1703472821763965 148
1694438631866 4.612956689680968 149
1694438632111 4.526213162249154 150
1694438632375 2.0682981174682937 151
1694438632592 4.406983903519249 152
1694438632857 6.443504522958152 153
1694438633083 3.9099257446957356 154
1694438633327 3.7610180572496206 155
1694438633572 3.746881304283935 156
1694438633815 3.5688596106171158 157
1694438634060 4.470260885271404 158
1694438634308 5.359991531665524 159
1694438634579 6.285292845061665 160
1694438634860 4.451784541237092 161
1694438635097 6.331269646711284 162
1694438635367 5.709290173625502 163
1694438635607 4.449587864211545 164
1694438635847 1.4581822520894072 165
1694438636083 3.673517780732327 166
1694438636363 3.1032979505806524 167
1694438636604 5.279919505903077 168
1694438636844 6.303263603878032 169
1694438637085 4.781730838241181 170
1694438637290 5.669874404974018 171
1694438637555 3.6886062409026263 172
1694438637802 4.8261344633753644 173
1694438638066 6.038588159692907 174
1694438638319 6.860517057343837 175
1694438638559 3.6107822070321443 176
1694438638805 7.518305277058372 177
1694438639063 0.6836734405466529 178
1694438639330 5.2733463136913965 179
1694438639581 5.613938895455057 180
1694438639828 5.436389581676824 181
1694438640107 5.302211374176268 182
1694438640368 3.4618112088328887 183
1694438640603 4.816265822073205 184
1694438640842 4.588797416576422 185
1694438641099 3.6164920569786636 186
1694438641371 5.009077480091794 187
1694438641618 2.118842879811411 188
1694438641870 6.29276425215885 189
1694438642135 5.010233179899717 190
1694438642401 4.434342026425288 191
1694438642614 5.7918968627565235 192
1694438642832 3.474919761436565 193
1694438643059 3.6903024019946433 194
1694438643289 4.343417367658712 195
1694438643530 5.916049383966459 196
1694438643767 3.794861668615415 197
1694438644009 2.8858348600399606 198
1694438644252 5.8604617473267675 199
1694438644515 6.3570899270715895 200
1694438644760 4.611974320368224 201
1694438645021 6.343586663934261 202
1694438645293 4.790517646730048 203
1694438645547 3.044837077928075 204
1694438645809 7.385812665053045 205
1694438646076 3.4160177180581837 206
1694438646376 5.28969601237022 207
1694438646642 1.6282632934981993 208
1694438646897 4.224155699281314 209
1694438647163 3.181740765479141 210
1694438647406 5.425395308535163 211
1694438647678 2.752582471220746 212
1694438647935 5.9537387382569245 213
1694438648180 4.500531458660176 214
1694438648429 8.121405280942467 215
1694438648680 4.064339995635597 216
1694438648892 4.940631106668681 217
1694438649134 6.4404263025054185 218
1694438649379 6.969956580987551 219
1694438649615 5.102259413177317 220
1694438649864 7.7839518803236425 221
1694438650086 5.957157546183459 222
1694438650329 6.431178102576339 223
1694438650580 4.97477923658318 224
1694438650828 4.393530583540089 225
1694438651068 3.5869359316987945 226
1694438651298 4.015756667034031 227
1694438651537 1.884739500834502 228
1694438651773 5.896716227890782 229
1694438652010 3.35499215185351 230
1694438652243 5.718263019508517 231
1694438652484 3.0282678485365304 232
1694438652719 6.57620641260187 233
1694438652972 5.920278161170284 234
1694438653235 5.544561339925582 235
1694438653493 2.1687044658246064 236
1694438653739 2.970976105583923 237
1694438653990 6.888508678597502 238
1694438654272 5.357919206246913 239
1694438654535 7.564833339056257 240
1694438654786 4.741620781526301 241
1694438655034 4.14690087114226 242
1694438655303 5.18178730088029 243
1694438655599 5.103315769660767 244
1694438655853 4.7150293567461485 245
1694438656097 4.851590671541068 246
1694438656369 6.235156257409579 247
1694438656605 5.710962045494274 248
1694438656849 3.4519600739553002 249
1694438657080 3.6733873229039467 250
1694438657338 7.077207798417871 251
1694438657585 5.360188165254408 252
1694438657820 4.096468605731357 253
1694438658049 3.155844054310014 254
1694438658295 5.205500254643925 255
1694438658547 5.176183396648884 256
1694438658806 1.5341963105791014 257
1694438659032 4.792210084505321 258
1694438659302 5.445955403889603 259
1694438659564 3.928088034953392 260
1694438659820 6.21511580727023 261
1694438660074 5.93068119155048 262
1694438660344 4.156856615784713 263
1694438660592 4.91143418833805 264
1694438660849 3.566115414579621 265
1694438661116 5.781986138318708 266
1694438661383 4.306004500316325 267
1694438661623 4.330425320914945 268
1694438661876 7.567197245110273 269
1694438662126 5.66069210261461 270
1694438662379 4.888465088485756 271
1694438662652 4.801020922344258 272
1694438662896 3.5416978173062117 273
1694438663137 6.646786652114248 274
1694438663388 3.796387880068814 275
1694438663651 4.50539145672604 276
1694438663900 2.0920047237161343 277
1694438664148 3.305331916814506 278
1694438664416 4.217378738393105 279
1694438664664 4.265947521521915 280
1694438664884 2.3844154470814214 281
1694438665112 3.4789318976555674 282
1694438665334 5.4047821189481535 283
1694438665570 4.722365753048409 284
1694438665797 6.533335486586917 285
1694438666023 4.116037964171464 286
1694438666267 4.655112385384684 287
1694438666580 3.8368377904123405 288
1694438666840 5.739744739248978 289
1694438667107 6.132403630803184 290
1694438667369 5.808047865050948 291
1694438667660 5.535131919749313 292
1694438667904 5.747812298190211 293
1694438668184 4.308039537726524 294
1694438668464 4.3670328082073375 295
1694438668708 3.7905141583741604 296
1694438668961 3.6935991908485155 297
1694438669234 3.229211833328265 298
1694438669530 2.973720406499685 299
1694438669773 5.023893325650158 300
1694438670021 3.8480067893113077 301
1694438670272 2.7355687578952894 302
1694438670509 3.436278490598721 303
1694438670773 6.0283913143540815 304
1694438671060 6.205871311199059 305
1694438671322 4.039410857390396 306
1694438671566 1.9503887421932944 307
1694438671811 4.3640703514581025 308
1694438672046 1.8398245916978972 309
1694438672289 4.245743845397664 310
1694438672555 4.340941106498555 311
1694438672796 5.954480477203468 312
1694438673042 3.242727689326054 313
1694438673259 5.899729087131114 314
1694438673515 4.4241628725813165 315
1694438673767 2.433729792229993 316
1694438674026 4.037940450658491 317
1694438674274 3.274414565225181 318
1694438674521 4.106308523348272 319
1694438674758 3.1758166957552465 320
1694438674982 4.788099548203123 321
1694438675237 7.1307532950078905 322
1694438675495 4.987687421211421 323
1694438675743 5.022774567462175 324
1694438675966 5.342917011794574 325
1694438676212 4.341112821927069 326
1694438676479 3.360680079938745 327
1694438676744 2.9662467931675165 328
1694438676992 3.859394634374852 329
1694438677236 3.8406130786569963 330
1694438677496 3.216738601711707 331
1694438677765 5.652774146563624 332
1694438678005 5.511226987823093 333
1694438678265 7.191245336179455 334
1694438678517 5.232244387817922 335
1694438678783 9.467947656931718 336
1694438679041 6.527919614608886 337
1694438679286 2.4287304680661954 338
1694438679536 5.4391673913363405 339
1694438679784 3.829874674240629 340
1694438680026 3.5603521353560112 341
1694438680292 5.727685732865958 342
1694438680567 4.9810922810806995 343
1694438680829 5.435063590213282 344
1694438681074 6.5846416344892225 345
1694438681333 6.515208545264136 346
1694438681576 5.249509299813541 347
1694438681824 5.5902765373565275 348
1694438682066 6.31214171352263 349
1694438682335 5.238610512265911 350
1694438682595 3.180557828091688 351
1694438682824 6.404161283943725 352
1694438683069 6.309760667919347 353
1694438683299 2.374247026439509 354
1694438683551 4.178021504259172 355
1694438683802 5.2040077010304175 356
1694438684060 5.696749693701562 357
1694438684321 4.090810679018136 358
1694438684570 4.22257535312811 359
1694438684790 7.194279641743553 360
1694438685087 5.549848820969733 361
1694438685323 8.537124478850746 362
1694438685578 5.875405037835399 363
1694438685818 4.7405003773421965 364
1694438686062 4.862538779517388 365
1694438686328 5.371884596205676 366
1694438686575 5.651250898351458 367
1694438686828 3.0241821040248786 368
1694438687069 2.9178538321772103 369
1694438687322 5.133605514517347 370
1694438687557 6.705562600284944 371
1694438687793 3.5399568101453602 372
1694438688012 3.761999488192073 373
1694438688249 4.962915543644736 374
1694438688491 4.91952168961621 375
1694438688763 2.603122200483606 376
1694438689014 3.6812019354540975 377
1694438689254 4.149103935367077 378
1694438689524 3.896406872474943 379
1694438689769 4.722751207351171 380
1694438689988 6.0380996777233324 381
1694438690234 5.07365606917495 382
1694438690456 2.8294719761897653 383
1694438690679 6.100340672112288 384
1694438690912 5.530671140040049 385
1694438691168 3.321589562405762 386
1694438691408 4.123752139967613 387
1694438691667 5.532065077068655 388
1694438691913 3.1402078283934447 389
1694438692155 3.8701714457694982 390
1694438692413 2.5938699625151207 391
1694438692675 4.268791311564971 392
1694438692924 7.424124995182652 393
1694438693177 5.720113531510337 394
1694438693437 6.534201264209154 395
1694438693702 2.359709842579609 396
1694438693962 3.515038314217587 397
1694438694200 3.4208465179224397 398
1694438694462 4.6866656825980115 399
1694438694698 7.404941761790264 400
1694438694936 3.8315353618368406 401
1694438695174 6.200265053819709 402
1694438695415 3.4033017946940665 403
1694438695645 1.8867198450147316 404
1694438695902 4.180455059397276 405
1694438696175 4.8772349542736615 406
1694438696503 5.608373592534033 407
1694438696782 5.7092556173634765 408
1694438697026 4.824436568593923 409
1694438697272 4.00972706692228 410
1694438697541 4.41566999472365 411
1694438697796 1.2643317778511873 412
1694438698048 5.073918007889345 413
1694438698301 3.097485459851067 414
1694438698526 4.286482006186607 415
1694438698802 5.494096343113568 416
1694438699057 3.9000926584473894 417
1694438699287 8.508531905974646 418
1694438699529 4.744664900782385 419
1694438699761 5.945936574112495 420
1694438699999 6.033707085557141 421
1694438700276 5.994869380705923 422
1694438700507 4.034855581661887 423
1694438700745 4.434312385111032 424
1694438700978 3.4032022839369596 425
1694438701225 7.105447501141865 426
1694438701475 5.743643974003811 427
1694438701728 1.6185663758401376 428
1694438701975 6.096892008832313 429
1694438702223 4.541899787427564 430
1694438702457 5.115698019867418 431
1694438702661 7.617740888813702 432
1694438702950 4.882406165935832 433
1694438703066 4.279013821949418 434
1694438703468 3.5082055511937402 435
1694438703719 6.632524675976131 436
1694438703956 4.30588327774637 437
1694438704219 3.6663779125227784 438
1694438704476 7.681227660881843 439
1694438704713 6.9499424011168385 440
1694438704959 5.65317833971556 441
1694438705221 4.291904108641416 442
1694438705474 3.904692993807145 443
1694438705728 7.098308856113487 444
1694438705966 3.189664945584945 445
1694438706216 4.8319722911256 446
1694438706477 2.9594483534578693 447
1694438706708 5.006501118171933 448
1694438706962 6.8443299731795095 449
1694438707181 3.787764841556792 450
1694438707418 4.497989487469368 451
1694438707652 5.013659169201831 452
1694438707889 4.1332894766603205 453
1694438708159 1.1451355924591227 454
1694438708415 3.9467033065590957 455
1694438708654 4.073228483384212 456
1694438708911 4.0827955990237035 457
1694438709176 4.581268272833006 458
1694438709400 5.0866962594632765 459
1694438709630 3.8133364371802054 460
1694438709863 3.244116993179888 461
1694438710112 4.845794468950359 462
1694438710367 2.0677083807620766 463
1694438710635 5.661175015888995 464
1694438710901 5.434507478813745 465
1694438711151 3.697026642491766 466
1694438711397 3.691899368681452 467
1694438711636 4.2335544546046995 468
1694438711886 7.114627206281716 469
1694438712151 4.283113021170608 470
1694438712407 4.118546852819398 471
1694438712651 5.286378390725256 472
1694438712906 4.653797085830965 473
1694438713179 8.207464822174705 474
1694438713427 4.689196067831612 475
1694438713688 3.847014174057374 476
1694438713937 4.450211968637923 477
1694438714165 4.781537666953862 478
1694438714411 4.133664779355126 479
1694438714631 4.20685065220559 480
1694438714875 7.210457713487215 481
1694438715110 2.668334615937183 482
1694438715339 3.35184460884154 483
1694438715569 5.582021219755688 484
1694438715816 4.687407856977326 485
1694438716167 4.129633758710865 486
1694438716426 3.050059229696827 487
1694438716668 6.32237485496968 488
1694438716887 8.619310660406613 489
1694438717138 5.932695961544706 490
1694438717368 5.984075275647385 491
1694438717599 5.2578148669106355 492
1694438717847 1.8832456689236101 493
1694438718098 4.103999844419648 494
1694438718345 5.310079277147935 495
1694438718567 2.5616366677287328 496
1694438718801 7.532141318394139 497
1694438719036 4.510715660191614 498
1694438719264 4.422427464627696 499
