1694444604099 -0.003504121845896213 0
1694444604130 -0.0035007001786628855 1
1694444604175 -0.003497268872348913 2
1694444604227 -0.00349382790632613 3
1694444604286 -0.003490377259923738 4
1694444604326 -0.003486916912428084 5
1694444604378 -0.0034834468430819943 6
1694444604420 -0.0034799670310858843 7
1694444604470 -0.0034764774555966493 8
1694444604511 -0.0034729780957281076 9
1694444604567 -0.0034694689305507787 10
1694444604604 -0.0034659499390912174 11
1694444604658 -0.003462421100333124 12
1694444604691 -0.0034588823932169 13
1694444604728 -0.003455333796638538 14
1694444604762 -0.0034517752894500653 15
1694444604794 -0.0034482068504613217 16
1694444604831 -0.003444628458435739 17
1694444604864 -0.0034410400920950046 18
1694444604895 -0.003437441730115287 19
1694444604930 -0.003433833351129234 20
1694444604968 -0.003430214933724862 21
1694444604998 -0.0034265864564466675 22
1694444605032 -0.0034229478977931826 23
1694444605064 -0.0034192992362196417 24
1694444605096 -0.0034156404501364257 25
1694444605128 -0.0034119715179088406 26
1694444605161 -0.0034082924178573393 27
1694444605193 -0.003404603128258632 28
1694444605227 -0.0034009036273434656 29
1694444605269 -0.0033971938932957357 30
1694444605307 -0.0033934739042584816 31
1694444605341 -0.0033897436383258928 32
1694444605378 -0.00338600307354886 33
1694444605411 -0.0033822521879312006 34
1694444605444 -0.003378490959432323 35
1694444605476 -0.003374719365966339 36
1694444605509 -0.0033709373854000635 37
1694444605549 -0.003367144995556348 38
1694444605586 -0.0033633421742107483 39
1694444605622 -0.0033595288990946326 40
1694444605658 -0.003355705147890964 41
1694444605694 -0.00335187089823874 42
1694444605726 -0.00334802612772922 43
1694444605760 -0.003344170813908365 44
1694444605792 -0.0033403049342748403 45
1694444605838 -0.003336428466281127 46
1694444605872 -0.003332541387333965 47
1694444605909 -0.003328643674792131 48
1694444605953 -0.0033247353059677742 49
1694444605990 -0.0033208162581275236 50
1694444606026 -0.0033168865084896026 51
1694444606070 -0.0033129460342251615 52
1694444606104 -0.0033089948124600532 53
1694444606147 -0.0033050328202699486 54
1694444606194 -0.0033010600346858876 55
1694444606240 -0.0032970764326900603 56
1694444606276 -0.0032930819912175835 57
1694444606310 -0.003289076687155612 58
1694444606344 -0.0032850604973428954 59
1694444606380 -0.0032810333985728857 60
1694444606410 -0.003276995367589075 61
1694444606451 -0.003272946381087438 62
1694444606480 -0.003268886415715544 63
1694444606509 -0.0032648154480732217 64
1694444606541 -0.003260733454712117 65
1694444606581 -0.0032566404121354697 66
1694444606615 -0.003252536296797892 67
1694444606670 -0.0032484210851049244 68
1694444606703 -0.0032442947534154776 69
1694444606744 -0.003240157278035838 70
1694444606786 -0.0032360086352276607 71
1694444606818 -0.003231848801201531 72
1694444606853 -0.0032276777521196287 73
1694444606888 -0.0032234954640939506 74
1694444606921 -0.0032193019131887546 75
1694444606961 -0.0032150970754178942 76
1694444606993 -0.0032108809267461513 77
1694444607026 -0.0032066534430890137 78
1694444607064 -0.003202414600312231 79
1694444607094 -0.0031981643742318155 80
1694444607128 -0.0031939027406133746 81
1694444607169 -0.0031896296751741104 82
1694444607203 -0.0031853451535794886 83
1694444607238 -0.0031810491514461248 84
1694444607277 -0.0031767416443400087 85
1694444607310 -0.003172422607776726 86
1694444607348 -0.0031680920172216798 87
1694444607382 -0.0031637498480896475 88
1694444607411 -0.0031593960757450024 89
1694444607446 -0.003155030675500825 90
1694444607475 -0.0031506536226202364 91
1694444607505 -0.003146264892315509 92
1694444607539 -0.003141864459746735 93
1694444607572 -0.0031374523000242682 94
1694444607607 -0.0031330283882067267 95
1694444607646 -0.0031285926993012136 96
1694444607682 -0.003124145208263762 97
1694444607712 -0.003119685889999113 98
1694444607744 -0.003115214719360049 99
1694444607781 -0.003110731671147615 100
1694444607812 -0.003106236720111344 101
1694444607848 -0.003101729840948808 102
1694444607880 -0.0030972110083056226 103
1694444607910 -0.0030926801967752215 104
1694444607949 -0.003088137380898859 105
1694444607983 -0.0030835825351656077 106
1694444608015 -0.003079015634011917 107
1694444608051 -0.0030744366518222765 108
1694444608083 -0.0030698455629276644 109
1694444608117 -0.0030652423416070995 110
1694444608161 -0.0030606269620869764 111
1694444608202 -0.003055999398540399 112
1694444608239 -0.0030513596250862918 113
1694444608283 -0.003046707615792954 114
1694444608319 -0.0030420433446736173 115
1694444608354 -0.0030373667856888886 116
1694444608388 -0.0030326779127456405 117
1694444608418 -0.0030279766996974544 118
1694444608450 -0.0030232631203446214 119
1694444608481 -0.0030185371484325874 120
1694444608510 -0.0030137987576541736 121
1694444608548 -0.0030090479216473565 122
1694444608579 -0.0030042846139970436 123
1694444608608 -0.0029995088082330756 124
1694444608646 -0.0029947204778311143 125
1694444608683 -0.0029899195962130865 126
1694444608717 -0.002985106136745852 127
1694444608752 -0.002980280072742092 128
1694444608785 -0.002975441377459642 129
1694444608815 -0.0029705900241012717 130
1694444608845 -0.0029657259858151264 131
1694444608876 -0.002960849235694951 132
1694444608906 -0.002955959746778314 133
1694444608940 -0.002951057492048381 134
1694444608982 -0.0029461424444321427 135
1694444609014 -0.002941214576802187 136
1694444609050 -0.002936273861974703 137
1694444609086 -0.0029313202727110355 138
1694444609118 -0.002926353781716129 139
1694444609155 -0.002921374361639195 140
1694444609194 -0.0029163819850737127 141
1694444609227 -0.0029113766245569828 142
1694444609276 -0.0029063582525701293 143
1694444609321 -0.0029013268415376547 144
1694444609375 -0.0028962823638283286 145
1694444609408 -0.0028912247917540768 146
1694444609442 -0.0028861540975699818 147
1694444609478 -0.002881070253474727 148
1694444609511 -0.0028759732316097075 149
1694444609547 -0.0028708630040601424 150
1694444609577 -0.002865739542853296 151
1694444609609 -0.0028606028199604783 152
1694444609645 -0.0028554528072941565 153
1694444609682 -0.002850289476710177 154
1694444609714 -0.0028451128000077652 155
1694444609746 -0.0028399227489270817 156
1694444609787 -0.0028347192951510003 157
1694444609822 -0.002829502410305107 158
1694444609866 -0.002824272065956812 159
1694444609935 -0.0028190282336149064 160
1694444609996 -0.002813770884730893 161
1694444610042 -0.0028084999906967667 162
1694444610079 -0.0028032155228476796 163
1694444610118 -0.0027979174524594974 164
1694444610148 -0.0027926057507488 165
1694444610188 -0.002787280388874658 166
1694444610220 -0.002781941337936633 167
1694444610252 -0.0027765885689754466 168
1694444610287 -0.002771222052972755 169
1694444610322 -0.002765841760851151 170
1694444610355 -0.0027604476634737196 171
1694444610396 -0.0027550397316433717 172
1694444610431 -0.0027496179361052864 173
1694444610462 -0.0027441822475442468 174
1694444610498 -0.00273873263658464 175
1694444610532 -0.0027332690737911225 176
1694444610563 -0.002727791529669066 177
1694444610595 -0.0027222999746634446 178
1694444610634 -0.0027167943791583937 179
1694444610677 -0.002711274713478762 180
1694444610716 -0.0027057409478876693 181
1694444610748 -0.0027001930525893947 182
1694444610779 -0.002694630997726044 183
1694444610818 -0.0026890547533791054 184
1694444610853 -0.0026834642895698924 185
1694444610884 -0.0026778595762582125 186
1694444610916 -0.002672240583342589 187
1694444610947 -0.0026666072806607044 188
1694444610977 -0.0026609596379887357 189
1694444611011 -0.0026552976250406868 190
1694444611044 -0.0026496212114699436 191
1694444611076 -0.0026439303668672753 192
1694444611111 -0.0026382250607628333 193
1694444611143 -0.0026325052626230416 194
1694444611177 -0.0026267709418537066 195
1694444611214 -0.002621022067797796 196
1694444611246 -0.002615258609735882 197
1694444611283 -0.002609480536886366 198
1694444611316 -0.0026036878184045875 199
1694444611346 -0.00259788042338438 200
1694444611378 -0.002592058320855184 201
1694444611411 -0.0025862214797842675 202
1694444611440 -0.002580369869076282 203
1694444611472 -0.0025745034575717085 204
1694444611510 -0.0025686222140488546 205
1694444611542 -0.0025627261072218577 206
1694444611575 -0.002556815105741128 207
1694444611613 -0.0025508891781942378 208
1694444611646 -0.0025449482931043654 209
1694444611685 -0.002538992418930963 210
1694444611717 -0.002533021524069312 211
1694444611749 -0.0025270355768507446 212
1694444611801 -0.002521034545542422 213
1694444611849 -0.002515018398346669 214
1694444611895 -0.0025089871034018607 215
1694444611939 -0.002502940628781314 216
1694444611977 -0.002496878942494174 217
1694444612020 -0.0024908020124834174 218
1694444612057 -0.0024847098066282935 219
1694444612095 -0.002478602292742549 220
1694444612128 -0.0024724794385744264 221
1694444612166 -0.0024663412118071104 222
1694444612203 -0.0024601875800576156 223
1694444612252 -0.002454018510878564 224
1694444612302 -0.002447833971756186 225
1694444612343 -0.0024416339301096546 226
1694444612387 -0.0024354183532944162 227
1694444612432 -0.0024291872085977495 228
1694444612466 -0.002422940463242096 229
1694444612503 -0.0024166780843823954 230
1694444612538 -0.002410400039108973 231
1694444612572 -0.0024041062944413216 232
1694444612603 -0.0023977968173376496 233
1694444612639 -0.0023914715746855553 234
1694444612677 -0.0023851305333071338 235
1694444612757 -0.0023787736599565346 236
1694444612827 -0.0023724009213210717 237
1694444612908 -0.002366012284021002 238
1694444612952 -0.0023596077146077477 239
1694444612992 -0.0023531871795665626 240
1694444613037 -0.0023467506453140885 241
1694444613075 -0.0023402980781994653 242
1694444613108 -0.0023338294445034435 243
1694444613155 -0.00232734471043905 244
1694444613190 -0.0023208438421502553 245
1694444613224 -0.002314326805713529 246
1694444613270 -0.0023077935671360628 247
1694444613299 -0.002301244092355992 248
1694444613337 -0.0022946783472446164 249
1694444613381 -0.0022880962976017383 250
1694444613417 -0.0022814979091596577 251
1694444613449 -0.002274883147581175 252
1694444613484 -0.002268251978459368 253
1694444613519 -0.0022616043673184816 254
1694444613549 -0.00225494027961215 255
1694444613588 -0.002248259680725173 256
1694444613646 -0.00224156253597263 257
1694444613706 -0.0022348488105989883 258
1694444613747 -0.0022281184697774403 259
1694444613789 -0.0022213714786138983 260
1694444613820 -0.002214607802141666 261
1694444613852 -0.002207827405323881 262
1694444613889 -0.002201030253053071 263
1694444613920 -0.0021942163101513756 264
1694444613951 -0.0021873855413696575 265
1694444613980 -0.0021805379113870593 266
1694444614010 -0.002173673384813002 267
1694444614046 -0.0021667919261849633 268
1694444614079 -0.002159893499967591 269
1694444614121 -0.002152978070556033 270
1694444614167 -0.002146045602273272 271
1694444614201 -0.0021390960593683506 272
1694444614235 -0.0021321294060197005 273
1694444614287 -0.002125145606335588 274
1694444614344 -0.0021181446243490054 275
1694444614403 -0.002111126424021448 276
1694444614434 -0.002104090969242911 277
1694444614467 -0.0020970382238292284 278
1694444614497 -0.002089968151524957 279
1694444614528 -0.002082880715998492 280
1694444614559 -0.0020757758808498394 281
1694444614591 -0.002068653609601956 282
1694444614623 -0.0020615138657062992 283
1694444614662 -0.0020543566125406088 284
1694444614693 -0.0020471818134073505 285
1694444614726 -0.00203998943153727 286
1694444614758 -0.0020327794300871727 287
1694444614794 -0.0020255517721383676 288
1694444614825 -0.0020183064206973356 289
1694444614859 -0.002011043338699059 290
1694444614895 -0.0020037624890021366 291
1694444614927 -0.0019964638343903385 292
1694444614965 -0.0019891473375739377 293
1694444615002 -0.001981812961186824 294
1694444615047 -0.0019744606677887244 295
1694444615084 -0.0019670904198643147 296
1694444615119 -0.001959702179821887 297
1694444615152 -0.0019522959099955717 298
1694444615187 -0.0019448715726431143 299
1694444615216 -0.0019374291299461 300
1694444615254 -0.0019299685440121728 301
1694444615290 -0.001922489776870151 302
1694444615323 -0.00191499279047469 303
1694444615359 -0.0019074775467033955 304
1694444615395 -0.0018999440073574902 305
1694444615428 -0.0018923921341618133 306
1694444615462 -0.0018848218887632662 307
1694444615493 -0.0018772332327343655 308
1694444615527 -0.0018696261275681358 309
1694444615572 -0.0018620005346807744 310
1694444615606 -0.0018543564154127612 311
1694444615645 -0.0018466937310250842 312
1694444615684 -0.0018390124427030141 313
1694444615714 -0.001831312511552996 314
1694444615752 -0.0018235938986019828 315
1694444615788 -0.0018158565648023206 316
1694444615821 -0.0018081004710259752 317
1694444615854 -0.0018003255780665306 318
1694444615892 -0.0017925318466400775 319
1694444615923 -0.0017847192373832144 320
1694444615957 -0.001776887710853936 321
1694444615991 -0.0017690372275316335 322
1694444616027 -0.0017611677478162058 323
1694444616065 -0.001753279232028726 324
1694444616102 -0.0017453716404103314 325
1694444616136 -0.0017374449331231112 326
1694444616182 -0.0017294990702494406 327
1694444616216 -0.0017215340117919808 328
1694444616251 -0.001713549717673013 329
1694444616294 -0.00170554614773466 330
1694444616333 -0.001697523261739331 331
1694444616371 -0.0016894810193690546 332
1694444616408 -0.0016814193802243693 333
1694444616441 -0.0016733383038267657 334
1694444616475 -0.0016652377496133575 335
1694444616507 -0.0016571176769453189 336
1694444616546 -0.0016489780450987812 337
1694444616579 -0.0016408188132701618 338
1694444616608 -0.0016326399405739433 339
1694444616646 -0.0016244413860437845 340
1694444616684 -0.0016162231086302992 341
1694444616717 -0.0016079850672015006 342
1694444616750 -0.0015997272205465762 343
1694444616788 -0.0015914495273694484 344
1694444616823 -0.0015831519462941035 345
1694444616859 -0.0015748344358588184 346
1694444616899 -0.0015664969545223784 347
1694444616935 -0.0015581394606585253 348
1694444616970 -0.0015497619125599549 349
1694444617003 -0.0015413642684340978 350
1694444617036 -0.001532946486406228 351
1694444617067 -0.0015245085245185752 352
1694444617103 -0.0015160503407289916 353
1694444617140 -0.0015075718929116189 354
1694444617184 -0.001499073138857332 355
1694444617218 -0.0014905540362721847 356
1694444617259 -0.0014820145427785203 357
1694444617305 -0.0014734546159140827 358
1694444617359 -0.001464874213132461 359
1694444617404 -0.0014562732918017574 360
1694444617442 -0.0014476518092056967 361
1694444617490 -0.001439009722543183 362
1694444617524 -0.0014303469889280773 363
1694444617561 -0.0014216635653883092 364
1694444617599 -0.0014129594088665431 365
1694444617638 -0.0014042344762201786 366
1694444617682 -0.0013954887242204617 367
1694444617713 -0.0013867221095529292 368
1694444617745 -0.0013779345888167427 369
1694444617804 -0.0013691261185249104 370
1694444617843 -0.0013602966551047313 371
1694444617887 -0.0013514461548951306 372
1694444617923 -0.0013425745741508788 373
1694444617961 -0.00133368186903704 374
1694444617997 -0.0013247679956343017 375
1694444618038 -0.0013158329099334232 376
1694444618077 -0.0013068765678403427 377
1694444618115 -0.0012978989251712925 378
1694444618148 -0.0012888999376572396 379
1694444618181 -0.001279879560938113 380
1694444618218 -0.0012708377505699087 381
1694444618247 -0.0012617744620151417 382
1694444618292 -0.0012526896506532825 383
1694444618324 -0.0012435832717725415 384
1694444618366 -0.0012344552805723108 385
1694444618398 -0.0012253056321642752 386
1694444618429 -0.0012161342815706355 387
1694444618464 -0.0012069411837241084 388
1694444618498 -0.0011977262934685928 389
1694444618530 -0.0011884895655582817 390
1694444618569 -0.0011792309546578839 391
1694444618599 -0.0011699504153419582 392
1694444618629 -0.0011606479020953575 393
1694444618669 -0.0011513233693130065 394
1694444618702 -0.0011419767712987916 395
1694444618736 -0.0011326080622673373 396
1694444618770 -0.0011232171963413418 397
1694444618813 -0.0011138041275535748 398
1694444618850 -0.0011043688098453242 399
1694444618886 -0.0010949111970677272 400
1694444618925 -0.0010854312429791069 401
1694444618961 -0.0010759289012471918 402
1694444618997 -0.0010664041254484502 403
1694444619033 -0.00105685686906698 404
1694444619064 -0.0010472870854949523 405
1694444619101 -0.001037694728032168 406
1694444619132 -0.0010280797498876115 407
1694444619162 -0.0010184421041767866 408
1694444619199 -0.0010087817439194957 409
1694444619236 -0.000999098622049166 410
1694444619277 -0.000989392691401747 411
1694444619317 -0.000979663904721484 412
1694444619354 -0.0009699122146569206 413
1694444619393 -0.000960137573767561 414
1694444619426 -0.0009503399345158758 415
1694444619460 -0.000940519249271965 416
1694444619494 -0.0009306754703111153 417
1694444619526 -0.000920808549815133 418
1694444619559 -0.0009109184398710113 419
1694444619592 -0.0009010050924713742 420
1694444619623 -0.0008910684595155871 421
1694444619656 -0.0008811084928039836 422
1694444619689 -0.0008711251440471912 423
1694444619722 -0.0008611183648574716 424
1694444619752 -0.0008510881067527176 425
1694444619786 -0.0008410343211548987 426
1694444619816 -0.0008309569593905053 427
1694444619846 -0.0008208559726901044 428
1694444619878 -0.0008107313121885618 429
1694444619914 -0.0008005829289239319 430
1694444619945 -0.0007904107738379018 431
1694444619978 -0.0007802147977762353 432
1694444620016 -0.0007699949514874405 433
1694444620046 -0.0007597511856234362 434
1694444620079 -0.0007494834507386638 435
1694444620114 -0.000739191697290309 436
1694444620146 -0.0007288758756387459 437
1694444620181 -0.0007185359360462051 438
1694444620213 -0.0007081718286774397 439
1694444620244 -0.0006977835035983926 440
1694444620278 -0.0006873709107781956 441
1694444620315 -0.0006769340000865043 442
1694444620342 -0.0006664727212952748 443
1694444620375 -0.0006559870240774313 444
1694444620410 -0.000645476858007088 445
1694444620439 -0.0006349421725593274 446
1694444620472 -0.000624382917109978 447
1694444620512 -0.0006137990409353922 448
1694444620545 -0.0006031904932131127 449
1694444620582 -0.000592557223020096 450
1694444620616 -0.0005818991793344885 451
1694444620647 -0.0005712163110305202 452
1694444620683 -0.0005605085668884957 453
1694444620716 -0.0005497758955839149 454
1694444620749 -0.0005390182456919135 455
1694444620783 -0.000528235565688373 456
1694444620818 -0.0005174278039468128 457
1694444620850 -0.0005065949087403876 458
1694444620890 -0.0004957368282410002 459
1694444620927 -0.00048485351051796854 460
1694444620960 -0.0004739449035400245 461
1694444620998 -0.00046301095517331525 462
1694444621034 -0.0004520516131822916 463
1694444621068 -0.0004410668252288197 464
1694444621105 -0.00043005653887284723 465
1694444621144 -0.0004190207015715153 466
1694444621182 -0.00040795926067782595 467
1694444621212 -0.0003968721634441952 468
1694444621244 -0.00038575935701823383 469
1694444621280 -0.0003746207884447461 470
1694444621311 -0.0003634564046643973 471
1694444621341 -0.00035226615251482407 472
1694444621376 -0.00034104997872952403 473
1694444621409 -0.00032980782993785596 474
1694444621441 -0.0003185396526650397 475
1694444621475 -0.000307245393331268 476
1694444621524 -0.0002959249982528167 477
1694444621557 -0.00028457841364071257 478
1694444621595 -0.00027320558560117725 479
1694444621642 -0.0002618064601347392 480
1694444621681 -0.0002503809831377879 481
1694444621711 -0.0002389291003992433 482
1694444621744 -0.0002274507576036644 483
1694444621774 -0.00021594590032925076 484
1694444621815 -0.00020441447404806468 485
1694444621845 -0.000192856424125587 486
1694444621879 -0.0001812716958216054 487
1694444621920 -0.00016966023428799382 488
1694444621966 -0.00015802198457026684 489
1694444622011 -0.00014635689160846788 490
1694444622053 -0.00013466490023161803 491
1694444622091 -0.00012294595516326723 492
1694444622131 -0.00011120000102171623 493
1694444622164 -9.942698231402147e-05 494
1694444622204 -8.76268434413241e-05 495
1694444622239 -7.579952869307682e-05 496
1694444622275 -6.394498225592571e-05 497
1694444622327 -5.206314820327407e-05 498
1694444622362 -4.0153970501499714e-05 499
