1694446207302 92.98283718340925 0
1694446207614 32.180267885355725 1
1694446207864 20.790251391947013 2
1694446208151 10.066871736580572 3
1694446208460 5.298769226680946 4
1694446208753 3.2954350734383637 5
1694446209017 0.6806350243581348 6
1694446209270 0.13378519759748939 7
1694446209547 0.004173504501975118 8
1694446209797 0.1651510048003276 9
1694446210049 0.03209947210671675 10
1694446210332 0.3325480916940562 11
1694446210611 0.010488903466177679 12
1694446210866 0.0006378912661014254 13
1694446211126 0.0054564076257328864 14
1694446211391 0.09705390277317864 15
1694446211658 0.658574052728789 16
1694446211914 1.2494662945419774 17
1694446212169 0.020749698948635924 18
1694446212429 0.22833306504647133 19
1694446212671 0.013929214135791894 20
1694446212924 0.004482378843505741 21
1694446213176 0.05350219642133425 22
1694446213444 0.18677519425862213 23
1694446213706 0.003001140391486548 24
1694446213972 0.009505977600775477 25
