1694444405079 -0.00830719509952349 0
1694444405131 -0.00831812469839277 1
1694444405189 -0.008328400465057229 2
1694444405245 -0.008338003100429647 3
1694444405335 -0.008346912868393508 4
1694444405386 -0.008355109586818843 5
1694444405429 -0.008362572618425546 6
1694444405483 -0.008369280861463269 7
1694444405550 -0.008375212740218574 8
1694444405590 -0.008380346195338673 9
1694444405621 -0.008384658673984857 10
1694444405671 -0.008388127119792532 11
1694444405706 -0.00839072796264162 12
1694444405741 -0.008392437108248219 13
1694444405783 -0.008393229927549317 14
1694444405819 -0.008393081245905432 15
1694444405868 -0.008391965332091633 16
1694444405904 -0.008389855887095399 17
1694444405940 -0.00838672603270374 18
1694444405986 -0.008382548299887826 19
1694444406022 -0.008377294616969788 20
1694444406069 -0.008370936297587006 21
1694444406105 -0.00836344402841993 22
1694444406141 -0.008354787856724277 23
1694444406184 -0.008344937177617417 24
1694444406220 -0.00833386072115383 25
1694444406267 -0.008321526539166069 26
1694444406308 -0.0083079019918737 27
1694444406354 -0.008292953734251984 28
1694444406391 -0.008276647702177176 29
1694444406424 -0.008258949098308488 30
1694444406481 -0.008239822377747785 31
1694444406522 -0.00821923123344015 32
1694444406564 -0.008197138581319097 33
1694444406599 -0.008173506545217979 34
1694444406632 -0.008148296441505165 35
1694444406667 -0.008121468763467421 36
1694444406702 -0.008092983165439938 37
1694444406740 -0.008062798446662578 38
1694444406779 -0.008030872534867228 39
1694444406812 -0.007997162469602248 40
1694444406848 -0.007961624385287136 41
1694444406886 -0.007924213493979648 42
1694444406916 -0.00788488406787402 43
1694444406950 -0.007843589421524966 44
1694444406982 -0.007800281893776351 45
1694444407020 -0.00775491282941565 46
1694444407058 -0.00770743256053974 47
1694444407091 -0.007657790387627594 48
1694444407127 -0.007605934560332317 49
1694444407161 -0.007551812257971191 50
1694444407193 -0.0074953695697257405 51
1694444407226 -0.007436551474549358 52
1694444407260 -0.007375301820776725 53
1694444407294 -0.00731156330543592 54
1694444407327 -0.007245277453250543 55
1694444407363 -0.007176384595368734 56
1694444407399 -0.007104823847757791 57
1694444407431 -0.007030533089329882 58
1694444407464 -0.006953448939743367 59
1694444407495 -0.006873506736910784 60
1694444407532 -0.006790640514210855 61
1694444407566 -0.006704782977396739 62
1694444407598 -0.006615865481192307 63
1694444407629 -0.0065238180056148565 64
1694444407668 -0.006428569131968764 65
1694444407706 -0.006330046018574231 66
1694444407749 -0.0062281743761762876 67
1694444407791 -0.006122878443074908 68
1694444407824 -0.006014080959960033 69
1694444407871 -0.005901703144466142 70
1694444407908 -0.00578566466543573 71
1694444407941 -0.005665883616905898 72
1694444407974 -0.00554227649182093 73
1694444408007 -0.00541475815546999 74
1694444408043 -0.005283241818666351 75
1694444408079 -0.005147639010650851 76
1694444408111 -0.00500785955175842 77
1694444408144 -0.004863811525827488 78
1694444408191 -0.004715401252366247 79
1694444408225 -0.0045625332584879885 80
1694444408262 -0.0044051102506244 81
1694444408296 -0.00424303308602525 82
1694444408327 -0.004076200744032921 83
1694444408362 -0.0039045102971870804 84
1694444408395 -0.003727856882124625 85
1694444408428 -0.0035461336703122015 86
1694444408466 -0.003359231838622412 87
1694444408499 -0.003167040539749477 88
1694444408535 -0.0029694468724992262 89
1694444408570 -0.0027663358519645076 90
1694444408602 -0.0025575903795849175 91
1694444408639 -0.002343091213134141 92
1694444408673 -0.00212271693661803 93
1694444408709 -0.0018963439301478147 94
1694444408751 -0.0016638463397629089 95
1694444408789 -0.0014250960472503849 96
1694444408822 -0.0011799626399848773 97
1694444408858 -0.0009283133807815869 98
1694444408904 -0.0006700131778336615 99
1694444408939 -0.000404924554718189 100
1694444408972 -0.0001329076205220936 101
1694444409005 0.0001461799599046243 102
1694444409039 0.0004324829955117959 103
1694444409071 0.0007261487984314696 104
1694444409104 0.0010273272131030575 105
1694444409142 0.001336170645162671 106
1694444409183 0.0016528340900142657 107
1694444409219 0.0019774751610711627 108
1694444409249 0.0023102541176223124 109
1694444409284 0.0026513338922856677 110
1694444409320 0.0030008801179974842 111
1694444409365 0.0033590611545246674 112
1694444409404 0.0037260481144075763 113
1694444409436 0.004102014888328065 114
1694444409476 0.004487138169828042 115
1694444409515 0.004881597479363786 116
1694444409563 0.00528557518757744 117
1694444409614 0.005699256537811892 118
1694444409666 0.006122829667747465 119
1694444409705 0.006556485630148212 120
1694444409735 0.007000418412607012 121
1694444409777 0.007454824956293682 122
1694444409807 0.007919905173576658 123
1694444409838 0.008395861964491491 124
1694444409875 0.008882901231967777 125
1694444409908 0.009381231895762676 126
1694444409940 0.009891065904994445 127
1694444409974 0.010412618249230454 128
1694444410008 0.010946106968051428 129
1694444410039 0.01149175315897999 130
1694444410076 0.012049780983724112 131
1694444410114 0.012620417672632334 132
1694444410149 0.013203893527278132 133
1694444410188 0.013800441921080209 134
1694444410232 0.014410299297877738 135
1694444410278 0.015033705168338685 136
1694444410318 0.01567090210413069 137
1694444410355 0.016322135729752163 138
1694444410394 0.016987654711908107 139
1694444410429 0.01766771074631912 140
1694444410460 0.01836255854189528 141
1694444410496 0.01907245580211292 142
1694444410528 0.01979766320354992 143
1694444410561 0.020538444371370534 144
1694444410592 0.02129506585176666 145
1694444410623 0.022067797081114837 146
1694444410656 0.0228569103518228 147
1694444410694 0.023662680774696132 148
1694444410741 0.02448538623771701 149
1694444410777 0.025325307361109828 150
1694444410813 0.026182727448564758 151
1694444410850 0.02705793243448551 152
1694444410886 0.027951210827174444 153
1694444410921 0.028862853647732 154
1694444410955 0.029793154364673446 155
1694444410989 0.030742408823983047 156
1694444411023 0.03171091517462443 157
1694444411054 0.03269897378922859 158
1694444411085 0.03370688717995918 159
1694444411123 0.03473495990932751 160
1694444411157 0.035783498495873145 161
1694444411195 0.0368528113145834 162
1694444411230 0.03794320849186772 163
1694444411261 0.039055001795048394 164
1694444411295 0.040188504516167955 165
1694444411330 0.041344031350001975 166
1694444411361 0.04252189826618835 167
1694444411399 0.04372242237532187 168
1694444411432 0.0449459217889131 169
1694444411472 0.04619271547307746 170
1694444411514 0.04746312309590783 171
1694444411544 0.04875746486831656 172
1694444411584 0.0500760613783755 173
1694444411630 0.05141923341897503 174
1694444411671 0.05278730180871305 175
1694444411703 0.05418058720602037 176
1694444411736 0.05559940991632517 177
1694444411776 0.05704408969227803 178
1694444411811 0.05851494552698322 179
1694444411845 0.060012295440085905 180
1694444411880 0.06153645625682258 181
1694444411913 0.06308774337987733 182
1694444411944 0.06466647055409691 183
1694444411982 0.06627294962402475 184
1694444412020 0.06790749028428444 185
1694444412054 0.06957039982278046 186
1694444412087 0.07126198285680507 187
1694444412118 0.07298254106204982 188
1694444412163 0.07473237289459767 189
1694444412203 0.07651177330596204 190
1694444412237 0.0783210334512644 191
1694444412274 0.08016044039065562 192
1694444412322 0.08203027678408481 193
1694444412352 0.08393082057959955 194
1694444412402 0.0858623446952762 195
1694444412435 0.08782511669499571 196
1694444412468 0.08981939845826414 197
1694444412508 0.09184544584425314 198
1694444412539 0.09390350835033057 199
1694444412573 0.09599382876536855 200
1694444412633 0.09811664281800836 201
1694444412670 0.10027217882027883 202
1694444412725 0.10246065730686871 203
1694444412765 0.10468229067035184 204
1694444412817 0.10693728279280434 205
1694444412861 0.10922582867412856 206
1694444412909 0.11154811405757381 207
1694444412949 0.11390431505284127 208
1694444412998 0.11629459775723738 209
1694444413041 0.11871911787540368 210
1694444413082 0.12117802033808378 211
1694444413145 0.12367143892044352 212
1694444413202 0.12619949586058998 213
1694444413245 0.128762301478771 214
1694444413297 0.13135995379786414 215
1694444413339 0.13399253816584988 216
1694444413378 0.1366601268808305 217
1694444413407 0.13936277881926473 218
1694444413436 0.14210053906814613 219
1694444413466 0.14487343856177481 220
1694444413503 0.1476814937238622 221
1694444413540 0.15052470611567048 222
1694444413573 0.1534030620909932 223
1694444413612 0.15631653245865418 224
1694444413649 0.1592650721533735 225
1694444413690 0.16224861991571038 226
1694444413733 0.16526709798192618 227
1694444413766 0.16832041178455837 228
1694444413806 0.17140844966446145 229
1694444413844 0.17453108259518657 230
1694444413875 0.1776881639204101 231
1694444413909 0.18087952910534255 232
1694444413945 0.1841049955027877 233
1694444413978 0.18736436213474217 234
1694444414013 0.19065740949022159 235
1694444414047 0.1939838993402312 236
1694444414080 0.1973435745704486 237
1694444414116 0.20073615903255193 238
1694444414152 0.20416135741477126 239
1694444414198 0.2076188551324577 240
1694444414236 0.21110831823928056 241
1694444414269 0.21462939335974474 242
1694444414307 0.2181817076436603 243
1694444414347 0.22176486874309032 244
1694444414391 0.22537846481238377 245
1694444414431 0.2290220645318065 246
1694444414462 0.23269521715517327 247
1694444414494 0.23639745258203215 248
1694444414526 0.24012828145468157 249
1694444414557 0.24388719528038383 250
1694444414602 0.2476736665790994 251
1694444414643 0.2514871490569194 252
1694444414697 0.2553270778054566 253
1694444414739 0.2591928695271828 254
1694444414773 0.2630839227869699 255
1694444414819 0.26699961828963337 256
1694444414853 0.27093931918361003 257
1694444414890 0.2749023713905283 258
1694444414928 0.27888810396054575 259
1694444414967 0.2828958294532308 260
1694444415003 0.2869248443436002 261
1694444415039 0.2909744294530793 262
1694444415072 0.29504385040481185 263
1694444415105 0.2991323581029327 264
1694444415142 0.30323918923513904 265
1694444415198 0.3073635667980773 266
1694444415234 0.3115047006447009 267
1694444415268 0.31566178805298606 268
1694444415303 0.3198340143151124 269
1694444415339 0.32402055334633983 270
1694444415379 0.3282205683125282 271
1694444415415 0.33243321227550526 272
1694444415449 0.3366576288550962 273
1694444415492 0.3408929529068673 274
1694444415534 0.3451383112143934 275
1694444415569 0.3493928231949808 276
1694444415617 0.3536556016175091 277
1694444415661 0.35792575333135657 278
1694444415700 0.362202380004935 279
1694444415738 0.3664845788727543 280
1694444415768 0.37077144348951474 281
1694444415806 0.375062064490036 282
1694444415846 0.37935553035357816 283
1694444415882 0.38365092817126134 284
1694444415922 0.3879473444151683 285
1694444415959 0.39224386570773495 286
1694444415999 0.3965395795901647 287
1694444416035 0.4008335752883264 288
1694444416070 0.4051249444749482 289
1694444416106 0.4094127820266371 290
1694444416141 0.4136961867744411 291
1694444416183 0.41797426224665823 292
1694444416222 0.4222461174025456 293
1694444416266 0.4265108673557678 294
1694444416306 0.43076763408626184 295
1694444416340 0.43501554713939405 296
1694444416379 0.43925374431124775 297
1694444416418 0.4434813723188824 298
1694444416465 0.4476975874546162 299
1694444416519 0.4519015562231684 300
1694444416566 0.4560924559608468 301
1694444416611 0.46026947543574437 302
1694444416647 0.4644318154281626 303
1694444416682 0.468578689290451 304
1694444416716 0.4727093234855052 305
1694444416748 0.47682295810322217 306
1694444416779 0.48091884735436174 307
1694444416820 0.4849962600411861 308
1694444416860 0.4890544800043939 309
1694444416902 0.4930928065459399 310
1694444416945 0.49711055482735833 311
1694444416979 0.5011070562432559 312
1694444417015 0.5050816587697693 313
1694444417049 0.5090337272877433 314
1694444417082 0.5129626438805983 315
1694444417117 0.5168678081066956 316
1694444417153 0.5207486372463335 317
1694444417186 0.5246045665233101 318
1694444417222 0.528435049301244 319
1694444417267 0.5322395572547443 320
1694444417313 0.5360175805157332 321
1694444417354 0.5397686277950924 322
1694444417401 0.5434922264800062 323
1694444417447 0.5471879227073768 324
1694444417481 0.5508552814136314 325
1694444417520 0.554493886361493 326
1694444417554 0.5581033401440634 327
1694444417586 0.5616832641668739 328
1694444417621 0.565233298608343 329
1694444417666 0.5687531023593112 330
1694444417703 0.572242352942244 331
1694444417746 0.5757007464107193 332
1694444417786 0.5791279972298994 333
1694444417824 0.5825238381386868 334
1694444417864 0.5858880199942054 335
1694444417898 0.589220311599418 336
1694444417932 0.592520499514525 337
1694444417969 0.5957883878529815 338
1694444418008 0.5990237980627986 339
1694444418042 0.6022265686939623 340
1694444418074 0.6053965551526893 341
1694444418108 0.6085336294433228 342
1694444418144 0.6116376798985822 343
1694444418180 0.6147086108990049 344
1694444418215 0.6177463425822627 345
1694444418245 0.6207508105431597 346
1694444418277 0.6237219655250497 347
1694444418309 0.626659773103381 348
1694444418340 0.6295642133621357 349
1694444418375 0.6324352805638273 350
1694444418409 0.6352729828138264 351
1694444418439 0.6380773417196093 352
1694444418471 0.6408483920456969 353
1694444418503 0.6435861813648454 354
1694444418538 0.6462907697061828 355
1694444418571 0.6489622292008892 356
1694444418640 0.6516006437260102 357
1694444418699 0.6542061085469846 358
1694444418747 0.6567787299594474 359
1694444418783 0.6593186249308303 360
1694444418816 0.6618259207422843 361
1694444418863 0.6643007546314232 362
1694444418897 0.6667432734363278 363
1694444418931 0.6691536332412886 364
1694444418963 0.6715319990247176 365
1694444418997 0.67387854430959 366
1694444419030 0.6761934508168552 367
1694444419065 0.6784769081221464 368
1694444419101 0.6807291133161142 369
1694444419144 0.6829502706687525 370
1694444419180 0.6851405912979613 371
1694444419232 0.6873002928426559 372
1694444419268 0.689429599140662 373
1694444419299 0.6915287399116581 374
1694444419345 0.6935979504453447 375
1694444419396 0.6956374712950745 376
1694444419446 0.697647547977112 377
1694444419498 0.6996284306756733 378
1694444419530 0.7015803739539179 379
1694444419576 0.7035036364709851 380
1694444419643 0.7053984807052367 381
1694444419715 0.707265172683748 382
1694444419778 0.7091039817181786 383
1694444419830 0.7109151801470524 384
1694444419871 0.7126990430845332 385
1694444419906 0.714455848175714 386
1694444419950 0.7161858753584565 387
1694444419987 0.7178894066318018 388
1694444420029 0.7195667258309518 389
1694444420074 0.7212181184088156 390
1694444420121 0.7228438712241201 391
1694444420175 0.7244442723360272 392
1694444420229 0.7260196108052612 393
1694444420274 0.7275701765016866 394
1694444420310 0.7290962599182683 395
1694444420346 0.7305981519913973 396
1694444420392 0.7320761439274752 397
1694444420432 0.7335305270357229 398
1694444420479 0.7349615925670989 399
1694444420520 0.7363696315592825 400
1694444420652 0.7377549346876091 401
1694444420686 0.7391177921218719 402
1694444420739 0.7404584933888978 403
1694444420787 0.7417773272407993 404
1694444420832 0.7430745815287876 405
1694444420866 0.7443505430824584 406
1694444420898 0.7456054975944261 407
1694444420931 0.7468397295102023 408
1694444420966 0.7480535219232092 409
1694444420999 0.7492471564748092 410
1694444421039 0.750420913259234 411
1694444421072 0.7515750707332991 412
1694444421104 0.7527099056307913 413
1694444421139 0.7538256928813976 414
1694444421180 0.7549227055340753 415
1694444421213 0.756001214684723 416
1694444421250 0.7570614894080618 417
1694444421281 0.7581037966935809 418
1694444421312 0.7591284013854551 419
1694444421341 0.7601355661262987 420
1694444421375 0.7611255513046479 421
1694444421404 0.7620986150060647 422
1694444421435 0.76305501296773 423
1694444421466 0.7639949985364354 424
1694444421497 0.7649188226298428 425
1694444421530 0.7658267337009202 426
1694444421563 0.7667189777054303 427
1694444421599 0.7675957980723769 428
1694444421648 0.7684574356772991 429
1694444421685 0.7693041288183121 430
1694444421729 0.7701361131947932 431
1694444421770 0.7709536218886149 432
1694444421805 0.7717568853478279 433
1694444421846 0.7725461313726972 434
1694444421886 0.7733215851040032 435
1694444421922 0.774083469013509 436
1694444421969 0.7748320028965103 437
1694444422004 0.775567403866387 438
1694444422042 0.7762898863510526 439
1694444422081 0.7769996620912444 440
1694444422113 0.7776969401405505 441
1694444422154 0.7783819268671143 442
1694444422188 0.7790548259569207 443
1694444422222 0.7797158384186128 444
1694444422257 0.7803651625897451 445
1694444422291 0.781002994144417 446
1694444422328 0.7816295261022151 447
1694444422364 0.7822449488383925 448
1694444422398 0.782849450095234 449
1694444422427 0.7834432149945274 450
1694444422462 0.7840264260510993 451
1694444422495 0.7845992631873427 452
1694444422535 0.78516190374869 453
1694444422581 0.7857145225199668 454
1694444422616 0.7862572917425884 455
1694444422650 0.7867903811325336 456
1694444422688 0.787313957899051 457
1694444422728 0.787828186764062 458
1694444422778 0.7883332299821929 459
1694444422817 0.7888292473614134 460
1694444422858 0.7893163962842278 461
1694444422898 0.789794831729376 462
1694444422934 0.790264706294016 463
1694444422977 0.7907261702163397 464
1694444423014 0.7911793713985926 465
1694444423050 0.7916244554304526 466
1694444423086 0.7920615656127524 467
1694444423119 0.7924908429814917 468
1694444423168 0.7929124263321264 469
1694444423202 0.7933264522440946 470
1694444423245 0.7937330551055576 471
1694444423286 0.7941323671383207 472
1694444423321 0.7945245184229186 473
1694444423371 0.7949096369238318 474
1694444423405 0.7952878485148178 475
1694444423444 0.7956592770043229 476
1694444423480 0.796024044160971 477
1694444423514 0.7963822697390905 478
1694444423546 0.796734071504273 479
1694444423578 0.7970795652589358 480
1694444423610 0.7974188648678799 481
1694444423644 0.7977520822838191 482
1694444423686 0.7980793275728679 483
1694444423718 0.7984007089399693 484
1694444423756 0.798716332754258 485
1694444423795 0.7990263035743306 486
1694444423828 0.7993307241734233 487
1694444423878 0.7996296955644786 488
1694444423915 0.7999233170250883 489
1694444423947 0.8002116861223104 490
1694444423980 0.8004948987373351 491
1694444424015 0.8007730490900073 492
1694444424047 0.8010462297631851 493
1694444424079 0.8013145317269285 494
1694444424115 0.8015780443625131 495
1694444424170 0.8018368554862609 496
1694444424205 0.8020910513731774 497
1694444424240 0.8023407167803926 498
1694444424281 0.8025859349704053 499
