1694444155025 -0.0028173574675158797 0
1694444155057 -0.0032879396705909336 1
1694444155090 -0.00261866822483392 2
1694444155123 -0.0023958967359321015 3
1694444155154 -0.0022736309108839503 4
1694444155191 -0.001739303269115311 5
1694444155223 -0.0014116203078098355 6
1694444155266 -0.0017459001616058067 7
1694444155308 -0.0009165226820291306 8
1694444155342 -0.00024524109479218126 9
1694444155372 0.0002841641176628551 10
1694444155403 0.00037106505127426637 11
1694444155434 0.0007466040704968702 12
1694444155465 0.001563936722717929 13
1694444155498 0.0023708645963180786 14
1694444155529 0.001571549698180963 15
1694444155561 0.0035163842103953513 16
1694444155591 0.004474962202159705 17
1694444155624 0.005066083236046071 18
1694444155662 0.006229256645590597 19
1694444155697 0.00839697804427475 20
1694444155733 0.006946134819995953 21
1694444155764 0.011722146719732152 22
1694444155796 0.011281215822242507 23
1694444155828 0.013456654232368859 24
1694444155859 0.012863114542151166 25
1694444155889 0.014348319965440837 26
1694444155920 0.01554163229775185 27
1694444155951 0.017619005610591487 28
1694444155982 0.021193797370782308 29
1694444156014 0.025474702778217062 30
1694444156046 0.030010731132979918 31
1694444156078 0.03338927487470533 32
1694444156110 0.03748727283070119 33
1694444156141 0.040377039693279215 34
1694444156175 0.034151476063405406 35
1694444156205 0.05209848825731944 36
1694444156240 0.04660189071097676 37
1694444156274 0.05646569965980697 38
1694444156306 0.05983522575527611 39
1694444156338 0.05985750340607521 40
1694444156371 0.0613251191913875 41
1694444156401 0.06683863530792755 42
1694444156432 0.09966810897243572 43
1694444156464 0.0897871529421832 44
1694444156496 0.09262422911880763 45
1694444156532 0.09213390282592337 46
1694444156565 0.1038801339057932 47
1694444156596 0.12160100654664097 48
1694444156629 0.13334156036039868 49
1694444156662 0.1224046959888625 50
1694444156696 0.1453842408060967 51
1694444156730 0.1539222600592528 52
1694444156760 0.1713500464233222 53
1694444156792 0.1750896323946618 54
1694444156824 0.18243416528459833 55
1694444156855 0.18791192498295672 56
1694444156887 0.22055251819609212 57
1694444156920 0.21787403632116942 58
1694444156953 0.2403264859829034 59
1694444156990 0.26198513061740614 60
1694444157029 0.2882613517398639 61
1694444157061 0.28872884139833954 62
1694444157093 0.2999501488711961 63
1694444157125 0.337711796831328 64
1694444157161 0.31910891533915764 65
1694444157194 0.3424055662694646 66
1694444157228 0.3855454849563861 67
1694444157261 0.39682826507945557 68
1694444157292 0.3766615452053107 69
1694444157325 0.42670763669210576 70
1694444157358 0.4598908320340718 71
1694444157388 0.4174121601050924 72
1694444157418 0.46340007029373587 73
1694444157450 0.4855119183699351 74
1694444157480 0.5106294432012709 75
1694444157511 0.5330359175852748 76
1694444157544 0.52820073199052 77
1694444157574 0.5433095506914614 78
1694444157607 0.5948085169629806 79
1694444157637 0.5650804095740763 80
1694444157670 0.5943620230749621 81
1694444157701 0.5992826140582446 82
1694444157732 0.5760205199580005 83
1694444157765 0.6232200229629875 84
1694444157796 0.6106122732761088 85
1694444157826 0.6439331674740392 86
1694444157857 0.6450513093169608 87
1694444157889 0.6605602522989931 88
1694444157921 0.660667854796114 89
1694444157955 0.6932305927009321 90
1694444157985 0.6977148687807904 91
1694444158018 0.7119063365288067 92
1694444158051 0.7458893983648943 93
1694444158081 0.7062824969824573 94
1694444158112 0.7349164253514145 95
1694444158143 0.7257156254790631 96
1694444158177 0.745084982409099 97
1694444158205 0.75176981560144 98
1694444158234 0.7231598288300665 99
1694444158265 0.7528802270400814 100
1694444158297 0.7724509825328302 101
1694444158331 0.7591381755541254 102
1694444158362 0.7529422573094873 103
1694444158393 0.7509418669354114 104
1694444158423 0.7638263318536883 105
1694444158454 0.7481891178408526 106
1694444158485 0.7492172089329908 107
1694444158519 0.8088103425774301 108
1694444158551 0.7697284006297671 109
1694444158581 0.7795455794056001 110
1694444158615 0.7893924648547865 111
1694444158647 0.8131156043156902 112
1694444158681 0.8029056195469422 113
1694444158712 0.8026861629839144 114
1694444158743 0.796640747087134 115
1694444158774 0.7800947368016615 116
1694444158804 0.7931322695201861 117
1694444158835 0.7965836925901129 118
1694444158868 0.8114657542004294 119
1694444158899 0.7995644197773828 120
1694444158930 0.8190311967247692 121
1694444158965 0.8206062303161901 122
1694444158995 0.8101129033191327 123
1694444159027 0.8061283442258045 124
1694444159059 0.8084057447960677 125
1694444159090 0.8112552506917943 126
1694444159119 0.8034528780233923 127
1694444159151 0.8151729318760227 128
1694444159186 0.8123536412730729 129
1694444159217 0.813894347673816 130
1694444159252 0.783627847198634 131
1694444159282 0.832896454161273 132
1694444159314 0.8017871139853823 133
1694444159348 0.7958399732237535 134
1694444159381 0.7897715682695834 135
1694444159411 0.8211826256314112 136
1694444159443 0.8045310944795687 137
1694444159477 0.8304223254955384 138
1694444159515 0.8185351329168886 139
1694444159552 0.8312178695860761 140
1694444159592 0.800322788147815 141
1694444159626 0.8135582225877775 142
1694444159658 0.8234223200145204 143
1694444159690 0.8232081666909215 144
1694444159720 0.8246112358523394 145
1694444159753 0.8541413940035469 146
1694444159785 0.7980936623330356 147
1694444159818 0.8166792142588171 148
1694444159851 0.8025857568736638 149
1694444159884 0.8116497521278946 150
1694444159916 0.8249377737091513 151
1694444159948 0.7836410767882781 152
1694444159979 0.8296773033485284 153
1694444160011 0.8234316820568036 154
1694444160045 0.8108444520716762 155
1694444160081 0.8189791867108627 156
1694444160115 0.8088338220232218 157
1694444160147 0.8134267525972584 158
1694444160184 0.8044856447346226 159
1694444160218 0.7970517195510006 160
1694444160253 0.8301295264824741 161
1694444160285 0.8200546954025716 162
1694444160318 0.7931338845311247 163
1694444160352 0.8149674906346466 164
1694444160384 0.8271370996775107 165
1694444160416 0.8296281420753516 166
1694444160447 0.808983994876687 167
1694444160481 0.8224011619212998 168
1694444160513 0.8255522329802746 169
1694444160546 0.8189265033150452 170
1694444160578 0.8095838154425871 171
1694444160611 0.8443492478924691 172
1694444160642 0.8246888457131876 173
1694444160676 0.8232247718765507 174
1694444160706 0.8145088389201411 175
1694444160739 0.8346557152302796 176
1694444160768 0.8279785547560438 177
1694444160801 0.8158800738270064 178
1694444160833 0.8219415336887902 179
1694444160866 0.7884565593885895 180
1694444160899 0.8196690235131135 181
1694444160931 0.7829812956206843 182
1694444160965 0.8453422877705771 183
1694444160997 0.8086749004774967 184
1694444161030 0.8354402632640383 185
1694444161061 0.8249612878921233 186
1694444161094 0.7978438774755661 187
1694444161127 0.8467360494471494 188
1694444161160 0.7993288228427657 189
1694444161195 0.8487784816950125 190
1694444161228 0.8206933793228199 191
1694444161264 0.8149760927699117 192
1694444161295 0.830776992990316 193
1694444161326 0.8239648690623814 194
1694444161360 0.835402893868062 195
1694444161391 0.8345805970543911 196
1694444161420 0.8272861189073505 197
1694444161452 0.8271818293330602 198
1694444161486 0.8302128133861972 199
1694444161516 0.8481986584220866 200
1694444161548 0.7975133393965195 201
1694444161581 0.8534669626159281 202
1694444161613 0.8296743630907788 203
1694444161645 0.8130379487581226 204
1694444161679 0.7987249492995485 205
1694444161709 0.8397651350121924 206
1694444161740 0.8327328124760818 207
1694444161772 0.8382485088178916 208
1694444161807 0.8237187381532047 209
1694444161838 0.8111940980809634 210
1694444161869 0.8088811039386493 211
1694444161902 0.8378849738415303 212
1694444161932 0.827886309680719 213
1694444161966 0.8354219765125115 214
1694444161999 0.8169226650637755 215
1694444162029 0.8197329531412028 216
1694444162061 0.8357389439267269 217
1694444162093 0.8133446501622985 218
1694444162125 0.8074863201457912 219
1694444162156 0.8280377435455689 220
1694444162190 0.8226883760815246 221
1694444162220 0.8333401874101981 222
1694444162252 0.8474763797259135 223
1694444162284 0.8379070129371489 224
1694444162318 0.7982655905336715 225
1694444162348 0.8284281746132299 226
1694444162383 0.8170410344202793 227
1694444162412 0.8150075491715647 228
1694444162443 0.8050243708781255 229
1694444162474 0.824334695662035 230
1694444162508 0.8340100259511835 231
1694444162540 0.8321737515489835 232
1694444162570 0.8242880989966945 233
1694444162599 0.814592290957844 234
1694444162633 0.8329951350774009 235
1694444162665 0.8194319887946043 236
1694444162701 0.8266736044928382 237
1694444162741 0.8287298436658903 238
1694444162773 0.8354094818132705 239
1694444162807 0.814856498716453 240
1694444162837 0.8311087861906558 241
1694444162869 0.8298027749217218 242
1694444162902 0.8198494956017139 243
1694444162935 0.8137962395886084 244
1694444162966 0.8212470341726889 245
1694444162998 0.8231753904186108 246
1694444163031 0.8257605510115124 247
1694444163062 0.8120888408900364 248
1694444163094 0.8119490118498873 249
1694444163125 0.8237975232512147 250
1694444163156 0.8434300326345222 251
1694444163191 0.8167200228997227 252
1694444163222 0.8134636307201489 253
1694444163253 0.8280162490228543 254
1694444163284 0.825774129137626 255
1694444163316 0.8210448095669622 256
1694444163348 0.8086449463044187 257
1694444163382 0.8331954466395919 258
1694444163415 0.8250572137457374 259
1694444163445 0.8276209032538525 260
1694444163476 0.8043288975938421 261
1694444163508 0.7933056227137775 262
1694444163537 0.8251138980991674 263
1694444163569 0.8364555355322216 264
1694444163602 0.8193606313189516 265
1694444163633 0.8039968271708338 266
1694444163670 0.837992523722477 267
1694444163708 0.8382942338799582 268
1694444163807 0.8237059903179456 269
1694444163841 0.8383277658694723 270
1694444163878 0.8394190269756915 271
1694444163910 0.8366403711134405 272
1694444163948 0.8095907638034341 273
1694444163980 0.8571745155027579 274
1694444164014 0.8357179858650533 275
1694444164046 0.8218873848641186 276
1694444164078 0.845940556422794 277
1694444164110 0.8225413568298974 278
1694444164140 0.8237020546238456 279
1694444164176 0.8281248670005914 280
1694444164212 0.8441792857024848 281
1694444164246 0.8574212092635083 282
1694444164284 0.8313057696345705 283
1694444164316 0.8436775429040673 284
1694444164360 0.8195256966669905 285
1694444164393 0.8226418106596995 286
1694444164429 0.8484153653595912 287
1694444164461 0.824024573456249 288
1694444164497 0.8300323269200514 289
1694444164528 0.817221211069886 290
1694444164564 0.8242226696810444 291
1694444164606 0.846489603927665 292
1694444164636 0.8214615417295517 293
1694444164673 0.8363856756976414 294
1694444164705 0.8393760280613218 295
1694444164735 0.8236409103900495 296
1694444164769 0.841171028848408 297
1694444164809 0.8424236279998663 298
1694444164842 0.8077580615291323 299
1694444164876 0.8201833643845389 300
1694444164908 0.8341325719567982 301
