1694441746556 -0.001913391302516887 0
1694441746608 -0.0018846920780963838 1
1694441746656 -0.0018550777470895952 2
1694441746708 -0.0018242447014680252 3
1694441746762 -0.0017924655900576347 4
1694441746856 -0.0017597214091882307 5
1694441746929 -0.0017259928373560829 6
1694441746999 -0.0016912602311074387 7
1694441747050 -0.001655503620924037 8
1694441747098 -0.0016187027070786453 9
1694441747140 -0.0015808368554779406 10
1694441747186 -0.0015418850934998396 11
1694441747227 -0.0015018261058077353 12
1694441747272 -0.0014606382301605159 13
1694441747339 -0.0014182994532145887 14
1694441747432 -0.001374787406316802 15
1694441747510 -0.0013300793612867068 16
1694441747619 -0.001284152226207258 17
1694441747734 -0.001236982541198861 18
1694441747851 -0.0011885464742060758 19
1694441747953 -0.0011388198167776586 20
1694441748051 -0.0010877779798588172 21
1694441748168 -0.0010353959895754716 22
1694441748272 -0.0009816484830469374 23
1694441748318 -0.0009265097041917247 24
1694441748362 -0.0008699534995535441 25
1694441748409 -0.0008119533141464075 26
1694441748466 -0.0007524821873106102 27
1694441748516 -0.0006915127485949135 28
1694441748561 -0.0006290172136609318 29
1694441748609 -0.0005649673802072819 30
1694441748659 -0.0004993346239394736 31
1694441748715 -0.0004320898945493479 32
1694441748802 -0.0003632037117500264 33
1694441748850 -0.00029264616134105914 34
1694441748890 -0.0002203868913084328 35
1694441748937 -0.00014639510798430955 36
1694441748993 -7.063957224362483e-05 37
1694441749044 6.911404241360941e-06 38
1694441749095 8.628996269410827e-05 39
1694441749150 0.00016752870086356175 40
1694441749198 0.0002506606765910746 41
1694441749246 0.0003357194113151607 42
1694441749308 0.00042273889349619953 43
1694441749388 0.0005117535819737506 44
1694441749430 0.0006027984092351613 45
1694441749468 0.000695908784605348 46
1694441749515 0.0007911205973475388 47
1694441749562 0.0008884702196707561 48
1694441749616 0.000987994509632828 49
1694441749666 0.0010897308139445894 50
1694441749717 0.0011937169706732753 51
1694441749763 0.0012999913118137973 52
1694441749815 0.0014085926657612102 53
1694441749881 0.001519560359650396 54
1694441749962 0.0016329342215648524 55
1694441750009 0.0017487545826097017 56
1694441750053 0.0018670622788559132 57
1694441750103 0.001987898653127762 58
1694441750152 0.0021113055566372996 59
1694441750192 0.0022373253504683888 60
1694441750237 0.0023660009068946497 61
1694441750319 0.002497375610521102 62
1694441750374 0.002631493359260051 63
1694441750428 0.002768398565112906 64
1694441750490 0.002908136154776364 65
1694441750543 0.0030507515700378685 66
1694441750593 0.0031962907679801145 67
1694441750635 0.003344800220970945 68
1694441750698 0.0034963269164389743 69
1694441750750 0.0036509183564270575 70
1694441750806 0.003808622556912833 71
1694441750848 0.00396948804689623 72
1694441750905 0.004133563867239953 73
1694441750950 0.004300899569256389 74
1694441751002 0.004471545213042383 75
1694441751060 0.004645551365546674 76
1694441751130 0.004822969098349117 77
1694441751186 0.005003849985181552 78
1694441751244 0.005188246099146698 79
1694441751298 0.0053762100096377274 80
1694441751363 0.005567794778961743 81
1694441751454 0.005763053958648512 82
1694441751514 0.005962041585434896 83
1694441751563 0.006164812176937651 84
1694441751630 0.0063714207269612855 85
1694441751700 0.006581922700501952 86
1694441751762 0.006796374028365748 87
1694441751822 0.00701483110144463 88
1694441751888 0.00723735076463361 89
1694441751962 0.007463990310354718 90
1694441752004 0.007694807471714915 91
1694441752070 0.007929860415262668 92
1694441752132 0.008169207733365602 93
1694441752230 0.008412908436161826 94
1694441752313 0.008661021943109248 95
1694441752385 0.00891360807412156 96
1694441752449 0.009170727040273108 97
1694441752516 0.009432439434053808 98
1694441752575 0.009698806219217038 99
1694441752624 0.009969888720144482 100
1694441752663 0.010245748610779537 101
1694441752709 0.010526447903087988 102
1694441752758 0.010812048935055385 103
1694441752808 0.011102614358209695 104
1694441752856 0.011398207124657223 105
1694441752906 0.011698890473643697 106
1694441752954 0.012004727917617863 107
1694441752993 0.012315783227790922 108
1694441753061 0.012632120419199144 109
1694441753122 0.01295380373526367 110
1694441753171 0.01328089763183693 111
1694441753220 0.013613466760712178 112
1694441753278 0.013951575952650619 113
1694441753317 0.014295290199841548 114
1694441753364 0.014644674637869892 115
1694441753422 0.014999794527138177 116
1694441753480 0.015360715233740496 117
1694441753526 0.01572750220983976 118
1694441753562 0.016100220973458423 119
1694441753605 0.016478937087775813 120
1694441753641 0.016863716139852825 121
1694441753696 0.017254623718839457 122
1694441753737 0.017651725393623807 123
1694441753795 0.018055086689947264 124
1694441753842 0.018464773066994677 125
1694441753898 0.018880849893423757 126
1694441753944 0.01930338242288865 127
1694441754003 0.019732435768985535 128
1694441754053 0.020168074879730935 129
1694441754111 0.020610364511461365 130
1694441754169 0.02105936920223417 131
1694441754215 0.021515153244720975 132
1694441754252 0.02197778065857403 133
1694441754333 0.02244731516229781 134
1694441754391 0.022923820144629015 135
1694441754482 0.02340735863541543 136
1694441754534 0.02389799327601838 137
1694441754593 0.024395786289256427 138
1694441754629 0.02490079944888024 139
1694441754670 0.025413094048578166 140
1694441754715 0.02593273087057757 141
1694441754762 0.02645977015379819 142
1694441754836 0.026994271561587402 143
1694441754903 0.02753629414907066 144
1694441754992 0.028085896330097504 145
1694441755059 0.028643135843840595 146
1694441755108 0.02920806972101475 147
1694441755169 0.029780754249780328 148
1694441755222 0.03036124494130421 149
1694441755264 0.030949596495037812 150
1694441755326 0.03154586276370408 151
1694441755378 0.03215009671801394 152
1694441755434 0.032762350411168484 153
1694441755481 0.03338267494310099 154
1694441755527 0.03401112042455545 155
1694441755569 0.034647735940963265 156
1694441755608 0.03529256951619453 157
1694441755653 0.03594566807617061 158
1694441755691 0.03660707741236513 159
1694441755728 0.03727684214524318 160
1694441755771 0.03795500568765908 161
1694441755826 0.03864161020821766 162
1694441755876 0.03933669659465322 163
1694441755931 0.04004030441724016 164
1694441755995 0.04075247189228637 165
1694441756052 0.04147323584568585 166
1694441756116 0.042105064805582404 167
1694441756153 0.0427447255265081 168
1694441756195 0.04339225544461678 169
1694441756230 0.0440476907235976 170
1694441756283 0.04471106622056764 171
1694441756346 0.045382415452098646 172
1694441756412 0.04606177056042027 173
1694441756466 0.046749162279849044 174
1694441756508 0.047444619903412866 175
1694441756546 0.04814817124980708 176
1694441756592 0.04885984263059184 177
1694441756635 0.04957965881775195 178
1694441756677 0.050307643011629155 179
1694441756717 0.05104381680923353 180
1694441756772 0.051788200172995014 181
1694441756838 0.05254081139999234 182
1694441756886 0.05330166709164208 183
1694441756934 0.054070782123968875 184
1694441757001 0.05484816961841443 185
1694441757050 0.05563384091322643 186
1694441757104 0.0564278055355264 187
1694441757143 0.05723007117400192 188
1694441757200 0.058040643652316204 189
1694441757237 0.05885952690325624 190
1694441757278 0.059686722943621096 191
1694441757327 0.06052223184993388 192
1694441757373 0.06136605173497145 193
1694441757421 0.062218178725162554 194
1694441757463 0.0630786069388587 195
1694441757520 0.06394732846557749 196
1694441757571 0.06482433334614257 197
1694441757619 0.06570960955385197 198
1694441757676 0.06660314297663372 199
1694441757734 0.06750491740027098 200
1694441757779 0.06841491449268788 201
1694441757815 0.06933311378930129 202
1694441757863 0.07025949267957021 203
1694441757904 0.07119402639460892 204
1694441757936 0.07213668799604334 205
1694441757998 0.07308744836604197 206
1694441758070 0.07404627619853765 207
1694441758161 0.07501313799174425 208
1694441758206 0.07598799804189516 209
1694441758287 0.07697081843827924 210
1694441758339 0.07796155905956614 211
1694441758400 0.07896017757146889 212
1694441758456 0.07996662942568555 213
1694441758504 0.08098086786025838 214
1694441758569 0.08200284390122625 215
1694441758609 0.08303250636566895 216
1694441758647 0.08406980186612922 217
1694441758697 0.08511467481642698 218
1694441758737 0.08616706743884439 219
1694441758797 0.08722691977273211 220
1694441758843 0.08829416968449755 221
1694441758892 0.0893687528789846 222
1694441758933 0.09045060291230578 223
1694441758973 0.09153965120602092 224
1694441759024 0.09263582706273898 225
1694441759067 0.09373905768312507 226
1694441759117 0.09484926818426165 227
1694441759163 0.09596638161942894 228
1694441759221 0.09709031899922038 229
1694441759304 0.09822099931405559 230
1694441759342 0.09935833955800955 231
1694441759385 0.10050225475398855 232
1694441759433 0.10165265798022038 233
1694441759475 0.10280946039806138 234
1694441759518 0.10397257128103476 235
1694441759564 0.1051418980452129 236
1694441759638 0.1063173462807423 237
1694441759711 0.10749881978466291 238
1694441759758 0.10868622059488808 239
1694441759805 0.10987944902531421 240
1694441759851 0.11107840370214661 241
1694441759899 0.11228298160123928 242
1694441759946 0.11349307808658804 243
1694441759992 0.11470858694983832 244
1694441760044 0.11592940045077249 245
1694441760084 0.11715540935885593 246
1694441760126 0.11838650299562736 247
1694441760168 0.11962256927808224 248
1694441760218 0.12086349476286873 249
1694441760275 0.12210916469135313 250
1694441760325 0.12335946303542367 251
1694441760379 0.12461427254411095 252
1694441760433 0.1258734747908884 253
1694441760488 0.12713695022160554 254
1694441760536 0.128404578203135 255
1694441760597 0.12967623707250353 256
1694441760649 0.13095180418664676 257
1694441760703 0.13223115597260837 258
1694441760752 0.13351416797822357 259
1694441760843 0.13480071492318935 260
1694441760930 0.13609067075048753 261
1694441760972 0.13738390867817585 262
1694441761009 0.13868030125141328 263
1694441761045 0.1399797203946911 264
1694441761132 0.141282037464306 265
1694441761185 0.1425871233009396 266
1694441761237 0.1438948482822976 267
1694441761299 0.14520508237585994 268
1694441761403 0.14651769519160296 269
1694441761465 0.14783255603464684 270
1694441761507 0.14914953395788044 271
1694441761560 0.15046849781442506 272
1694441761598 0.15178931630990677 273
1694441761634 0.15311185805455407 274
1694441761675 0.154435991615003 275
1694441761731 0.15576158556584108 276
1694441761794 0.15708850854078116 277
1694441761867 0.15841662928347067 278
1694441761931 0.15974581669790144 279
1694441761980 0.16107593989831226 280
1694441762056 0.1624068682586678 281
1694441762111 0.1637384714615775 282
1694441762172 0.16507061954662006 283
1694441762221 0.16640318295813694 284
1694441762268 0.16773603259234104 285
1694441762374 0.16906903984379917 286
1694441762455 0.17040207665118667 287
1694441762536 0.1717350155423546 288
1694441762593 0.17306772967861206 289
1694441762679 0.17440009289826386 290
1694441762729 0.17573197975932675 291
1694441762831 0.17706326558140184 292
1694441762882 0.17839382648670488 293
1694441762946 0.17972353944024289 294
1694441763003 0.18105228228905723 295
1694441763086 0.18237993380056983 296
1694441763130 0.183706373699986 297
1694441763197 0.18503148270676584 298
1694441763281 0.1863551425700698 299
1694441763407 0.18767723610331133 300
1694441763482 0.18899764721760826 301
1694441763522 0.19031626095431087 302
1694441763576 0.1916329635164733 303
1694441763619 0.19294764229927763 304
1694441763659 0.19426018591945304 305
1694441763703 0.195570484243632 306
1694441763756 0.19687842841565806 307
1694441763809 0.19818391088283516 308
1694441763879 0.1994868254211204 309
1694441763919 0.200787067159251 310
1694441763957 0.20208453260181314 311
1694441763995 0.2033791196512238 312
1694441764041 0.2046707276287103 313
1694441764120 0.20595925729413345 314
1694441764174 0.20724461086484802 315
1694441764218 0.20852669203344476 316
1694441764290 0.20980540598448472 317
1694441764380 0.21108065941014997 318
1694441764447 0.2123523605248956 319
1694441764539 0.21362041907905627 320
1694441764589 0.2148847463714244 321
1694441764655 0.2161452552608466 322
1694441764735 0.21740186017679275 323
1694441764797 0.21865447712894692 324
1694441764844 0.2199030237158196 325
1694441764900 0.22114741913241143 326
1694441764963 0.22238758417689342 327
1694441765010 0.2236234412563668 328
1694441765067 0.22485491439172012 329
1694441765111 0.2260819292215458 330
1694441765171 0.22730441300517568 331
1694441765216 0.22852229462485818 332
1694441765288 0.22973550458704062 333
1694441765347 0.23094397502282216 334
1694441765408 0.23214763968762442 335
1694441765471 0.2333464339599587 336
1694441765534 0.23454029483951344 337
1694441765598 0.23572916094437968 338
1694441765637 0.23691297250757182 339
1694441765698 0.23809167137280118 340
1694441765749 0.23926520098953252 341
1694441765803 0.24043350640734817 342
1694441765852 0.24159653426962135 343
1694441765902 0.24275423280655595 344
1694441765948 0.24390655182758103 345
1694441765998 0.24505344271310237 346
1694441766103 0.2461948584056758 347
1694441766184 0.24733075340061839 348
1694441766245 0.24846108373602782 349
1694441766296 0.2495858069822815 350
1694441766336 0.2507048822310024 351
1694441766382 0.25181827008355795 352
1694441766422 0.2529259326390083 353
1694441766465 0.25402783348169167 354
1694441766506 0.255123937668273 355
1694441766550 0.2562142117144297 356
1694441766590 0.25729862358110955 357
1694441766634 0.2583771426604142 358
1694441766680 0.2594497397610884 359
1694441766767 0.2605163870937255 360
1694441766829 0.26157705825554434 361
1694441766879 0.2626317282149663 362
1694441766958 0.26368037329578364 363
1694441767063 0.26472297116116195 364
1694441767114 0.26575950079729016 365
1694441767185 0.2667899424968445 366
1694441767242 0.26781427784218736 367
1694441767280 0.2688324896884102 368
1694441767345 0.2698445621461143 369
1694441767470 0.2708504805640599 370
1694441767533 0.27185023151163823 371
1694441767611 0.2728438027611946 372
1694441767688 0.27383118327020306 373
1694441767756 0.2748123631633729 374
1694441767815 0.27578733371457975 375
1694441767865 0.2767560873287429 376
1694441767926 0.27771861752363647 377
1694441768006 0.2786749189116208 378
1694441768099 0.2796249871812895 379
1694441768192 0.28056881907913955 380
1694441768266 0.28150641239116303 381
1694441768305 0.28243776592444225 382
1694441768365 0.2833628794887332 383
1694441768404 0.28428175387807086 384
1694441768456 0.2851943908523429 385
1694441768515 0.28610079311895487 386
1694441768566 0.2870009643144945 387
1694441768621 0.2878949089864311 388
1694441768667 0.28878263257488335 389
1694441768717 0.2896641413944788 390
1694441768767 0.29053944261622755 391
1694441768820 0.2914085442495252 392
1694441768868 0.29227145512420305 393
1694441768921 0.2931281848727346 394
1694441768978 0.2939787439124675 395
1694441769029 0.2948231434280282 396
1694441769077 0.2956613953537961 397
1694441769168 0.29649351235655774 398
1694441769221 0.29731950781822114 399
1694441769294 0.2981393958187164 400
1694441769346 0.2989531911190141 401
1694441769416 0.29976090914429276 402
1694441769487 0.30056256596726083 403
1694441769566 0.3013581782916106 404
1694441769621 0.3021477634356843 405
1694441769684 0.30293133931624405 406
1694441769772 0.3037089244324154 407
1694441769853 0.3044805378498733 408
1694441769903 0.305246199185085 409
1694441769953 0.30600592858985187 410
1694441770004 0.30675974673591844 411
1694441770076 0.30750767479985675 412
1694441770154 0.3082497344480739 413
1694441770261 0.3089859478220557 414
1694441770331 0.3097163375237325 415
1694441770397 0.31044092660111444 416
1694441770465 0.3111597385340803 417
1694441770532 0.31187279722032923 418
1694441770597 0.3125801269616101 419
1694441770652 0.3132817524500633 420
1694441770738 0.3139776987548235 421
1694441770801 0.31466799130876044 422
1694441770867 0.31535265589548933 423
1694441770928 0.31603171863653945 424
1694441770976 0.316705205978695 425
1694441771042 0.31737314468161826 426
1694441771098 0.31803556180559034 427
1694441771135 0.3186924846994885 428
1694441771175 0.31934394098898367 429
1694441771220 0.31998995856489076 430
1694441771271 0.32063056557177194 431
1694441771334 0.32126579039666947 432
1694441771426 0.321895661658116 433
1694441771502 0.3225202081952838 434
1694441771631 0.32313945905735675 435
1694441771685 0.32375344349308943 436
1694441771771 0.32436219094056307 437
1694441771817 0.324965731017144 438
1694441771868 0.32556409350961046 439
1694441771925 0.32615730836449564 440
1694441771972 0.3267454056786109 441
1694441772022 0.3273284156897548 442
1694441772069 0.3279063687676108 443
1694441772109 0.32847929540483467 444
1694441772154 0.32904722620832094 445
1694441772201 0.3296101918906379 446
1694441772270 0.3301682232616966 447
1694441772325 0.3307213512205047 448
1694441772380 0.3312696067472113 449
1694441772427 0.33181302089521403 450
1694441772473 0.3323516247835282 451
1694441772519 0.33288544958928934 452
1694441772558 0.33341452654041115 453
1694441772601 0.3339388869084454 454
1694441772644 0.3344585620015692 455
1694441772715 0.3349735831577917 456
1694441772768 0.3354839817382528 457
1694441772808 0.3359897891207352 458
1694441772848 0.33649103669329994 459
1694441772892 0.33698775584810736 460
1694441772951 0.33747997797537754 461
1694441772991 0.3379677344574702 462
1694441773038 0.33845105666318953 463
1694441773089 0.3389299759421426 464
1694441773134 0.3394045236193257 465
1694441773194 0.3398747309897956 466
1694441773243 0.34034062931352316 467
1694441773291 0.34080224981034424 468
1694441773343 0.341259623655071 469
1694441773392 0.3417127819727449 470
1694441773442 0.34216175583401365 471
1694441773492 0.3426065762506184 472
1694441773543 0.343047274171025 473
1694441773593 0.3434838804762078 474
1694441773642 0.34391642597549943 475
1694441773680 0.3443449414026135 476
1694441773724 0.34476945741174336 477
1694441773777 0.34519000457383886 478
1694441773817 0.3456066133729139 479
1694441773865 0.34601931420254484 480
1694441773930 0.3464281373624519 481
1694441773977 0.3468331130551503 482
1694441774023 0.34723427138279506 483
1694441774069 0.3476316423440302 484
1694441774112 0.3480252558310266 485
1694441774153 0.3484151416265783 486
1694441774197 0.3488013294012974 487
1694441774239 0.34918384871090846 488
1694441774281 0.34956272899366203 489
1694441774332 0.3499379995678239 490
1694441774378 0.3503096896292397 491
1694441774420 0.35067782824900273 492
1694441774461 0.351042444371255 493
1694441774508 0.3514035668109654 494
1694441774546 0.35176122425192424 495
1694441774596 0.3521154452447123 496
1694441774637 0.35246625820482147 497
1694441774686 0.35281369141079444 498
1694441774737 0.3531577730025104 499
