1694437203133 158.7643489311629 0
1694437203160 158.73275953839112 1
1694437203196 158.70117708899346 2
1694437203236 158.66960158137854 3
1694437203302 158.63803301395538 4
1694437203357 158.60647138513352 5
1694437203432 158.57491669332265 6
1694437203519 158.54336893693295 7
1694437203578 158.511828114375 8
1694437203642 158.4802942240597 9
1694437203703 158.4487672643983 10
1694437203765 158.4172472338025 11
1694437203872 158.38573413068434 12
1694437203911 158.3542279534562 13
1694437203958 158.3227287005308 14
1694437204001 158.2912363703214 15
1694437204061 158.25975096124145 16
1694437204122 158.22827247170486 17
1694437204162 158.1968009001259 18
1694437204200 158.1653362449192 19
1694437204229 158.13387850449976 20
1694437204266 158.102427677283 21
1694437204316 158.07098376168466 22
1694437204370 158.03954675612079 23
1694437204409 158.00811665900795 24
1694437204461 157.97669346876302 25
1694437204497 157.94527718380323 26
1694437204545 157.91386780254615 27
1694437204605 157.88246532340983 28
1694437204653 157.85106974481255 29
1694437204688 157.81968106517309 30
1694437204722 157.78829928291046 31
1694437204759 157.75692439644422 32
1694437204801 157.72555640419418 33
1694437204837 157.69419530458052 34
1694437204877 157.6628410960238 35
1694437204909 157.631493776945 36
1694437204960 157.60015334576545 37
1694437205011 157.56881980090682 38
1694437205055 157.53749314079113 39
1694437205097 157.50617336384087 40
1694437205145 157.47486046847885 41
1694437205201 157.44355445312814 42
1694437205239 157.4122553162124 43
1694437205270 157.38096305615542 44
1694437205326 157.34967767138156 45
1694437205361 157.31839916031544 46
1694437205395 157.28712752138208 47
1694437205426 157.25586275300685 48
1694437205460 157.22460485361552 49
1694437205497 157.1933538216342 50
1694437205557 157.1621096554894 51
1694437205595 157.13087235360797 52
1694437205673 157.09964191441716 53
1694437205747 157.06841833634456 54
1694437205807 157.03720161781814 55
1694437205845 157.0059917572662 56
1694437205927 156.9747887531175 57
1694437205999 156.94359260380114 58
1694437206032 156.91240330774644 59
1694437206068 156.88122086338336 60
1694437206097 156.85004526914196 61
1694437206130 156.81887652345284 62
1694437206161 156.78771462474697 63
1694437206210 156.75655957145557 64
1694437206277 156.72541136201028 65
1694437206354 156.69426999484313 66
1694437206388 156.6631354683865 67
1694437206421 156.63200778107324 68
1694437206462 156.60088693133633 69
1694437206519 156.56977291760936 70
1694437206562 156.5386657383262 71
1694437206593 156.50756539192096 72
1694437206621 156.47647187682833 73
1694437206661 156.44538519148327 74
1694437206709 156.41430533432106 75
1694437206753 156.38323230377742 76
1694437206802 156.3521660982884 77
1694437206853 156.32110671629042 78
1694437206905 156.29005415622032 79
1694437206946 156.25900841651523 80
1694437206978 156.22796949561263 81
1694437207021 156.19693739195048 82
1694437207071 156.16591210396706 83
1694437207110 156.13489363010092 84
1694437207144 156.1038819687911 85
1694437207183 156.07287711847692 86
1694437207213 156.04187907759814 87
1694437207254 156.01088784459486 88
1694437207282 155.9799034179075 89
1694437207312 155.94892579597695 90
1694437207365 155.91795497724428 91
1694437207390 155.88699096015117 92
1694437207417 155.85603374313942 93
1694437207456 155.82508332465142 94
1694437207482 155.79413970312973 95
1694437207530 155.76320287701745 96
1694437207584 155.73227284475792 97
1694437207659 155.7013496047949 98
1694437207690 155.67043315557243 99
1694437207717 155.63952349553506 100
1694437207743 155.60862062312762 101
1694437207770 155.57772453679527 102
1694437207807 155.54683523498363 103
1694437207846 155.51595271613866 104
1694437207880 155.48507697870653 105
1694437207908 155.45420802113404 106
1694437207934 155.42334584186816 107
1694437207960 155.39249043935627 108
1694437207987 155.36164181204614 109
1694437208016 155.33079995838588 110
1694437208043 155.299964876824 111
1694437208080 155.2691365658093 112
1694437208110 155.23831502379102 113
1694437208138 155.20750024921875 114
1694437208174 155.1766922405424 115
1694437208203 155.14589099621227 116
1694437208231 155.115096514679 117
1694437208260 155.08430879439373 118
1694437208290 155.05352783380775 119
1694437208318 155.0227536313728 120
1694437208346 154.99198618554107 121
1694437208378 154.96122549476496 122
1694437208408 154.93047155749738 123
1694437208435 154.89972437219154 124
1694437208462 154.86898393730095 125
1694437208492 154.8382502512796 126
1694437208520 154.8075233125817 127
1694437208551 154.77680311966202 128
1694437208594 154.74608967097552 129
1694437208623 154.7153829649776 130
1694437208654 154.68468300012395 131
1694437208687 154.65398977487072 132
1694437208718 154.62330328767436 133
1694437208745 154.59262353699174 134
1694437208776 154.56195052128 135
1694437208807 154.53128423899673 136
1694437208838 154.50062468859983 137
1694437208885 154.46997186854753 138
1694437208931 154.43932577729856 139
1694437208977 154.40868641331187 140
1694437209055 154.37805377504682 141
1694437209164 154.3474278609631 142
1694437209198 154.31680866952084 143
1694437209244 154.28619619918047 144
1694437209279 154.25559044840284 145
1694437209323 154.22499141564904 146
1694437209358 154.1943990993806 147
1694437209393 154.16381349805948 148
1694437209425 154.1332346101479 149
1694437209452 154.10266243410842 150
1694437209478 154.07209696840405 151
1694437209507 154.04153821149814 152
1694437209540 154.0109861618543 153
1694437209571 153.98044081793668 154
1694437209608 153.9499021782096 155
1694437209654 153.9193702411379 156
1694437209682 153.88884500518674 157
1694437209710 153.85832646882147 158
1694437209742 153.82781463050807 159
1694437209772 153.79730948871267 160
1694437209801 153.7668110419019 161
1694437209838 153.73631928854266 162
1694437209888 153.70583422710223 163
1694437209975 153.6753558560483 164
1694437210044 153.64488417384882 165
1694437210122 153.6144191789722 166
1694437210157 153.5839608698872 167
1694437210189 153.55350924506274 168
1694437210222 153.5230643029685 169
1694437210274 153.49262604207408 170
1694437210321 153.46219446084973 171
1694437210358 153.43176955776593 172
1694437210393 153.40135133129365 173
1694437210455 153.37093977990403 174
1694437210492 153.34053490206875 175
1694437210522 153.3101366962597 176
1694437210553 153.27974516094918 177
1694437210582 153.24936029460991 178
1694437210610 153.21898209571486 179
1694437210654 153.1886105627375 180
1694437210681 153.1582456941515 181
1694437210708 153.127887488431 182
1694437210744 153.0975359440504 183
1694437210776 153.06719105948466 184
1694437210805 153.0368528332088 185
1694437210844 153.00652126369846 186
1694437210878 152.97619634942942 187
1694437210906 152.945878088878 188
1694437210941 152.91556648052085 189
1694437210977 152.88526152283484 190
1694437211016 152.85496321429736 191
1694437211108 152.824671553386 192
1694437211231 152.79438653857892 193
1694437211340 152.76410816835437 194
1694437211462 152.7338364411912 195
1694437211522 152.70357135556844 196
1694437211554 152.6733129099656 197
1694437211594 152.64306110286248 198
1694437211626 152.61281593273924 199
1694437211675 152.58257739807647 200
1694437211707 152.552345497355 201
1694437211741 152.52212022905604 202
1694437211789 152.49190159166125 203
1694437211839 152.46168958365257 204
1694437211872 152.43148420351224 205
1694437211909 152.40128544972302 206
1694437211945 152.37109332076793 207
1694437212038 152.3409078151303 208
1694437212102 152.31072893129382 209
1694437212141 152.28055666774267 210
1694437212221 152.25039102296122 211
1694437212337 152.22023199543432 212
1694437212424 152.19007958364713 213
1694437212467 152.15993378608508 214
1694437212554 152.12979460123415 215
1694437212632 152.09966202758042 216
1694437212692 152.06953606361057 217
1694437212741 152.0394167078115 218
1694437212776 152.0093039586705 219
1694437212820 151.9791978146752 220
1694437212857 151.9490982743136 221
1694437212893 151.91900533607398 222
1694437212931 151.8889189984451 223
1694437212970 151.85883925991604 224
1694437213038 151.8287661189762 225
1694437213085 151.7986995741153 226
1694437213123 151.76863962382345 227
1694437213175 151.73858626659117 228
1694437213208 151.7085395009093 229
1694437213264 151.67849932526894 230
1694437213296 151.64846573816172 231
1694437213329 151.61843873807942 232
1694437213426 151.58841832351436 233
1694437213539 151.5584044929591 234
1694437213623 151.5283972449066 235
1694437213678 151.4983965778502 236
1694437213754 151.46840249028347 237
1694437213824 151.43841498070043 238
1694437213889 151.4084340475955 239
1694437213949 151.37845968946334 240
1694437214016 151.34849190479906 241
1694437214073 151.31853069209802 242
1694437214147 151.28857604985603 243
1694437214203 151.25862797656924 244
1694437214257 151.22868647073406 245
1694437214320 151.19875153084732 246
1694437214365 151.1688231554063 247
1694437214403 151.13890134290844 248
1694437214445 151.10898609185162 249
1694437214483 151.07907740073412 250
1694437214518 151.0491752680545 251
1694437214547 151.01927969231176 252
1694437214573 150.9893906720051 253
1694437214597 150.95950820563425 254
1694437214623 150.92963229169914 255
1694437214649 150.8997629287002 256
1694437214675 150.869900115138 257
1694437214702 150.84004384951373 258
1694437214730 150.81019413032874 259
1694437214755 150.78035095608476 260
1694437214781 150.7505143252839 261
1694437214805 150.72068423642864 262
1694437214840 150.69086068802176 263
1694437214870 150.66104367856644 264
1694437214896 150.6312332065662 265
1694437214926 150.60142927052482 266
1694437214952 150.57163186894664 267
1694437215005 150.54184100033618 268
1694437215034 150.51205666319825 269
1694437215059 150.48227885603825 270
1694437215090 150.45250757736167 271
1694437215115 150.42274282567456 272
1694437215143 150.39298459948319 273
1694437215173 150.36323289729427 274
1694437215201 150.33348771761473 275
1694437215228 150.303749058952 276
1694437215255 150.27401691981382 277
1694437215283 150.24429129870816 278
1694437215310 150.21457219414353 279
1694437215336 150.18485960462866 280
1694437215362 150.15515352867254 281
1694437215389 150.12545396478484 282
1694437215415 150.09576091147522 283
1694437215441 150.0660743672539 284
1694437215474 150.03639433063137 285
1694437215501 150.0067208001185 286
1694437215534 149.97705377422645 287
1694437215560 149.94739325146688 288
1694437215587 149.91773923035157 289
1694437215612 149.88809170939288 290
1694437215640 149.8584506871033 291
1694437215667 149.82881616199592 292
1694437215699 149.79918813258396 293
1694437215744 149.76956659738104 294
1694437215790 149.7399515549012 295
1694437215846 149.7103430036588 296
1694437215897 149.68074094216846 297
1694437215937 149.6511453689453 298
1694437215991 149.62155628250466 299
1694437216070 149.59197368136228 300
1694437216110 149.5623975640343 301
1694437216159 149.5328279290371 302
1694437216207 149.50326477488747 303
1694437216263 149.47370810010253 304
1694437216295 149.44415790319974 305
1694437216327 149.414614182697 306
1694437216361 149.3850769371124 307
1694437216395 149.3555461649645 308
1694437216425 149.3260218647721 309
1694437216455 149.2965040350545 310
1694437216486 149.26699267433122 311
1694437216530 149.23748778112218 312
1694437216560 149.2079893539476 313
1694437216593 149.17849739132805 314
1694437216638 149.1490118917846 315
1694437216670 149.11953285383845 316
1694437216699 149.09006027601126 317
1694437216749 149.06059415682498 318
1694437216789 149.03113449480205 319
1694437216835 149.00168128846497 320
1694437216880 148.97223453633697 321
1694437216937 148.94279423694124 322
1694437217008 148.91336038880158 323
1694437217073 148.88393299044208 324
1694437217114 148.85451204038714 325
1694437217151 148.82509753716147 326
1694437217187 148.7956894792902 327
1694437217214 148.76628786529875 328
1694437217243 148.73689269371295 329
1694437217269 148.70750396305888 330
1694437217300 148.67812167186315 331
1694437217338 148.64874581865243 332
1694437217382 148.61937640195399 333
1694437217418 148.5900134202953 334
1694437217480 148.56065687220425 335
1694437217515 148.53130675620906 336
1694437217544 148.50196307083826 337
1694437217575 148.47262581462073 338
1694437217611 148.44329498608576 339
1694437217643 148.41397058376293 340
1694437217673 148.38465260618213 341
1694437217708 148.3553410518737 342
1694437217745 148.32603591936817 343
1694437217787 148.29673720719663 344
1694437217826 148.26744491389027 345
1694437217863 148.23815903798084 346
1694437217905 148.2088795780002 347
1694437217939 148.17960653248088 348
1694437217978 148.1503398999554 349
1694437218051 148.12107967895693 350
1694437218108 148.09182586801876 351
1694437218168 148.0625784656746 352
1694437218205 148.03333747045852 353
1694437218241 148.00410288090492 354
1694437218312 147.9748746955486 355
1694437218379 147.94565291292466 356
1694437218434 147.91643753156842 357
1694437218493 147.88722855001572 358
1694437218563 147.8580259668027 359
1694437218617 147.82882978046587 360
1694437218648 147.79963998954196 361
1694437218680 147.77045659256808 362
1694437218731 147.74127958808182 363
1694437218762 147.71210897462095 364
1694437218789 147.68294475072372 365
1694437218816 147.6537869149286 366
1694437218844 147.62463546577445 367
1694437218870 147.59549040180048 368
1694437218901 147.56635172154617 369
1694437218926 147.53721942355156 370
1694437218951 147.50809350635677 371
1694437218977 147.47897396850246 372
1694437219006 147.44986080852942 373
1694437219040 147.420754024979 374
1694437219068 147.3916536163928 375
1694437219113 147.36255958131272 376
1694437219148 147.33347191828105 377
1694437219209 147.30439062584045 378
1694437219282 147.27531570253387 379
1694437219354 147.24624714690464 380
1694437219412 147.21718495749633 381
1694437219459 147.188129132853 382
1694437219511 147.15907967151892 383
1694437219570 147.13003657203882 384
1694437219633 147.10099983295777 385
1694437219685 147.07196945282098 386
1694437219721 147.04294543017423 387
1694437219752 147.01392776356354 388
1694437219781 146.9849164515353 389
1694437219820 146.95591149263623 390
1694437219881 146.92691288541334 391
1694437219924 146.89792062841408 392
1694437219982 146.8689347201862 393
1694437220091 146.83995515927768 394
1694437220155 146.81098194423703 395
1694437220208 146.78201507361302 396
1694437220258 146.75305454595468 397
1694437220307 146.72410035981153 398
1694437220346 146.69515251373326 399
1694437220385 146.66621100627006 400
1694437220418 146.63727583597233 401
1694437220463 146.60834700139094 402
1694437220492 146.57942450107697 403
1694437220524 146.55050833358192 404
1694437220552 146.5215984974576 405
1694437220580 146.49269499125614 406
1694437220608 146.46379781353008 407
1694437220634 146.4349069628322 408
1694437220668 146.40602243771573 409
1694437220700 146.37714423673424 410
1694437220728 146.34827235844142 411
1694437220757 146.31940680139158 412
1694437220788 146.29054756413922 413
1694437220826 146.26169464523915 414
1694437220862 146.2328480432466 415
1694437220906 146.2040077567172 416
1694437220938 146.1751737842068 417
1694437220971 146.14634612427153 418
1694437221008 146.11752477546807 419
1694437221040 146.08870973635322 420
1694437221068 146.05990100548425 421
1694437221104 146.03109858141875 422
1694437221134 146.0023024627146 423
1694437221161 145.9735126479301 424
1694437221210 145.94472913562382 425
1694437221236 145.91595192435463 426
1694437221262 145.88718101268188 427
1694437221299 145.8584163991651 428
1694437221354 145.8296580823643 429
1694437221409 145.80090606083965 430
1694437221473 145.77216033315187 431
1694437221531 145.74342089786185 432
1694437221637 145.71468775353088 433
1694437221686 145.68596089872062 434
1694437221734 145.65724033199297 435
1694437221783 145.62852605191026 436
1694437221823 145.59981805703512 437
1694437221893 145.57111634593056 438
1694437221967 145.54242091715986 439
1694437222035 145.51373176928666 440
1694437222101 145.48504890087492 441
1694437222182 145.456372310489 442
1694437222226 145.4277019966935 443
1694437222261 145.39903795805347 444
1694437222296 145.3703801931342 445
1694437222322 145.34172870050133 446
1694437222349 145.31308347872093 447
1694437222377 145.2844445263593 448
1694437222406 145.25581184198307 449
1694437222439 145.22718542415933 450
1694437222481 145.19856527145535 451
1694437222537 145.1699513824388 452
1694437222586 145.14134375567778 453
1694437222678 145.11274238974053 454
1694437222711 145.08414728319582 455
1694437222746 145.0555584346126 456
1694437222774 145.02697584256032 457
1694437222799 144.99839950560855 458
1694437222835 144.9698294223274 459
1694437222863 144.94126559128716 460
1694437222908 144.91270801105864 461
1694437222949 144.88415668021273 462
1694437223010 144.85561159732092 463
1694437223049 144.8270727609548 464
1694437223087 144.79854016968648 465
1694437223123 144.77001382208826 466
1694437223154 144.74149371673295 467
1694437223185 144.71297985219346 468
1694437223221 144.68447222704324 469
1694437223252 144.65597083985597 470
1694437223281 144.62747568920568 471
1694437223307 144.59898677366678 472
1694437223333 144.57050409181394 473
1694437223359 144.54202764222225 474
1694437223387 144.513557423467 475
1694437223415 144.485093434124 476
1694437223441 144.45663567276918 477
1694437223467 144.428184137979 478
1694437223492 144.39973882833016 479
1694437223516 144.37129974239969 480
1694437223541 144.34286687876497 481
1694437223569 144.3144402360037 482
1694437223598 144.2860198126939 483
1694437223622 144.25760560741395 484
1694437223647 144.22919761874266 485
1694437223672 144.20079584525897 486
1694437223698 144.1724002855422 487
1694437223724 144.1440109381722 488
1694437223751 144.11562780172892 489
1694437223775 144.08725087479277 490
1694437223801 144.05888015594445 491
1694437223827 144.03051564376497 492
1694437223853 144.0021573368357 493
1694437223877 143.97380523373835 494
1694437223905 143.94545933305506 495
1694437223930 143.917119633368 496
1694437223957 143.88878613326 497
1694437223982 143.86045883131402 498
1694437224008 143.8321377261135 499
