1694439237351 169.1060924771722 0
1694439237387 168.76555695496785 1
1694439237421 168.42570523230364 2
1694439237462 168.09171791512833 3
1694439237495 167.75839611548164 4
1694439237531 167.42573850398776 5
1694439237620 167.09374375393108 6
1694439237683 166.76241054125128 7
1694439237733 166.4317375445376 8
1694439237768 166.1017234450237 9
1694439237811 165.77236692658244 10
1694439237852 165.44366667572044 11
1694439237893 165.11562138157277 12
1694439237932 164.78822973589791 13
1694439237968 164.46149043307224 14
1694439238008 164.13540217008494 15
1694439238048 163.8099636465328 16
1694439238085 163.48517356461466 17
1694439238187 163.16103062912663 18
1694439238265 162.83753354745662 19
1694439238311 162.51468102957915 20
1694439238353 162.19247178805034 21
1694439238397 161.8709045380025 22
1694439238436 161.54997799713914 23
1694439238482 161.2296908857297 24
1694439238535 160.91004192660455 25
1694439238637 160.59102984514965 26
1694439238737 160.2726533693016 27
1694439238797 159.95491122954243 28
1694439238865 159.63780215889454 29
1694439238916 159.3213248929157 30
1694439238951 159.00547816969367 31
1694439238991 158.69026072984144 32
1694439239025 158.37567131649212 33
1694439239062 158.0617086752936 34
1694439239097 157.74837155440392 35
1694439239130 157.435658704486 36
1694439239167 157.12356887870254 37
1694439239209 156.81210083271128 38
1694439239248 156.50125332465976 39
1694439239296 156.1910251151804 40
1694439239333 155.88141496738564 41
1694439239368 155.57242164686272 42
1694439239406 155.26404392166899 43
1694439239437 154.95628056232664 44
1694439239472 154.64913034181816 45
1694439239510 154.34259203558105 46
1694439239544 154.0366644215031 47
1694439239581 153.73134627991737 48
1694439239614 153.4266363935974 49
1694439239648 153.12253354775214 50
1694439239699 152.81903653002135 51
1694439239734 152.5161441304704 52
1694439239770 152.21385514158567 53
1694439239809 151.9121683582695 54
1694439239843 151.6110825778355 55
1694439239881 151.31059660000366 56
1694439239917 151.01070922689547 57
1694439239962 150.7114192630292 58
1694439239998 150.412725515315 59
1694439240044 150.1146267930502 60
1694439240091 149.81712190791453 61
1694439240121 149.52020967396516 62
1694439240162 149.2238889076322 63
1694439240201 148.92815842771367 64
1694439240237 148.63301705537106 65
1694439240280 148.33846361412427 66
1694439240318 148.04449692984716 67
1694439240363 147.7511158307627 68
1694439240397 147.4583191474382 69
1694439240431 147.16610571278073 70
1694439240463 146.87447436203237 71
1694439240498 146.5834239327655 72
1694439240530 146.2929532648783 73
1694439240565 146.00306120058983 74
1694439240601 145.71374658443557 75
1694439240632 145.42500826326264 76
1694439240671 145.13684508622538 77
1694439240712 144.8492559047804 78
1694439240743 144.56223957268233 79
1694439240777 144.27579494597893 80
1694439240811 143.98992088300662 81
1694439240842 143.70461624438582 82
1694439240878 143.4198798930166 83
1694439240913 143.1357106940737 84
1694439240942 142.8521075150023 85
1694439240984 142.56906922551346 86
1694439241021 142.28659469757937 87
1694439241052 142.00468280542898 88
1694439241096 141.72333242554342 89
1694439241127 141.44254243665156 90
1694439241164 141.1623117197254 91
1694439241201 140.88263915797558 92
1694439241230 140.60352363684706 93
1694439241267 140.32496404401437 94
1694439241304 140.0469592693773 95
1694439241345 139.76950820505655 96
1694439241403 139.4926097453891 97
1694439241445 139.21626278692375 98
1694439241485 138.94046622841685 99
1694439241519 138.66521897082774 100
1694439241551 138.39051991731438 101
1694439241582 138.11636797322896 102
1694439241611 137.84276204611348 103
1694439241642 137.56970104569535 104
1694439241697 137.2971838838831 105
1694439241758 137.0252094747618 106
1694439241803 136.75377673458894 107
1694439241849 136.48288458179 108
1694439241889 136.21253193695398 109
1694439241936 135.94271772282917 110
1694439241968 135.6734408643189 111
1694439242015 135.40470028847704 112
1694439242049 135.13649492450378 113
1694439242081 134.86882370374144 114
1694439242115 134.60168555967 115
1694439242148 134.33507942790277 116
1694439242183 134.0690042461824 117
1694439242218 133.80345895437645 118
1694439242253 133.538442494473 119
1694439242286 133.27395381057653 120
1694439242328 133.0099918489038 121
1694439242359 132.74655555777935 122
1694439242395 132.4836438876315 123
1694439242429 132.22125579098804 124
1694439242477 131.959390222472 125
1694439242520 131.6980461387975 126
1694439242566 131.43722249876552 127
1694439242602 131.1769182632598 128
1694439242641 130.9171323952426 129
1694439242675 130.65786385975045 130
1694439242714 130.39911162389015 131
1694439242748 130.1408746568346 132
1694439242782 129.88315192981858 133
1694439242818 129.62594241613456 134
1694439242852 129.36924509112885 135
1694439242884 129.1130589321972 136
1694439242917 128.85738291878076 137
1694439242947 128.60221603236212 138
1694439242976 128.34755725646102 139
1694439243014 128.09340557663052 140
1694439243048 127.83975998045258 141
1694439243081 127.5866194575343 142
1694439243115 127.33398299950376 143
1694439243149 127.0818496000059 144
1694439243180 126.8302182546986 145
1694439243212 126.5790879612485 146
1694439243244 126.32845771932715 147
1694439243280 126.07832653060689 148
1694439243314 125.82869339875677 149
1694439243346 125.57955732943873 150
1694439243382 125.33091733030349 151
1694439243416 125.08277241098651 152
1694439243454 124.83512158310418 153
1694439243485 124.58796386024974 154
1694439243537 124.34129825798927 155
1694439243570 124.09512379385788 156
1694439243612 123.8494394873557 157
1694439243649 123.60424435994382 158
1694439243683 123.3595374350406 159
1694439243717 123.11531773801755 160
1694439243750 122.87158429619554 161
1694439243782 122.62833613884078 162
1694439243815 122.385572297161 163
1694439243849 122.1432918043016 164
1694439243882 121.90149369534164 165
1694439243917 121.66017700729012 166
1694439243954 121.41934077908189 167
1694439243986 121.1789840515741 168
1694439244021 120.93910586754208 169
1694439244055 120.69970527167561 170
1694439244085 120.46078131057511 171
1694439244118 120.22233303274776 172
1694439244151 119.98435948860362 173
1694439244182 119.746859730452 174
1694439244216 119.50983281249749 175
1694439244250 119.27327779083626 176
1694439244281 119.03719372345216 177
1694439244314 118.80157967021306 178
1694439244346 118.56643469286703 179
1694439244381 118.33175785503853 180
1694439244414 118.09754822222469 181
1694439244447 117.8638048617916 182
1694439244480 117.63052684297047 183
1694439244512 117.39771323685397 184
1694439244548 117.1653631163925 185
1694439244584 116.93347555639036 186
1694439244618 116.70204963350223 187
1694439244651 116.47108442622925 188
1694439244687 116.24057901491547 189
1694439244729 116.01053248174416 190
1694439244767 115.78094391073395 191
1694439244799 115.55181238773541 192
1694439244847 115.32313700042722 193
1694439244884 115.09491683831244 194
1694439244935 114.86715099271507 195
1694439244969 114.63983855677624 196
1694439245001 114.41297862545062 197
1694439245051 114.18657029550275 198
1694439245085 113.9606126655035 199
1694439245126 113.73510483582635 200
1694439245158 113.51004590864387 201
1694439245192 113.285434987924 202
1694439245229 113.06127117942665 203
1694439245268 112.83755359069984 204
1694439245302 112.61428133107638 205
1694439245337 112.3914535116701 206
1694439245375 112.1690692453724 207
1694439245412 111.94712764684867 208
1694439245446 111.72562783253467 209
1694439245479 111.50456892063303 210
1694439245514 111.28395003110975 211
1694439245551 111.06377028569064 212
1694439245585 110.8440288078577 213
1694439245619 110.62472472284574 214
1694439245658 110.40585715763888 215
1694439245691 110.18742524096682 216
1694439245720 109.96942810330168 217
1694439245758 109.75186487685419 218
1694439245791 109.53473469557044 219
1694439245827 109.31803669512827 220
1694439245864 109.10177001293387 221
1694439245894 108.8859337881183 222
1694439245937 108.670527161534 223
1694439245968 108.45554927575134 224
1694439246001 108.24099927505534 225
1694439246059 108.02687630544193 226
1694439246098 107.81317951461487 227
1694439246131 107.59990805198201 228
1694439246179 107.38706106865213 229
1694439246214 107.17463771743138 230
1694439246252 106.96263715281994 231
1694439246287 106.7510585310086 232
1694439246327 106.53990100987538 233
1694439246370 106.32916374898221 234
1694439246413 106.11884590957145 235
1694439246449 105.90894665456261 236
1694439246488 105.69946514854894 237
1694439246534 105.49040055779413 238
1694439246568 105.2817520502289 239
1694439246598 105.07351879544771 240
1694439246645 104.86569996470543 241
1694439246685 104.65829473091397 242
1694439246728 104.45130226863895 243
1694439246766 104.2447217540965 244
1694439246796 104.03855236514987 245
1694439246829 103.83279328130605 246
1694439246859 103.62744368371271 247
1694439246891 103.42250275515465 248
1694439246930 103.21796968005071 249
1694439246970 103.01384364445039 250
1694439247000 102.81012383603067 251
1694439247036 102.60680944409265 252
1694439247075 102.40389965955842 253
1694439247109 102.20139367496769 254
1694439247152 101.9992906844746 255
1694439247186 101.79758988384457 256
1694439247218 101.5962904704509 257
1694439247270 101.39539164327168 258
1694439247302 101.1948926028866 259
1694439247345 100.9947925514736 260
1694439247380 100.79509069280577 261
1694439247411 100.59578623224819 262
1694439247449 100.39687837675461 263
1694439247481 100.19836633486445 264
1694439247514 100.00024931669945 265
1694439247570 99.80252653396059 266
1694439247613 99.60519719992487 267
1694439247650 99.40826052944229 268
1694439247679 99.21171573893254 269
1694439247711 99.0155620463819 270
1694439247746 98.8197986713402 271
1694439247776 98.62442483491755 272
1694439247804 98.42943975978132 273
1694439247850 98.23484267015293 274
1694439247883 98.04063279180482 275
1694439247916 97.84680935205733 276
1694439247963 97.65337157977555 277
1694439247993 97.46031870536625 278
1694439248032 97.26764996077485 279
1694439248071 97.0753645794822 280
1694439248101 96.8834617965017 281
1694439248148 96.69194084837608 282
1694439248182 96.50080097317436 283
1694439248213 96.31004141048885 284
1694439248248 96.11966140143204 285
1694439248281 95.92966018863362 286
1694439248314 95.74003701623735 287
1694439248349 95.55079112989812 288
1694439248384 95.36192177677889 289
1694439248421 95.17342820554764 290
1694439248462 94.98530966637442 291
1694439248494 94.79756541092827 292
1694439248530 94.61019469237426 293
1694439248562 94.42319676537048 294
1694439248593 94.23657088606508 295
1694439248629 94.05031631209326 296
1694439248665 93.86443230257427 297
1694439248698 93.67891811810848 298
1694439248733 93.49377302077444 299
1694439248765 93.30899627412579 300
1694439248800 93.12458714318849 301
1694439248836 92.94054489445769 302
1694439248868 92.75686879589492 303
1694439248900 92.57355811692514 304
1694439248933 92.3906121284337 305
1694439248967 92.20803010276357 306
1694439249000 92.02581131371228 307
1694439249034 91.84395503652915 308
1694439249067 91.66246054791223 309
1694439249098 91.4813271260055 310
1694439249138 91.30055405039596 311
1694439249180 91.12014060211074 312
1694439249210 90.94008606361422 313
1694439249251 90.76038971880503 314
1694439249292 90.58105085301345 315
1694439249328 90.40206875299828 316
1694439249363 90.22344270694406 317
1694439249396 90.04517200445834 318
1694439249430 89.86725593656861 319
1694439249466 89.68969379571969 320
1694439249505 89.51248487577067 321
1694439249553 89.33562847199224 322
1694439249602 89.15912388106379 323
1694439249648 88.98297040107062 324
1694439249687 88.80716733150109 325
1694439249721 88.63171397324389 326
1694439249754 88.45660962858508 327
1694439249787 88.28185360120551 328
1694439249824 88.10744519617782 329
1694439249863 87.93338371996377 330
1694439249894 87.75966848041146 331
1694439249921 87.58629878675247 332
1694439249963 87.41327394959914 333
1694439249994 87.24059328094194 334
1694439250023 87.0682560941464 335
1694439250066 86.89626170395071 336
1694439250097 86.72460942646264 337
1694439250127 86.55329857915709 338
1694439250165 86.38232848087314 339
1694439250196 86.21169845181144 340
1694439250227 86.04140781353146 341
1694439250275 85.87145588894866 342
1694439250309 85.701842002332 343
1694439250346 85.53256547930103 344
1694439250383 85.36362564682324 345
1694439250414 85.19502183321141 346
1694439250451 85.02675336812088 347
1694439250493 84.85881958254686 348
1694439250529 84.69121980882174 349
1694439250576 84.52395338061245 350
1694439250612 84.35701963291775 351
1694439250649 84.19041790206559 352
1694439250686 84.02414752571043 353
1694439250719 83.85820784283058 354
1694439250761 83.6925981937256 355
1694439250795 83.52731792001356 356
1694439250825 83.3623663646285 357
1694439250865 83.19774287181772 358
1694439250900 83.03344678713924 359
1694439250930 82.86947745745904 360
1694439250963 82.70583423094861 361
1694439250993 82.54251645708217 362
1694439251023 82.37952348663414 363
1694439251053 82.21685467167663 364
1694439251085 82.05450936557666 365
1694439251118 81.89248692299365 366
1694439251151 81.7307866998769 367
1694439251184 81.56940805346292 368
1694439251215 81.40835034227285 369
1694439251247 81.24761292610997 370
1694439251284 81.08719516605704 371
1694439251320 80.92709642447383 372
1694439251354 80.76731606499449 373
1694439251388 80.60785345252494 374
1694439251421 80.44870795324056 375
1694439251451 80.28987893458338 376
1694439251485 80.13136576525974 377
1694439251516 79.97316781523759 378
1694439251549 79.81528445574413 379
1694439251580 79.6577150592632 380
1694439251611 79.50045899953277 381
1694439251644 79.34351565154239 382
1694439251680 79.18688439153082 383
1694439251715 79.03056459698338 384
1694439251749 78.87455564662955 385
1694439251785 78.71885692044039 386
1694439251814 78.5634677996262 387
1694439251848 78.40838766663386 388
1694439251886 78.25361590514451 389
1694439251917 78.09915190007098 390
1694439251950 77.94499503755537 391
1694439251993 77.79114470496658 392
1694439252021 77.63760029089784 393
1694439252055 77.48436118516432 394
1694439252090 77.33142677880053 395
1694439252119 77.17879646405808 396
1694439252153 77.02646963440313 397
1694439252193 76.87444568451397 398
1694439252221 76.72272401027858 399
1694439252249 76.57130400879227 400
1694439252281 76.42018507835517 401
1694439252313 76.26936661846997 402
1694439252348 76.11884802983931 403
1694439252384 75.96862871436352 404
1694439252415 75.81870807513815 405
1694439252444 75.66908551645172 406
1694439252474 75.51976044378314 407
1694439252508 75.37073226379943 408
1694439252535 75.22200038435331 409
1694439252585 75.07356421448087 410
1694439252621 74.92542316439916 411
1694439252660 74.77757664550386 412
1694439252693 74.63002407036687 413
1694439252720 74.48276485273398 414
1694439252750 74.33579840752255 415
1694439252782 74.18912415081914 416
1694439252819 74.04274149987718 417
1694439252849 73.8966498731146 418
1694439252883 73.75084869011154 419
1694439252918 73.605337371608 420
1694439252955 73.46011533950158 421
1694439253002 73.31518201684503 422
1694439253034 73.17053682784405 423
1694439253066 73.02617919785499 424
1694439253100 72.88210855338244 425
1694439253130 72.73832432207705 426
1694439253165 72.59482593273317 427
1694439253197 72.45161281528661 428
1694439253228 72.30868440081225 429
1694439253263 72.16604012152189 430
1694439253295 72.02367941076191 431
1694439253325 71.88160170301103 432
1694439253356 71.73980643387792 433
1694439253391 71.59829304009916 434
1694439253423 71.45706095953685 435
1694439253454 71.31610963117625 436
1694439253493 71.17543849512379 437
1694439253522 71.03504699260459 438
1694439253551 70.89493456596041 439
1694439253593 70.75510065864722 440
1694439253624 70.61554471523321 441
1694439253658 70.4762661813963 442
1694439253694 70.33726450392206 443
1694439253722 70.19853913070158 444
1694439253751 70.06008951072903 445
1694439253784 69.92191509409969 446
1694439253818 69.78401533200757 447
1694439253847 69.64638967674331 448
1694439253884 69.50903758169194 449
1694439253919 69.3719585013307 450
1694439253950 69.23515189122689 451
1694439253995 69.09861720803559 452
1694439254028 68.96235390949761 453
1694439254062 68.82636145443723 454
1694439254093 68.69063930276006 455
1694439254121 68.55518691545089 456
1694439254150 68.42000375457147 457
1694439254180 68.28508928325846 458
1694439254210 68.15044296572117 459
1694439254237 68.0160642672395 460
1694439254280 67.88195265416171 461
1694439254309 67.74810759390236 462
1694439254337 67.61452855494016 463
1694439254369 67.48121500681583 464
1694439254398 67.34816642012994 465
1694439254428 67.21538226654081 466
1694439254464 67.08286201876248 467
1694439254493 66.95060515056245 468
1694439254522 66.81861113675967 469
1694439254551 66.6868794532224 470
1694439254588 66.55540957686614 471
1694439254619 66.4242009856515 472
1694439254646 66.29325315858212 473
1694439254679 66.1625655757026 474
1694439254715 66.03213771809638 475
1694439254745 65.90196906788371 476
1694439254780 65.77205910821955 477
1694439254815 65.64240732329147 478
1694439254843 65.51301319831762 479
1694439254881 65.38387621954467 480
1694439254917 65.25499587424578 481
1694439254948 65.1263716507184 482
1694439254986 64.99800303828246 483
1694439255025 64.8698895272781 484
1694439255060 64.74203060906376 485
1694439255097 64.61442577601407 486
1694439255126 64.48707452151791 487
1694439255157 64.35997633997626 488
1694439255195 64.23313072680027 489
1694439255227 64.1065371784092 490
1694439255266 63.98019519222836 491
1694439255299 63.85410426668722 492
1694439255331 63.728263901217275 493
1694439255370 63.60267359625012 494
1694439255410 63.47733285321537 495
1694439255438 63.35224117453876 496
1694439255486 63.22739806364008 497
1694439255521 63.10280302493119 498
1694439255552 62.97845556381411 499
