1694444198467 165.44824707607714 0
1694444198498 164.29162589760406 1
1694444198530 159.5305315017892 2
1694444198560 159.64011129922577 3
1694444198592 160.40714710199796 4
1694444198623 156.92239732655824 5
1694444198659 156.68417296355332 6
1694444198701 158.77710467628336 7
1694444198745 154.57010438842264 8
1694444198785 154.69341789560713 9
1694444198817 151.81426952674673 10
1694444198846 150.6261279711488 11
1694444198877 149.23949988051172 12
1694444198907 148.2411077364849 13
1694444198939 147.26043973877927 14
1694444198970 146.89905682151192 15
1694444199003 144.99384678636102 16
1694444199035 142.7494886821644 17
1694444199066 142.81084397441063 18
1694444199097 142.18977002159997 19
1694444199129 142.305227147593 20
1694444199164 140.03503957120517 21
1694444199198 136.8048392105207 22
1694444199228 137.046928156134 23
1694444199260 135.66167584212982 24
1694444199291 137.79953606404024 25
1694444199321 133.69634602979156 26
1694444199355 133.08736183902832 27
1694444199387 130.29855819766854 28
1694444199417 130.0866323847289 29
1694444199448 129.8767563669592 30
1694444199479 128.93477447279176 31
1694444199510 126.67141956194136 32
1694444199541 126.05249401021035 33
1694444199572 125.13988675862615 34
1694444199604 124.81550747212162 35
1694444199636 123.8454529721429 36
1694444199673 121.33991027040702 37
1694444199706 122.707889741064 38
1694444199737 121.44462978360495 39
1694444199768 119.16036614333846 40
1694444199800 119.12753869098505 41
1694444199832 116.76759230325987 42
1694444199864 116.32929245539528 43
1694444199895 115.63868827796145 44
1694444199926 114.68978175647307 45
1694444199958 112.96117150657201 46
1694444199991 112.19393304300365 47
1694444200026 111.43265605021692 48
1694444200064 112.59372473213396 49
1694444200102 111.46037264453119 50
1694444200137 111.30747830017923 51
1694444200176 109.13351293471551 52
1694444200212 108.61184398507517 53
1694444200244 107.16659609002446 54
1694444200277 106.15492897399798 55
1694444200311 104.0803634998966 56
1694444200342 103.77093115855773 57
1694444200374 103.53726323431289 58
1694444200414 103.58143367501445 59
1694444200451 102.40545955827545 60
1694444200489 99.26964144929774 61
1694444200522 99.21013008898723 62
1694444200557 98.8175411274082 63
1694444200593 97.96375000947249 64
1694444200624 99.4165012053381 65
1694444200658 97.12296219003422 66
1694444200689 98.54364550740799 67
1694444200719 95.18258953878278 68
1694444200750 94.83637260522865 69
1694444200781 94.42663899366255 70
1694444200811 93.12405569488409 71
1694444200844 91.84111120723011 72
1694444200878 90.16404043836839 73
1694444200910 90.55646077101173 74
1694444200941 89.44486605763865 75
1694444200973 90.10464250899312 76
1694444201006 89.19173375801094 77
1694444201043 87.77416068648469 78
1694444201077 86.85910036958711 79
1694444201113 86.99508212292463 80
1694444201148 86.20196017737095 81
1694444201184 86.07406616745644 82
1694444201216 85.22362346492356 83
1694444201247 84.81780322488598 84
1694444201278 83.52437316432622 85
1694444201310 82.42621747586232 86
1694444201340 81.62801392671159 87
1694444201373 80.50554019796832 88
1694444201405 79.68100950395221 89
1694444201438 80.52366002449446 90
1694444201468 79.24938351936865 91
1694444201499 78.26809342434206 92
1694444201530 79.3881011541755 93
1694444201561 77.30256682302748 94
1694444201594 76.31197991807494 95
1694444201627 76.47792944717239 96
1694444201661 75.01240647572881 97
1694444201691 74.8571881484558 98
1694444201721 75.27630688278836 99
1694444201751 73.02882759923813 100
1694444201782 73.744260025419 101
1694444201817 73.09372363448723 102
1694444201852 72.45283228483063 103
1694444201886 71.73057436787859 104
1694444201922 70.62551683586975 105
1694444201961 70.5593896013552 106
1694444201993 69.60635881721353 107
1694444202027 69.2965127830277 108
1694444202060 69.0341232454063 109
1694444202090 68.2077316802753 110
1694444202122 67.812885656556 111
1694444202155 67.6029991105078 112
1694444202187 66.70466826613836 113
1694444202216 66.80403602680931 114
1694444202248 64.9942549867701 115
1694444202279 64.77606352419255 116
1694444202311 64.04273249763486 117
1694444202342 63.87629305885235 118
1694444202375 63.22964149724541 119
1694444202405 62.855864018655744 120
1694444202436 61.5999248286548 121
1694444202466 60.33872556919196 122
1694444202500 61.883151311746445 123
1694444202530 61.12243685812092 124
1694444202562 60.317168846865485 125
1694444202591 59.877031682580515 126
1694444202622 59.64548464477216 127
1694444202655 59.32761048051403 128
1694444202691 58.90031448488934 129
1694444202725 57.87633481239465 130
1694444202756 57.70418888278019 131
1694444202788 57.26206079332845 132
1694444202825 57.19355078472075 133
1694444202863 56.668933086605506 134
1694444202899 55.43620873973867 135
1694444202938 55.196834391512354 136
1694444202973 55.11200979384179 137
1694444203007 54.726649822189245 138
1694444203037 54.13729503947544 139
1694444203068 53.188468543376594 140
1694444203098 53.206981626852205 141
1694444203129 52.58422481553602 142
1694444203162 52.315281032172564 143
1694444203195 51.561211305080796 144
1694444203226 51.44101976092575 145
1694444203258 51.25460274261332 146
1694444203287 50.51417170682353 147
1694444203320 49.9672275733126 148
1694444203360 50.40037238916364 149
1694444203391 49.71534230218533 150
1694444203424 49.09439838896445 151
1694444203458 48.92561769537626 152
1694444203490 48.01239203987747 153
1694444203523 48.117622821356264 154
1694444203556 47.18104582312164 155
1694444203587 47.13270202905861 156
1694444203619 46.49419625437555 157
1694444203650 46.19918320194043 158
1694444203683 45.69503242419652 159
1694444203716 45.501125107066464 160
1694444203747 45.09422486391846 161
1694444203778 44.628736756092245 162
1694444203810 44.179316574914104 163
1694444203840 43.92764049790528 164
1694444203872 44.190837291553876 165
1694444203902 43.266117371126334 166
1694444203940 43.242658810059474 167
1694444203975 42.58782279276613 168
1694444204011 42.282977549626416 169
1694444204047 42.07778809680475 170
1694444204083 42.10742898713745 171
1694444204116 41.49111166762878 172
1694444204151 41.54176600170892 173
1694444204186 40.787107330543606 174
1694444204216 40.80714539632019 175
1694444204245 40.34309540279342 176
1694444204276 39.671824325700136 177
1694444204308 39.961919706193925 178
1694444204339 39.10093807446245 179
1694444204372 39.20108770676819 180
1694444204403 38.88190672315877 181
1694444204435 38.91180606439297 182
1694444204466 38.037444305507236 183
1694444204496 37.789737650047506 184
1694444204528 37.11092621567268 185
1694444204559 36.64382746218494 186
1694444204591 36.507665092611035 187
1694444204620 36.54240835976319 188
1694444204651 36.08439657871562 189
1694444204682 35.806657676181715 190
1694444204713 35.8060954310023 191
1694444204743 34.89624479537017 192
1694444204774 34.82846036569711 193
1694444204804 34.50381183046156 194
1694444204836 34.47822953581804 195
1694444204866 34.51082718114776 196
1694444204897 33.747841130565234 197
1694444204927 33.43578462306313 198
1694444204958 33.29817113785286 199
1694444204989 33.31863330641915 200
1694444205021 32.95351368049971 201
1694444205051 32.94405923796777 202
1694444205082 32.414808522150544 203
1694444205114 32.18894164473404 204
1694444205146 31.63270986619534 205
1694444205182 31.713229148036877 206
1694444205211 31.575879962490802 207
1694444205243 30.87128378750402 208
1694444205274 30.49437967627213 209
1694444205305 30.684701480556413 210
1694444205336 30.08389267356712 211
1694444205368 30.335210227897562 212
1694444205400 29.435617782708277 213
1694444205432 29.342276384601796 214
1694444205464 29.24260624649939 215
1694444205496 28.951344946536903 216
1694444205527 29.257437017424536 217
1694444205558 28.810210367562433 218
1694444205590 28.592358903921586 219
1694444205621 27.96670370548763 220
1694444205653 28.123811757364198 221
1694444205685 27.965827661666257 222
1694444205717 27.61262804073256 223
1694444205748 27.14170122687396 224
1694444205778 27.223668092328122 225
1694444205808 27.39193464597585 226
1694444205841 26.450790715172566 227
1694444205871 27.059175073128923 228
1694444205902 26.127878720335886 229
1694444205934 26.040072914890423 230
1694444205965 25.849550136867858 231
1694444205996 25.31171014140275 232
1694444206027 25.56056556507731 233
1694444206059 25.159974872108112 234
1694444206091 25.044550204724306 235
1694444206120 24.561814564449246 236
1694444206153 24.452922498302918 237
1694444206186 24.477389362414073 238
1694444206216 24.45667414618638 239
1694444206249 24.26826552240373 240
1694444206282 23.757277539329422 241
1694444206314 23.612398506622633 242
1694444206346 23.424850644109146 243
1694444206378 23.162771621394953 244
1694444206410 23.111406634947514 245
1694444206442 23.026454960953686 246
1694444206472 22.6077642879749 247
1694444206505 22.62062028714819 248
1694444206536 22.49706087660018 249
1694444206567 22.22169288277956 250
1694444206598 22.156963937498688 251
1694444206629 21.801973229228768 252
1694444206662 21.77989540356988 253
1694444206693 21.499410515981932 254
1694444206726 21.433999622473934 255
1694444206759 21.361828669063122 256
1694444206793 21.128404792067695 257
1694444206823 20.807046328595636 258
1694444206853 20.70742387559 259
1694444206885 20.555162581178656 260
1694444206917 20.464652969128657 261
1694444206947 20.178400793098284 262
1694444206977 20.146687894157978 263
1694444207009 19.84813771229654 264
1694444207040 19.622670235251196 265
1694444207072 19.743430724819387 266
1694444207102 19.52059636564947 267
1694444207134 19.373896396419752 268
1694444207168 19.087475021155768 269
1694444207201 18.807211861902097 270
1694444207232 18.723454372314723 271
1694444207262 18.471604335558418 272
1694444207294 18.534893250085588 273
1694444207326 18.37074417902997 274
1694444207363 18.077137906012933 275
1694444207395 18.128186518513576 276
1694444207427 18.006137129572387 277
1694444207461 17.754558820298755 278
1694444207494 17.557470572378076 279
1694444207529 17.41313693452318 280
1694444207563 17.281459892056613 281
1694444207595 17.193283906182074 282
1694444207627 17.00992294886268 283
1694444207663 16.899979995747813 284
1694444207694 16.791269864045848 285
1694444207723 16.63150116948611 286
1694444207753 16.69401528111723 287
1694444207785 16.593359830178375 288
1694444207816 16.302559108442455 289
1694444207846 16.113576996962337 290
1694444207877 16.13894181596008 291
1694444207910 16.202171595170974 292
1694444207943 15.742693310058238 293
1694444207972 15.655676315939989 294
1694444208004 15.536663565488492 295
1694444208035 15.367359488917092 296
1694444208067 15.305300692903213 297
1694444208099 15.202234258171277 298
1694444208130 14.999023949080156 299
1694444208165 15.074038182567001 300
1694444208198 14.806210305568646 301
1694444208229 14.557354646181555 302
1694444208261 14.572909743903228 303
1694444208292 14.403329265141899 304
1694444208323 14.300084820221128 305
1694444208354 14.379110216232194 306
1694444208386 14.135029414598913 307
1694444208416 13.834631523088648 308
1694444208447 13.918741624560262 309
1694444208479 13.862144714482993 310
1694444208511 13.543956016715374 311
1694444208544 13.331846667954075 312
1694444208577 13.477691590474597 313
1694444208610 13.230050243356857 314
1694444208641 13.077782275206198 315
1694444208679 13.19298651772387 316
1694444208712 13.17437213531699 317
1694444208743 12.822221757038802 318
1694444208774 13.023625451435056 319
1694444208806 12.613166974240826 320
1694444208835 12.46691139278746 321
1694444208867 12.49133321017481 322
1694444208901 12.227901338954382 323
1694444208936 12.385304658707915 324
1694444208969 12.333018273380128 325
1694444209003 12.23272666944481 326
1694444209036 12.15426535731536 327
1694444209068 11.915513216549552 328
1694444209101 11.846847834945574 329
1694444209134 11.708767342011818 330
1694444209173 11.832908010126859 331
1694444209206 11.727825729417544 332
1694444209236 11.506656771780149 333
1694444209269 11.512264210030489 334
1694444209302 11.26469367065668 335
1694444209332 11.037289249746223 336
1694444209368 11.236851109999904 337
1694444209401 10.970795502840732 338
1694444209433 10.878789052467363 339
1694444209465 10.822724859621704 340
1694444209500 10.794677173030868 341
1694444209532 10.534985417939108 342
1694444209565 10.638527975237425 343
1694444209601 10.645770735731045 344
1694444209635 10.358416927918238 345
1694444209668 10.33633060159615 346
1694444209702 10.385241894554754 347
1694444209736 10.258535929963278 348
1694444209768 10.099560316795692 349
1694444209801 10.203397678850708 350
1694444209832 9.960753402445919 351
1694444209867 9.901017900629103 352
1694444209899 9.701047853779013 353
1694444209932 9.884023037689282 354
1694444209962 9.560782158558187 355
1694444209994 9.533026264220757 356
1694444210025 9.45930013022683 357
1694444210058 9.485846253033719 358
1694444210088 9.386166063084204 359
1694444210121 9.326632304613323 360
1694444210148 9.206601265404762 361
1694444210186 9.03152821931848 362
1694444210218 9.006981189907322 363
1694444210250 9.006236981855785 364
1694444210284 8.909838818095942 365
1694444210317 8.80023842644616 366
1694444210345 8.718654590408256 367
1694444210383 8.714428351221247 368
1694444210416 8.71298448592432 369
1694444210446 8.620432468864337 370
1694444210479 8.567488855081086 371
1694444210513 8.469766664045551 372
1694444210543 8.296546358864068 373
1694444210576 8.381523722856409 374
1694444210607 8.05189611062006 375
1694444210636 8.351401214599882 376
1694444210672 8.04955713895068 377
1694444210705 8.052727161549294 378
1694444210736 7.941621380626881 379
1694444210770 8.0013796668889 380
1694444210803 7.79562495013885 381
1694444210836 7.734050869745012 382
1694444210869 7.695456526190787 383
1694444210899 7.625095661253251 384
1694444210930 7.5944433302036005 385
1694444210960 7.463876695899333 386
1694444210990 7.571598584813791 387
1694444211021 7.518822922523188 388
1694444211051 7.276716164016628 389
1694444211083 7.2191860890330615 390
1694444211113 7.175812698102198 391
1694444211144 7.308467876648281 392
1694444211178 7.1797061072716915 393
1694444211211 7.105535341420676 394
1694444211241 7.019166086462419 395
1694444211272 7.04445207395309 396
1694444211303 6.753890369106022 397
1694444211335 6.82407871966102 398
1694444211367 6.760009521360336 399
1694444211398 6.772046477558391 400
1694444211429 6.721458809110737 401
1694444211462 6.642763685640163 402
1694444211497 6.570872031391565 403
1694444211532 6.569723720341312 404
1694444211568 6.429576656426853 405
1694444211603 6.424812028540827 406
1694444211634 6.3422821442343755 407
1694444211668 6.313602570440967 408
1694444211698 6.241012747620899 409
1694444211729 6.214872062111958 410
1694444211759 6.233120621210851 411
1694444211789 6.188626405484987 412
1694444211822 6.096008689229016 413
1694444211853 6.033125044329006 414
1694444211883 5.903991890205647 415
1694444211914 5.9754788874240905 416
1694444211944 5.871440495763924 417
1694444211976 5.982700614369826 418
1694444212006 5.852027282945146 419
1694444212036 5.905908498756087 420
1694444212068 5.712492881048447 421
1694444212099 5.705628165353191 422
1694444212130 5.649631560505837 423
1694444212166 5.652012918350932 424
1694444212198 5.602830376567891 425
1694444212229 5.4553041589674525 426
1694444212262 5.3195498386386975 427
1694444212295 5.426220594086483 428
1694444212325 5.3225344750093075 429
1694444212357 5.344431646323989 430
1694444212387 5.222368343256223 431
1694444212419 5.292392290190118 432
1694444212448 5.155203225247027 433
1694444212480 5.11283495113072 434
1694444212510 5.093720968377077 435
1694444212541 5.102909984301081 436
1694444212575 5.023422408499356 437
1694444212605 4.945857894938598 438
1694444212634 4.989140739671918 439
1694444212666 4.9310101134656685 440
1694444212696 4.9005018406380465 441
1694444212728 4.87471996562327 442
1694444212759 4.913057509773743 443
1694444212791 4.757258980776222 444
1694444212823 4.707657476724367 445
1694444212853 4.700381104073115 446
1694444212884 4.6713344379914385 447
1694444212917 4.625149006031539 448
1694444212945 4.692869604756072 449
1694444212975 4.534317184734986 450
1694444213007 4.573818790360893 451
1694444213037 4.539550020886829 452
1694444213068 4.426620176994094 453
1694444213099 4.4347019787966415 454
1694444213128 4.396236885065878 455
1694444213160 4.382912992766039 456
1694444213193 4.406677038239917 457
1694444213223 4.338313973004638 458
1694444213253 4.230324095678192 459
1694444213285 4.209087247937241 460
1694444213315 4.231069512404451 461
1694444213345 4.1478443701923275 462
1694444213378 4.211949364860752 463
1694444213409 4.167453647865086 464
1694444213440 4.000240478520921 465
1694444213472 4.012580406791986 466
1694444213502 4.001437487128784 467
1694444213532 3.981377749383618 468
1694444213562 3.9807149743135617 469
1694444213594 3.897423285668143 470
1694444213624 3.940445662629788 471
1694444213653 3.7778393961419194 472
1694444213686 3.716639168269224 473
1694444213718 3.787018680222145 474
1694444213747 3.7145015256954936 475
1694444213778 3.718995596540353 476
1694444213808 3.6995644784894433 477
1694444213837 3.5994824574095863 478
1694444213869 3.6604402118079973 479
1694444213902 3.5642153655611417 480
1694444213933 3.589046628140367 481
1694444213964 3.4899945070629848 482
1694444213994 3.5492329150022024 483
1694444214023 3.4808085556474637 484
1694444214052 3.4890595968531057 485
1694444214084 3.376506733801816 486
1694444214119 3.493560972848385 487
1694444214149 3.430212626269458 488
1694444214184 3.387336226245005 489
1694444214216 3.3245120611423573 490
1694444214245 3.3649113424286914 491
1694444214276 3.270029168342468 492
1694444214309 3.3083696183593245 493
1694444214339 3.214167790112338 494
1694444214372 3.16340644639658 495
1694444214403 3.2374194978845363 496
1694444214433 3.153980141283376 497
1694444214463 3.153746194532233 498
1694444214495 3.1170845702838705 499
