1694444483787 175.5777157838318 0
1694444483822 172.0851313380153 1
1694444483861 168.6621782392919 2
1694444483901 165.30746468314652 3
1694444483947 162.01962680231023 4
1694444483991 158.79732810203828 5
1694444484075 155.63925890693602 6
1694444484138 152.54413581909392 7
1694444484192 149.5107011872945 8
1694444484241 146.5377225870622 9
1694444484286 143.62399231132903 10
1694444484314 140.76832687149687 11
1694444484347 137.96956650867904 12
1694444484387 135.226574714911 13
1694444484417 132.5382377641223 14
1694444484450 129.90346425266776 15
1694444484486 127.32118464921992 16
1694444484516 124.79035085382856 17
1694444484547 122.3099357659575 18
1694444484584 119.87893286131312 19
1694444484616 117.4963557772826 20
1694444484651 115.16123790680389 21
1694444484687 112.87263200049351 22
1694444484726 110.6296097768613 23
1694444484765 108.43126154044558 24
1694444484800 106.27669580770504 25
1694444484837 104.16503894050766 26
1694444484869 102.09543478706021 27
1694444484904 100.06704433012472 28
1694444484939 98.07904534237232 29
1694444484981 96.13063204872745 30
1694444485039 94.22101479555856 31
1694444485087 92.34941972657487 32
1694444485137 90.51508846529104 33
1694444485186 88.71727780392523 34
1694444485222 86.95525939859823 35
1694444485259 85.2283194707046 36
1694444485291 83.53575851432902 37
1694444485346 81.87689100958403 38
1694444485384 80.25104514174798 39
1694444485426 78.65756252608409 40
1694444485459 77.09579793822462 41
1694444485492 75.56511905000599 42
1694444485527 74.06490617064341 43
1694444485558 72.59455199313622 44
1694444485589 71.15346134579626 45
1694444485622 69.74105094879545 46
1694444485659 68.35674917562932 47
1694444485692 66.99999581939669 48
1694444485735 65.6702418637969 49
1694444485767 64.36694925874845 50
1694444485802 63.08959070053467 51
1694444485840 61.83764941638453 52
1694444485872 60.61061895339752 53
1694444485906 59.40800297172497 54
1694444485936 58.22931504192023 55
1694444485970 57.074078446373576 56
1694444486005 55.94182598474831 57
1694444486038 54.83209978333676 58
1694444486070 53.74445110825649 59
1694444486103 52.678440182408615 60
1694444486137 51.63363600612173 61
1694444486170 50.609616181406665 62
1694444486207 49.60596673974855 63
1694444486251 48.622281973364686 64
1694444486288 47.65816426985737 65
1694444486335 46.713223950193346 66
1694444486372 45.78707910994189 67
1694444486408 44.87935546370588 68
1694444486441 43.989686192680715 69
1694444486472 43.11771179527798 70
1694444486504 42.263079940751524 71
1694444486547 41.425445325765445 72
1694444486582 40.604469533843925 73
1694444486623 39.79982089764509 74
1694444486670 39.011174364001306 75
1694444486705 38.23821136167012 76
1694444486746 37.48061967174102 77
1694444486782 36.73809330064429 78
1694444486818 36.01033235570918 79
1694444486852 35.29704292322006 80
1694444486884 34.59793694892001 81
1694444486953 33.91273212091224 82
1694444487009 33.24115175491119 83
1694444487052 32.58292468179557 84
1694444487106 31.937785137416917 85
1694444487139 31.3054726546184 86
1694444487180 30.685731957418806 87
1694444487219 30.078312857318416 88
1694444487270 29.4829701516837 89
1694444487308 28.89946352416908 90
1694444487370 28.32755744713451 91
1694444487405 27.767021086018843 92
1694444487454 27.217628205629275 93
1694444487487 26.679157078308553 94
1694444487523 26.151390393941902 95
1694444487558 25.634115171766634 96
1694444487590 25.12712267394825 97
1694444487637 24.6302083208873 98
1694444487684 24.143171608222254 99
1694444487724 23.66581602549425 100
1694444487768 23.197948976440113 101
1694444487798 22.739381700881147 102
1694444487854 22.289929198175336 103
1694444487891 21.849410152201624 104
1694444487943 21.4176468578455 105
1694444487985 20.994465148955555 106
1694444488025 20.579694327741578 107
1694444488069 20.1731670955851 108
1694444488101 19.774719485234126 109
1694444488137 19.38419079435406 110
1694444488183 19.001423520407698 111
1694444488220 18.626263296837653 112
1694444488256 18.25855883052479 113
1694444488290 17.898161840497337 114
1694444488337 17.544926997865314 115
1694444488381 17.19871186695596 116
1694444488429 16.85937684762568 117
1694444488472 16.526785118725197 118
1694444488508 16.20080258269467 119
1694444488555 15.881297811266037 120
1694444488601 15.568141992250453 121
1694444488649 15.26120887738903 122
1694444488696 14.960374731245519 123
1694444488743 14.665518281120058 124
1694444488789 14.376520667963552 125
1694444488840 14.093265398272557 126
1694444488887 13.815638296944973 127
1694444488923 13.543527461077474 128
1694444488974 13.276823214685555 129
1694444489009 13.015418064327887 130
1694444489067 12.759206655616765 131
1694444489104 12.508085730596934 132
1694444489149 12.26195408597534 133
1694444489195 12.020712532184918 134
1694444489247 11.784263853265465 135
1694444489287 11.552512767545442 136
1694444489325 11.325365889108564 137
1694444489389 11.102731690029525 138
1694444489424 10.884520463363355 139
1694444489475 10.67064428687348 140
1694444489506 10.461016987483537 141
1694444489546 10.255554106438558 142
1694444489588 10.054172865161311 143
1694444489623 9.856792131789833 144
1694444489671 9.663332388382656 145
1694444489706 9.473715698778172 146
1694444489747 9.287865677095219 147
1694444489785 9.105707456861994 148
1694444489821 8.927167660760716 149
1694444489870 8.75217437097576 150
1694444489903 8.580657100133163 151
1694444489942 8.412546762819685 152
1694444489989 8.247775647669828 153
1694444490038 8.086277390009508 154
1694444490072 7.927986945045192 155
1694444490108 7.772840561587594 156
1694444490151 7.620775756299318 157
1694444490185 7.471731288455905 158
1694444490215 7.325647135210023 159
1694444490256 7.182464467348803 160
1694444490299 7.042125625534456 161
1694444490337 6.9045740970184175 162
1694444490371 6.769754492819725 163
1694444490408 6.63761252535818 164
1694444490459 6.508094986533381 165
1694444490508 6.381149726240557 166
1694444490552 6.256725631314623 167
1694444490586 6.134772604893775 168
1694444490621 6.015241546194388 169
1694444490660 5.89808433068884 170
1694444490702 5.7832537906783905 171
1694444490741 5.670703696253063 172
1694444490776 5.560388736630926 173
1694444490816 5.452264501869171 174
1694444490852 5.346287464939483 175
1694444490890 5.24241496416056 176
1694444490937 5.140605185980563 177
1694444490975 5.040817148102568 178
1694444491017 4.943010682946103 179
1694444491054 4.847146421438136 180
1694444491092 4.753185777126942 181
1694444491124 4.6610909306123025 182
1694444491166 4.570824814285889 183
1694444491199 4.48235109737548 184
1694444491238 4.395634171287057 185
1694444491276 4.3106391352388105 186
1694444491314 4.227331782181225 187
1694444491351 4.1456785849975155 188
1694444491387 4.065646682978866 189
1694444491418 3.9872038685689812 190
1694444491450 3.9103185743725537 191
1694444491487 3.8349598604223916 192
1694444491520 3.761097401700088 193
1694444491556 3.6887014759051007 194
1694444491588 3.61774295146738 195
1694444491622 3.548193275798625 196
1694444491658 3.4800244637773994 197
1694444491692 3.4132090864635236 198
1694444491725 3.347720260037085 199
1694444491757 3.283531634957644 200
1694444491792 3.2206173853392244 201
1694444491824 3.1589521985367774 202
1694444491859 3.0985112649399547 203
1694444491891 3.039270267969975 204
1694444491924 2.9812053742756186 205
1694444491958 2.924293224124327 206
1694444491992 2.8685109219845533 207
1694444492028 2.8138360272955243 208
1694444492063 2.760246545420707 209
1694444492103 2.707720918781283 210
1694444492142 2.656238018166104 211
1694444492189 2.605777134214523 212
1694444492224 2.5563179690687607 213
1694444492267 2.50784062819234 214
1694444492303 2.4603256123513426 215
1694444492334 2.4137538097551903 216
1694444492372 2.368106488353831 217
1694444492406 2.3233652882881697 218
1694444492452 2.2795122144907123 219
1694444492499 2.236529629433415 220
1694444492539 2.1944002460198258 221
1694444492586 2.1531071206186403 222
1694444492624 2.112633646235836 223
1694444492668 2.072963545822655 224
1694444492701 2.0340808657166987 225
1694444492733 1.9959699692135173 226
1694444492764 1.958615530266059 227
1694444492797 1.9220025273094763 228
1694444492824 1.8861162372087374 229
1694444492862 1.8509422293266495 230
1694444492898 1.81646635970987 231
1694444492930 1.7826747653905683 232
1694444492963 1.7495538588014148 233
1694444492993 1.7170903223016667 234
1694444493023 1.6852711028121128 235
1694444493054 1.6540834065567596 236
1694444493086 1.6235146939090466 237
1694444493118 1.5935526743406088 238
1694444493155 1.564185301470472 239
1694444493191 1.5354007682127149 240
1694444493225 1.5071875020206318 241
1694444493263 1.4795341602254741 242
1694444493297 1.4524296254678892 243
1694444493329 1.4258630012202067 244
1694444493365 1.399823607397774 245
1694444493403 1.374300976057555 246
1694444493437 1.3492848471822665 247
1694444493470 1.324765164548358 248
1694444493502 1.3007320716761326 249
1694444493536 1.277175907860411 250
1694444493569 1.2540872042801248 251
1694444493613 1.2314566801852458 252
1694444493656 1.2092752391595587 253
1694444493694 1.1875339654577142 254
1694444493724 1.166224120415131 255
1694444493757 1.145337138929262 256
1694444493796 1.1248646260108306 257
1694444493840 1.1047983534036345 258
1694444493884 1.08513025627154 259
1694444493926 1.0658524299513585 260
1694444493983 1.046957126770265 261
1694444494030 1.0284367529264982 262
1694444494085 1.0102838654320592 263
1694444494122 0.9924911691162137 264
1694444494168 0.9750515136885302 265
1694444494205 0.9579578908603344 266
1694444494243 0.9412034315233629 267
1694444494282 0.9247814029845192 268
1694444494325 0.908685206255581 269
1694444494380 0.892908373396804 270
1694444494430 0.8774445649133076 271
1694444494482 0.862287567203232 272
1694444494536 0.8474312900566138 273
1694444494602 0.8328697642039695 274
1694444494639 0.8185971389136092 275
1694444494689 0.8046076796367224 276
1694444494743 0.7908957656992462 277
1694444494792 0.7774558880396288 278
1694444494836 0.7642826469915454 279
1694444494874 0.7513707501106913 280
1694444494919 0.7387150100447654 281
1694444494963 0.7263103424457896 282
1694444495004 0.7141517639239149 283
1694444495055 0.7022343900419067 284
1694444495117 0.6905534333494742 285
1694444495155 0.679104201456671 286
1694444495203 0.6678820951455935 287
1694444495270 0.6568826065195917 288
1694444495319 0.646101317189276 289
1694444495355 0.6355338964945589 290
1694444495400 0.6251760997620438 291
1694444495441 0.6150237665970353 292
1694444495481 0.6050728192094978 293
1694444495524 0.5953192607732724 294
1694444495554 0.5857591738179073 295
1694444495598 0.5763887186524449 296
1694444495637 0.5672041318205255 297
1694444495675 0.5582017245861932 298
1694444495709 0.5493778814497958 299
1694444495742 0.5407290586933637 300
1694444495776 0.5322517829549006 301
1694444495807 0.5239426498310065 302
1694444495839 0.5157983225072595 303
1694444495873 0.5078155304158137 304
1694444495905 0.4999910679196793 305
1694444495948 0.4923217930231284 306
1694444496032 0.4848046261077451 307
1694444496075 0.4774365486935713 308
1694444496109 0.4702146022248748 309
1694444496155 0.46313588688004637 310
1694444496188 0.45619756040513415 311
1694444496220 0.44939683697056315 312
1694444496255 0.44273098605056044 313
1694444496292 0.4361973313248525 314
1694444496334 0.4297932496021729 315
1694444496376 0.42351616976516987 316
1694444496417 0.41736357173626665 317
1694444496453 0.4113329854640726 318
1694444496503 0.40542198992992357 319
1694444496536 0.39962821217417066 320
1694444496572 0.3939493263418044 321
1694444496615 0.38838305274704016 322
1694444496649 0.3829271569564912 323
1694444496682 0.37757944889055217 324
1694444496712 0.37233778194263484 325
1694444496743 0.3672000521158963 326
1694444496772 0.3621641971771283 327
1694444496807 0.35722819582744136 328
1694444496840 0.3523900668894355 329
1694444496870 0.34764786851050494 330
1694444496900 0.34299969738198127 331
1694444496935 0.3384436879737794 332
1694444496965 0.3339780117842515 333
1694444497004 0.3296008766049423 334
1694444497039 0.32531052579994063 335
1694444497070 0.3211052375995616 336
1694444497104 0.31698332440804183 337
1694444497141 0.31294313212500063 338
1694444497173 0.308983039480372 339
1694444497208 0.3051014573825429 340
1694444497242 0.3012968282794489 341
1694444497274 0.2975676255323558 342
1694444497307 0.2939123528020803 343
1694444497343 0.2903295434473954 344
1694444497374 0.28681775993539954 345
1694444497407 0.2833755932635805 346
1694444497444 0.28000166239337065 347
1694444497474 0.2766946136949461 348
1694444497514 0.273453120403053 349
1694444497549 0.27027588208365017 350
1694444497578 0.2671616241111302 351
1694444497621 0.2641090971559405 352
1694444497662 0.26111707668236445 353
1694444497702 0.2581843624562911 354
1694444497740 0.2553097780627495 355
1694444497770 0.2524921704330317 356
1694444497802 0.2497304093812073 357
1694444497833 0.24702338714984048 358
1694444497866 0.2443700179647253 359
1694444497905 0.24176923759847457 360
1694444497942 0.23922000294276596 361
1694444497973 0.23672129158908628 362
1694444498022 0.2342721014178031 363
1694444498056 0.2318714501953964 364
1694444498093 0.22951837517968685 365
1694444498139 0.22721193273290624 366
1694444498172 0.22495119794245175 367
1694444498219 0.22273526424916987 368
1694444498255 0.22056324308302327 369
1694444498291 0.21843426350599196 370
1694444498325 0.21634747186206527 371
1694444498361 0.21430203143418747 372
1694444498400 0.2122971221080086 373
1694444498447 0.21033194004232295 374
1694444498487 0.20840569734604092 375
1694444498531 0.20651762176158378 376
1694444498562 0.20466695635455903 377
1694444498593 0.20285295920960242 378
1694444498625 0.20107490313225634 379
1694444498663 0.19933207535677067 380
1694444498697 0.19762377725970406 381
1694444498731 0.19594932407921162 382
1694444498766 0.1943080446399098 383
1694444498802 0.19269928108319745 384
1694444498841 0.1911223886029394 385
1694444498885 0.18957673518639376 386
1694444498926 0.18806170136028408 387
1694444498958 0.18657667994191485 388
1694444498998 0.18512107579522513 389
1694444499034 0.1836943055916905 390
1694444499066 0.1822957975759679 391
1694444499102 0.18092499133619697 392
1694444499142 0.1795813375788591 393
1694444499188 0.1782642979081106 394
1694444499222 0.17697334460949257 395
1694444499257 0.17570796043793604 396
1694444499287 0.17446763840997948 397
1694444499319 0.17325188160010757 398
1694444499356 0.1720602029411356 399
1694444499390 0.17089212502855602 400
1694444499424 0.16974717992877025 401
1694444499459 0.1686249089911273 402
1694444499489 0.1675248626636939 403
1694444499531 0.16644660031268213 404
1694444499566 0.16538969004546128 405
1694444499598 0.1643537085370878 406
1694444499642 0.16333824086027018 407
1694444499675 0.16234288031871882 408
1694444499708 0.16136722828379885 409
1694444499747 0.16041089403442818 410
1694444499784 0.15947349460015106 411
1694444499820 0.1585546546073311 412
1694444499857 0.15765400612839467 413
1694444499890 0.15677118853406505 414
1694444499923 0.15590584834853785 415
1694444499955 0.1550576391075218 416
1694444499989 0.15422622121910434 417
1694444500025 0.15341126182737544 418
1694444500058 0.15261243467876187 419
1694444500089 0.15182941999101116 420
1694444500125 0.1510619043247795 421
1694444500159 0.15030958045776602 422
1694444500190 0.14957214726134943 423
1694444500226 0.14884930957966805 424
1694444500265 0.14814077811110465 425
1694444500309 0.1474462692921223 426
1694444500353 0.1467655051834037 427
1694444500384 0.14609821335825654 428
1694444500420 0.14544412679322766 429
1694444500454 0.1448029837608915 430
1694444500486 0.14417452772476652 431
1694444500520 0.14355850723631644 432
1694444500565 0.1429546758339981 433
1694444500606 0.14236279194431037 434
1694444500644 0.1417826187848076 435
1694444500688 0.1412139242690407 436
1694444500722 0.14065648091338168 437
1694444500764 0.14011006574569929 438
1694444500803 0.13957446021584827 439
1694444500842 0.13904945010793177 440
1694444500870 0.13853482545430815 441
1694444500904 0.13803038045130483 442
1694444500938 0.13753591337660348 443
1694444500968 0.13705122650826365 444
1694444501004 0.13657612604535752 445
1694444501038 0.1361104220301768 446
1694444501067 0.13565392827198383 447
1694444501103 0.13520646227227678 448
1694444501138 0.13476784515153795 449
1694444501167 0.13433790157743664 450
1694444501203 0.13391645969445465 451
1694444501238 0.13350335105490996 452
1694444501272 0.13309841055135077 453
1694444501307 0.1327014763502877 454
1694444501338 0.13231238982724483 455
1694444501371 0.13193099550309767 456
1694444501405 0.1315571409816732 457
1694444501439 0.13119067688859262 458
1694444501473 0.13083145681132355 459
1694444501514 0.13047933724042368 460
1694444501562 0.13013417751195117 461
1694444501600 0.12979583975101536 462
1694444501629 0.12946418881645105 463
1694444501663 0.12913909224658804 464
1694444501699 0.12882042020609819 465
1694444501733 0.1285080454338968 466
1694444501766 0.12820184319207792 467
1694444501802 0.12790169121586334 468
1694444501842 0.1276074696645444 469
1694444501875 0.1273190610733967 470
1694444501920 0.127036350306551 471
1694444501959 0.1267592245107966 472
1694444501993 0.12648757307030398 473
1694444502053 0.12622128756224463 474
1694444502086 0.12596026171329064 475
1694444502140 0.1257043913569803 476
1694444502172 0.12545357439192603 477
1694444502208 0.1252077107408542 478
1694444502253 0.12496670231045756 479
1694444502289 0.12473045295204276 480
1694444502338 0.12449886842295999 481
1694444502372 0.12427185634879778 482
1694444502410 0.12404932618632741 483
1694444502447 0.12383118918718286 484
1694444502480 0.12361735836226175 485
1694444502514 0.12340774844683282 486
1694444502548 0.1232022758663343 487
1694444502576 0.12300085870285185 488
1694444502608 0.12280341666226277 489
1694444502643 0.12260987104202965 490
1694444502674 0.12242014469963453 491
1694444502711 0.12223416202164032 492
1694444502755 0.12205184889336373 493
1694444502789 0.12187313266915116 494
1694444502836 0.12169794214324457 495
1694444502872 0.12152620752122496 496
1694444502914 0.1213578603920228 497
1694444502950 0.12119283370048241 498
1694444502987 0.12103106172047294 499
