1694444483795 -0.004206831960446911 0
1694444483834 -0.004195683558155361 1
1694444483868 -0.004183868946764591 2
1694444483909 -0.004171370786659967 3
1694444483958 -0.004158171343458195 4
1694444484013 -0.0041442524797055125 5
1694444484092 -0.00412959564641846 6
1694444484156 -0.00411418187446122 7
1694444484204 -0.004097991765753983 8
1694444484254 -0.004081005484313671 9
1694444484293 -0.004063202747119021 10
1694444484321 -0.004044562814803365 11
1694444484355 -0.004025064482165774 12
1694444484393 -0.004004686068504348 13
1694444484425 -0.003983405407761875 14
1694444484458 -0.003961199838487417 15
1694444484493 -0.003938046193604938 16
1694444484523 -0.003913920789991865 17
1694444484555 -0.0038887994178580243 18
1694444484591 -0.0038626573299289646 19
1694444484623 -0.0038354692304252147 20
1694444484658 -0.003807209263835709 21
1694444484696 -0.003777851003484045 22
1694444484735 -0.0037473674398837975 23
1694444484774 -0.003715730968878228 24
1694444484808 -0.0036829133795615032 25
1694444484845 -0.0036488858419814196 26
1694444484877 -0.003613618894618531 27
1694444484912 -0.0035770824316334604 28
1694444484947 -0.0035392456898910574 29
1694444484990 -0.0035000772357460797 30
1694444485045 -0.0034595449515939514 31
1694444485094 -0.0034176160221826013 32
1694444485151 -0.003374256920683383 33
1694444485193 -0.003329433394510639 34
1694444485233 -0.0032831104508996845 35
1694444485268 -0.0032352523422265467 36
1694444485313 -0.0031858225510779103 37
1694444485354 -0.003134783775060157 38
1694444485393 -0.0030820979113481695 39
1694444485434 -0.0030277260409712348 40
1694444485469 -0.002971628412831384 41
1694444485501 -0.002913764427452614 42
1694444485535 -0.002854092620456994 43
1694444485566 -0.002792570645767656 44
1694444485596 -0.002729155258531346 45
1694444485630 -0.002663802297762974 46
1694444485667 -0.0025964666687052773 47
1694444485704 -0.0025271023249047175 48
1694444485742 -0.0024556622499984915 49
1694444485775 -0.0023820984392131095 50
1694444485812 -0.002306361880566765 51
1694444485848 -0.0022284025357834913 52
1694444485881 -0.0021481693209046693 53
1694444485913 -0.002065610086607217 54
1694444485944 -0.001980671598217132 55
1694444485976 -0.001893299515430602 56
1694444486015 -0.001803438371719368 57
1694444486046 -0.0017110315534412113 58
1694444486078 -0.0016160212786440198 59
1694444486112 -0.0015183485755614345 60
1694444486146 -0.001417953260801852 61
1694444486179 -0.0013147739172314488 62
1694444486216 -0.0012087478715496758 63
1694444486259 -0.0010998111715556647 64
1694444486298 -0.0009878985631077697 65
1694444486342 -0.0008729434667755775 66
1694444486380 -0.0007548779541861617 67
1694444486415 -0.0006336327240650252 68
1694444486449 -0.000509137077971511 69
1694444486480 -0.00038131889573356226 70
1694444486511 -0.00025010461057761724 71
1694444486554 -0.00011541918396784645 72
1694444486591 2.2813919859476783e-05 73
1694444486639 0.00016467275964771044 74
1694444486680 0.0003102369431640106 75
1694444486716 0.0004595876535292698 76
1694444486754 0.0006128076758276091 77
1694444486790 0.0007699814239939817 78
1694444486824 0.0009311949679721154 79
1694444486858 0.0010965360611396857 80
1694444486891 0.0012660941679900617 81
1694444486960 0.0014399604920709574 82
1694444487018 0.0016182280041641128 83
1694444487059 0.0018009914707045604 84
1694444487115 0.0019883474824288205 85
1694444487149 0.002180394483241588 86
1694444487189 0.0023772327992915843 87
1694444487232 0.0025789646682489176 88
1694444487280 0.0027856942687670694 89
1694444487325 0.0029975277501217423 90
1694444487379 0.0032145732620124656 91
1694444487422 0.0034369409845125265 92
1694444487461 0.0036647431581530165 93
1694444487498 0.003898094114126116 94
1694444487532 0.004137110304589631 95
1694444487567 0.004381910333057348 96
1694444487598 0.004632614984855898 97
1694444487652 0.004889347257627241 98
1694444487692 0.005152232391859579 99
1694444487733 0.0054213979014213765 100
1694444487775 0.005696973604079725 101
1694444487807 0.0059790916519743 102
1694444487863 0.006267886562025704 103
1694444487900 0.006563495246252882 104
1694444487960 0.006866057041964191 105
1694444487992 0.007175713741802259 106
1694444488034 0.007492609623607427 107
1694444488077 0.007816891480067478 108
1694444488108 0.008148708648122893 109
1694444488149 0.008488213038089998 110
1694444488191 0.008835559162467366 111
1694444488227 0.009190904164387392 112
1694444488267 0.0095544078456693 113
1694444488300 0.009926232694441817 114
1694444488347 0.010306543912278365 115
1694444488388 0.010695509440814432 116
1694444488436 0.011093299987787408 117
1694444488480 0.011500089052460472 118
1694444488526 0.011916052950373346 119
1694444488574 0.012341370837368748 120
1694444488608 0.012776224732842678 121
1694444488658 0.013220799542158268 122
1694444488704 0.013675283078166789 123
1694444488753 0.014139866081773866 124
1694444488798 0.014614742241487177 125
1694444488851 0.015100108211883456 126
1694444488898 0.015596163630923865 127
1694444488942 0.016103111136047343 128
1694444488984 0.01662115637897521 129
1694444489021 0.017150508039146084 130
1694444489076 0.017691377835709288 131
1694444489111 0.018243980537992477 132
1694444489158 0.01880853397436677 133
1694444489205 0.01938525903943067 134
1694444489256 0.01997437969939231 135
1694444489298 0.020576122995626833 136
1694444489352 0.02119071904624481 137
1694444489396 0.021818401045628488 138
1694444489442 0.022459405261815224 139
1694444489483 0.023113971031637925 140
1694444489514 0.023782340753517706 141
1694444489554 0.02446475987781027 142
1694444489595 0.02516147689458914 143
1694444489639 0.02587274331876932 144
1694444489680 0.026598813672461308 145
1694444489716 0.027339945464408433 146
1694444489755 0.028096399166461228 147
1694444489792 0.028868438186896106 148
1694444489836 0.02965632884050806 149
1694444489877 0.03046034031533551 150
1694444489910 0.03128074463589803 151
1694444489954 0.032117816622823314 152
1694444490000 0.03297183384873392 153
1694444490048 0.03384307659026431 154
1694444490080 0.03473182777608108 155
1694444490120 0.035638372930772766 156
1694444490159 0.036563000114476885 157
1694444490191 0.03750599985811154 158
1694444490221 0.038467665094076064 159
1694444490269 0.0394482910822882 160
1694444490306 0.04044817533141787 161
1694444490343 0.041467617515190125 162
1694444490379 0.04250691938361262 163
1694444490421 0.043566384669002756 164
1694444490472 0.044646318986670486 165
1694444490521 0.04574702973013378 166
1694444490561 0.04686882596072783 167
1694444490595 0.04801201829148116 168
1694444490629 0.049176918765128974 169
1694444490670 0.05036384072614242 170
1694444490714 0.05157309868664539 171
1694444490751 0.052805008186102786 172
1694444490787 0.05405988564466413 173
1694444490824 0.05533804821004851 174
1694444490859 0.05663981359786907 175
1694444490900 0.05796549992528588 176
1694444490948 0.05931542553790059 177
1694444490987 0.0606899088297943 178
1694444491025 0.062089268056629066 179
1694444491063 0.0635138211417362 180
1694444491101 0.06496388547511689 181
1694444491131 0.0664397777053064 182
1694444491173 0.06794181352403283 183
1694444491206 0.06947030744364169 184
1694444491247 0.07102557256726805 185
1694444491286 0.07260792035166719 186
1694444491322 0.07421766036281185 187
1694444491358 0.07585510002413753 188
1694444491393 0.0775205443575322 189
1694444491426 0.07921429571705907 190
1694444491458 0.08093665351547719 191
1694444491496 0.08268791394360198 192
1694444491529 0.0844683696825892 193
1694444491564 0.08627830960923011 194
1694444491599 0.08811801849435907 195
1694444491631 0.08998777669450642 196
1694444491668 0.0918878598369327 197
1694444491701 0.09381853849820698 198
1694444491733 0.09578007787651244 199
1694444491766 0.09777273745787773 200
1694444491801 0.0997967706765549 201
1694444491833 0.10185242456979071 202
1694444491867 0.10393993942725133 203
1694444491899 0.10605954843538634 204
1694444491933 0.10821147731706438 205
1694444491967 0.11039594396674268 206
1694444492001 0.11261315808164174 207
1694444492036 0.11486332078918937 208
1694444492072 0.1171466242712067 209
1694444492112 0.1194632513852415 210
1694444492154 0.12181337528349845 211
1694444492199 0.12419715902985184 212
1694444492236 0.1266147552154241 213
1694444492275 0.12906630557329002 214
1694444492310 0.13155194059277464 215
1694444492342 0.13407177913403823 216
1694444492379 0.13662592804342177 217
1694444492416 0.13921448177024376 218
1694444492461 0.1418375219856597 219
1694444492508 0.14449511720424757 220
1694444492552 0.14718732240902155 221
1694444492597 0.14991417868050316 222
1694444492634 0.1526757128306898 223
1694444492675 0.15547193704253337 224
1694444492709 0.15830284851576037 225
1694444492740 0.16116842911976892 226
1694444492771 0.16406864505438934 227
1694444492803 0.16700344651932275 228
1694444492835 0.16997276739299194 229
1694444492870 0.17297652492172932 230
1694444492906 0.17601461942000807 231
1694444492938 0.17908693398260223 232
1694444492970 0.18219333420948458 233
1694444493000 0.1853336679442844 234
1694444493030 0.18850776502713085 235
1694444493062 0.19171543706269456 236
1694444493096 0.1949564772042479 237
1694444493125 0.1982306599545327 238
1694444493164 0.2015377409842306 239
1694444493199 0.20487745696882675 240
1694444493234 0.20824952544455366 241
1694444493270 0.21165364468426984 242
1694444493304 0.21508949359386365 243
1694444493337 0.2185567316299415 244
1694444493373 0.2220549987394307 245
1694444493412 0.2255839153217266 246
1694444493444 0.2291430822139735 247
1694444493477 0.2327320807000276 248
1694444493509 0.23635047254361985 249
1694444493542 0.23999780004619964 250
1694444493579 0.2436735861298216 251
1694444493621 0.24737733444556442 252
1694444493665 0.25110852950768914 253
1694444493702 0.25486663685388267 254
1694444493731 0.25865110323177876 255
1694444493764 0.26246135681192073 256
1694444493803 0.2662968074272679 257
1694444493850 0.2701568468392892 258
1694444493893 0.274040849030624 259
1694444493937 0.27794817052422294 260
1694444493991 0.2818781507288297 261
1694444494041 0.285830112310582 262
1694444494097 0.28980336159046316 263
1694444494132 0.2937971889672495 264
1694444494176 0.2978108693655569 265
1694444494214 0.3018436627084975 266
1694444494253 0.3058948144144126 267
1694444494291 0.3099635559170716 268
1694444494336 0.314049105208667 269
1694444494388 0.3181506674048684 270
1694444494441 0.3222674353311449 271
1694444494494 0.32639859012949324 272
1694444494549 0.3305433018846611 273
1694444494613 0.33470073026889857 274
1694444494654 0.3388700252042087 275
1694444494700 0.3430503275410197 276
1694444494754 0.347240769752186 277
1694444494805 0.35144047664107514 278
1694444494847 0.35564856606265016 279
1694444494886 0.3598641496561863 280
1694444494926 0.36408633358840425 281
1694444494971 0.36831421930569286 282
1694444495014 0.3725469042940829 283
1694444495069 0.3767834828456045 284
1694444495125 0.3810230468296607 285
1694444495167 0.38526468646801537 286
1694444495214 0.38950749111198746 287
1694444495278 0.39375055002045556 288
1694444495326 0.39799295313724903 289
1694444495370 0.40223379186652974 290
1694444495413 0.40647215984475293 291
1694444495449 0.4107071537078323 292
1694444495490 0.41493787385212744 293
1694444495532 0.4191634251879103 294
1694444495572 0.4233829178839791 295
1694444495606 0.42759546810212345 296
1694444495645 0.4318001987201756 297
1694444495684 0.43599624004241777 298
1694444495718 0.4401827304961514 299
1694444495751 0.44435881731328764 300
1694444495784 0.4485236571958642 301
1694444495815 0.4526764169643853 302
1694444495847 0.45681627418808013 303
1694444495881 0.46094241779603395 304
1694444495918 0.46505404866835287 305
1694444495959 0.46915038020652533 306
1694444496046 0.4732306388821892 307
1694444496085 0.47729406476361136 308
1694444496118 0.48133991201921933 309
1694444496164 0.4853674493975998 310
1694444496196 0.4893759606834496 311
1694444496227 0.4933647451290114 312
1694444496264 0.49733311786061163 313
1694444496308 0.5012804102599764 314
1694444496340 0.5052059703200306 315
1694444496386 0.509109162975041 316
1694444496423 0.5129893704049076 317
1694444496466 0.5168459923135627 318
1694444496512 0.5206784461814615 319
1694444496542 0.5244861674922021 320
1694444496584 0.5282686099333884 321
1694444496623 0.5320252455718972 322
1694444496657 0.5357555650037589 323
1694444496688 0.5394590774789308 324
1694444496720 0.5431353110012713 325
1694444496751 0.5467838124040965 326
1694444496779 0.5504041474017102 327
1694444496815 0.5539959006173887 328
1694444496848 0.5575586755882933 329
1694444496876 0.5610920947478671 330
1694444496908 0.5645957993862638 331
1694444496941 0.5680694495894294 332
1694444496972 0.5715127241574589 333
1694444497014 0.5749253205028886 334
1694444497046 0.5783069545296176 335
1694444497077 0.5816573604931429 336
1694444497112 0.5849762908428622 337
1694444497151 0.5882635160471552 338
1694444497180 0.5915188244020224 339
1694444497216 0.5947420218240369 340
1694444497251 0.5979329316283829 341
1694444497282 0.6010913942927647 342
1694444497316 0.6042172672079715 343
1694444497352 0.6073104244158909 344
1694444497380 0.6103707563357397 345
1694444497416 0.6133981694793175 346
1694444497452 0.6163925861560484 347
1694444497482 0.6193539441685871 348
1694444497523 0.6222821964997591 349
1694444497556 0.6251773109915754 350
1694444497587 0.6280392700170898 351
1694444497633 0.6308680701457982 352
1694444497670 0.6336637218033265 353
1694444497709 0.6364262489260817 354
1694444497749 0.6391556886115766 355
1694444497777 0.6418520907650562 356
1694444497809 0.6445155177431243 357
1694444497841 0.6471460439949512 358
1694444497872 0.6497437557017056 359
1694444497917 0.6523087504147688 360
1694444497950 0.6548411366933239 361
1694444497987 0.6573410337418488 362
1694444498032 0.6598085710480381 363
1694444498064 0.6622438880216558 364
1694444498102 0.6646471336347977 365
1694444498150 0.6670184660640126 366
1694444498183 0.6693580523347273 367
1694444498226 0.6716660679683583 368
1694444498262 0.6739426966325375 369
1694444498300 0.6761881297947867 370
1694444498333 0.6784025663799795 371
1694444498370 0.6805862124319451 372
1694444498409 0.6827392807794812 373
1694444498455 0.6848619907070626 374
1694444498496 0.686954567630517 375
1694444498538 0.6890172427778842 376
1694444498570 0.6910502528756954 377
1694444498601 0.6930538398408568 378
1694444498633 0.6950282504783253 379
1694444498671 0.6969737361847337 380
1694444498705 0.6988905526581098 381
1694444498739 0.7007789596138195 382
1694444498773 0.702639220506835 383
1694444498810 0.7044716022604376 384
1694444498854 0.706276375001416 385
1694444498892 0.7080538118018396 386
1694444498936 0.7098041884274494 387
1694444498966 0.7115277830927054 388
1694444499005 0.7132248762225188 389
1694444499042 0.7148957502206751 390
1694444499072 0.7165406892449533 391
1694444499111 0.7181599789889307 392
1694444499155 0.7197539064704551 393
1694444499197 0.7213227598267467 394
1694444499230 0.7228668281161024 395
1694444499264 0.7243864011261509 396
1694444499295 0.7258817691885946 397
1694444499327 0.7273532230003901 398
1694444499366 0.7288010534512881 399
1694444499399 0.7302255514576609 400
1694444499433 0.7316270078025315 401
1694444499466 0.7330057129817251 402
1694444499499 0.7343619570560418 403
1694444499542 0.7356960295093606 404
1694444499572 0.7370082191125731 405
1694444499606 0.7382988137932357 406
1694444499653 0.7395681005108521 407
1694444499684 0.740816365137644 408
1694444499716 0.7420438923447343 409
1694444499756 0.743250965493598 410
1694444499793 0.7444378665326835 411
1694444499830 0.7456048758990728 412
1694444499864 0.7467522724250715 413
1694444499897 0.747880333249608 414
1694444499931 0.7489893337343059 415
1694444499963 0.7500795473841342 416
1694444500000 0.75115124577249 417
1694444500035 0.7522046984706084 418
1694444500065 0.7532401729811703 419
1694444500100 0.7542579346759878 420
1694444500132 0.7552582467376561 421
1694444500166 0.7562413701050411 422
1694444500199 0.7572075634224923 423
1694444500240 0.7581570829926594 424
1694444500272 0.7590901827328048 425
1694444500325 0.7600071141344862 426
1694444500361 0.7609081262265092 427
1694444500392 0.7617934655410233 428
1694444500428 0.7626633760826705 429
1694444500462 0.7635180993006621 430
1694444500494 0.7643578740636874 431
1694444500530 0.7651829366375473 432
1694444500573 0.7659935206654086 433
1694444500615 0.7667898571505836 434
1694444500654 0.7675721744417354 435
1694444500698 0.7683406982204068 436
1694444500737 0.7690956514907902 437
1694444500771 0.7698372545716367 438
1694444500811 0.7705657250902191 439
1694444500849 0.771281277978265 440
1694444500876 0.7719841254697655 441
1694444500911 0.7726744771005836 442
1694444500946 0.7733525397097818 443
1694444500975 0.774018517442585 444
1694444501011 0.7746726117549059 445
1694444501045 0.7753150214193583 446
1694444501074 0.7759459425326847 447
1694444501110 0.7765655685245292 448
1694444501146 0.7771740901674856 449
1694444501175 0.777771695588356 450
1694444501210 0.7783585702805591 451
1694444501246 0.7789348971176205 452
1694444501280 0.7795008563676864 453
1694444501315 0.7800566257090076 454
1694444501345 0.7806023802463311 455
1694444501381 0.7811382925281483 456
1694444501414 0.7816645325647513 457
1694444501449 0.782181267847035 458
1694444501483 0.7826886633660108 459
1694444501524 0.7831868816329756 460
1694444501569 0.7836760827002913 461
1694444501607 0.7841564241827385 462
1694444501638 0.7846280612793901 463
1694444501670 0.7850911467959782 464
1694444501707 0.7855458311677037 465
1694444501741 0.7859922624824593 466
1694444501772 0.7864305865044263 467
1694444501809 0.7868609466980109 468
1694444501852 0.787283484252089 469
1694444501884 0.7876983381045273 470
1694444501927 0.7881056449669467 471
1694444501967 0.7885055393497066 472
1694444502008 0.7888981535870745 473
1694444502063 0.7892836178625587 474
1694444502101 0.7896620602343802 475
1694444502150 0.790033606661053 476
1694444502178 0.7903983810270587 477
1694444502216 0.7907565051685859 478
1694444502262 0.7911080988993159 479
1694444502300 0.7914532800362379 480
1694444502346 0.7917921644254697 481
1694444502379 0.7921248659680682 482
1694444502417 0.7924514966458135 483
1694444502456 0.7927721665469493 484
1694444502487 0.7930869838918628 485
1694444502521 0.7933960550586914 486
1694444502555 0.793699484608844 487
1694444502585 0.793997375312419 488
1694444502616 0.7942898281735103 489
1694444502652 0.7945769424553899 490
1694444502683 0.794858815705554 491
1694444502719 0.7951355437806227 492
1694444502764 0.7954072208710866 493
1694444502797 0.7956739395258877 494
1694444502849 0.7959357906768273 495
1694444502880 0.7961928636627937 496
1694444502922 0.7964452462538011 497
1694444502959 0.7966930246748356 498
1694444502995 0.7969362836294971 499
