1694443642685 0.0 0
1694443642988 0.0 1
1694443643293 0.0 2
1694443643572 0.0 3
1694443643868 0.0 4
1694443644143 0.0 5
1694443644452 0.0 6
1694443644759 0.0 7
1694443645035 0.0 8
1694443645316 0.0 9
1694443645599 0.0 10
1694443645877 0.0 11
1694443646172 0.0 12
1694443646459 0.0 13
1694443646739 0.0 14
1694443647022 0.0 15
1694443647298 0.0 16
1694443647617 0.0 17
1694443647904 0.0 18
1694443648186 0.0 19
1694443648481 0.0 20
1694443648764 0.0 21
1694443649035 0.0 22
1694443649313 0.0 23
1694443649599 0.0 24
1694443649895 0.0 25
1694443650163 0.0 26
1694443650447 0.0 27
1694443650735 0.0 28
1694443651009 0.0 29
1694443651315 0.0 30
1694443651585 0.0 31
1694443651865 0.0 32
1694443652146 0.0 33
1694443652434 0.0 34
1694443652715 0.0 35
1694443652997 0.0 36
1694443653286 0.0 37
1694443653573 0.0 38
1694443653869 0.0 39
1694443654140 0.0 40
1694443654412 0.0 41
1694443654714 0.0 42
1694443655064 0.0 43
1694443655326 0.0 44
1694443655586 0.0 45
1694443655851 0.0 46
1694443656137 0.0 47
1694443656432 0.0 48
1694443656692 0.0 49
1694443656944 0.0 50
1694443657202 0.0 51
1694443657469 0.0 52
1694443657770 0.0 53
1694443658035 0.0 54
1694443658304 0.0 55
1694443658577 0.0 56
1694443658846 0.0 57
1694443659119 0.0 58
1694443659396 0.0 59
1694443659666 0.0 60
1694443659933 0.0 61
1694443660226 0.0 62
1694443660507 0.0 63
1694443660780 0.0 64
1694443661049 0.0 65
1694443661326 0.0 66
1694443661621 0.0 67
1694443661906 0.0 68
1694443662209 0.0 69
1694443662483 0.0 70
1694443662764 0.0 71
1694443663043 0.0 72
1694443663309 0.0 73
1694443663571 0.0 74
1694443663843 0.0 75
1694443664126 0.0 76
1694443664406 0.0 77
1694443664677 0.0 78
1694443664952 0.0 79
1694443665236 0.0 80
1694443665498 0.0 81
1694443665760 0.0 82
1694443666025 0.0 83
1694443666297 0.0 84
1694443666573 0.0 85
1694443666861 0.0 86
1694443667130 0.0 87
1694443667403 0.0 88
1694443667675 0.0 89
1694443667966 0.0 90
1694443668250 0.0 91
1694443668511 0.0 92
1694443668782 0.0 93
1694443669077 0.0 94
1694443669371 0.0 95
1694443669656 0.0 96
1694443669929 0.0 97
1694443670207 0.0 98
1694443670473 0.0 99
1694443670744 0.0 100
1694443671007 0.0 101
1694443671287 0.0 102
1694443671542 0.0 103
1694443671793 0.0 104
1694443672047 0.0 105
1694443672316 0.0 106
1694443672561 0.0 107
1694443672801 0.0 108
1694443673045 0.0 109
1694443673327 0.0 110
1694443673608 0.0 111
1694443673925 0.0 112
1694443674191 0.0 113
1694443674492 0.0 114
1694443674802 0.0 115
1694443675071 0.0 116
1694443675389 0.0 117
1694443675656 0.0 118
1694443675978 0.0 119
1694443676274 0.0 120
1694443676564 0.0 121
1694443676875 0.0 122
1694443677127 0.0 123
1694443677386 0.0 124
1694443677667 0.0 125
1694443677973 0.0 126
1694443678243 0.0 127
1694443678502 0.0 128
1694443678771 0.0 129
1694443679047 0.0 130
1694443679318 0.0 131
1694443679593 0.0 132
1694443679856 0.0 133
1694443680148 0.0 134
1694443680427 0.0 135
1694443680686 0.0 136
1694443680944 0.0 137
1694443681204 0.0 138
1694443681472 0.0 139
1694443681717 0.0 140
1694443681978 0.0 141
1694443682295 0.0 142
1694443682557 0.0 143
1694443682823 0.0 144
1694443683111 0.0 145
1694443683387 0.0 146
1694443683664 0.0 147
1694443683928 0.0 148
1694443684205 0.0 149
1694443684486 0.0 150
1694443684781 0.0 151
1694443685073 0.0 152
1694443685357 0.0 153
1694443685637 0.0 154
1694443685906 0.0 155
1694443686194 0.0 156
1694443686477 0.0 157
1694443686781 0.0 158
1694443687096 0.0 159
1694443687380 0.0 160
1694443687694 0.0 161
1694443688026 0.0 162
1694443688316 0.0 163
1694443688579 0.0 164
1694443688836 0.0 165
1694443689123 0.0 166
1694443689403 0.0 167
1694443689676 0.0 168
1694443689943 0.0 169
1694443690236 0.0 170
1694443690531 0.0 171
1694443690804 0.0 172
1694443691084 0.0 173
1694443691347 0.0 174
1694443691638 0.0 175
1694443691916 0.0 176
1694443692203 0.0 177
1694443692489 0.0 178
1694443692784 0.0 179
1694443693070 0.0 180
1694443693360 0.0 181
1694443693629 0.0 182
1694443693927 0.0 183
1694443694209 0.0 184
1694443694508 0.0 185
1694443694784 0.0 186
1694443695053 0.0 187
1694443695332 0.0 188
1694443695611 0.0 189
1694443695888 0.0 190
1694443696156 0.0 191
1694443696449 0.0 192
1694443696725 0.0 193
1694443696995 0.0 194
1694443697275 0.0 195
1694443697560 0.0 196
1694443697828 0.0 197
1694443698161 0.0 198
1694443698448 0.0 199
1694443698732 0.0 200
1694443699006 0.0 201
1694443699283 0.0 202
1694443699551 0.0 203
1694443699838 0.0 204
1694443700117 0.0 205
1694443700406 0.0 206
1694443700684 0.0 207
1694443700949 0.0 208
1694443701222 0.0 209
1694443701487 0.0 210
1694443701749 0.0 211
1694443702045 0.0 212
1694443702312 0.0 213
1694443702602 0.0 214
1694443702870 0.0 215
1694443703134 0.0 216
1694443703421 0.0 217
1694443703691 0.0 218
1694443703973 0.0 219
1694443704242 0.0 220
1694443704515 0.0 221
1694443704780 0.0 222
1694443705068 0.0 223
1694443705353 0.0 224
1694443705620 0.0 225
1694443705907 0.0 226
1694443706184 0.0 227
1694443706457 0.0 228
1694443706755 0.0 229
1694443707061 0.0 230
1694443707353 0.0 231
1694443707644 0.0 232
1694443707935 0.0 233
1694443708262 0.0 234
1694443708539 0.0 235
1694443708794 0.0 236
1694443709075 0.0 237
1694443709408 0.0 238
1694443709725 0.0 239
1694443710005 0.0 240
1694443710276 0.0 241
1694443710549 0.0 242
1694443710819 0.0 243
1694443711096 0.0 244
1694443711347 0.0 245
1694443711592 0.0 246
1694443711834 0.0 247
1694443712080 0.0 248
1694443712334 0.0 249
1694443712612 0.0 250
1694443712862 0.0 251
1694443713124 0.0 252
1694443713388 0.0 253
1694443713686 0.0 254
1694443713957 0.0 255
1694443714242 0.0 256
1694443714561 0.0 257
1694443714846 0.0 258
1694443715127 0.0 259
1694443715421 0.0 260
1694443715704 0.0 261
1694443715986 0.0 262
1694443716277 0.0 263
1694443716539 0.0 264
1694443716806 0.0 265
1694443717110 0.0 266
1694443717395 0.0 267
1694443717668 0.0 268
1694443717932 0.0 269
1694443718185 0.0 270
1694443718517 0.0 271
1694443718785 0.0 272
1694443719050 0.0 273
1694443719304 0.0 274
1694443719583 0.0 275
1694443719860 0.0 276
1694443720130 0.0 277
1694443720423 0.0 278
1694443720694 0.0 279
1694443720951 0.0 280
1694443721243 0.0 281
1694443721518 0.0 282
1694443721794 0.0 283
1694443722081 0.0 284
1694443722345 0.0 285
1694443722651 0.0 286
1694443722924 0.0 287
1694443723202 0.0 288
1694443723482 0.0 289
1694443723770 0.0 290
1694443724036 0.0 291
1694443724335 0.0 292
1694443724604 0.0 293
1694443724878 0.0 294
1694443725154 0.0 295
1694443725444 0.0 296
1694443725700 0.0 297
1694443725953 0.0 298
1694443726234 0.0 299
1694443726502 0.0 300
1694443726785 0.0 301
1694443727077 0.0 302
1694443727358 0.0 303
1694443727623 0.0 304
1694443727887 0.0 305
1694443728165 0.0 306
1694443728441 0.0 307
1694443728726 0.0 308
1694443728984 0.0 309
1694443729250 0.0 310
1694443729540 0.0 311
1694443729823 0.0 312
1694443730087 0.0 313
1694443730348 0.0 314
1694443730610 0.0 315
1694443730867 0.0 316
1694443731118 0.0 317
1694443731368 0.0 318
1694443731655 0.0 319
1694443731928 0.0 320
1694443732206 0.0 321
1694443732483 0.0 322
1694443732796 0.0 323
1694443733087 0.0 324
1694443733356 0.0 325
1694443733628 0.0 326
1694443733918 0.0 327
1694443734194 0.0 328
1694443734467 0.0 329
1694443734752 0.0 330
1694443735044 0.0 331
1694443735341 0.0 332
1694443735630 0.0 333
1694443735911 0.0 334
1694443736209 0.0 335
1694443736493 0.0 336
1694443736777 0.0 337
1694443737042 0.0 338
1694443737307 0.0 339
1694443737587 0.0 340
1694443737864 0.0 341
1694443738153 0.0 342
1694443738429 0.0 343
1694443738701 0.0 344
1694443738974 0.0 345
1694443739249 0.0 346
1694443739557 0.0 347
1694443739860 0.0 348
1694443740152 0.0 349
1694443740497 0.0 350
1694443740755 0.0 351
1694443741041 0.0 352
1694443741341 0.0 353
1694443741606 0.0 354
1694443741882 0.0 355
1694443742168 0.0 356
1694443742426 0.0 357
1694443742675 0.0 358
1694443742958 0.0 359
1694443743283 0.0 360
1694443743558 0.0 361
1694443743837 0.0 362
1694443744157 0.0 363
1694443744441 0.0 364
1694443744780 0.0 365
1694443745069 0.0 366
1694443745371 0.0 367
1694443745660 0.0 368
1694443745946 0.0 369
1694443746227 0.0 370
1694443746497 0.0 371
1694443746775 0.0 372
1694443747061 0.0 373
1694443747422 0.0 374
1694443747764 0.0 375
1694443748046 0.0 376
1694443748322 0.0 377
1694443748590 0.0 378
1694443748865 0.0 379
1694443749139 0.0 380
1694443749416 0.0 381
1694443749685 0.0 382
1694443749946 0.0 383
1694443750224 0.0 384
1694443750491 0.0 385
1694443750761 0.0 386
1694443751046 0.0 387
1694443751317 0.0 388
1694443751591 0.0 389
1694443751879 0.0 390
1694443752159 0.0 391
1694443752444 0.0 392
1694443752721 0.0 393
1694443753033 0.0 394
1694443753318 0.0 395
1694443753597 0.0 396
1694443753864 0.0 397
1694443754124 0.0 398
1694443754394 0.0 399
1694443754663 0.0 400
1694443754923 0.0 401
1694443755170 0.0 402
1694443755445 0.0 403
1694443755722 0.0 404
1694443755987 0.0 405
1694443756275 0.0 406
1694443756568 0.0 407
1694443756862 0.0 408
1694443757141 0.0 409
1694443757429 0.0 410
1694443757713 0.0 411
1694443757981 0.0 412
1694443758267 0.0 413
1694443758542 0.0 414
1694443758812 0.0 415
1694443759080 0.0 416
1694443759364 0.0 417
1694443759638 0.0 418
1694443759909 0.0 419
1694443760213 0.0 420
1694443760509 0.0 421
1694443760789 0.0 422
1694443761055 0.0 423
1694443761330 0.0 424
1694443761598 0.0 425
1694443761871 0.0 426
1694443762163 0.0 427
1694443762439 0.0 428
1694443762715 0.0 429
1694443762996 0.0 430
1694443763286 0.0 431
1694443763560 0.0 432
1694443763817 0.0 433
1694443764097 0.0 434
1694443764387 0.0 435
1694443764675 0.0 436
1694443764944 0.0 437
1694443765207 0.0 438
1694443765483 0.0 439
1694443765743 0.0 440
1694443766003 0.0 441
1694443766286 0.0 442
1694443766563 0.0 443
1694443766833 0.0 444
1694443767093 0.0 445
1694443767365 0.0 446
1694443767635 0.0 447
1694443767916 0.0 448
1694443768190 0.0 449
1694443768462 0.0 450
1694443768740 0.0 451
1694443769027 0.0 452
1694443769310 0.0 453
1694443769580 0.0 454
1694443769875 0.0 455
1694443770138 0.0 456
1694443770425 0.0 457
1694443770690 0.0 458
1694443770970 0.0 459
1694443771268 0.0 460
1694443771544 0.0 461
1694443771818 0.0 462
1694443772102 0.0 463
1694443772387 0.0 464
1694443772659 0.0 465
1694443772957 0.0 466
1694443773275 0.0 467
1694443773556 0.0 468
1694443773834 0.0 469
1694443774121 0.0 470
1694443774436 0.0 471
1694443774728 0.0 472
1694443775026 0.0 473
1694443775318 0.0 474
1694443775592 0.0 475
1694443775890 0.0 476
1694443776172 0.0 477
1694443776462 0.0 478
1694443776758 0.0 479
1694443777052 0.0 480
1694443777344 0.0 481
1694443777625 0.0 482
1694443777920 0.0 483
1694443778208 0.0 484
1694443778494 0.0 485
1694443778757 0.0 486
1694443779037 0.0 487
1694443779333 0.0 488
1694443779616 0.0 489
1694443779892 0.0 490
1694443780184 0.0 491
1694443780488 0.0 492
1694443780762 0.0 493
1694443781056 0.0 494
1694443781336 0.0 495
1694443781621 0.0 496
1694443781904 0.0 497
1694443782185 0.0 498
1694443782491 0.0 499
