1694441390491 83.02510964842263 0
1694441390821 37.740239897481096 1
1694441391139 17.124685297604717 2
1694441391496 6.131507445444333 3
1694441391818 3.652744870904621 4
1694441392136 2.6463923351500793 5
1694441392454 0.8069710333630411 6
1694441392745 0.447283159934703 7
1694441393061 0.37504334578268306 8
1694441393315 0.5480398338112714 9
1694441393568 0.0514279106445088 10
1694441393854 0.39737556420643705 11
1694441394165 0.5558077354135589 12
1694441394489 0.21112109768982976 13
1694441394806 0.028182916043149705 14
1694441395115 1.0621506645416443 15
1694441395426 0.16538053144811965 16
1694441395706 0.016763553900948497 17
1694441395988 0.47845753098428917 18
1694441396247 0.013784669571172263 19
1694441396572 0.04057896394126917 20
1694441396888 0.2504950481628368 21
1694441397214 0.03518265394588209 22
1694441397530 0.5560367666471718 23
1694441397838 0.01887482160290209 24
1694441398095 1.3749917154676463 25
1694441398390 0.04501016740005195 26
1694441398653 0.08908026062928223 27
