1694436676345 178.89694529816146 0
1694436676375 176.2001837856066 1
1694436676406 176.7380880646374 2
1694436676437 174.44747415720408 3
1694436676468 173.9121561887447 4
1694436676498 171.5203020492159 5
1694436676529 170.32375793981194 6
1694436676567 168.19826746235094 7
1694436676597 168.14119211737085 8
1694436676628 166.74086831804698 9
1694436676659 165.9254238598687 10
1694436676705 163.59319904068101 11
1694436676745 163.25018118394598 12
1694436676781 162.00791282771908 13
1694436676818 161.63982102815555 14
1694436676851 158.4582016899639 15
1694436676885 156.76903955751953 16
1694436676920 155.37122875197431 17
1694436676953 154.85991554959958 18
1694436676987 153.92679862645275 19
1694436677020 153.00790126980905 20
1694436677049 151.16588457944042 21
1694436677080 149.32660039622394 22
1694436677113 148.45572572204935 23
1694436677150 148.31350085783006 24
1694436677183 146.91470473507016 25
1694436677212 145.99176060707205 26
1694436677250 144.2763851127747 27
1694436677285 143.10401627154457 28
1694436677322 142.00707253767527 29
1694436677360 141.004547738825 30
1694436677395 140.01709135244593 31
1694436677432 138.37476579091899 32
1694436677468 138.21694488563458 33
1694436677501 137.45958602403576 34
1694436677538 136.05208109545464 35
1694436677580 135.00841732684424 36
1694436677611 133.56217609598227 37
1694436677648 133.76937863114276 38
1694436677682 130.82065357078218 39
1694436677718 129.7662395601353 40
1694436677752 129.5762312040883 41
1694436677786 128.9773330061664 42
1694436677826 127.4571084394553 43
1694436677864 126.45578997416469 44
1694436677898 124.71565671073174 45
1694436677935 124.17776587855502 46
1694436677966 123.87209905392352 47
1694436677996 122.20961713127025 48
1694436678027 122.32488736452329 49
1694436678055 120.96943427522967 50
1694436678087 119.9557608737117 51
1694436678118 118.5182034022056 52
1694436678148 117.52387551726775 53
1694436678179 117.68254712768973 54
1694436678208 116.76910271959224 55
1694436678239 115.23640049527337 56
1694436678270 114.30781335392193 57
1694436678297 113.80019281092507 58
1694436678328 112.7035641074928 59
1694436678360 111.7220265475121 60
1694436678391 110.99365248668222 61
1694436678423 111.02328901844744 62
1694436678452 109.76924168385776 63
1694436678484 108.41176534748766 64
1694436678510 107.44177014476368 65
1694436678541 106.85182802379916 66
1694436678570 105.7787116005774 67
1694436678599 104.8709907516478 68
1694436678626 104.38967789620693 69
1694436678657 104.08378731679305 70
1694436678687 103.2159761469744 71
1694436678716 101.49032105117405 72
1694436678745 102.25653011720838 73
1694436678776 100.66329137130015 74
1694436678803 99.46379321775485 75
1694436678836 99.02124981584636 76
1694436678866 98.37983432632439 77
1694436678897 97.79762036216901 78
1694436678927 96.54403940293685 79
1694436678959 96.21824911566814 80
1694436678988 95.71668202329798 81
1694436679022 94.77145775785728 82
1694436679055 93.85611633742619 83
1694436679086 94.15796695943195 84
1694436679115 92.28882947742143 85
1694436679144 92.02787168177326 86
1694436679173 91.29869156651918 87
1694436679202 90.4478366539062 88
1694436679234 89.64404508615608 89
1694436679263 89.24448494094057 90
1694436679292 88.7804049815503 91
1694436679324 87.47310424431295 92
1694436679354 87.43655355151729 93
1694436679385 87.09601319535703 94
1694436679418 85.77527408296017 95
1694436679449 85.41814840780035 96
1694436679479 84.82713446187518 97
1694436679510 84.29596366325738 98
1694436679538 83.28710900431807 99
1694436679569 82.78994707163258 100
1694436679600 82.48417355193008 101
1694436679632 81.36517677384407 102
1694436679662 81.17746073067819 103
1694436679692 80.64183248191323 104
1694436679722 79.58591459362458 105
1694436679752 79.47948961509866 106
1694436679783 78.66958390960427 107
1694436679811 78.1628980089004 108
1694436679840 77.79310951415944 109
1694436679869 77.10272693092408 110
1694436679900 76.20669668156665 111
1694436679931 76.2072335174626 112
1694436679961 75.57615630418739 113
1694436679989 74.59006904580684 114
1694436680020 74.25194249692832 115
1694436680051 73.81531541428542 116
1694436680083 73.15464049728133 117
1694436680114 72.94274248507826 118
1694436680144 72.2761701604786 119
1694436680175 71.76191128771629 120
1694436680203 71.1471712528089 121
1694436680250 71.5175584898525 122
1694436680280 70.03440071811009 123
1694436680322 69.925387506462 124
1694436680364 68.80771826489644 125
1694436680404 68.62939760850162 126
1694436680473 68.33693409000284 127
1694436680544 68.01906887526707 128
1694436680600 67.31732810625581 129
1694436680667 66.30688016729682 130
1694436680717 66.32185690524133 131
1694436680764 65.48380578578362 132
1694436680810 65.43052303652023 133
1694436680849 64.55714434783566 134
1694436680881 64.66858140683777 135
1694436680913 63.95037702907554 136
1694436680950 63.707757232983425 137
1694436680980 63.40100853478462 138
1694436681011 62.90335948271726 139
1694436681048 61.861197172418784 140
1694436681079 61.59297682595342 141
1694436681113 61.57784111405915 142
1694436681145 61.04955153466195 143
1694436681184 60.39111271293273 144
1694436681228 60.17582413712973 145
1694436681273 59.488650638025966 146
1694436681308 59.51329114290136 147
1694436681348 58.93547400335773 148
1694436681401 58.20176299651363 149
1694436681459 57.85744321714323 150
1694436681515 57.47180309621121 151
1694436681573 57.305815267106176 152
1694436681649 57.25751757143278 153
1694436681735 56.60630122337093 154
1694436681782 56.222704519697814 155
1694436681833 55.7541397440739 156
1694436681870 55.783761808462884 157
1694436681912 54.757194425532575 158
1694436681968 54.75265393274663 159
1694436682022 54.7193185995797 160
1694436682069 54.3193604872613 161
1694436682122 53.55025009621288 162
1694436682176 53.24844006520671 163
1694436682233 53.185946970545466 164
1694436682295 52.54924019897317 165
1694436682348 52.4399259021754 166
1694436682402 51.59479873292911 167
1694436682457 51.51871627511006 168
1694436682500 51.29370896993528 169
1694436682534 50.86746891101684 170
1694436682564 50.51268147680605 171
1694436682610 50.291906783135694 172
1694436682650 50.13307583291931 173
1694436682718 49.356409843775936 174
1694436682775 48.85979433452401 175
1694436682834 48.74280321244423 176
1694436682885 48.61749162273085 177
1694436682937 47.805906736926616 178
1694436682979 47.70155799661535 179
1694436683026 47.46317528452604 180
1694436683078 47.07056706287225 181
1694436683132 47.08794763715389 182
1694436683200 46.695024154411826 183
1694436683261 46.33306467207121 184
1694436683340 46.142197698587275 185
1694436683408 45.586039275970215 186
1694436683446 45.74080949183014 187
1694436683480 44.98829846741656 188
1694436683512 44.95830857435882 189
1694436683544 45.06722870242968 190
1694436683576 44.11310886008091 191
1694436683607 44.04504427771104 192
1694436683637 43.811025498750595 193
1694436683666 43.35342432799429 194
1694436683696 43.20597626854075 195
1694436683728 42.718582789792876 196
1694436683759 42.72461804937044 197
1694436683791 42.29036555149784 198
1694436683829 42.16129962301578 199
1694436683863 42.13007490853748 200
1694436683894 41.59732983541285 201
1694436683930 41.27206166480109 202
1694436683966 40.79256598952606 203
1694436684003 40.65215898342387 204
1694436684036 40.520345897912286 205
1694436684069 40.13165260677862 206
1694436684100 39.821652912783115 207
1694436684133 39.72993630993201 208
1694436684165 39.46388064214544 209
1694436684198 39.17280002669428 210
1694436684230 38.818687839418914 211
1694436684261 38.803191762762424 212
1694436684293 38.438327348566574 213
1694436684322 38.37646133189095 214
1694436684353 37.44031083767507 215
1694436684383 38.01204720032923 216
1694436684412 37.392811558313255 217
1694436684443 37.27779603388861 218
1694436684474 37.31890410298593 219
1694436684507 36.90333245928902 220
1694436684537 36.25936371868281 221
1694436684568 36.23020093064174 222
1694436684600 35.98362049949828 223
1694436684631 35.958051834960294 224
1694436684660 35.93262863332274 225
1694436684690 35.39333719857422 226
1694436684718 35.54969710048711 227
1694436684749 34.78716959770431 228
1694436684781 34.67804542069883 229
1694436684812 34.68687186310502 230
1694436684845 34.365257185421434 231
1694436684878 34.34037332650798 232
1694436684910 34.03732522025715 233
1694436684939 34.05557253599875 234
1694436684970 33.728213170753996 235
1694436685003 33.494815568297206 236
1694436685064 33.36129812817941 237
1694436685139 33.17888540848656 238
1694436685197 32.631387370495794 239
1694436685251 32.59267715559734 240
1694436685314 32.4745714667552 241
1694436685394 32.61435229280648 242
1694436685448 32.12130732185492 243
1694436685480 31.788047956075186 244
1694436685511 31.661303789816884 245
1694436685540 31.730861168111005 246
1694436685571 31.38267279051745 247
1694436685606 31.379781794738527 248
1694436685637 31.05801363188468 249
1694436685669 30.64667722727789 250
1694436685702 30.589093426024203 251
1694436685733 30.33111161158844 252
1694436685763 30.24065976142824 253
1694436685793 30.127783825303855 254
1694436685822 29.89464760039608 255
1694436685852 29.976887072077403 256
1694436685885 29.36909365438965 257
1694436685917 29.453955743170265 258
1694436685949 29.076907117882573 259
1694436685979 28.711068773032608 260
1694436686009 28.80276851474329 261
1694436686041 28.572802744955297 262
1694436686070 28.68091066883303 263
1694436686104 28.33238272503072 264
1694436686136 28.060836835550745 265
1694436686167 27.969769805462832 266
1694436686201 27.83868521557022 267
1694436686233 27.718479602389316 268
1694436686265 27.664992445007226 269
1694436686299 27.513471261960717 270
1694436686327 27.215632184474938 271
1694436686361 27.247470432046722 272
1694436686394 26.734757495532993 273
1694436686425 26.731195618891693 274
1694436686458 26.61752797252262 275
1694436686487 26.507932190258224 276
1694436686519 26.2313397460739 277
1694436686549 26.049161158615757 278
1694436686579 26.111284330750582 279
1694436686613 25.910212801474042 280
1694436686644 25.812898622612064 281
1694436686677 25.893652187469172 282
1694436686708 25.582178190358782 283
1694436686738 25.70020438634372 284
1694436686769 25.22915612251114 285
1694436686801 25.238299278894708 286
1694436686833 25.210072779404967 287
1694436686864 24.910198713964657 288
1694436686889 24.56678126823939 289
1694436686920 24.723495988115648 290
1694436686951 24.50506933752247 291
1694436686981 24.145543301076426 292
1694436687011 24.263599243918065 293
1694436687041 23.821010691514523 294
1694436687071 24.044179828839603 295
1694436687102 23.908161265803436 296
1694436687136 23.815540263522795 297
1694436687169 23.700168101992382 298
1694436687201 23.63699408860196 299
1694436687232 23.337754259511495 300
1694436687263 23.267205280120834 301
1694436687291 22.923928733115865 302
1694436687321 22.827199722959392 303
1694436687350 22.977307970205498 304
1694436687380 22.492445410199892 305
1694436687409 22.399564977654183 306
1694436687436 22.293574557952766 307
1694436687465 22.553223998261352 308
1694436687489 22.297549361845384 309
1694436687519 22.159869177768044 310
1694436687549 21.936218335429732 311
1694436687579 21.89505633608359 312
1694436687609 21.78415392537023 313
1694436687638 21.742078525942176 314
1694436687669 21.543735101035672 315
1694436687699 21.508066493219292 316
1694436687730 21.30356723900364 317
1694436687761 21.295718341923052 318
1694436687788 21.09614095255646 319
1694436687818 21.037327855842133 320
1694436687846 20.988081054403217 321
1694436687876 20.77490214110348 322
1694436687906 20.748168615739193 323
1694436687935 20.385247961035613 324
1694436687966 20.394766948620855 325
1694436687994 20.332740434727683 326
1694436688028 20.31950041944667 327
1694436688058 20.177019588870433 328
1694436688087 20.077187184731493 329
1694436688117 19.92800298489294 330
1694436688147 19.782642183225725 331
1694436688179 19.861942781712724 332
1694436688213 19.742448017657747 333
1694436688242 19.77064621450583 334
1694436688274 19.412289445005644 335
1694436688302 19.26633249670197 336
1694436688331 19.246857196688158 337
1694436688363 19.149503235080676 338
1694436688393 19.082394642836796 339
1694436688424 18.89270516263555 340
1694436688454 19.04150958547342 341
1694436688482 18.76730672485402 342
1694436688513 18.808018387916416 343
1694436688543 18.726185686415498 344
1694436688571 18.543167390503978 345
1694436688602 18.282408125930854 346
1694436688633 18.61646824332421 347
1694436688664 18.427176311070056 348
1694436688695 18.33837716531673 349
1694436688725 18.050300756674158 350
1694436688754 18.1440316910746 351
1694436688784 18.105779588781328 352
1694436688814 18.085536536443563 353
1694436688843 17.897892453320523 354
1694436688875 17.989043370740948 355
1694436688905 17.728593268643436 356
1694436688935 17.44193412187947 357
1694436688965 17.69359441766861 358
1694436688994 17.59622325400709 359
1694436689032 17.377635661644526 360
1694436689063 17.39915488464473 361
1694436689092 17.104445549473393 362
1694436689125 17.122200797025254 363
1694436689155 17.09018535630331 364
1694436689185 17.045348985864802 365
1694436689218 17.02739464126223 366
1694436689251 16.700219413996493 367
1694436689279 16.810819464857726 368
1694436689309 16.749534726971323 369
1694436689339 16.441914752162127 370
1694436689377 16.518059076813802 371
1694436689408 16.396143507106377 372
1694436689437 16.423119460839153 373
1694436689470 16.22155633782741 374
1694436689501 16.140287155757502 375
1694436689539 16.158682862467295 376
1694436689576 16.149050320139793 377
1694436689611 16.00358877172995 378
1694436689656 15.862617203522301 379
1694436689695 15.9531040367749 380
1694436689734 15.820868968424836 381
1694436689774 15.85378493981765 382
1694436689814 15.82403950471602 383
1694436689867 15.604063273110196 384
1694436689955 15.55962865671316 385
1694436690040 15.529089625423032 386
1694436690101 15.380559801149627 387
1694436690146 15.20268170275767 388
1694436690178 15.2366513906631 389
1694436690208 15.232886197305676 390
1694436690245 15.373673232496307 391
1694436690284 15.118548673608592 392
1694436690324 14.986905644404432 393
1694436690377 15.06612908009429 394
1694436690435 14.82989537164044 395
1694436690491 14.765958304701634 396
1694436690534 14.794169152432639 397
1694436690577 14.710494548630273 398
1694436690621 14.565930182397166 399
1694436690653 14.61316726959427 400
1694436690685 14.697911582228883 401
1694436690715 14.331196259259553 402
1694436690747 14.465424309208212 403
1694436690775 14.348915641364059 404
1694436690805 14.318373875444685 405
1694436690839 14.16833039301826 406
1694436690883 14.303730845389298 407
1694436690924 14.018644083076772 408
1694436690957 13.885777577689966 409
1694436690992 14.070290631264767 410
1694436691027 13.989927937337963 411
1694436691056 13.909849566310156 412
1694436691087 13.87450655110777 413
1694436691118 13.826165734113172 414
1694436691148 13.592094597967009 415
1694436691182 13.719529740924331 416
1694436691219 13.67730401298989 417
1694436691252 13.573682030795512 418
1694436691281 13.465673354431011 419
1694436691314 13.378811995099959 420
1694436691349 13.562799526559058 421
1694436691382 13.356049840198754 422
1694436691418 13.228430727674962 423
1694436691453 13.241812452345645 424
1694436691483 13.260487660900326 425
1694436691515 13.283073737698643 426
1694436691545 13.054888788222163 427
1694436691632 13.115996846253672 428
1694436691668 13.144307638282102 429
1694436691702 12.941008732706743 430
1694436691736 12.822088001300191 431
1694436691768 12.885152227868724 432
1694436691803 12.979397529444755 433
1694436691839 12.866316379404275 434
1694436691872 12.722325789136816 435
1694436691916 12.61278770810648 436
1694436691979 12.662718516175644 437
1694436692054 12.53788973110636 438
1694436692153 12.445912148729702 439
1694436692220 12.529163415878918 440
1694436692300 12.354472362577186 441
1694436692377 12.335777123625911 442
1694436692440 12.430469174163203 443
1694436692485 12.38616206598395 444
1694436692522 12.127677431797535 445
1694436692559 12.242890722970218 446
1694436692592 12.256378006774439 447
1694436692624 12.31385034815724 448
1694436692657 11.996976529979776 449
1694436692696 11.865507474181843 450
1694436692728 12.097709425764032 451
1694436692765 12.01607154448897 452
1694436692806 11.99284528096702 453
1694436692850 11.943764626866717 454
1694436692882 11.8939217649884 455
1694436692919 11.660136098423683 456
1694436692960 11.871188760870385 457
1694436693010 11.689961602270243 458
1694436693075 11.740247903088001 459
1694436693142 11.70494632430019 460
1694436693192 11.580229344662602 461
1694436693234 11.592189876531542 462
1694436693271 11.505273575361235 463
1694436693309 11.451268866468107 464
1694436693340 11.516613628232609 465
1694436693370 11.553860842145742 466
1694436693401 11.384225654416527 467
1694436693432 11.295175337159401 468
1694436693463 11.253716613275657 469
1694436693493 11.22365673765918 470
1694436693525 11.03724073834583 471
1694436693558 11.215180726491496 472
1694436693593 11.24365350978349 473
1694436693628 11.058580949468578 474
1694436693659 11.082986287010325 475
1694436693687 11.010263914585897 476
1694436693721 10.966822336955522 477
1694436693752 10.98119723286721 478
1694436693783 10.893622571293989 479
1694436693811 11.031349974898712 480
1694436693844 10.869034993941838 481
1694436693876 10.717503680540549 482
1694436693905 10.715769171137637 483
1694436693941 10.6471496676184 484
1694436693974 10.749481164261805 485
1694436694011 10.79866805155844 486
1694436694055 10.688300308951218 487
1694436694093 10.735850112072129 488
1694436694127 10.612901634833992 489
1694436694165 10.477798533672795 490
1694436694197 10.644092006097917 491
1694436694231 10.51797554477819 492
1694436694266 10.516869225440482 493
1694436694299 10.341721338237534 494
1694436694331 10.379443156941653 495
1694436694370 10.261397965833485 496
1694436694409 10.442111152158624 497
1694436694445 10.259946507789504 498
1694436694484 10.381914076360452 499
