1694436676353 -0.0017240119708477053 0
1694436676381 -0.001761424361457875 1
1694436676413 -0.0014951037830035485 2
1694436676444 -0.0016347932767386553 3
1694436676475 -0.0018326292559984747 4
1694436676505 -0.0018548723936080425 5
1694436676540 -0.001833456842389669 6
1694436676573 -0.0016956522477453717 7
1694436676605 -0.0014588663353138909 8
1694436676635 -0.0016155160831021753 9
1694436676669 -0.002096323879611006 10
1694436676715 -0.0018237801872331705 11
1694436676753 -0.0018217833244256187 12
1694436676791 -0.001757256923822892 13
1694436676826 -0.0018794479566810463 14
1694436676858 -0.0013327238300233635 15
1694436676894 -0.0017104727226751049 16
1694436676930 -0.0012751041137297747 17
1694436676962 -0.0016085656432007767 18
1694436676995 -0.0014318340951606778 19
1694436677028 -0.001482915822969444 20
1694436677055 -0.00138806035119865 21
1694436677086 -0.001339901798713683 22
1694436677123 -0.0013974776175025294 23
1694436677158 -0.0017166830527857169 24
1694436677190 -0.0014826271365606658 25
1694436677223 -0.0014015095692818669 26
1694436677257 -0.001484980535695124 27
1694436677293 -0.0014009620855393035 28
1694436677330 -0.0014805905422394794 29
1694436677370 -0.0012511235724592673 30
1694436677404 -0.0012671762940903442 31
1694436677442 -0.0010860650707988917 32
1694436677478 -0.0011918033065796418 33
1694436677510 -0.001181729781300156 34
1694436677549 -0.001097891123721828 35
1694436677587 -0.0012756185683673316 36
1694436677621 -0.0011223762358489875 37
1694436677656 -0.0010077291022811963 38
1694436677688 -0.0011501676221268298 39
1694436677724 -0.0011299106535187509 40
1694436677759 -0.0010791140338779481 41
1694436677793 -0.0014676436994296438 42
1694436677836 -0.0007856817761224821 43
1694436677872 -0.0010095859356720194 44
1694436677908 -0.0009070928292573832 45
1694436677943 -0.000997632351084743 46
1694436677974 -0.0009634750159908112 47
1694436678003 -0.0008062834609832148 48
1694436678033 -0.0008651104353867289 49
1694436678064 -0.0009252370612220506 50
1694436678096 -0.0010680094863648737 51
1694436678124 -0.0009892449854203011 52
1694436678155 -0.0009016227819762523 53
1694436678186 -0.001018684587744012 54
1694436678216 -0.0007790219732966008 55
1694436678247 -0.0007184045897021818 56
1694436678276 -0.0006284836625309875 57
1694436678303 -0.0005919740655284667 58
1694436678335 -0.00046993703407549603 59
1694436678368 -0.0005729656415927042 60
1694436678398 -0.0008038497082796248 61
1694436678430 -0.0006212335235546984 62
1694436678459 -0.0006048552777413452 63
1694436678490 -0.0005349688215623427 64
1694436678518 -0.0006477223158747325 65
1694436678547 -0.0003494553026048841 66
1694436678578 -0.0001308529962398275 67
1694436678606 -0.00036472622232053276 68
1694436678633 -0.00044937374257947305 69
1694436678664 -0.00019594818770740652 70
1694436678694 7.297553333174278e-06 71
1694436678723 -0.00014663704002737532 72
1694436678752 -0.00034694576728977466 73
1694436678782 0.00012237011570903622 74
1694436678811 -4.676875313269768e-05 75
1694436678844 2.8677801821808124e-05 76
1694436678875 -0.00013374769092289185 77
1694436678904 -0.00018397764714928044 78
1694436678935 0.00018470191355801635 79
1694436678966 -8.608441548485501e-05 80
1694436678996 -0.00018417248082536197 81
1694436679031 -9.121633580133626e-05 82
1694436679062 0.00018435329763910602 83
1694436679094 7.743123166648047e-06 84
1694436679124 1.0089614224439991e-05 85
1694436679150 0.00022383112447410536 86
1694436679180 0.00018989308385231052 87
1694436679209 7.701552126515576e-05 88
1694436679240 0.00034058455107777164 89
1694436679270 0.0003312833486400768 90
1694436679300 0.00023296559558394492 91
1694436679331 0.0005107430706047245 92
1694436679362 0.00019152711740899608 93
1694436679394 0.0004255452089738654 94
1694436679425 3.661973152080389e-05 95
1694436679456 0.0006542776896703018 96
1694436679486 0.00032434672639536366 97
1694436679517 0.0006067617498713984 98
1694436679545 0.0005827890806922031 99
1694436679576 0.0003897263717101973 100
1694436679607 0.000675992319698171 101
1694436679640 0.0008961688211448493 102
1694436679669 0.0009490658118344042 103
1694436679700 0.0008728276929412804 104
1694436679729 0.000437582062962516 105
1694436679760 0.0006515908106448087 106
1694436679790 0.000864767606607697 107
1694436679818 0.0010757406675687697 108
1694436679848 0.0011380102760367716 109
1694436679878 0.0011546469477979882 110
1694436679907 0.0010080668697698414 111
1694436679938 0.0008582845302071984 112
1694436679968 0.0009588617624251006 113
1694436679998 0.0009327881842676744 114
1694436680028 0.0012104451478973655 115
1694436680061 0.001218869435013259 116
1694436680090 0.0014887633615725537 117
1694436680121 0.001129902296569063 118
1694436680152 0.0014932565127306896 119
1694436680181 0.0011268933802506265 120
1694436680218 0.0016316215974477855 121
1694436680257 0.0012849597637308863 122
1694436680290 0.002164317057038123 123
1694436680332 0.001298921412509979 124
1694436680372 0.001465565500155086 125
1694436680412 0.0012428776151438559 126
1694436680487 0.001733818874905535 127
1694436680560 0.0020414816856925144 128
1694436680623 0.0018878235256507558 129
1694436680681 0.0015735972810740906 130
1694436680727 0.0020780059804345052 131
1694436680777 0.0022038081447731672 132
1694436680821 0.001906621387734786 133
1694436680856 0.0019365575869670915 134
1694436680889 0.001969740653987029 135
1694436680921 0.0015788275943163788 136
1694436680957 0.002198729005719824 137
1694436680986 0.002340942632197973 138
1694436681018 0.00223206741498172 139
1694436681056 0.0025658191462470947 140
1694436681086 0.0024562866443648135 141
1694436681121 0.001796632092774919 142
1694436681153 0.0019164501099943054 143
1694436681195 0.002123063596634167 144
1694436681244 0.002024330377058403 145
1694436681283 0.0022689728282155874 146
1694436681315 0.0028702694076694346 147
1694436681359 0.002631837134273174 148
1694436681417 0.002834412774978534 149
1694436681473 0.0021484256468244922 150
1694436681531 0.002861338827826465 151
1694436681587 0.002627629840399881 152
1694436681679 0.0026562338817816 153
1694436681746 0.0035376233887416397 154
1694436681799 0.003353244653516163 155
1694436681843 0.0025474550729394085 156
1694436681883 0.0026570922682441767 157
1694436681920 0.0028043491933987807 158
1694436681979 0.0035813772169698277 159
1694436682033 0.002983339410645325 160
1694436682079 0.0030734743289619892 161
1694436682135 0.003367959464887771 162
1694436682191 0.00331902881164281 163
1694436682246 0.0032643715571366583 164
1694436682303 0.0033507960994220154 165
1694436682362 0.0032767732094923785 166
1694436682413 0.003929158494389462 167
1694436682467 0.0036155639445508703 168
1694436682508 0.0037385090100222618 169
1694436682541 0.003080884702939546 170
1694436682573 0.002817662311571656 171
1694436682618 0.0036341452925124917 172
1694436682667 0.00316348196328875 173
1694436682730 0.003720746530381014 174
1694436682793 0.0036915417263211348 175
1694436682846 0.004028615695821136 176
1694436682901 0.004635391461757177 177
1694436682946 0.003909482438578693 178
1694436682987 0.0036009551038548304 179
1694436683038 0.004744287789155588 180
1694436683089 0.004334671046755778 181
1694436683147 0.003670136558208581 182
1694436683213 0.004173582524602648 183
1694436683295 0.004213139987836234 184
1694436683353 0.004201618857965661 185
1694436683418 0.005330195540530602 186
1694436683453 0.0047740618694293024 187
1694436683488 0.004842526156218274 188
1694436683520 0.004439320664449409 189
1694436683550 0.005122541820999249 190
1694436683583 0.004434513382669758 191
1694436683614 0.005380438785635655 192
1694436683644 0.004644839226781938 193
1694436683672 0.004421297673617874 194
1694436683703 0.004914576181176633 195
1694436683735 0.004647285104019017 196
1694436683766 0.0047147604980046776 197
1694436683797 0.004831071746130178 198
1694436683836 0.0053022535573366 199
1694436683871 0.005284666496000456 200
1694436683901 0.0050188221188686155 201
1694436683939 0.006077658482887771 202
1694436683976 0.006657870496424523 203
1694436684012 0.0065688200771834016 204
1694436684045 0.005980557404799858 205
1694436684078 0.004376024298949677 206
1694436684108 0.005387202038383387 207
1694436684141 0.006290007186469215 208
1694436684172 0.006083869771456474 209
1694436684203 0.006341544375017105 210
1694436684237 0.004716816656007539 211
1694436684268 0.006450058301155415 212
1694436684299 0.005722303284021901 213
1694436684330 0.0071276611973174475 214
1694436684360 0.006085116239096688 215
1694436684390 0.006215701697561027 216
1694436684418 0.006156415459668607 217
1694436684450 0.006997927859034747 218
1694436684482 0.006571686336487859 219
1694436684514 0.005001506043377901 220
1694436684546 0.006276248708537047 221
1694436684577 0.005869591336245428 222
1694436684607 0.006949803948772093 223
1694436684637 0.007297067681290237 224
1694436684666 0.006718835494785358 225
1694436684698 0.0071875402865118065 226
1694436684727 0.0059109624513299375 227
1694436684758 0.006362741149167017 228
1694436684788 0.0073672921621880105 229
1694436684819 0.007857506643561107 230
1694436684851 0.007107877159586495 231
1694436684886 0.007903990742089695 232
1694436684916 0.007845468196616356 233
1694436684947 0.007703600762774654 234
1694436684978 0.007740087087069525 235
1694436685016 0.008266632522523687 236
1694436685086 0.008472398253122404 237
1694436685153 0.008305791950199981 238
1694436685211 0.008219578828342455 239
1694436685263 0.009255296322014717 240
1694436685336 0.00759893184314675 241
1694436685409 0.007493873937314488 242
1694436685454 0.008513196325093064 243
1694436685489 0.008044290326436943 244
1694436685517 0.0081968634608659 245
1694436685549 0.008072704953825949 246
1694436685579 0.009123028419133261 247
1694436685613 0.009682582777289173 248
1694436685645 0.010152954645543666 249
1694436685677 0.009095252663268938 250
1694436685710 0.009752346624210984 251
1694436685741 0.009354278067094768 252
1694436685770 0.008954586238312467 253
1694436685800 0.009337946622962279 254
1694436685831 0.009367799356582829 255
1694436685859 0.010597951465031397 256
1694436685893 0.009210817402020788 257
1694436685925 0.010918315805126366 258
1694436685956 0.009492070382485673 259
1694436685986 0.009125771575370867 260
1694436686016 0.010114286839884357 261
1694436686048 0.009929538816061956 262
1694436686079 0.010281924714709234 263
1694436686111 0.010042606588508973 264
1694436686143 0.010795524857687866 265
1694436686175 0.009405409789938313 266
1694436686209 0.00832505788671456 267
1694436686240 0.011287948271293868 268
1694436686272 0.011104166213495192 269
1694436686304 0.010003561811051775 270
1694436686335 0.01040058979065639 271
1694436686367 0.010893420572338774 272
1694436686402 0.0112589810969429 273
1694436686433 0.010719375333311021 274
1694436686464 0.01113243506244399 275
1694436686495 0.011574514287615578 276
1694436686527 0.011285830841988753 277
1694436686557 0.01024056880506996 278
1694436686586 0.01173172901591446 279
1694436686620 0.01208894402041727 280
1694436686651 0.010963025348285305 281
1694436686682 0.012546433553330738 282
1694436686714 0.012239905817768681 283
1694436686745 0.012742038456661886 284
1694436686777 0.012326251487598361 285
1694436686809 0.011918574991231945 286
1694436686839 0.012632140589823426 287
1694436686870 0.012372703403625396 288
1694436686896 0.014212904236640345 289
1694436686927 0.012341018963916373 290
1694436686960 0.013329132441121105 291
1694436686987 0.013539488754563678 292
1694436687018 0.0130718702831093 293
1694436687048 0.010249479495918479 294
1694436687077 0.00958662533904131 295
1694436687110 0.013866337140246432 296
1694436687142 0.013163239555321726 297
1694436687177 0.01082401148124501 298
1694436687209 0.013670925291864644 299
1694436687239 0.01277727752605018 300
1694436687269 0.01438272893551984 301
1694436687298 0.01381133475038232 302
1694436687328 0.012222475735243599 303
1694436687358 0.01398985927987384 304
1694436687385 0.012211643069458433 305
1694436687415 0.013176169489598322 306
1694436687442 0.013132671151714903 307
1694436687471 0.012512961921749444 308
1694436687496 0.013752086676595221 309
1694436687526 0.01622535062768704 310
1694436687558 0.014341820443075748 311
1694436687585 0.015535884132883981 312
1694436687615 0.014089501144522232 313
1694436687644 0.014166357610800984 314
1694436687676 0.01535821208658894 315
1694436687706 0.013991451572485158 316
1694436687736 0.017781206670728578 317
1694436687767 0.014437244339531863 318
1694436687795 0.017902539479449753 319
1694436687825 0.014017353668680177 320
1694436687854 0.013744841111248185 321
1694436687882 0.012484977359046856 322
1694436687913 0.01589707722200373 323
1694436687942 0.014691189925019388 324
1694436687972 0.013391702624756086 325
1694436688001 0.014074453372343143 326
1694436688034 0.015572844009648978 327
1694436688065 0.014988465126383188 328
1694436688094 0.013435230585308156 329
1694436688126 0.016310693991633762 330
1694436688154 0.014605199187057605 331
1694436688188 0.013524862577883212 332
1694436688219 0.01328749778183791 333
1694436688250 0.014680509540097586 334
1694436688280 0.012231670186547139 335
1694436688309 0.0173423169073047 336
1694436688337 0.017074611549791063 337
1694436688370 0.016322865351895866 338
1694436688401 0.01390619453605002 339
1694436688432 0.014903893605184071 340
1694436688462 0.015570498268646649 341
1694436688488 0.01648608554717501 342
1694436688520 0.015525533424129767 343
1694436688551 0.017545160497795198 344
1694436688578 0.015205300640666053 345
1694436688610 0.0148127725298558 346
1694436688640 0.019579889989946087 347
1694436688672 0.01634040741712961 348
1694436688702 0.02071918654419136 349
1694436688730 0.016541529510233466 350
1694436688763 0.01855154697162853 351
1694436688791 0.017525001255352946 352
1694436688820 0.01861399352479931 353
1694436688852 0.01704925073652852 354
1694436688881 0.015606333530057359 355
1694436688914 0.01797216934184742 356
1694436688942 0.016016723427963453 357
1694436688972 0.01950764767164548 358
1694436689002 0.016482612088136284 359
1694436689038 0.018334176735086638 360
1694436689071 0.01667280050058395 361
1694436689101 0.0173280142288601 362
1694436689131 0.01833510205224198 363
1694436689163 0.02120656184467884 364
1694436689194 0.022347211803945055 365
1694436689226 0.019511883364158877 366
1694436689257 0.018888448159458004 367
1694436689286 0.018882401744660604 368
1694436689317 0.019935542919808036 369
1694436689347 0.018061148722780418 370
1694436689385 0.021094825084546742 371
1694436689417 0.02039319236415371 372
1694436689446 0.021434113873908256 373
1694436689477 0.02017305549657955 374
1694436689510 0.02425558203250222 375
1694436689548 0.019339725085178006 376
1694436689584 0.02096257164138715 377
1694436689622 0.02148006395347435 378
1694436689667 0.018721538679549954 379
1694436689703 0.019612747608251713 380
1694436689744 0.01995128396732926 381
1694436689783 0.024969619720899505 382
1694436689825 0.02185019637416108 383
1694436689884 0.02160593996171345 384
1694436689974 0.02249198579526246 385
1694436690055 0.021983199929457853 386
1694436690111 0.01924880164027254 387
1694436690152 0.020720804061196807 388
1694436690184 0.02193957083860587 389
1694436690218 0.02011585789550796 390
1694436690254 0.02374440621255558 391
1694436690293 0.01981663231639208 392
1694436690335 0.023923816285274735 393
1694436690389 0.0232735260297966 394
1694436690448 0.023296816112940877 395
1694436690502 0.02165298473399646 396
1694436690544 0.02044981791623257 397
1694436690586 0.024435380863011336 398
1694436690630 0.02380742730189933 399
1694436690660 0.020234627393825533 400
1694436690694 0.02038843403473478 401
1694436690726 0.02563698849126772 402
1694436690753 0.02374268407918867 403
1694436690781 0.02204188356352288 404
1694436690814 0.024411423452373016 405
1694436690849 0.025318018604612025 406
1694436690895 0.025756994497226904 407
1694436690932 0.023881918168131677 408
1694436690965 0.022393484787205264 409
1694436691000 0.026108988368695796 410
1694436691034 0.020983492376437374 411
1694436691064 0.02220677988543529 412
1694436691094 0.023785238759468808 413
1694436691125 0.021782683910513856 414
1694436691156 0.021656862478321992 415
1694436691192 0.02570594659108172 416
1694436691226 0.026714819489944475 417
1694436691258 0.024183379273970296 418
1694436691288 0.025544499908412455 419
1694436691320 0.02224182037333 420
1694436691357 0.02481630430087267 421
1694436691391 0.02358354938054097 422
1694436691426 0.027636196204668617 423
1694436691460 0.025980871611808398 424
1694436691490 0.026414112165411008 425
1694436691522 0.029571489196751677 426
1694436691585 0.02359508514389186 427
1694436691642 0.025483021348009283 428
1694436691675 0.02125887826161066 429
1694436691709 0.0268825668120376 430
1694436691744 0.023702593282323825 431
1694436691778 0.026828934321888043 432
1694436691812 0.02656458827037589 433
1694436691847 0.022046508415567323 434
1694436691880 0.026896855409101472 435
1694436691932 0.026077869358018924 436
1694436691992 0.02741902919274186 437
1694436692069 0.029283990601739696 438
1694436692169 0.030048861537582794 439
1694436692239 0.02919261947805163 440
1694436692318 0.02707261665587235 441
1694436692391 0.028025131027474837 442
1694436692454 0.027191568388731158 443
1694436692492 0.029948664095899358 444
1694436692532 0.02705844771908661 445
1694436692566 0.027945382017518505 446
1694436692599 0.029426845991190942 447
1694436692632 0.03023298356252313 448
1694436692668 0.028622124413483885 449
1694436692701 0.029626529263086177 450
1694436692737 0.022869136250859956 451
1694436692774 0.026591702420472485 452
1694436692815 0.027201081618105416 453
1694436692858 0.028035931222870736 454
1694436692890 0.026359021830954288 455
1694436692930 0.028934974973536476 456
1694436692970 0.03087286941159262 457
1694436693026 0.027196441256698956 458
1694436693088 0.029090022401475513 459
1694436693156 0.027152069690096314 460
1694436693202 0.027272400800707808 461
1694436693242 0.026743689494676537 462
1694436693283 0.028988142500798175 463
1694436693318 0.029672876652887537 464
1694436693347 0.029750254820075206 465
1694436693377 0.03010715302249889 466
1694436693408 0.0311880313759062 467
1694436693438 0.0372873289405643 468
1694436693470 0.031017139321047993 469
1694436693501 0.030186746634959793 470
1694436693532 0.031222165049322625 471
1694436693568 0.029134741360566485 472
1694436693601 0.028031735455841256 473
1694436693636 0.032855531932305615 474
1694436693667 0.030891888674085766 475
1694436693694 0.0323070982339686 476
1694436693729 0.03475945734596553 477
1694436693761 0.03199805652363752 478
1694436693790 0.032820635766830475 479
1694436693820 0.030316257122019796 480
1694436693851 0.03157775507905414 481
1694436693882 0.024985672652781288 482
1694436693914 0.033740200100296214 483
1694436693948 0.031028758105467014 484
1694436693983 0.03711586510778997 485
1694436694020 0.03227188541596815 486
1694436694066 0.03112718925483171 487
1694436694100 0.030318051534611423 488
1694436694137 0.02541010063858573 489
1694436694172 0.0306517614504056 490
1694436694204 0.035672078063546775 491
1694436694239 0.03378614114898992 492
1694436694274 0.03448612825898878 493
1694436694307 0.034078056115484534 494
1694436694340 0.030707398994130664 495
1694436694379 0.03464057614606386 496
1694436694418 0.03319892945637193 497
1694436694453 0.03369470260682961 498
1694436694491 0.030569370443007893 499
