1694436614580 -0.0099228948452319 0
1694436614610 -0.009677083344971305 1
1694436614642 -0.009324881711525679 2
1694436614672 -0.009468132957306308 3
1694436614704 -0.008668465562811312 4
1694436614736 -0.008954567789585255 5
1694436614766 -0.009700393045658728 6
1694436614794 -0.009613571186594339 7
1694436614823 -0.009034450423235807 8
1694436614856 -0.009213997993523515 9
1694436614890 -0.009362154463538941 10
1694436614934 -0.0083293317351818 11
1694436614974 -0.00911414221339557 12
1694436615024 -0.00749753273099607 13
1694436615069 -0.007750348881604863 14
1694436615124 -0.006428456177369535 15
1694436615178 -0.006139295606264472 16
1694436615239 -0.006064023541211716 17
1694436615286 -0.004634352937058939 18
1694436615364 -0.003998295657712481 19
1694436615431 -0.003783031486221944 20
1694436615490 -0.0034587354249180358 21
1694436615558 -0.0028903707903444875 22
1694436615628 -0.002197598155636804 23
1694436615677 -0.0016938465843239214 24
1694436615771 -0.000968768587394031 25
1694436615829 0.0005802856503144271 26
1694436615881 0.000635409958941846 27
1694436615932 0.0007136201221230598 28
1694436615972 0.0021055527104422156 29
1694436616008 0.003982127987271156 30
1694436616042 0.0036420460624759787 31
1694436616074 0.004537145119825836 32
1694436616104 0.006763030092650779 33
1694436616136 0.0074827616139255815 34
1694436616169 0.011075786965704104 35
1694436616198 0.010468204789069624 36
1694436616232 0.012444576849705347 37
1694436616266 0.012867504822247522 38
1694436616297 0.0148837654859314 39
1694436616328 0.012865637124624851 40
1694436616364 0.01878685655002499 41
1694436616400 0.01768108260870116 42
1694436616431 0.017420022752282383 43
1694436616464 0.021578533438601055 44
1694436616493 0.02252021569868512 45
1694436616526 0.020716676226680608 46
1694436616555 0.02079056816782221 47
1694436616589 0.0260290634483743 48
1694436616624 0.02388954660834286 49
1694436616664 0.02744866643099353 50
1694436616704 0.02793520199479116 51
1694436616742 0.027381751735016335 52
1694436616780 0.029310852120577824 53
1694436616815 0.03344867780464389 54
1694436616860 0.0297505340482892 55
1694436616909 0.0350112847120565 56
1694436616954 0.03653581656965876 57
1694436616997 0.03534592963218319 58
1694436617047 0.03456482785299053 59
1694436617089 0.03568366686737978 60
1694436617122 0.0424127281197374 61
1694436617155 0.043604508408874754 62
1694436617189 0.03993856878352475 63
1694436617221 0.040199409590372936 64
1694436617262 0.04700216649104194 65
1694436617300 0.04817915629564318 66
1694436617348 0.04185769895958702 67
1694436617397 0.05379635353472345 68
1694436617439 0.04935302078946768 69
1694436617478 0.04652400993431405 70
1694436617514 0.046695796852540994 71
1694436617553 0.045601737809317866 72
1694436617604 0.051004615662829766 73
1694436617659 0.05184979580529958 74
1694436617707 0.05666544989167421 75
1694436617751 0.053207589612917494 76
1694436617793 0.04799983092652971 77
1694436617857 0.06152991447133316 78
1694436617903 0.05474243699407111 79
1694436617951 0.04711672941459544 80
1694436617986 0.05464493521797187 81
1694436618020 0.06362067736922028 82
1694436618051 0.06042468303548698 83
1694436618087 0.06098907043502799 84
1694436618126 0.06258647899321146 85
1694436618171 0.056239046160442285 86
1694436618207 0.0642988013548782 87
1694436618248 0.060577377520705356 88
1694436618290 0.05925419710279145 89
1694436618337 0.06666037132414104 90
1694436618392 0.05572260669175566 91
1694436618440 0.06252494636800487 92
1694436618490 0.054785590619986 93
1694436618541 0.06412022055042843 94
1694436618577 0.06315733218724151 95
1694436618610 0.05591558226103277 96
1694436618642 0.06470111606359896 97
1694436618680 0.06206479069286541 98
1694436618714 0.06435314907248058 99
1694436618748 0.06266614643423885 100
1694436618778 0.06646123954369176 101
1694436618809 0.06186297286838105 102
1694436618836 0.06277659836983529 103
1694436618864 0.0692010953760892 104
1694436618892 0.07542820721234123 105
1694436618921 0.06376842754830547 106
1694436618952 0.060510430996423614 107
1694436618984 0.06647837044926697 108
1694436619017 0.0732595197715118 109
1694436619050 0.07317391874655232 110
1694436619082 0.061457828481958576 111
1694436619113 0.06922690891980299 112
1694436619145 0.07035213176035104 113
1694436619175 0.06662205737683657 114
1694436619203 0.07383062187004807 115
1694436619236 0.06854183518459633 116
1694436619268 0.070114228234615 117
1694436619300 0.07320135141151518 118
1694436619339 0.06732620706799564 119
1694436619382 0.06865825034862072 120
1694436619416 0.0734177584282405 121
1694436619448 0.07454882336483415 122
1694436619478 0.07303472502560282 123
1694436619507 0.0688557587630334 124
1694436619541 0.0718875301208084 125
1694436619571 0.06483475052585208 126
1694436619600 0.0632845409980396 127
1694436619631 0.0795451196866156 128
1694436619664 0.07277140149433448 129
1694436619697 0.057527155277260045 130
1694436619727 0.06771970001301109 131
1694436619758 0.0660073998089239 132
1694436619790 0.06668602748658903 133
1694436619821 0.06521419930215011 134
1694436619854 0.0689363311586757 135
1694436619885 0.06428938623856506 136
1694436619925 0.06835533485874501 137
1694436619963 0.0690784177822058 138
1694436619999 0.06866267924891978 139
1694436620043 0.06106862281714043 140
1694436620080 0.075867004796068 141
1694436620128 0.06634006659966274 142
1694436620166 0.06847685661596492 143
1694436620199 0.062350416241085616 144
1694436620227 0.07178824501005243 145
1694436620257 0.06043822904940832 146
1694436620286 0.07110241110551019 147
1694436620318 0.06368903271885495 148
1694436620349 0.07547998128739764 149
1694436620379 0.07061202108099329 150
1694436620409 0.06681838437423038 151
1694436620436 0.07079718345659225 152
1694436620466 0.06697350041529482 153
1694436620501 0.06579534312768154 154
1694436620533 0.0740708493958595 155
1694436620564 0.08276351578337882 156
1694436620597 0.06689865946913687 157
1694436620627 0.06581064319249763 158
1694436620657 0.0764872249200097 159
1694436620693 0.07158097899534477 160
1694436620723 0.07055093928634004 161
1694436620752 0.05903023307223232 162
1694436620785 0.06880106574790523 163
1694436620817 0.06856436431531332 164
1694436620847 0.06996130377633936 165
1694436620880 0.07403027752582181 166
1694436620913 0.07158797849923759 167
1694436620946 0.06385441154441307 168
1694436620980 0.06979675372472749 169
1694436621012 0.06134962948567213 170
1694436621046 0.07172826850486269 171
1694436621080 0.06972367919853473 172
1694436621110 0.062382199888962875 173
1694436621139 0.07174367069926113 174
1694436621169 0.0686030633367749 175
1694436621200 0.06715896117662878 176
1694436621230 0.07524643281410548 177
1694436621266 0.06429758477342018 178
1694436621299 0.06806071750532461 179
1694436621333 0.06583276494353663 180
1694436621365 0.07264606350072644 181
1694436621398 0.06563721703536751 182
1694436621431 0.06817098133784172 183
1694436621460 0.0672616262301472 184
1694436621494 0.0661862896566271 185
1694436621529 0.06722359917714094 186
1694436621559 0.06602820939743215 187
1694436621591 0.0684945137767905 188
1694436621623 0.07846549136763759 189
1694436621657 0.06813586634448754 190
1694436621692 0.07552701046295096 191
