1694438850447 167.1006764779221 0
1694438850479 155.70356457215996 1
1694438850510 142.7406403841816 2
1694438850541 133.2347584183804 3
1694438850569 122.97696916416245 4
1694438850598 114.56352731536424 5
1694438850629 103.01415637564443 6
1694438850665 97.10031901061483 7
1694438850704 88.85269897612899 8
1694438850746 81.34579955375726 9
1694438850784 75.27040170158912 10
1694438850824 69.6901093167636 11
1694438850856 65.01030091713615 12
1694438850885 59.80296797775885 13
1694438850913 54.97241484661402 14
1694438850944 51.041838564038954 15
1694438850974 46.513174923046236 16
1694438851006 43.505748462753225 17
1694438851035 40.234022885980465 18
1694438851067 36.985189316380676 19
1694438851101 34.30903376293078 20
1694438851135 31.49389486812872 21
1694438851173 29.38181951325848 22
1694438851213 27.338221570016632 23
1694438851254 25.26516091864549 24
1694438851290 23.369070339182763 25
1694438851325 21.66486098269503 26
1694438851358 19.836657093928324 27
1694438851395 18.424103889480484 28
1694438851429 16.829711480141373 29
1694438851466 15.766073982154163 30
1694438851500 14.443922069259044 31
1694438851533 13.56905803232185 32
1694438851567 12.380327371871504 33
1694438851602 11.49242460603063 34
1694438851636 10.854845060340066 35
1694438851671 9.872234562367742 36
1694438851707 9.121150650341892 37
1694438851740 8.404812120227215 38
1694438851775 7.831769738940251 39
1694438851807 7.249973597213549 40
1694438851839 6.8594705129438935 41
1694438851872 6.201710566910363 42
1694438851907 5.799588154166074 43
1694438851946 5.473598664494744 44
1694438851988 5.031428000993826 45
1694438852019 4.744697799333657 46
1694438852047 4.311900118087815 47
1694438852078 4.003643341177355 48
1694438852109 3.715586869835064 49
1694438852139 3.5009162811201353 50
1694438852170 3.1953280379640074 51
1694438852203 2.992448695044664 52
1694438852234 2.738234452941592 53
1694438852265 2.5371039184924062 54
1694438852295 2.4003574106223833 55
1694438852325 2.1931454362317457 56
1694438852356 2.0853316011614713 57
1694438852388 1.9771467294321412 58
1694438852418 1.80968594686981 59
1694438852446 1.749097126807411 60
1694438852476 1.5852208366757872 61
1694438852506 1.4466790109868628 62
1694438852536 1.3750251644701532 63
1694438852565 1.282514033261957 64
1694438852594 1.2158541337768791 65
1694438852624 1.1334224528657708 66
1694438852654 1.0527516542071957 67
1694438852685 1.0035671939469224 68
1694438852713 0.9319336549644881 69
1694438852742 0.8686065226961946 70
1694438852771 0.8402027367164691 71
1694438852801 0.8046110805112028 72
1694438852829 0.7499513801477349 73
1694438852861 0.7049698449185995 74
1694438852891 0.6660851259726418 75
1694438852922 0.6119166205918747 76
1694438852952 0.5690251944041068 77
1694438852981 0.555924411861158 78
1694438853010 0.5199148391316284 79
1694438853041 0.5148276483267684 80
1694438853070 0.48863115379559413 81
1694438853100 0.4447639648446381 82
1694438853129 0.4324717203800468 83
1694438853159 0.41938276303692756 84
1694438853191 0.41638171166617677 85
1694438853223 0.3668576736663302 86
1694438853253 0.37796709781362003 87
1694438853283 0.344576223038444 88
1694438853313 0.33474829874134965 89
1694438853344 0.32990170974170496 90
1694438853376 0.32641054710968326 91
1694438853405 0.3253341436200909 92
1694438853435 0.2984296935729165 93
1694438853465 0.2960738334402285 94
1694438853495 0.2555962914415743 95
1694438853527 0.26277257830345013 96
1694438853559 0.27237118668509214 97
1694438853588 0.24139604379350738 98
1694438853620 0.22435700526566688 99
1694438853650 0.2372582266604739 100
1694438853680 0.22586649152839453 101
1694438853711 0.23144729751791018 102
1694438853742 0.21838437360718344 103
1694438853772 0.22156558675643212 104
1694438853802 0.22530749479398604 105
1694438853830 0.19792217041438542 106
1694438853859 0.199278864733641 107
1694438853889 0.18567271044794742 108
1694438853919 0.18568938663442527 109
1694438853948 0.18960898418518568 110
1694438853976 0.18094377675764284 111
1694438854007 0.1864746214845382 112
1694438854037 0.19998010626904764 113
1694438854068 0.1821643036683451 114
1694438854098 0.1822345199918088 115
1694438854127 0.16523212335062074 116
1694438854158 0.18234837924919814 117
1694438854189 0.1715263512832303 118
1694438854219 0.17020304673473674 119
1694438854252 0.15466684209314396 120
1694438854284 0.16357983185728212 121
1694438854316 0.17685715122397921 122
1694438854346 0.1678799408680467 123
1694438854377 0.15619803952970052 124
1694438854406 0.15104382519749446 125
1694438854435 0.16919832780272898 126
1694438854465 0.14489400991921428 127
1694438854496 0.1561594971141767 128
1694438854526 0.16068940455921685 129
1694438854556 0.15145930120958626 130
1694438854585 0.14667983490504508 131
1694438854613 0.14136423299948317 132
1694438854643 0.13820303038504345 133
1694438854675 0.15024148833333884 134
1694438854706 0.16520862421702465 135
1694438854737 0.1553469221008731 136
1694438854769 0.14430979117459453 137
1694438854799 0.16697733487139677 138
1694438854828 0.1642238718819854 139
1694438854858 0.14031012064081944 140
1694438854887 0.15870176391439134 141
1694438854917 0.14844414467567732 142
1694438854944 0.1494219856291647 143
1694438854974 0.14271512093717553 144
1694438855003 0.14058112561024858 145
1694438855035 0.13974328469986488 146
1694438855065 0.14120332919007075 147
1694438855095 0.1485759431094532 148
1694438855123 0.15218409300647426 149
1694438855153 0.1441457668005089 150
1694438855184 0.13909800936124375 151
1694438855213 0.13678121126960688 152
1694438855244 0.13435924362193397 153
1694438855275 0.14849570446335722 154
1694438855306 0.1397821295571463 155
1694438855337 0.13692885879320302 156
1694438855369 0.1316547152424573 157
1694438855400 0.13561031953626423 158
1694438855431 0.16091535788551384 159
1694438855460 0.13500703189815708 160
1694438855492 0.12517179230594266 161
1694438855524 0.12816648322211904 162
1694438855555 0.1286673381450893 163
1694438855586 0.12910247665981292 164
1694438855614 0.15825896576197993 165
1694438855644 0.14136054301055131 166
1694438855676 0.13069469272414314 167
1694438855704 0.14510245401314772 168
1694438855734 0.13620614452068827 169
1694438855762 0.13360602486263337 170
1694438855793 0.1329084704583396 171
1694438855822 0.1462197283479118 172
1694438855852 0.12858193857770617 173
1694438855882 0.12808894540047192 174
1694438855911 0.1296425336697825 175
1694438855943 0.1464042615449227 176
1694438855975 0.13210861390218442 177
1694438856007 0.14374600097574405 178
1694438856040 0.14254200742069043 179
1694438856071 0.12407358566683337 180
1694438856100 0.1455699191340265 181
1694438856131 0.1270165689303496 182
1694438856161 0.15285649209336166 183
1694438856195 0.12958092978790453 184
1694438856226 0.13272535933120674 185
1694438856257 0.14545998226327306 186
1694438856286 0.1329157913173668 187
1694438856317 0.12886328636578118 188
1694438856347 0.1369626461539042 189
1694438856381 0.140203224385619 190
1694438856413 0.12846083965474034 191
1694438856444 0.14916576216414976 192
1694438856487 0.13127397810438612 193
1694438856528 0.1453179718159608 194
1694438856588 0.1356332294206988 195
1694438856656 0.14059378673930872 196
1694438856721 0.14101964171398848 197
1694438856772 0.13936361468189293 198
1694438856817 0.12569976462658744 199
1694438856852 0.13552227831109315 200
1694438856881 0.14603993811524102 201
1694438856912 0.13192026935956716 202
1694438856942 0.12666625163546605 203
1694438856974 0.15717937090099948 204
1694438857003 0.13590606480238535 205
1694438857035 0.1275517427345256 206
1694438857065 0.13336358396497736 207
1694438857094 0.12856198564384816 208
1694438857123 0.11983314568882067 209
1694438857154 0.1360981063244941 210
1694438857185 0.12028760214606321 211
1694438857216 0.13563410347160404 212
1694438857246 0.13930107416561047 213
1694438857276 0.1434788604328312 214
1694438857306 0.14106059311509364 215
1694438857338 0.14286957002595246 216
1694438857369 0.1312474908754996 217
1694438857400 0.12785915600736963 218
1694438857431 0.14079426830764763 219
1694438857464 0.13842375758331726 220
1694438857495 0.13199068125767935 221
1694438857525 0.12361755934408021 222
1694438857555 0.12465081518523592 223
1694438857586 0.14418673847486332 224
1694438857615 0.13336147374417043 225
1694438857644 0.13036137696248037 226
1694438857673 0.12572318680975875 227
1694438857702 0.13224641976217838 228
1694438857731 0.1277214805446852 229
1694438857761 0.13237272176941 230
1694438857791 0.14373309643891993 231
1694438857821 0.13627171812255304 232
1694438857851 0.12789087847157318 233
1694438857878 0.1203440171411159 234
1694438857909 0.13140089369014937 235
1694438857938 0.14435639262834005 236
1694438857969 0.12137519713800153 237
1694438857999 0.13077771484069164 238
1694438858028 0.14293164409410314 239
1694438858059 0.1426264556656671 240
1694438858089 0.1284878964722407 241
1694438858118 0.1436497609244482 242
1694438858150 0.13432434871692372 243
1694438858178 0.13152297247382402 244
1694438858210 0.1205102607937923 245
1694438858239 0.1546925515804942 246
1694438858269 0.13200488837054006 247
1694438858297 0.13327103563874004 248
1694438858327 0.13731129435804765 249
1694438858359 0.13408753762190379 250
1694438858394 0.15074528083772376 251
1694438858430 0.12344414745446798 252
1694438858463 0.14192559031897292 253
1694438858496 0.1360501641592936 254
1694438858527 0.134445001054948 255
1694438858557 0.13678603688799706 256
1694438858587 0.14073243091899945 257
1694438858618 0.13826427894253188 258
1694438858647 0.124969826735671 259
1694438858677 0.13906167381424378 260
1694438858707 0.13487413761065947 261
1694438858736 0.13396605815000662 262
1694438858767 0.12697747862439204 263
1694438858797 0.134514807348729 264
1694438858827 0.13512450773364296 265
