1694438850455 -0.009815426605428446 0
1694438850486 -0.012322304953402918 1
1694438850518 -0.009889011333805486 2
1694438850546 -0.011583779119433757 3
1694438850576 -0.0095293218199064 4
1694438850606 -0.010571306879452846 5
1694438850638 -0.010040604994308033 6
1694438850673 -0.009865481123905173 7
1694438850716 -0.009029610139883681 8
1694438850756 -0.009712849351647623 9
1694438850797 -0.008987788870364 10
1694438850832 -0.009783888290965992 11
1694438850863 -0.00970697762299877 12
1694438850892 -0.00801467298684888 13
1694438850922 -0.00866604044742747 14
1694438850951 -0.0077405554897718165 15
1694438850981 -0.008530203087086852 16
1694438851012 -0.008117945619064981 17
1694438851042 -0.008001046549498403 18
1694438851074 -0.007485173312369531 19
1694438851109 -0.006630473797393011 20
1694438851144 -0.0072926226783818215 21
1694438851183 -0.00663318772665078 22
1694438851223 -0.006036419181467467 23
1694438851262 -0.005166465699722567 24
1694438851297 -0.004396564869560304 25
1694438851331 -0.0038877100655936303 26
1694438851367 -0.0032309708042459473 27
1694438851403 -0.0015441918101908314 28
1694438851442 -0.00046930444846338126 29
1694438851476 -0.0011159659640760378 30
1694438851508 0.000845117914765714 31
1694438851542 0.0020650498700289788 32
1694438851577 0.003093496112516303 33
1694438851611 0.006243069562321457 34
1694438851644 0.006843028106815585 35
1694438851680 0.007521449767040389 36
1694438851713 0.0131047153126016 37
1694438851748 0.013799751166020724 38
1694438851782 0.013896845013972037 39
1694438851814 0.017390637472147974 40
1694438851846 0.015117493303125062 41
1694438851880 0.02311906984536194 42
1694438851914 0.028026952380666104 43
1694438851955 0.024789206180419354 44
1694438851996 0.030961119001791215 45
1694438852025 0.03237921628630602 46
1694438852055 0.037223249504331424 47
1694438852086 0.04187194053007426 48
1694438852115 0.042880936655059654 49
1694438852146 0.05702530741780121 50
1694438852176 0.06765054750572075 51
1694438852210 0.05992327466193015 52
1694438852242 0.07190311071686595 53
1694438852272 0.07437090773749855 54
1694438852302 0.08129524549358902 55
1694438852332 0.09669730924159647 56
1694438852363 0.0965819716899241 57
1694438852395 0.1131153110180837 58
1694438852425 0.09368382564230016 59
1694438852454 0.13242512759123382 60
1694438852484 0.12774188929558283 61
1694438852512 0.139472963482973 62
1694438852543 0.1463031214265964 63
1694438852573 0.16463196744740172 64
1694438852601 0.16587954220794932 65
1694438852631 0.17613155373501488 66
1694438852661 0.19591533410667394 67
1694438852690 0.1975051487948707 68
1694438852719 0.2123453744530125 69
1694438852748 0.21194573051693255 70
1694438852778 0.23787486241014066 71
1694438852808 0.3015418465967439 72
1694438852838 0.2684564329278155 73
1694438852868 0.29193912207128336 74
1694438852899 0.27415455092445107 75
1694438852928 0.3386631641546912 76
1694438852959 0.32338518417753914 77
1694438852988 0.3124195380404339 78
1694438853018 0.38227648301021366 79
1694438853047 0.3382459507312965 80
1694438853078 0.3832305952662439 81
1694438853107 0.3757770141046154 82
1694438853137 0.39640232421962074 83
1694438853167 0.4117938154975642 84
1694438853198 0.4272060194012749 85
1694438853229 0.4446467388213653 86
1694438853260 0.42684757031049947 87
1694438853289 0.4278857134430101 88
1694438853320 0.47546135075758567 89
1694438853352 0.4027117200613207 90
1694438853384 0.4719644835793786 91
1694438853412 0.4761424551128546 92
1694438853442 0.5128948247988951 93
1694438853472 0.5241768145790391 94
1694438853504 0.5140096734201829 95
1694438853536 0.5295842991056039 96
1694438853566 0.49914897239225076 97
1694438853595 0.5302762642520372 98
1694438853627 0.49634085170790654 99
1694438853657 0.5701917337053855 100
1694438853687 0.5544738964239246 101
1694438853718 0.5712274656319005 102
1694438853748 0.6018228096882965 103
1694438853779 0.5817247888277003 104
1694438853808 0.5415086265678666 105
1694438853837 0.597822216027624 106
1694438853866 0.5922523841127081 107
1694438853896 0.612974872839086 108
1694438853926 0.604385076395918 109
1694438853955 0.5880470766592116 110
1694438853985 0.5637006151638875 111
1694438854013 0.5924219730985814 112
1694438854043 0.6032889119025686 113
1694438854076 0.622665205059963 114
1694438854106 0.5811078599423818 115
1694438854135 0.5900895759123912 116
1694438854165 0.5997011214823764 117
1694438854197 0.5984642955359287 118
1694438854227 0.6405387790116064 119
1694438854260 0.6535153941314283 120
1694438854291 0.6399094462758608 121
1694438854323 0.6055453377136054 122
1694438854355 0.633000931245175 123
1694438854384 0.6678435992816165 124
1694438854412 0.6689734265211933 125
1694438854443 0.6345651045367451 126
1694438854473 0.6527116840133451 127
1694438854504 0.6545764258891853 128
1694438854533 0.6275773470513208 129
1694438854563 0.6617613863008688 130
1694438854591 0.6955860258198134 131
1694438854620 0.6187832049574968 132
1694438854652 0.6946418737530786 133
1694438854682 0.6695461392799569 134
1694438854713 0.6352416086249231 135
1694438854744 0.6927724464492409 136
1694438854776 0.671666390860871 137
1694438854806 0.6243460286062072 138
1694438854835 0.6225773816155223 139
1694438854865 0.6767558985162969 140
1694438854894 0.650889218231312 141
1694438854923 0.618687306377107 142
1694438854952 0.6323669651602124 143
1694438854982 0.6752045199589798 144
1694438855012 0.6385686317877335 145
1694438855042 0.7065642676732609 146
1694438855073 0.6900186492283991 147
1694438855102 0.6838291493315719 148
1694438855130 0.6372469268508034 149
1694438855159 0.6719177359873387 150
1694438855192 0.676614641814209 151
1694438855221 0.6761233114531559 152
1694438855252 0.6680960758254464 153
1694438855283 0.635690547517834 154
1694438855313 0.6872314435651383 155
1694438855344 0.6824916913731472 156
1694438855377 0.7122137026578985 157
1694438855408 0.6903871475398551 158
1694438855438 0.6729616744226281 159
1694438855469 0.6871420098979217 160
1694438855502 0.7212137483655965 161
1694438855531 0.6923656715255513 162
1694438855562 0.7055980447376069 163
1694438855592 0.6635480075400024 164
1694438855622 0.641693122984279 165
1694438855653 0.6558017846853724 166
1694438855682 0.6997272665420261 167
1694438855711 0.6780311411713533 168
1694438855740 0.633353966012578 169
1694438855770 0.669741083495792 170
1694438855800 0.6776414678944647 171
1694438855829 0.6752271078831318 172
1694438855860 0.6632800013361018 173
1694438855890 0.6730091505826215 174
1694438855920 0.6711093578900332 175
1694438855951 0.6519151939052095 176
1694438855981 0.701903469140813 177
1694438856013 0.6908799762969702 178
1694438856046 0.6793121718465089 179
1694438856078 0.7146214534449076 180
1694438856106 0.6470124420239711 181
1694438856139 0.7005109240445739 182
1694438856170 0.6156658398277444 183
1694438856203 0.6254467382322696 184
1694438856233 0.7032587416976395 185
1694438856263 0.6830216421198801 186
1694438856294 0.667034572607988 187
1694438856323 0.6937853650540393 188
1694438856357 0.6935845724449163 189
1694438856388 0.6693366211293579 190
1694438856420 0.6883825019637888 191
1694438856452 0.6164931614795959 192
1694438856495 0.6800968836024812 193
1694438856536 0.6262204390862636 194
1694438856609 0.656813968007655 195
1694438856670 0.6474452279153073 196
1694438856732 0.6977321420783538 197
1694438856786 0.6993171271532428 198
1694438856826 0.6729946548250079 199
1694438856858 0.6803198515497583 200
1694438856889 0.6906843939270435 201
1694438856919 0.7087500433553227 202
1694438856950 0.6954729670695325 203
1694438856980 0.5879871625718123 204
1694438857010 0.6402519783374427 205
1694438857041 0.6932459262240671 206
1694438857073 0.6960590259084969 207
1694438857101 0.6987473690301713 208
1694438857129 0.7195365189350049 209
1694438857160 0.7074671188043489 210
1694438857193 0.7106367711928858 211
1694438857223 0.6889748862315332 212
1694438857254 0.7030180748194808 213
1694438857283 0.7096212433402607 214
1694438857313 0.683379329755677 215
1694438857345 0.6833170506049678 216
1694438857376 0.6624006168117391 217
1694438857408 0.7306530484031704 218
1694438857440 0.6731743425011609 219
1694438857472 0.6894636034528117 220
1694438857503 0.709838736444745 221
1694438857532 0.7205249443016557 222
1694438857561 0.6733543017385171 223
1694438857593 0.6990812640172896 224
1694438857622 0.7141797432443759 225
1694438857652 0.712234735631398 226
1694438857680 0.715839681938812 227
1694438857709 0.6671317640846527 228
1694438857738 0.7139383742513619 229
1694438857769 0.6441209219942882 230
1694438857797 0.6660940547731388 231
1694438857827 0.6766956664031991 232
1694438857857 0.7072881603419368 233
1694438857886 0.6966079600393864 234
1694438857915 0.6848237689405106 235
1694438857945 0.6739670590456588 236
1694438857975 0.7003991655951793 237
1694438858006 0.6808742538027577 238
1694438858036 0.6660769339551711 239
1694438858067 0.6565347825467667 240
1694438858095 0.7150322048183008 241
1694438858125 0.6902180695402909 242
1694438858156 0.7026847979593956 243
1694438858187 0.7077050379884849 244
1694438858218 0.7135161040108648 245
1694438858246 0.6838227456265136 246
1694438858275 0.6890390355361689 247
1694438858305 0.6916981272537321 248
1694438858336 0.6546359919923178 249
1694438858367 0.6746109610561215 250
1694438858404 0.6774704810528935 251
1694438858439 0.6979409120682393 252
1694438858472 0.7053393851567483 253
1694438858503 0.6994279912829663 254
1694438858535 0.7009979644466044 255
1694438858564 0.690007576249837 256
1694438858594 0.6303874673580065 257
1694438858624 0.6866201692419222 258
1694438858655 0.706057091686012 259
1694438858685 0.6883120374025002 260
1694438858713 0.6782479075994785 261
1694438858744 0.7003820769989124 262
1694438858775 0.6970145270995463 263
1694438858805 0.6948056826429241 264
1694438858837 0.69368962708996 265
