1694443642675 0.6959876660011982 0
1694443642979 0.9826918717324049 1
1694443643287 0.2908765048774125 2
1694443643565 0.24994278599680267 3
1694443643860 0.32904632740435197 4
1694443644136 0.5420241400478696 5
1694443644444 0.1416439511291178 6
1694443644750 0.654285061905973 7
1694443645027 0.17354081361824922 8
1694443645308 0.5483367015810906 9
1694443645592 0.2977598566887534 10
1694443645871 0.6510283886262267 11
1694443646165 0.6072320870254553 12
1694443646452 0.14981546279072094 13
1694443646732 0.009665851440247517 14
1694443647015 0.5340621196970323 15
1694443647291 0.2258642235926784 16
1694443647611 0.5220935457978139 17
1694443647898 1.0703424803031674 18
1694443648179 0.9498743512041953 19
1694443648474 0.7807366578111328 20
1694443648758 0.746518155579308 21
1694443649027 0.09984743694383917 22
1694443649304 0.4650398328407229 23
1694443649592 1.0335770021764856 24
1694443649887 0.9616394595747294 25
1694443650154 0.6222884730178199 26
1694443650440 0.07169294434093831 27
1694443650725 1.7028029695368117 28
1694443651001 0.06311861867042004 29
1694443651308 0.031139128076268594 30
1694443651576 1.0547211125403821 31
1694443651855 0.003529909576426628 32
1694443652139 0.21699486775534982 33
1694443652426 0.48009796448851105 34
1694443652707 0.2813762058633454 35
1694443652989 0.47130034102106233 36
1694443653277 0.8793101505358518 37
1694443653565 0.5439852167509359 38
1694443653862 0.2651161260995803 39
1694443654132 0.37652593347078367 40
1694443654406 0.2770213535550837 41
1694443654705 0.6150654786259563 42
1694443655056 1.0399917227606033 43
1694443655318 0.4457669100310507 44
1694443655580 0.032337319968921904 45
1694443655843 1.0174838898661214 46
1694443656130 0.05471863776026621 47
1694443656424 1.4767627733284276 48
1694443656686 0.7331040329364245 49
1694443656938 1.0377407630991353 50
1694443657195 0.544140145866192 51
1694443657462 0.23025197095429797 52
1694443657763 0.3608733064135764 53
1694443658026 0.0007428461383948934 54
1694443658296 0.24825834298115299 55
1694443658570 0.43136169276873804 56
1694443658838 0.10609976729619917 57
1694443659111 0.22474719556263736 58
1694443659388 0.8373521805698035 59
1694443659659 0.05584359937874115 60
1694443659925 0.5139187507924226 61
1694443660220 0.42550889180053814 62
1694443660500 0.7883787063456474 63
1694443660772 0.41327538631974103 64
1694443661041 0.8017229617645116 65
1694443661318 0.2103287790924765 66
1694443661614 0.6811932724626305 67
1694443661895 0.6829535399853547 68
1694443662201 1.611617531591636 69
1694443662476 1.2212117176175024 70
1694443662757 0.18871662852792237 71
1694443663035 0.004750992636133339 72
1694443663302 0.19229954895908444 73
1694443663564 0.2429624986612652 74
1694443663834 0.22950724103026313 75
1694443664119 1.4230149267159093 76
1694443664399 0.1314577077743009 77
1694443664671 0.22197962916687541 78
1694443664945 0.9866525265855506 79
1694443665229 1.1632361063819872 80
1694443665491 0.5753132267598404 81
1694443665751 2.551831769649871 82
1694443665991 1.3588933097070677 83
1694443666288 0.359349709492532 84
1694443666565 0.994986862631742 85
1694443666853 0.8619796941990588 86
1694443667122 0.38230353607272116 87
1694443667396 0.024886375151944088 88
1694443667666 0.21854247252151637 89
1694443667959 1.2380644760874078 90
1694443668241 0.3399617229304423 91
1694443668503 0.3633842262641503 92
1694443668774 0.24229510624670472 93
1694443669070 0.49574287121222477 94
1694443669364 0.2720895998766795 95
1694443669648 1.2523543324149289 96
1694443669922 0.29808476071751017 97
1694443670198 0.21812821742450578 98
1694443670466 0.3952619231702446 99
1694443670737 0.036992621846910816 100
1694443670999 1.0512780368045755 101
1694443671280 0.4186363027619773 102
1694443671536 0.5567637633757376 103
1694443671787 0.22370356232389105 104
1694443672039 0.5778268441156996 105
1694443672306 0.7204121313458138 106
1694443672553 0.6315152205682838 107
1694443672795 0.013714560781532478 108
1694443673038 1.0584692227855599 109
1694443673319 1.4595689496373145 110
1694443673601 0.001012930871324499 111
1694443673918 0.16827399784272978 112
1694443674183 1.019487148827327 113
1694443674465 0.003089389133940973 114
1694443674795 0.05195798648494369 115
1694443675060 0.03486359429329979 116
1694443675380 0.3210283226330648 117
1694443675647 0.0011847004972400255 118
1694443675972 0.3429415445212335 119
1694443676267 0.2911979095383274 120
1694443676555 0.007920146449156045 121
1694443676868 0.6256356527217868 122
1694443677119 0.5933621800666514 123
1694443677379 0.03682017283296356 124
1694443677659 0.4662265400285216 125
1694443677966 0.3460745333922655 126
1694443678236 0.1838028430788244 127
1694443678493 0.02111067011604963 128
1694443678763 0.7741326034403504 129
1694443679039 0.6019539751822662 130
1694443679309 0.47255659334305267 131
1694443679585 0.22084803123483265 132
1694443679849 0.6884696106088274 133
1694443680138 0.7451604194316788 134
1694443680419 0.5260365837584929 135
1694443680678 0.6873305462158696 136
1694443680937 0.8478784120310389 137
1694443681193 0.8024011100328658 138
1694443681465 1.1682765017253487 139
1694443681710 1.358453352802149 140
1694443681971 0.8154444979161691 141
1694443682288 0.043532116574346406 142
1694443682551 0.21493864446024238 143
1694443682816 0.9868327315316412 144
1694443683104 0.4586930193050593 145
1694443683379 1.066272366780214 146
1694443683657 1.177789275194962 147
1694443683920 0.6852447781854002 148
1694443684197 0.7783641256655559 149
1694443684477 0.3957123624114752 150
1694443684774 0.6946264758518939 151
1694443685064 0.5766175500842026 152
1694443685348 0.0033661680757561523 153
1694443685630 0.1479685956949447 154
1694443685899 0.04871208437146347 155
1694443686187 0.5065559243590532 156
1694443686470 6.381230987649074e-05 157
1694443686772 1.0673326430051737 158
1694443687088 0.4146621617749154 159
1694443687370 0.02562511810009928 160
1694443687685 0.3905438315433436 161
1694443688016 0.029339801573251764 162
1694443688307 0.5057872126498711 163
1694443688571 0.48359248745478284 164
1694443688829 0.04112083703763166 165
1694443689112 0.06371309603236912 166
1694443689395 0.2821979841870049 167
1694443689669 1.197298340324752 168
1694443689935 0.7379821598192486 169
1694443690226 0.30936957654776664 170
1694443690523 0.3332610490478383 171
1694443690797 0.8157718692816587 172
1694443691077 1.130043989804614 173
1694443691341 0.1858519423669202 174
1694443691629 1.2208628529799543 175
1694443691909 0.7021972016021464 176
1694443692195 0.6035592501881389 177
1694443692481 1.0305941181930254 178
1694443692776 0.043471229512852955 179
1694443693063 0.009963261193226845 180
1694443693351 0.4510864191995404 181
1694443693621 1.0380309235745895 182
1694443693919 0.4194696057555863 183
1694443694202 0.636513173431793 184
1694443694499 0.016782212766352257 185
1694443694776 0.31013339299234616 186
1694443695045 0.07709943928610437 187
1694443695324 0.15154435967752 188
1694443695604 0.6811373878063933 189
1694443695880 1.5361937331688802 190
1694443696148 0.18361453823593685 191
1694443696440 0.9326745332354903 192
1694443696717 0.7390844855172826 193
1694443696988 0.6017153117769732 194
1694443697267 0.2670576859705161 195
1694443697552 1.6502088180108947 196
1694443697821 0.39464184156453036 197
1694443698153 0.5593994845209799 198
1694443698440 0.25035691271877186 199
1694443698724 0.5991229690677848 200
1694443698997 0.025321189117311522 201
1694443699275 0.38210832106642406 202
1694443699542 0.12471153378894999 203
1694443699830 0.15821942829390773 204
1694443700109 0.2732682652240094 205
1694443700398 0.9217872495674323 206
1694443700677 0.795896394443605 207
1694443700942 1.1087399786729433 208
1694443701213 0.4013376799993189 209
1694443701481 0.11480286979103049 210
1694443701741 0.3208234346546286 211
1694443702036 0.22348227472137078 212
1694443702303 0.9827080913219408 213
1694443702594 0.6040213882982836 214
1694443702862 0.002144445158936146 215
1694443703127 0.168805283818903 216
1694443703413 0.39137685908554337 217
1694443703684 0.7185880981821399 218
1694443703966 0.2374678675106469 219
1694443704236 0.15897369508317302 220
1694443704507 0.24497196312791744 221
1694443704773 0.05851641377704117 222
1694443705059 1.1224909595178099 223
1694443705346 0.2432413409482613 224
1694443705612 0.34460145396227726 225
1694443705900 0.3598209501881598 226
1694443706176 0.05485444871357495 227
1694443706450 0.0437244191618192 228
1694443706746 1.5326274823430448 229
1694443707053 1.2428648327316865 230
1694443707345 1.1320653451700606 231
1694443707635 1.2081682649243835 232
1694443707927 0.5355435420175857 233
1694443708254 0.5222131238658648 234
1694443708532 0.10231212994770887 235
1694443708786 0.23405454524853356 236
1694443709027 0.7481108590080846 237
1694443709400 0.3613267904026477 238
1694443709718 0.3946324940551655 239
1694443709997 0.6581323764888457 240
1694443710270 0.8058893487874222 241
1694443710540 0.0018777598072148936 242
1694443710812 0.8263044149802279 243
1694443711089 0.0286461830584827 244
1694443711341 0.7432731320586228 245
1694443711586 0.24935266228492545 246
1694443711828 1.1268944568307788 247
1694443712073 0.3523953336844134 248
1694443712327 0.4717492400438042 249
1694443712606 0.7581616294101142 250
1694443712855 0.12107368717943517 251
1694443713117 0.6846479002728175 252
1694443713380 1.2984914788491306 253
1694443713677 1.4374881067015985 254
1694443713951 0.05222986177205601 255
1694443714234 0.7924410301494784 256
1694443714554 1.2468715081500037 257
1694443714839 0.8100786637912737 258
1694443715119 0.4769328059026511 259
1694443715414 0.19999304969595377 260
1694443715695 0.6344015843062316 261
1694443715979 0.29653964070556504 262
1694443716269 0.9396475799784255 263
1694443716532 0.5688799693419094 264
1694443716798 0.8074346711012812 265
1694443717101 0.8172762687205791 266
1694443717387 0.49400856149301725 267
1694443717661 0.2613237876692867 268
1694443717924 1.788298756036052 269
1694443718178 0.14260834843343698 270
1694443718510 0.4435625613587259 271
1694443718777 1.2310400420711856 272
1694443719042 0.024076664917480933 273
1694443719296 0.3573454676282202 274
1694443719576 1.5413316203136287 275
1694443719852 0.6519813116472877 276
1694443720122 0.3218918693508413 277
1694443720416 0.8399145244223488 278
1694443720687 0.8694674496048773 279
1694443720944 0.452757345167475 280
1694443721235 0.11871865184271058 281
1694443721511 1.5881234904269896 282
1694443721787 0.070825925400612 283
1694443722073 0.45257594653040556 284
1694443722310 0.04976490051535152 285
1694443722642 1.7194725285824437 286
1694443722911 0.583275787346218 287
1694443723193 0.8471475497951646 288
1694443723475 0.6332146307392128 289
1694443723761 0.9983287285515566 290
1694443724028 0.01606243705525479 291
1694443724326 0.9044607866154198 292
1694443724594 0.4174488169081633 293
1694443724872 0.41145640662665667 294
1694443725146 0.7577040184818892 295
1694443725436 0.39634151018848574 296
1694443725691 0.9866401420512815 297
1694443725946 0.2026005372803761 298
1694443726226 0.24802623708189703 299
1694443726494 1.0960912370889775 300
1694443726776 1.336461200545202 301
1694443727068 0.565597722541747 302
1694443727351 0.5060150652497305 303
1694443727616 1.2812695961676674 304
1694443727880 0.011886052928894785 305
1694443728159 0.5439640631956802 306
1694443728434 0.29951785556942195 307
1694443728719 0.26058807201683815 308
1694443728975 0.45247427486858777 309
1694443729242 0.30376532720168004 310
1694443729532 0.15505288149879243 311
1694443729815 0.924912278851614 312
1694443730079 0.7280936330732631 313
1694443730340 0.7481747732226509 314
1694443730603 0.637191551661301 315
1694443730861 0.2792309547974623 316
1694443731111 0.636907922514936 317
1694443731361 0.49746953047872594 318
1694443731640 0.864868111091859 319
1694443731919 0.665229750172847 320
1694443732198 0.2529013459458516 321
1694443732476 0.4539619026346345 322
1694443732777 1.2485393550220858 323
1694443733078 0.8550933183161042 324
1694443733348 0.9802680903562596 325
1694443733622 0.2500980983351605 326
1694443733905 0.530303357388459 327
1694443734188 1.0992412413495933 328
1694443734459 0.0028540985445180463 329
1694443734744 0.42898726538718224 330
1694443735036 0.0640567087687849 331
1694443735334 0.5165252544609016 332
1694443735623 0.05527405356544406 333
1694443735903 0.4661150799487613 334
1694443736201 0.0023851850908257585 335
1694443736486 0.009710882797182912 336
1694443736769 0.7645079870280285 337
1694443737034 0.3405501345175889 338
1694443737298 0.5108997723722682 339
1694443737580 0.2641040214281739 340
1694443737857 0.1960054198262995 341
1694443738142 1.1556246452059766 342
1694443738422 0.18224587502550235 343
1694443738694 1.7285376518100954 344
1694443738968 0.4219610761588318 345
1694443739241 0.39540274129602415 346
1694443739548 0.9057082165746543 347
1694443739851 0.4633812990098928 348
1694443740144 0.22229312194113715 349
1694443740489 13.987202536331028 350
1694443740749 1.1163745646978291 351
1694443741032 0.5322639184476551 352
1694443741332 0.9236936171026867 353
1694443741599 0.43064220375204476 354
1694443741874 0.4822353351105774 355
1694443742162 1.0621451993364985 356
1694443742418 0.09629376156927204 357
1694443742669 0.2522860846786903 358
1694443742950 0.3420357738977599 359
1694443743275 0.28801725365886166 360
1694443743550 0.7031104292090807 361
1694443743829 0.99934546646526 362
1694443744147 0.25287612491605127 363
1694443744434 1.0458169635781136 364
1694443744769 0.37775892328627275 365
1694443745061 0.3524138436048977 366
1694443745364 0.05329637385374912 367
1694443745653 0.8105406830836017 368
1694443745939 0.4772682007097593 369
1694443746220 0.33235004561504056 370
1694443746490 0.3678297392070137 371
1694443746768 0.8879708189034764 372
1694443747052 0.48496516319394206 373
1694443747414 1.410165119906193 374
1694443747757 0.6188511332637292 375
1694443748038 0.19337164494198067 376
1694443748314 1.3708275871603277 377
1694443748584 0.4392471872864652 378
1694443748858 0.030231389137052225 379
1694443749130 0.724241175475973 380
1694443749410 0.8654754864688434 381
1694443749677 0.19890001495459766 382
1694443749939 0.20906203981502852 383
1694443750216 0.4327021527119816 384
1694443750485 0.5248817726074835 385
1694443750755 0.5589514765795379 386
1694443751040 0.8263684110253583 387
1694443751310 0.07709947219198168 388
1694443751584 0.08078385938718247 389
1694443751872 0.1948981262359401 390
1694443752150 0.12915706458023893 391
1694443752436 0.12322915532678128 392
1694443752713 0.15741137450682616 393
1694443753025 0.28859395116735687 394
1694443753311 1.2137157269724792 395
1694443753589 1.1104909354940693 396
1694443753857 1.0520062174823528 397
1694443754116 0.8302579657134109 398
1694443754388 1.0770367742740827 399
1694443754656 0.6069114872319954 400
1694443754914 1.5155633314244537 401
1694443755164 0.0901792436598084 402
1694443755436 0.18199450040868764 403
1694443755706 0.0849453949988817 404
1694443755980 0.3049673349618905 405
1694443756267 0.003941573428610766 406
1694443756559 0.42282914582331166 407
1694443756850 0.5415668815234471 408
1694443757132 0.01823115959952103 409
1694443757422 0.5095185088560745 410
1694443757706 0.15366295657909687 411
1694443757974 0.5639241825155533 412
1694443758261 0.010749118653387197 413
1694443758535 1.2933803954761542 414
1694443758806 1.449251573057296 415
1694443759072 1.43676104920251 416
1694443759356 0.29762230941216383 417
1694443759630 0.3248937923152131 418
1694443759900 0.016687123530990722 419
1694443760206 0.6272067717753195 420
1694443760499 0.40045140194930084 421
1694443760782 0.22864020001913357 422
1694443761046 0.6147893499648145 423
1694443761322 0.6809118738226162 424
1694443761590 0.09369389015608115 425
1694443761863 0.6603864825758679 426
1694443762157 1.0814915644250584 427
1694443762431 0.5655821687098904 428
1694443762708 0.8557206817432087 429
1694443762988 1.0198647740425888 430
1694443763278 0.3025956635877717 431
1694443763554 0.298383856634048 432
1694443763809 1.192756993713389 433
1694443764090 0.2762034142128503 434
1694443764380 0.15814642942902193 435
1694443764668 0.5847627764841381 436
1694443764936 0.5234868283012593 437
1694443765200 0.7364745170938035 438
1694443765460 0.8054357496101163 439
1694443765735 0.009453297462359976 440
1694443765989 1.003540954968247 441
1694443766278 0.43530849603894406 442
1694443766554 1.0203070712434141 443
1694443766825 0.7872453772063437 444
1694443767087 0.070647593555701 445
1694443767356 1.0278806926497464 446
1694443767627 0.21336960669502672 447
1694443767909 0.24685938952811293 448
1694443768175 0.1018591389829997 449
1694443768455 0.5962087285780573 450
1694443768732 0.16463882023813503 451
1694443769021 0.3771366646915028 452
1694443769301 0.04090323676542723 453
1694443769573 1.3816115098080053 454
1694443769868 1.3497476503770134 455
1694443770131 0.8499204158262493 456
1694443770417 0.03979322601641195 457
1694443770683 0.28628649063997436 458
1694443770961 0.23088570719613022 459
1694443771261 0.22142042934868952 460
1694443771537 1.207235253547815 461
1694443771809 0.48640423243090153 462
1694443772096 0.8018387711962102 463
1694443772380 0.17662625977456226 464
1694443772652 0.28230826175482576 465
1694443772950 0.45685279673806245 466
1694443773266 1.1816195692603344 467
1694443773547 0.17234822372506386 468
1694443773828 0.9787975661159655 469
1694443774113 0.41958788428066135 470
1694443774427 0.17187414903499676 471
1694443774721 0.009339565823647618 472
1694443775020 0.10837250251257592 473
1694443775309 0.303399665040592 474
1694443775585 0.3590404094663354 475
1694443775882 0.09650807057346447 476
1694443776165 1.5285801106048176 477
1694443776455 0.36578546706010023 478
1694443776751 0.34272848682020246 479
1694443777045 0.43421006856232947 480
1694443777337 0.5272963498939218 481
1694443777618 0.19698038177059196 482
1694443777912 0.20697290718737263 483
1694443778199 0.5198618616825017 484
1694443778487 1.1556762481520513 485
1694443778749 0.514709226129658 486
1694443779029 0.017536786348500512 487
1694443779323 0.5321085711811719 488
1694443779608 1.710613472935269 489
1694443779885 0.2498111734846597 490
1694443780176 0.6336281932429525 491
1694443780481 0.26616578167951943 492
1694443780755 0.22616596058792254 493
1694443781045 0.19695788973427222 494
1694443781328 0.2301324017647358 495
1694443781613 0.9358602366151155 496
1694443781896 0.5077353426490605 497
1694443782177 0.4970921619171274 498
1694443782483 0.4219111567568392 499
