1694444505203 156.96205758868615 0
1694444505258 156.64797043342327 1
1694444505291 156.33451292169582 2
1694444505333 156.02168378877028 3
1694444505380 155.70948177246225 4
1694444505444 155.39790561313134 5
1694444505506 155.08695405367578 6
1694444505552 154.77662583952758 7
1694444505591 154.46691971864698 8
1694444505639 154.15783444151776 9
1694444505684 153.8493687611419 10
1694444505723 153.54152143303443 11
1694444505755 153.2342912152185 12
1694444505787 152.92767686822017 13
1694444505822 152.6216771550634 14
1694444505854 152.31629084126487 15
1694444505887 152.0115166948292 16
1694444505920 151.70735348624353 17
1694444505952 151.40379998847285 18
1694444505986 151.10085497695474 19
1694444506020 150.7985172295944 20
1694444506053 150.49678552675974 21
1694444506084 150.1956586512763 22
1694444506116 149.89513538842243 23
1694444506148 149.59521452592392 24
1694444506183 149.29589485394956 25
1694444506217 148.9971751651058 26
1694444506258 148.6990542544321 27
1694444506297 148.40153091939564 28
1694444506341 148.10460395988682 29
1694444506407 147.80827217821394 30
1694444506475 147.5125343790987 31
1694444506507 147.21738936967094 32
1694444506542 146.92283595946412 33
1694444506588 146.62887296041012 34
1694444506628 146.33549918683448 35
1694444506674 146.04271345545175 36
1694444506722 145.7505145853604 37
1694444506781 145.45890139803808 38
1694444506815 145.16787271733685 39
1694444506856 144.87742736947826 40
1694444506897 144.58756418304873 41
1694444506930 144.29828198899443 42
1694444506972 144.009579620617 43
1694444507005 143.7214559135682 44
1694444507035 143.43390970584568 45
1694444507067 143.14693983778784 46
1694444507099 142.86054515206925 47
1694444507136 142.57472449369595 48
1694444507172 142.28947671000068 49
1694444507208 142.00480065063823 50
1694444507252 141.72069516758046 51
1694444507286 141.43715911511202 52
1694444507322 141.15419134982542 53
1694444507360 140.87179073061642 54
1694444507403 140.5899561186792 55
1694444507447 140.30868637750217 56
1694444507497 140.0279803728627 57
1694444507533 139.7478369728229 58
1694444507585 139.46825504772497 59
1694444507620 139.18923347018637 60
1694444507676 138.91077111509537 61
1694444507722 138.6328668596065 62
1694444507768 138.3555195831358 63
1694444507813 138.07872816735636 64
1694444507848 137.8024914961937 65
1694444507898 137.52680845582123 66
1694444507933 137.2516779346557 67
1694444507971 136.97709882335255 68
1694444508007 136.70307001480165 69
1694444508046 136.4295904041225 70
1694444508086 136.1566588886598 71
1694444508122 135.88427436797895 72
1694444508158 135.61243574386165 73
1694444508193 135.34114192030128 74
1694444508229 135.07039180349847 75
1694444508271 134.8001843018566 76
1694444508307 134.5305183259774 77
1694444508339 134.26139278865648 78
1694444508373 133.99280660487887 79
1694444508404 133.72475869181466 80
1694444508433 133.45724796881436 81
1694444508463 133.19027335740478 82
1694444508505 132.92383378128443 83
1694444508536 132.65792816631924 84
1694444508571 132.39255544053796 85
1694444508642 132.12771453412813 86
1694444508709 131.8634043794314 87
1694444508752 131.59962391093921 88
1694444508785 131.33637206528874 89
1694444508818 131.07364778125816 90
1694444508849 130.8114499997625 91
1694444508881 130.5497776638493 92
1694444508916 130.28862971869438 93
1694444508950 130.02800511159737 94
1694444508989 129.7679027919775 95
1694444509031 129.5083217113693 96
1694444509073 129.24926082341833 97
1694444509134 128.99071908387688 98
1694444509190 128.73269545059978 99
1694444509233 128.47518888354003 100
1694444509272 128.21819834474462 101
1694444509320 127.96172279835028 102
1694444509374 127.7057612105793 103
1694444509422 127.45031254973522 104
1694444509457 127.1953757861987 105
1694444509505 126.94094989242326 106
1694444509541 126.68703384293111 107
1694444509587 126.43362661430896 108
1694444509637 126.18072718520389 109
1694444509685 125.92833453631906 110
1694444509735 125.67644765040967 111
1694444509781 125.42506551227879 112
1694444509825 125.1741871087731 113
1694444509866 124.92381142877898 114
1694444509908 124.67393746321812 115
1694444509953 124.42456420504364 116
1694444509998 124.17569064923576 117
1694444510037 123.92731579279794 118
1694444510080 123.67943863475256 119
1694444510121 123.43205817613699 120
1694444510165 123.18517341999939 121
1694444510197 122.9387833713948 122
1694444510253 122.69288703738096 123
1694444510299 122.44748342701423 124
1694444510337 122.20257155134571 125
1694444510372 121.958150423417 126
1694444510416 121.71421905825633 127
1694444510453 121.47077647287455 128
1694444510502 121.22782168626091 129
1694444510534 120.98535371937932 130
1694444510568 120.74337159516422 131
1694444510606 120.50187433851657 132
1694444510652 120.26086097630002 133
1694444510710 120.0203305373367 134
1694444510758 119.78028205240354 135
1694444510799 119.54071455422806 136
1694444510839 119.30162707748461 137
1694444510876 119.06301865879034 138
1694444510924 118.82488833670132 139
1694444510958 118.58723515170855 140
1694444510991 118.3500581462341 141
1694444511033 118.11335636462725 142
1694444511065 117.87712885316046 143
1694444511098 117.6413746600256 144
1694444511134 117.40609283533004 145
1694444511168 117.17128243109273 146
1694444511202 116.93694250124044 147
1694444511237 116.70307210160371 148
1694444511270 116.46967028991322 149
1694444511305 116.23673612579583 150
1694444511341 116.00426867077078 151
1694444511376 115.7722669882458 152
1694444511419 115.54073014351339 153
1694444511454 115.30965720374694 154
1694444511491 115.07904723799695 155
1694444511526 114.84889931718725 156
1694444511563 114.61921251411114 157
1694444511598 114.38998590342779 158
1694444511628 114.16121856165817 159
1694444511672 113.93290956718164 160
1694444511720 113.70505800023186 161
1694444511754 113.47766294289333 162
1694444511791 113.25072347909742 163
1694444511839 113.02423869461876 164
1694444511872 112.79820767707147 165
1694444511906 112.57262951590549 166
1694444511949 112.34750330240283 167
1694444511990 112.1228281296738 168
1694444512031 111.89860309265353 169
1694444512065 111.67482728809799 170
1694444512101 111.45149981458054 171
1694444512141 111.22861977248812 172
1694444512190 111.00618626401771 173
1694444512243 110.78419839317255 174
1694444512300 110.56265526575854 175
1694444512354 110.34155598938064 176
1694444512403 110.1208996734391 177
1694444512451 109.900685429126 178
1694444512492 109.68091236942158 179
1694444512537 109.46157960909046 180
1694444512575 109.24268626467831 181
1694444512620 109.02423145450804 182
1694444512650 108.8062142986763 183
1694444512684 108.58863391904984 184
1694444512719 108.37148943926204 185
1694444512758 108.15477998470921 186
1694444512791 107.93850468254706 187
1694444512824 107.7226626616873 188
1694444512854 107.5072530527938 189
1694444512886 107.29227498827929 190
1694444512920 107.07772760230175 191
1694444512949 106.86361003076088 192
1694444512985 106.64992141129456 193
1694444513025 106.43666088327537 194
1694444513066 106.22382758780711 195
1694444513107 106.0114206677212 196
1694444513157 105.7994392675733 197
1694444513193 105.58788253363976 198
1694444513230 105.3767496139142 199
1694444513268 105.16603965810397 200
1694444513306 104.95575181762676 201
1694444513356 104.74588524560707 202
1694444513392 104.53643909687281 203
1694444513424 104.32741252795189 204
1694444513459 104.1188046970687 205
1694444513504 103.91061476414073 206
1694444513542 103.70284189077518 207
1694444513580 103.49548524026545 208
1694444513619 103.2885439775879 209
1694444513656 103.08201726939825 210
1694444513690 102.87590428402835 211
1694444513723 102.67020419148267 212
1694444513755 102.46491616343506 213
1694444513785 102.26003937322521 214
1694444513817 102.05557299585547 215
1694444513849 101.85151620798733 216
1694444513887 101.64786818793814 217
1694444513923 101.4446281156778 218
1694444513956 101.24179517282532 219
1694444513988 101.0393685426456 220
1694444514020 100.83734741004606 221
1694444514053 100.63573096157332 222
1694444514085 100.43451838540985 223
1694444514116 100.23370887137071 224
1694444514148 100.03330161090031 225
1694444514181 99.83329579706903 226
1694444514214 99.63369062456992 227
1694444514248 99.43448528971552 228
1694444514280 99.23567899043455 229
1694444514314 99.03727092626855 230
1694444514348 98.83926029836879 231
1694444514383 98.64164630949286 232
1694444514424 98.44442816400161 233
1694444514471 98.24760506785572 234
1694444514505 98.05117622861252 235
1694444514539 97.85514085542293 236
1694444514572 97.65949815902799 237
1694444514606 97.46424735175586 238
1694444514654 97.26938764751846 239
1694444514691 97.07491826180834 240
1694444514738 96.88083841169555 241
1694444514775 96.6871473158243 242
1694444514815 96.49384419440999 243
1694444514848 96.30092826923581 244
1694444514880 96.10839876364975 245
1694444514914 95.91625490256136 246
1694444514948 95.7244959124386 247
1694444514981 95.53312102130475 248
1694444515014 95.34212945873517 249
1694444515048 95.15152045585427 250
1694444515080 94.9612932453323 251
1694444515115 94.77144706138226 252
1694444515153 94.5819811397569 253
1694444515190 94.39289471774539 254
1694444515222 94.2041870341703 255
1694444515257 94.01585732938467 256
1694444515292 93.82790484526868 257
1694444515330 93.64032882522673 258
1694444515368 93.45312851418427 259
1694444515405 93.26630315858479 260
1694444515441 93.07985200638672 261
1694444515474 92.89377430706037 262
1694444515515 92.70806931158496 263
1694444515559 92.52273627244544 264
1694444515599 92.33777444362954 265
1694444515646 92.15318308062467 266
1694444515685 91.96896144041504 267
1694444515724 91.78510878147846 268
1694444515765 91.60162436378342 269
1694444515803 91.41850744878606 270
1694444515842 91.23575729942714 271
1694444515881 91.05337318012914 272
1694444515919 90.87135435679318 273
1694444515955 90.68970009679606 274
1694444515985 90.50840966898721 275
1694444516028 90.32748234368593 276
1694444516070 90.14691739267816 277
1694444516103 89.96671408921374 278
1694444516137 89.78687170800325 279
1694444516173 89.60738952521528 280
1694444516220 89.4282668184733 281
1694444516260 89.24950286685286 282
1694444516292 89.07109695087857 283
1694444516331 88.89304835252123 284
1694444516366 88.71535635519484 285
1694444516403 88.53802024375382 286
1694444516439 88.36103930448995 287
1694444516475 88.18441282512961 288
1694444516520 88.00814009483076 289
1694444516551 87.83222040418008 290
1694444516584 87.65665304519025 291
1694444516616 87.4814373112968 292
1694444516648 87.30657249735546 293
1694444516681 87.13205789963914 294
1694444516720 86.95789281583522 295
1694444516763 86.78407654504257 296
1694444516802 86.61060838776876 297
1694444516848 86.43748764592726 298
1694444516880 86.26471362283445 299
1694444516917 86.09228562320702 300
1694444516950 85.92020295315886 301
1694444516982 85.74846492019857 302
1694444517017 85.57707083322634 303
1694444517071 85.40602000253138 304
1694444517108 85.23531173978888 305
1694444517154 85.06494535805754 306
1694444517187 84.89492017177642 307
1694444517223 84.7252354967624 308
1694444517260 84.5558906502073 309
1694444517297 84.3868849506752 310
1694444517332 84.21821771809948 311
1694444517380 84.04988827378028 312
1694444517420 83.88189594038158 313
1694444517454 83.71424004192862 314
1694444517495 83.54691990380489 315
1694444517535 83.37993485274968 316
1694444517574 83.21328421685514 317
1694444517609 83.04696732556366 318
1694444517675 82.88098350966506 319
1694444517710 82.71533210129401 320
1694444517752 82.55001243392717 321
1694444517798 82.3850238423805 322
1694444517831 82.22036566280673 323
1694444517871 82.05603723269242 324
1694444517902 81.89203789085545 325
1694444517934 81.72836697744222 326
1694444517970 81.56502383392508 327
1694444518001 81.40200780309958 328
1694444518036 81.23931822908176 329
1694444518070 81.07695445730566 330
1694444518104 80.91491583452041 331
1694444518142 80.75320170878787 332
1694444518181 80.59181142947969 333
1694444518224 80.4307443472749 334
1694444518274 80.26999981415716 335
1694444518309 80.1095771834121 336
1694444518351 79.94947580962479 337
1694444518390 79.78969504867709 338
1694444518421 79.63023425774496 339
1694444518451 79.471092795296 340
1694444518484 79.31227002108669 341
1694444518517 79.15376529615986 342
1694444518548 78.9955779828421 343
1694444518575 78.83770744474114 344
1694444518604 78.68015304674338 345
1694444518640 78.52291415501115 346
1694444518673 78.36599013698019 347
1694444518706 78.20938036135718 348
1694444518738 78.05308419811699 349
1694444518768 77.89710101850036 350
1694444518800 77.74143019501116 351
1694444518836 77.58607110141388 352
1694444518867 77.43102311273115 353
1694444518900 77.27628560524116 354
1694444518935 77.12185795647513 355
1694444518967 76.96773954521478 356
1694444519004 76.81392975148985 357
1694444519047 76.66042795657553 358
1694444519088 76.50723354298997 359
1694444519123 76.35434589449174 360
1694444519171 76.20176439607745 361
1694444519215 76.0494884339791 362
1694444519255 75.8975173956617 363
1694444519298 75.74585066982068 364
1694444519341 75.59448764637956 365
1694444519376 75.44342771648735 366
1694444519414 75.29267027251608 367
1694444519451 75.14221470805839 368
1694444519483 74.99206041792513 369
1694444519515 74.84220679814273 370
1694444519555 74.69265324595081 371
1694444519587 74.54339915979992 372
1694444519621 74.39444393934885 373
1694444519674 74.24578698546226 374
1694444519708 74.0974277002084 375
1694444519741 73.94936548685645 376
1694444519773 73.80159974987428 377
1694444519808 73.65412989492597 378
1694444519848 73.50695532886935 379
1694444519887 73.36007545975374 380
1694444519924 73.21348969681735 381
1694444519965 73.06719745048504 382
1694444520004 72.92119813236589 383
1694444520054 72.77549115525073 384
1694444520093 72.63007593310986 385
1694444520145 72.48495188109077 386
1694444520187 72.34011841551536 387
1694444520221 72.19557495387812 388
1694444520256 72.05132091484332 389
1694444520290 71.90735571824293 390
1694444520325 71.76367878507413 391
1694444520364 71.62028953749697 392
1694444520406 71.47718739883213 393
1694444520447 71.33437179355845 394
1694444520489 71.19184214731067 395
1694444520525 71.04959788687705 396
1694444520558 70.90763844019712 397
1694444520589 70.76596323635934 398
1694444520622 70.62457170559871 399
1694444520664 70.48346327929453 400
1694444520702 70.34263738996808 401
1694444520742 70.20209347128032 402
1694444520799 70.06183095802962 403
1694444520857 69.92184928614938 404
1694444520900 69.78214789270584 405
1694444520940 69.64272621589578 406
1694444520972 69.50358369504414 407
1694444521014 69.36471977060192 408
1694444521052 69.22613388414378 409
1694444521090 69.0878254783658 410
1694444521139 68.94979399708325 411
1694444521169 68.81203888522833 412
1694444521214 68.67455958884794 413
1694444521261 68.53735555510133 414
1694444521300 68.40042623225798 415
1694444521339 68.26377106969535 416
1694444521375 68.12738951789653 417
1694444521417 67.99128102844817 418
1694444521457 67.85544505403816 419
1694444521486 67.71988104845344 420
1694444521519 67.58458846657781 421
1694444521554 67.4495667643896 422
1694444521587 67.3148153989597 423
1694444521622 67.18033382844908 424
1694444521663 67.04612151210681 425
1694444521699 66.91217791026776 426
1694444521734 66.77850248435048 427
1694444521769 66.64509469685491 428
1694444521805 66.51195401136037 429
1694444521843 66.37907989252317 430
1694444521875 66.24647180607462 431
1694444521914 66.11412921881883 432
1694444521953 65.98205159863048 433
1694444521986 65.8502384144527 434
1694444522020 65.71868913629494 435
1694444522057 65.5874032352308 436
1694444522091 65.45638018339588 437
1694444522123 65.32561945398568 438
1694444522169 65.1951205212534 439
1694444522204 65.0648828605079 440
1694444522235 64.93490594811146 441
1694444522274 64.80518926147775 442
1694444522315 64.67573227906972 443
1694444522351 64.54653448039734 444
1694444522387 64.41759534601572 445
1694444522421 64.28891435752283 446
1694444522457 64.16049099755742 447
1694444522488 64.03232474979704 448
1694444522524 63.9044150989558 449
1694444522555 63.77676153078237 450
1694444522585 63.64936353205789 451
1694444522616 63.522220590593854 452
1694444522652 63.39533219523007 453
1694444522682 63.268697835832576 454
1694444522714 63.14231700329157 455
1694444522753 63.01618918951933 456
1694444522784 62.89031388744824 457
1694444522816 62.76469059102862 458
1694444522850 62.63931879522673 459
1694444522883 62.51419799602273 460
1694444522915 62.38932769040867 461
1694444522950 62.264707376386376 462
1694444522983 62.14033655296543 463
1694444523015 62.01621472016122 464
1694444523051 61.89234137899283 465
1694444523081 61.76871603148108 466
1694444523114 61.64533818064644 467
1694444523152 61.522207330507065 468
1694444523183 61.39932298607677 469
1694444523215 61.27668465336309 470
1694444523252 61.15429183936515 471
1694444523284 61.03214405207175 472
1694444523316 60.9102408004594 473
1694444523350 60.78858159449027 474
1694444523385 60.66716594511025 475
1694444523419 60.545993364246876 476
1694444523454 60.425063364807535 477
1694444523486 60.30437546067731 478
1694444523526 60.18392916671711 479
1694444523566 60.063723998761645 480
1694444523609 59.943759473617575 481
1694444523681 59.8240351090614 482
1694444523722 59.70455042383764 483
1694444523765 59.585304937656794 484
1694444523824 59.46629817119348 485
1694444523865 59.34752964608442 486
1694444523906 59.22899888492652 487
1694444523941 59.11070541127496 488
1694444523982 58.99264874964127 489
1694444524019 58.874828425491366 490
1694444524052 58.75724396524367 491
1694444524088 58.639894896267144 492
1694444524143 58.52278074687944 493
1694444524183 58.40590104634495 494
1694444524220 58.2892553248729 495
1694444524271 58.17284311361544 496
1694444524315 58.056663944665786 497
1694444524350 57.940717351056286 498
1694444524400 57.825002866756535 499
