1694444505209 -0.004819066129405192 0
1694444505267 -0.004817072418612289 1
1694444505300 -0.00481506917353447 2
1694444505342 -0.004813056371396396 3
1694444505391 -0.004811033989374991 4
1694444505457 -0.0048090020045989945 5
1694444505526 -0.0048069603941489625 6
1694444505559 -0.004804909135056379 7
1694444505600 -0.004802848204304766 8
1694444505647 -0.004800777578828352 9
1694444505691 -0.004798697235513183 10
1694444505731 -0.004796607151195564 11
1694444505762 -0.004794507302663842 12
1694444505794 -0.004792397666656845 13
1694444505830 -0.004790278219863664 14
1694444505861 -0.004788148938924763 15
1694444505896 -0.0047860098004322005 16
1694444505927 -0.004783860780926075 17
1694444505961 -0.004781701856898524 18
1694444505994 -0.004779533004792391 19
1694444506027 -0.004777354200999895 20
1694444506060 -0.004775165421863736 21
1694444506092 -0.004772966643676213 22
1694444506123 -0.004770757842681439 23
1694444506156 -0.004768538995070015 24
1694444506190 -0.004766310076984803 25
1694444506224 -0.004764071064517816 26
1694444506266 -0.004761821933710664 27
1694444506305 -0.004759562660554328 28
1694444506354 -0.004757293220988945 29
1694444506436 -0.004755013590902912 30
1694444506484 -0.004752723746136001 31
1694444506516 -0.004750423662475578 32
1694444506553 -0.004748113315658609 33
1694444506600 -0.004745792681370542 34
1694444506636 -0.004743461735244869 35
1694444506687 -0.0047411204528649 36
1694444506743 -0.004738768809762206 37
1694444506789 -0.004736406781416402 38
1694444506823 -0.004734034343255811 39
1694444506864 -0.004731651470656795 40
1694444506906 -0.004729258138943759 41
1694444506937 -0.0047268543233895954 42
1694444506979 -0.004724439999215013 43
1694444507012 -0.004722015141587654 44
1694444507042 -0.004719579725624756 45
1694444507075 -0.0047171337263891555 46
1694444507107 -0.004714677118892396 47
1694444507144 -0.0047122098780933985 48
1694444507180 -0.004709731978897347 49
1694444507221 -0.0047072433961588 50
1694444507259 -0.004704744104677472 51
1694444507293 -0.004702234079200007 52
1694444507332 -0.004699713294421315 53
1694444507370 -0.004697181724982569 54
1694444507412 -0.004694639345470986 55
1694444507454 -0.004692086130421824 56
1694444507504 -0.00468952205431461 57
1694444507539 -0.004686947091577798 58
1694444507592 -0.00468436121658411 59
1694444507635 -0.004681764403653199 60
1694444507692 -0.004679156627050762 61
1694444507731 -0.004676537860988983 62
1694444507775 -0.004673908079624756 63
1694444507821 -0.004671267257061906 64
1694444507858 -0.004668615367348972 65
1694444507906 -0.004665952384480532 66
1694444507940 -0.0046632782823963215 67
1694444507981 -0.004660593034981231 68
1694444508017 -0.004657896616066637 69
1694444508054 -0.004655188999427073 70
1694444508093 -0.0046524701587833395 71
1694444508132 -0.004649740067801167 72
1694444508170 -0.004646998700090332 73
1694444508202 -0.0046442460292059895 74
1694444508238 -0.004641482028647115 75
1694444508280 -0.004638706671858062 76
1694444508315 -0.004635919932226784 77
1694444508345 -0.004633121783085725 78
1694444508381 -0.004630312197711595 79
1694444508412 -0.004627491149325369 80
1694444508440 -0.004624658611091181 81
1694444508476 -0.004621814556117432 82
1694444508513 -0.004618958957455677 83
1694444508542 -0.0046160917881024055 84
1694444508602 -0.004613213020996154 85
1694444508662 -0.004610322629019725 86
1694444508718 -0.004607420584998412 87
1694444508759 -0.00460450686170133 88
1694444508792 -0.004601581431840529 89
1694444508826 -0.004598644268070773 90
1694444508856 -0.004595695342989536 91
1694444508888 -0.0045927346291370075 92
1694444508925 -0.004589762098996308 93
1694444508960 -0.004586777724992608 94
1694444508998 -0.004583781479494009 95
1694444509039 -0.0045807733348099955 96
1694444509086 -0.004577753263193207 97
1694444509147 -0.004574721236837664 98
1694444509201 -0.004571677227878546 99
1694444509243 -0.004568621208395074 100
1694444509283 -0.0045655531504062985 101
1694444509335 -0.004562473025872649 102
1694444509386 -0.004559380806697488 103
1694444509432 -0.004556276464724673 104
1694444509466 -0.004553159971738774 105
1694444509512 -0.00455003129946685 106
1694444509550 -0.004546890419575567 107
1694444509596 -0.004543737303672968 108
1694444509650 -0.0045405719233084785 109
1694444509697 -0.004537394249971349 110
1694444509747 -0.004534204255091989 111
1694444509792 -0.004531001910040855 112
1694444509838 -0.004527787186128007 113
1694444509876 -0.004524560054605553 114
1694444509919 -0.004521320486664315 115
1694444509962 -0.0045180684534349425 116
1694444510011 -0.004514803925988797 117
1694444510043 -0.00451152687533618 118
1694444510087 -0.00450823727242744 119
1694444510132 -0.004504935088152751 120
1694444510171 -0.00450162029334078 121
1694444510210 -0.004498292858760022 122
1694444510263 -0.004494952755118575 123
1694444510311 -0.004491599953061476 124
1694444510345 -0.0044882344231755855 125
1694444510381 -0.004484856135984261 126
1694444510423 -0.004481465061951573 127
1694444510463 -0.004478061171477865 128
1694444510509 -0.0044746444349028636 129
1694444510542 -0.004471214822505454 130
1694444510575 -0.004467772304502127 131
1694444510620 -0.004464316851046757 132
1694444510668 -0.004460848432232156 133
1694444510722 -0.0044573670180882985 134
1694444510768 -0.004453872578583429 135
1694444510806 -0.0044503650836227315 136
1694444510849 -0.004446844503049219 137
1694444510890 -0.004443310806643286 138
1694444510932 -0.004439763964122934 139
1694444510967 -0.004436203945142214 140
1694444511000 -0.004432630719293229 141
1694444511040 -0.004429044256104131 142
1694444511072 -0.004425444525040678 143
1694444511104 -0.004421831495504236 144
1694444511141 -0.004418205136833553 145
1694444511175 -0.004414565418302985 146
1694444511208 -0.004410912309123827 147
1694444511246 -0.004407245778443425 148
1694444511279 -0.004403565795344955 149
1694444511314 -0.004399872328846088 150
1694444511350 -0.004396165347903214 151
1694444511387 -0.004392444821406327 152
1694444511426 -0.0043887107181810325 153
1694444511463 -0.004384963006988762 154
1694444511499 -0.0043812016565261125 155
1694444511537 -0.0043774266354248415 156
1694444511572 -0.004373637912250983 157
1694444511605 -0.004369835455507287 158
1694444511642 -0.004366019233629226 159
1694444511687 -0.004362189214988099 160
1694444511728 -0.00435834536788926 161
1694444511763 -0.004354487660572781 162
1694444511801 -0.004350616061212564 163
1694444511848 -0.0043467305379167875 164
1694444511881 -0.004342831058727903 165
1694444511916 -0.004338917591621971 166
1694444511956 -0.004334990104509107 167
1694444512001 -0.004331048565232143 168
1694444512038 -0.004327092941569299 169
1694444512072 -0.004323123201229295 170
1694444512109 -0.004319139311856901 171
1694444512159 -0.004315141241028497 172
1694444512199 -0.004311128956253629 173
1694444512258 -0.004307102424975007 174
1694444512310 -0.00430306161456806 175
1694444512369 -0.004299006492340274 176
1694444512417 -0.004294937025531853 177
1694444512458 -0.004290853181315724 178
1694444512504 -0.004286754926797087 179
1694444512548 -0.00428264222901209 180
1694444512588 -0.004278515054929821 181
1694444512627 -0.004274373371451423 182
1694444512658 -0.004270217145408983 183
1694444512691 -0.004266046343566199 184
1694444512730 -0.0042618609326186 185
1694444512768 -0.004257660879193326 186
1694444512799 -0.004253446149846907 187
1694444512831 -0.004249216711069703 188
1694444512863 -0.004244972529280133 189
1694444512893 -0.004240713570829335 190
1694444512927 -0.004236439801998282 191
1694444512956 -0.004232151188998667 192
1694444512992 -0.00422784769797202 193
1694444513034 -0.004223529294991035 194
1694444513073 -0.004219195946058241 195
1694444513125 -0.004214847617104445 196
1694444513167 -0.00421048427399362 197
1694444513202 -0.004206105882516464 198
1694444513240 -0.00420171240839462 199
1694444513276 -0.004197303817278231 200
1694444513315 -0.004192880074748384 201
1694444513366 -0.004188441146313782 202
1694444513399 -0.004183986997412292 203
1694444513432 -0.004179517593411619 204
1694444513467 -0.004175032899607745 205
1694444513514 -0.004170532881224487 206
1694444513553 -0.004166017503415498 207
1694444513590 -0.004161486731261599 208
1694444513626 -0.004156940529772779 209
1694444513666 -0.004152378863885753 210
1694444513700 -0.0041478016984675126 211
1694444513731 -0.004143208998309333 212
1694444513763 -0.004138600728134101 213
1694444513792 -0.004133976852589205 214
1694444513824 -0.004129337336250982 215
1694444513857 -0.0041246821436227155 216
1694444513896 -0.004120011239133747 217
1694444513933 -0.004115324587142144 218
1694444513965 -0.004110622151931587 219
1694444513996 -0.004105903897712926 220
1694444514029 -0.004101169788623071 221
1694444514060 -0.004096419788725658 222
1694444514092 -0.0040916538620108245 223
1694444514123 -0.004086871972394768 224
1694444514156 -0.0040820740837193 225
1694444514189 -0.004077260159752516 226
1694444514222 -0.004072430164187901 227
1694444514256 -0.00406758406064478 228
1694444514288 -0.004062721812667203 229
1694444514322 -0.004057843383725723 230
1694444514356 -0.004052948737214956 231
1694444514391 -0.004048037836454466 232
1694444514442 -0.0040431106446900955 233
1694444514478 -0.0040381671250908635 234
1694444514512 -0.004033207240750736 235
1694444514547 -0.0040282309546890716 236
1694444514581 -0.0040232382298479585 237
1694444514617 -0.004018229029094433 238
1694444514666 -0.0040132033152202595 239
1694444514702 -0.004008161050939485 240
1694444514747 -0.0040031021988913285 241
1694444514783 -0.003998026721637737 242
1694444514822 -0.003992934581663832 243
1694444514855 -0.003987825741378792 244
1694444514888 -0.00398270016311475 245
1694444514922 -0.003977557809126342 246
1694444514955 -0.003972398641591601 247
1694444514989 -0.003967222622611066 248
1694444515025 -0.003962029714208226 249
1694444515055 -0.003956819878327078 250
1694444515087 -0.003951593076836568 251
1694444515122 -0.0039463492715261506 252
1694444515160 -0.003941088424107786 253
1694444515197 -0.003935810496215497 254
1694444515230 -0.003930515449402927 255
1694444515267 -0.003925203245148445 256
1694444515300 -0.003919873844849597 257
1694444515339 -0.003914527209826213 258
1694444515375 -0.003909163301318408 259
1694444515411 -0.0039037820804874723 260
1694444515449 -0.003898383508415204 261
1694444515484 -0.0038929675461052415 262
1694444515522 -0.0038875341544801767 263
1694444515567 -0.003882083294384442 264
1694444515607 -0.003876614926581423 265
1694444515657 -0.0038711290117541264 266
1694444515693 -0.00386562551050762 267
1694444515740 -0.003860104383363927 268
1694444515772 -0.003854565590767134 269
1694444515811 -0.003849009093079614 270
1694444515856 -0.003843434850582028 271
1694444515890 -0.003837842823476434 272
1694444515926 -0.003832232971882066 273
1694444515963 -0.0038266052558373342 274
1694444515992 -0.0038209596353000475 275
1694444516038 -0.003815296070146079 276
1694444516078 -0.0038096145201680365 277
1694444516110 -0.0038039149450803666 278
1694444516146 -0.003798197304512696 279
1694444516184 -0.0037924615580131604 280
1694444516229 -0.0037867076650477394 281
1694444516268 -0.0037809355850002557 282
1694444516302 -0.003775145277172154 283
1694444516339 -0.0037693367007816114 284
1694444516374 -0.0037635098149637614 285
1694444516410 -0.003757664578771358 286
1694444516448 -0.003751800951173667 287
1694444516484 -0.0037459188910573538 288
1694444516526 -0.0037400183572238177 289
1694444516559 -0.0037340993083929686 290
1694444516592 -0.0037281617031981185 291
1694444516623 -0.0037222055001921994 292
1694444516657 -0.003716230657841324 293
1694444516688 -0.00371023713452856 294
1694444516731 -0.0037042248885512663 295
1694444516771 -0.0036981938781237567 296
1694444516810 -0.00369214406137508 297
1694444516857 -0.00368607539634902 298
1694444516888 -0.0036799878410045395 299
1694444516925 -0.003673881353215336 300
1694444516959 -0.0036677558907693975 301
1694444516991 -0.0036616114113703357 302
1694444517025 -0.0036554478726340545 303
1694444517082 -0.0036492652320929686 304
1694444517126 -0.0036430634471913415 305
1694444517161 -0.0036368424752890594 306
1694444517196 -0.003630602273658301 307
1694444517231 -0.0036243427994844257 308
1694444517270 -0.0036180640098681938 309
1694444517304 -0.0036117658618224358 310
1694444517340 -0.0036054483122718306 311
1694444517387 -0.003599111318055348 312
1694444517428 -0.003592754835924472 313
1694444517460 -0.0035863788225425353 314
1694444517504 -0.0035799832344858284 315
1694444517541 -0.003573568028242935 316
1694444517582 -0.0035671331602140643 317
1694444517633 -0.0035606785867114965 318
1694444517684 -0.0035542042639591376 319
1694444517725 -0.003547710148093186 320
1694444517767 -0.0035411961951590243 321
1694444517804 -0.003534662361115881 322
1694444517843 -0.0035281086018335017 323
1694444517878 -0.0035215348730901486 324
1694444517909 -0.003514941130577931 325
1694444517940 -0.003508327329898586 326
1694444517978 -0.003501693426562369 327
1694444518008 -0.0034950393759931586 328
1694444518044 -0.0034883651335206878 329
1694444518078 -0.003481670654389424 330
1694444518112 -0.003474955893748577 331
1694444518152 -0.0034682208066616482 332
1694444518190 -0.0034614653480977697 333
1694444518239 -0.0034546894729372557 334
1694444518283 -0.003447893135969604 335
1694444518322 -0.0034410762918923865 336
1694444518361 -0.003434238895310804 337
1694444518398 -0.0034273809007412392 338
1694444518428 -0.003420502262607261 339
1694444518458 -0.0034136029352405117 340
1694444518491 -0.0034066828728807064 341
1694444518524 -0.003399742029674968 342
1694444518555 -0.0033927803596791595 343
1694444518582 -0.0033857978168558844 344
1694444518611 -0.0033787943550755983 345
1694444518650 -0.003371769928115942 346
1694444518680 -0.003364724489661075 347
1694444518712 -0.0033576579933027872 348
1694444518745 -0.0033505703925380548 349
1694444518774 -0.0033434616407728157 350
1694444518807 -0.003336331691317085 351
1694444518844 -0.0033291804973887285 352
1694444518873 -0.0033220080121094675 353
1694444518908 -0.0033148141885093185 354
1694444518943 -0.003307598979522597 355
1694444518973 -0.003300362337989249 356
1694444519019 -0.003293104216654852 357
1694444519057 -0.00328582456816906 358
1694444519095 -0.003278523345088491 359
1694444519136 -0.0032712004998725064 360
1694444519185 -0.003263855984885433 361
1694444519221 -0.0032564897523976732 362
1694444519264 -0.003249101754582817 363
1694444519308 -0.0032416919435167557 364
1694444519353 -0.0032342602711834534 365
1694444519383 -0.0032268066894658443 366
1694444519422 -0.003219331150154048 367
1694444519457 -0.0032118336049398177 368
1694444519491 -0.0032043140054185404 369
1694444519523 -0.0031967723030887907 370
1694444519562 -0.003189208449351888 371
1694444519594 -0.003181622395511452 372
1694444519628 -0.003174014092773847 373
1694444519681 -0.0031663834922481815 374
1694444519718 -0.0031587305449456426 375
1694444519749 -0.0031510552017781635 376
1694444519780 -0.0031433574135601994 377
1694444519816 -0.0031356371310089504 378
1694444519855 -0.003127894304741252 379
1694444519898 -0.003120128885277129 380
1694444519932 -0.0031123408230349092 381
1694444519972 -0.003104530068336109 382
1694444520018 -0.0030966965714029904 383
1694444520062 -0.003088840282356564 384
1694444520103 -0.0030809611512196966 385
1694444520156 -0.003073059127915112 386
1694444520194 -0.0030651341622645045 387
1694444520229 -0.0030571862039909803 388
1694444520264 -0.003049215202716171 389
1694444520300 -0.003041221107961567 390
1694444520335 -0.003033203869147849 391
1694444520374 -0.0030251634355940027 392
1694444520415 -0.0030170997565193147 393
1694444520456 -0.0030090127810409317 394
1694444520498 -0.003000902458174304 395
1694444520533 -0.0029927687368338507 396
1694444520565 -0.0029846115658311856 397
1694444520599 -0.0029764308938773354 398
1694444520638 -0.0029682266695802983 399
1694444520671 -0.002959998841444822 400
1694444520710 -0.0029517473578748454 401
1694444520751 -0.002943472167169503 402
1694444520811 -0.0029351732175266765 403
1694444520866 -0.002926850457040997 404
1694444520908 -0.0029185038337018465 405
1694444520947 -0.0029101332953971326 406
1694444520985 -0.002901738789910624 407
1694444521021 -0.0028933202649219503 408
1694444521058 -0.0028848776680066024 409
1694444521100 -0.002876410946634822 410
1694444521148 -0.002867920048174488 411
1694444521176 -0.002859404919887787 412
1694444521222 -0.002850865508931655 413
1694444521268 -0.0028423017623582236 414
1694444521307 -0.002833713627115042 415
1694444521348 -0.0028251010500430773 416
1694444521390 -0.0028164639778789358 417
1694444521424 -0.0028078023572526423 418
1694444521464 -0.0027991161346887505 419
1694444521495 -0.002790405256605233 420
1694444521526 -0.0027816696693141463 421
1694444521562 -0.00277290931901919 422
1694444521594 -0.0027641241518210347 423
1694444521631 -0.0027553141137097725 424
1694444521671 -0.002746479150570247 425
1694444521707 -0.0027376192081802753 426
1694444521743 -0.0027287342322079855 427
1694444521777 -0.002719824168216034 428
1694444521814 -0.0027108889616589416 429
1694444521852 -0.002701928557881539 430
1694444521884 -0.0026929429021225193 431
1694444521921 -0.002683931939509998 432
1694444521961 -0.002674895615065287 433
1694444521994 -0.0026658338736997855 434
1694444522029 -0.0026567466602158696 435
1694444522064 -0.002647633919307335 436
1694444522099 -0.0026384955955569556 437
1694444522138 -0.002629331633439813 438
1694444522176 -0.0026201419773201895 439
1694444522210 -0.0026109265714524543 440
1694444522250 -0.002601685359980177 441
1694444522282 -0.002592418286937459 442
1694444522323 -0.0025831252962478235 443
1694444522360 -0.002573806331722439 444
1694444522394 -0.0025644613370636726 445
1694444522429 -0.002555090255859982 446
1694444522464 -0.002545693031591023 447
1694444522495 -0.0025362696076236535 448
1694444522532 -0.002526819927213042 449
1694444522563 -0.002517343933501781 450
1694444522592 -0.0025078415695212186 451
1694444522623 -0.002498312778190348 452
1694444522660 -0.0024887575023138098 453
1694444522689 -0.002479175684584778 454
1694444522722 -0.002469567267584738 455
1694444522760 -0.0024599321937788243 456
1694444522791 -0.002450270405521593 457
1694444522824 -0.0024405818450525807 458
1694444522857 -0.0024308664544976377 459
1694444522890 -0.002421124175868705 460
1694444522922 -0.0024113549510640375 461
1694444522959 -0.002401558721866426 462
1694444522991 -0.0023917354299449745 463
1694444523023 -0.0023818850168524364 464
1694444523058 -0.002372007424029654 465
1694444523089 -0.002362102592798454 466
1694444523121 -0.0023521704643680863 467
1694444523162 -0.0023422109798305613 468
1694444523191 -0.002332224080162426 469
1694444523222 -0.002322209706224987 470
1694444523261 -0.002312167798762532 471
1694444523292 -0.002302098298402333 472
1694444523323 -0.0022920011456561973 473
1694444523359 -0.002281876280918471 474
1694444523392 -0.0022717236444664834 475
1694444523426 -0.0022615431764598792 476
1694444523463 -0.00225133481694173 477
1694444523493 -0.0022410985058365362 478
1694444523535 -0.0022308341829515577 479
1694444523576 -0.002220541787975039 480
1694444523621 -0.002210221260478873 481
1694444523689 -0.0021998725399126062 482
1694444523731 -0.0021894955656116544 483
1694444523774 -0.0021790902767895304 484
1694444523834 -0.0021686566125413975 485
1694444523873 -0.002158194511843625 486
1694444523916 -0.0021477039135515685 487
1694444523958 -0.0021371847564020108 488
1694444523989 -0.002126636979011831 489
1694444524026 -0.0021160605198764504 490
1694444524059 -0.0021054553173731616 491
1694444524101 -0.002094821309755135 492
1694444524152 -0.002084158435158523 493
1694444524191 -0.0020734666315957995 494
1694444524234 -0.002062745836959534 495
1694444524280 -0.00205199598901995 496
1694444524322 -0.0020412170254264783 497
1694444524357 -0.002030408883706203 498
1694444524407 -0.0020195715012634174 499
