1694438798635 0.0 0
1694438798920 0.0 1
1694438799226 0.0 2
1694438799539 0.0 3
1694438799858 0.0 4
1694438800153 0.0 5
1694438800467 0.0 6
1694438800722 0.0 7
1694438800969 0.0 8
1694438801242 0.0 9
1694438801515 0.0 10
1694438801775 0.0 11
1694438802040 0.0 12
1694438802319 0.0 13
1694438802605 0.0 14
1694438802863 0.0 15
1694438803125 0.0 16
1694438803401 0.0 17
1694438803673 0.0 18
1694438803928 0.0 19
1694438804189 0.0 20
1694438804492 0.0 21
1694438804757 0.0 22
1694438805024 0.0 23
1694438805283 0.0 24
1694438805548 0.0 25
1694438805795 0.0 26
1694438806037 0.0 27
1694438806309 0.0 28
