1694438775406 0.0 0
1694438775707 0.0 1
1694438775970 0.0 2
1694438776238 0.0 3
1694438776594 0.0 4
1694438776914 0.0 5
1694438777180 0.0 6
1694438777447 0.0 7
1694438777720 0.0 8
1694438777994 0.0 9
1694438778275 0.0 10
1694438778547 0.0 11
1694438778812 0.0 12
1694438779058 0.0 13
1694438779307 0.0 14
1694438779552 0.0 15
1694438779806 0.0 16
1694438780042 0.0 17
1694438780317 0.0 18
1694438780583 0.0 19
1694438780825 0.0 20
1694438781082 0.0 21
1694438781354 0.0 22
1694438781676 0.0 23
1694438781976 0.0 24
1694438782245 0.0 25
1694438782498 0.0 26
1694438782739 0.0 27
1694438782984 0.0 28
1694438783230 0.0 29
1694438783474 0.0 30
1694438783729 0.0 31
1694438784001 0.0 32
1694438784243 0.0 33
1694438784488 0.0 34
1694438784722 0.0 35
1694438784991 0.0 36
1694438785245 0.0 37
1694438785499 0.0 38
1694438785767 0.0 39
1694438786013 0.0 40
1694438786283 0.0 41
1694438786519 0.0 42
1694438786777 0.0 43
1694438787037 0.0 44
1694438787290 0.0 45
1694438787551 0.0 46
1694438787820 0.0 47
1694438788072 0.0 48
1694438788312 0.0 49
1694438788568 0.0 50
1694438788817 0.0 51
1694438789069 0.0 52
1694438789318 0.0 53
1694438789556 0.0 54
1694438789804 0.0 55
1694438790045 0.0 56
1694438790280 0.0 57
1694438790538 0.0 58
1694438790793 0.0 59
1694438791062 0.0 60
1694438791315 0.0 61
1694438791583 0.0 62
1694438791847 0.0 63
1694438792120 0.0 64
1694438792382 0.0 65
1694438792641 0.0 66
1694438792890 0.0 67
1694438793137 0.0 68
1694438793402 0.0 69
1694438793652 0.0 70
1694438793907 0.0 71
1694438794176 0.0 72
1694438794454 0.0 73
1694438794721 0.0 74
1694438794988 0.0 75
1694438795244 0.0 76
1694438795496 0.0 77
1694438795738 0.0 78
1694438795980 0.0 79
1694438796234 0.0 80
1694438796485 0.0 81
1694438796758 0.0 82
1694438797005 0.0 83
1694438797253 0.0 84
1694438797503 0.0 85
1694438797779 0.0 86
1694438798033 0.0 87
1694438798311 0.0 88
