1694446259540 0.0 0
1694446259824 0.0 1
1694446260097 0.0 2
1694446260422 0.0 3
1694446260750 0.0 4
1694446261029 0.0 5
1694446261291 0.0 6
1694446261552 0.0 7
1694446261827 0.0 8
1694446262080 0.0 9
1694446262320 0.0 10
1694446262597 0.0 11
1694446262891 0.0 12
1694446263185 0.0 13
1694446263458 0.0 14
1694446263778 0.0 15
1694446264069 0.0 16
1694446264329 0.0 17
1694446264595 0.0 18
1694446264869 0.0 19
1694446265125 0.0 20
1694446265377 0.0 21
1694446265641 0.0 22
1694446265907 0.0 23
1694446266174 0.0 24
1694446266440 0.0 25
1694446266705 0.0 26
1694446266982 0.0 27
1694446267242 0.0 28
1694446267506 0.0 29
1694446267739 0.0 30
1694446267978 0.0 31
1694446268250 0.0 32
1694446268536 0.0 33
1694446268806 0.0 34
1694446269103 0.0 35
1694446269385 0.0 36
1694446269644 0.0 37
1694446269908 0.0 38
1694446270159 0.0 39
1694446270426 0.0 40
1694446270677 0.0 41
1694446270930 0.0 42
1694446271208 0.0 43
1694446271475 0.0 44
1694446271728 0.0 45
1694446271987 0.0 46
