1694436815556 158.64590384114965 0
1694436815585 159.9334427789116 1
1694436815614 160.34505178482004 2
1694436815641 158.85674113855245 3
1694436815670 157.44296317853963 4
1694436815702 158.08985459330793 5
1694436815739 156.21283805735465 6
1694436815771 158.65268912870852 7
1694436815801 157.39295208926913 8
1694436815829 158.22749029065147 9
1694436815858 159.67081414139824 10
1694436815886 157.74222236552342 11
1694436815915 156.3931248720015 12
1694436815945 156.39700355881578 13
1694436815979 158.25805700205436 14
1694436816010 156.8497597503679 15
1694436816038 157.32155662244048 16
1694436816069 156.06422444112718 17
1694436816102 156.09973279852383 18
1694436816132 155.8663199013295 19
1694436816164 157.62190322483065 20
1694436816196 155.6738879192672 21
1694436816225 155.31365175616563 22
1694436816256 155.8792049431895 23
1694436816285 158.44647502970304 24
1694436816315 156.4874812465685 25
1694436816345 154.76492581370434 26
1694436816375 154.741878398482 27
1694436816406 156.4395824917955 28
1694436816436 155.6700315710067 29
1694436816463 156.6032575348494 30
1694436816494 154.02174147654202 31
1694436816522 154.51897708466814 32
1694436816554 153.639594708948 33
1694436816585 155.75541188759928 34
1694436816613 155.14547247552255 35
1694436816641 154.59007241004446 36
1694436816670 153.18237945294828 37
1694436816699 154.53790718311637 38
1694436816731 154.19119688890368 39
1694436816773 153.58481177805047 40
1694436816813 152.56990631759982 41
1694436816848 153.07796169217394 42
1694436816880 153.2603862066728 43
1694436816912 153.79827299747458 44
1694436816944 153.2580752099406 45
1694436816975 153.5272179341492 46
1694436817007 153.31479368921464 47
1694436817043 153.28297445481383 48
1694436817077 153.12596893814322 49
1694436817111 152.72777895417073 50
1694436817154 151.9992169116403 51
1694436817185 151.9238056381928 52
1694436817222 151.90606782429566 53
1694436817259 151.9486979202509 54
1694436817294 152.26528382370108 55
1694436817328 153.17532913766945 56
1694436817360 151.56366729502693 57
1694436817391 152.45410911270383 58
1694436817427 152.79068719511451 59
1694436817461 151.96072612407698 60
1694436817504 150.4330811338413 61
1694436817551 150.66599457959302 62
1694436817602 151.93160620272684 63
1694436817642 150.52519074148577 64
1694436817685 150.5120304910365 65
1694436817722 151.17309982456496 66
1694436817751 150.54424029391058 67
1694436817783 150.0707018252272 68
1694436817814 149.75896045434803 69
1694436817844 151.19098582967263 70
1694436817875 150.40493064015598 71
1694436817906 149.02385636245867 72
1694436817933 148.91653258337246 73
1694436817960 150.64740679905813 74
1694436817993 148.72514544883006 75
1694436818024 150.4723756264091 76
1694436818053 149.86156781340938 77
1694436818086 148.4522426830933 78
1694436818120 148.8087830068761 79
1694436818151 149.00917012270304 80
1694436818180 149.16733617260383 81
1694436818207 149.06511866957948 82
1694436818237 147.60619688942916 83
1694436818268 148.75450891227206 84
1694436818298 147.5835845608193 85
1694436818328 149.16964273470848 86
1694436818363 148.35316576841305 87
1694436818394 147.75332428828108 88
1694436818426 148.87416400027692 89
1694436818457 146.86910158875503 90
1694436818489 148.53026356127646 91
1694436818520 146.1093238411609 92
1694436818549 146.78717966802375 93
1694436818580 147.7097131863914 94
1694436818611 148.91938784443354 95
1694436818644 146.5917797803434 96
1694436818676 147.7270972048605 97
1694436818720 147.96021492788273 98
1694436818754 146.83493224731922 99
1694436818787 146.51034186220798 100
1694436818828 144.6953045299122 101
1694436818861 146.18548281186318 102
1694436818891 145.21509627589046 103
1694436818921 145.8470371793055 104
1694436818957 146.9103574430823 105
1694436818991 145.7730111945186 106
1694436819026 147.83789783117624 107
1694436819061 145.1767187020453 108
1694436819096 145.28236122290554 109
1694436819125 144.90014613291365 110
1694436819162 145.34736371888212 111
1694436819192 144.6947405528761 112
1694436819229 145.28797234638566 113
1694436819275 145.34655881696875 114
1694436819305 144.82500489689085 115
1694436819339 145.09228022099933 116
1694436819371 145.1935690500021 117
1694436819404 143.93344289321345 118
1694436819438 143.7148108459431 119
1694436819471 143.3143769453855 120
1694436819501 145.8572441477084 121
1694436819528 145.31316046714971 122
1694436819563 144.5602666424744 123
1694436819594 144.16793736388982 124
1694436819628 142.90953272725648 125
1694436819662 144.79962032682747 126
1694436819692 144.3336872639317 127
1694436819721 143.60677601955996 128
1694436819758 142.68775575452545 129
1694436819790 143.76504126883896 130
1694436819822 141.34045994521077 131
1694436819856 142.87463638287332 132
1694436819885 143.25611435470177 133
1694436819914 143.22466088849757 134
1694436819944 142.77808974758196 135
1694436819974 142.28932746097024 136
1694436820000 142.80808930491597 137
1694436820029 141.63633294964353 138
1694436820055 142.39215348340315 139
1694436820085 142.34706312516354 140
1694436820113 143.1836102819445 141
1694436820148 143.24272230935415 142
1694436820176 140.7926862953322 143
1694436820211 141.2790549281943 144
1694436820250 143.04217402624835 145
1694436820283 140.43529096179253 146
1694436820320 141.66423527987297 147
1694436820359 140.7611235231652 148
1694436820393 139.60036584389601 149
1694436820427 139.88171521406267 150
1694436820466 141.19698457352575 151
1694436820502 140.79075124871918 152
1694436820536 139.92489929279193 153
1694436820573 139.41633626724055 154
1694436820607 141.24827362700756 155
1694436820642 139.94020341848673 156
1694436820675 140.25712684856452 157
1694436820708 139.9525683532871 158
1694436820744 139.94349964182473 159
1694436820785 139.11783344482785 160
1694436820824 140.0309380323258 161
1694436820863 140.4908981255673 162
1694436820901 138.46115642738158 163
1694436820945 140.88588615077742 164
1694436821001 140.0690162168314 165
1694436821039 138.9674355712211 166
1694436821073 139.05938218455438 167
1694436821106 138.12387213173534 168
1694436821141 139.2127377918369 169
1694436821177 138.8621546001481 170
1694436821218 138.86244834833994 171
1694436821253 139.42475449387487 172
1694436821288 138.83881005729333 173
1694436821321 137.71324233842785 174
1694436821353 137.9279197821457 175
1694436821384 139.41874022604043 176
1694436821415 138.1061365457181 177
1694436821445 137.872089095869 178
1694436821476 138.40588621925826 179
1694436821510 136.5375163972689 180
1694436821541 137.68429158836136 181
1694436821577 138.02629683186794 182
1694436821607 137.6405830322386 183
1694436821648 137.02499121544477 184
1694436821689 137.09423421507617 185
1694436821737 137.3027332482306 186
1694436821781 136.88463327716036 187
1694436821820 138.7331466102366 188
1694436821851 136.3554498690613 189
1694436821883 136.35649648618227 190
1694436821915 136.70287661597445 191
1694436821944 134.2963577414894 192
1694436821981 135.60159348322455 193
1694436822015 136.9311265476148 194
1694436822044 135.8041913773185 195
1694436822077 135.31004782847873 196
1694436822108 135.02596967200682 197
1694436822139 136.31796163621667 198
1694436822170 135.8453307440914 199
1694436822202 135.5804139274757 200
1694436822231 134.3622536621487 201
1694436822264 135.58056588355456 202
1694436822294 137.0524079087584 203
1694436822324 134.19191816671903 204
1694436822353 135.73242641662387 205
1694436822387 134.8868384993147 206
1694436822419 134.72398543425226 207
1694436822446 133.97770996140102 208
1694436822480 133.725490520695 209
1694436822512 134.74328199262825 210
1694436822542 135.71315789488463 211
1694436822573 135.55554863083728 212
1694436822606 135.2814105664684 213
1694436822638 133.38194729715548 214
1694436822669 134.21855283446683 215
1694436822704 134.97506317515962 216
1694436822735 132.50846021706622 217
1694436822770 133.42693114294954 218
1694436822806 134.17356848305872 219
1694436822845 132.9103940043522 220
1694436822887 133.380929018422 221
1694436822927 132.00268042556866 222
1694436822967 133.3688991670358 223
1694436823003 133.84632636535233 224
1694436823046 133.81563955268047 225
1694436823081 134.77151435874765 226
1694436823118 132.7609974444941 227
1694436823151 131.75555226915 228
1694436823185 133.55810044641555 229
1694436823218 133.61278808641413 230
1694436823254 133.32549416923513 231
1694436823285 132.50146285063775 232
1694436823315 131.80381717972904 233
1694436823342 131.81426683183886 234
1694436823376 133.08230216112855 235
1694436823404 131.9899035127107 236
1694436823430 132.36210931988012 237
1694436823460 132.51745367368542 238
1694436823501 131.83555757926683 239
1694436823536 130.06695081037896 240
1694436823580 130.74014176422673 241
1694436823620 131.14530837922973 242
1694436823655 130.05124691385842 243
1694436823694 130.90093352728164 244
1694436823728 131.2804911842233 245
1694436823762 132.37729633769862 246
1694436823798 130.8691407319981 247
1694436823830 130.59207106566853 248
1694436823864 129.4631894621401 249
1694436823908 130.3272498941161 250
1694436823948 130.0591780323672 251
1694436823992 131.28133364180152 252
1694436824031 130.57039695766812 253
1694436824066 130.08348340163965 254
1694436824100 131.4579393676878 255
1694436824135 129.8770349260437 256
1694436824172 129.63234871417458 257
1694436824205 131.13026114625933 258
1694436824241 129.14366217393507 259
1694436824282 130.1565111906353 260
1694436824311 129.8602362121653 261
1694436824342 129.3053749829813 262
1694436824374 128.7406616756084 263
1694436824405 128.71506325102465 264
1694436824436 127.39628464516947 265
1694436824478 129.40353590604803 266
1694436824513 129.02852507171377 267
1694436824546 127.44990360283852 268
1694436824580 128.8640347599444 269
1694436824612 127.34059636959834 270
1694436824642 128.88863431995568 271
1694436824675 128.32394372327366 272
1694436824702 126.80539294647077 273
1694436824728 127.42169613162321 274
1694436824756 127.09941532973515 275
1694436824783 128.24255530123597 276
1694436824813 128.72323556560696 277
1694436824840 127.6833696239952 278
1694436824872 128.7934950211773 279
1694436824904 127.4071586132824 280
1694436824933 126.19770284937346 281
1694436824966 127.76333151876022 282
1694436824998 127.35271025706703 283
1694436825029 126.93253401721387 284
1694436825059 127.38116642774322 285
1694436825088 128.3683927155838 286
1694436825118 125.94317292056574 287
1694436825148 126.53602798474583 288
1694436825180 126.28170266063793 289
1694436825218 126.38148737627037 290
1694436825265 124.89885411083208 291
1694436825315 125.63087728133601 292
1694436825355 126.18565491243955 293
1694436825397 127.18417618232544 294
1694436825440 125.91776885208796 295
1694436825488 125.80204646704644 296
1694436825528 125.9774817543069 297
1694436825563 124.76552970180971 298
1694436825600 124.70768477441364 299
1694436825635 124.8410400317203 300
1694436825674 124.55064696601835 301
1694436825709 125.57138861857119 302
1694436825743 125.42668898410064 303
1694436825779 124.34565873556501 304
1694436825817 125.1985803892535 305
1694436825851 125.75219395969326 306
1694436825884 126.15053757415778 307
1694436825915 125.63711418383403 308
1694436825941 123.39384805424389 309
1694436825968 123.74274306368329 310
1694436826003 124.62404538275561 311
1694436826041 123.98969108407748 312
1694436826086 124.1586368513727 313
1694436826136 122.59424324504727 314
1694436826184 122.84242047858024 315
1694436826229 122.98806224394761 316
1694436826272 122.50704360285545 317
1694436826311 124.03104811846558 318
1694436826350 123.64667874174755 319
1694436826396 123.55895645146592 320
1694436826437 124.1734322755623 321
1694436826476 122.90391915983956 322
1694436826520 124.2324227808661 323
1694436826572 123.54855872993124 324
1694436826606 123.79769813644381 325
1694436826637 122.65925074381738 326
1694436826670 122.72085319855222 327
1694436826711 122.35429786342442 328
1694436826748 121.65456962299659 329
1694436826785 123.2953728525799 330
1694436826820 121.41419565647196 331
1694436826850 122.10421142294584 332
1694436826880 121.63552098089465 333
1694436826912 121.75498084224822 334
1694436826939 122.24738803505618 335
1694436826969 122.61851403673518 336
1694436827005 122.3829808680115 337
1694436827040 122.45943093041039 338
1694436827074 120.2044659172174 339
1694436827114 122.27316032759202 340
1694436827148 123.09924839265675 341
1694436827186 121.39091830338171 342
1694436827224 121.55395191612074 343
1694436827255 120.1383283038615 344
1694436827292 121.46998510238126 345
1694436827323 120.30273701415786 346
1694436827354 121.40842505481002 347
1694436827387 120.90887175291185 348
1694436827427 120.92568372104435 349
1694436827462 121.29972130086239 350
1694436827503 118.8855852098532 351
1694436827537 120.79319738100963 352
1694436827570 121.69310400665462 353
1694436827611 120.78001509906339 354
1694436827641 120.45718260354482 355
1694436827670 120.7000823400894 356
1694436827703 119.28406350285927 357
1694436827735 120.4088640997764 358
1694436827772 120.05203521080313 359
1694436827804 119.61702362978399 360
1694436827838 120.46585120173305 361
1694436827868 119.43001927520089 362
1694436827901 118.60288887796092 363
1694436827929 119.34173407861367 364
1694436827957 118.55028835326841 365
1694436827988 119.23166904508751 366
1694436828020 120.00989996725276 367
1694436828049 118.57544948270674 368
1694436828080 119.38482792762836 369
1694436828114 118.46998484251053 370
1694436828141 118.49300926736863 371
1694436828176 118.53595015881638 372
1694436828207 119.81747355820035 373
1694436828244 118.03619101237157 374
1694436828283 118.9213698659318 375
1694436828319 118.86497593309018 376
1694436828349 118.96090486962999 377
1694436828383 116.96599258329334 378
1694436828417 118.03820041914388 379
1694436828446 118.50524252732852 380
1694436828478 117.7360401026806 381
1694436828510 118.1713011782194 382
1694436828544 118.26402688481839 383
1694436828576 118.65193287454167 384
1694436828611 116.5752944018868 385
1694436828646 117.9560617680159 386
1694436828675 117.83830526825577 387
1694436828705 116.94476320224788 388
1694436828735 116.52662276101918 389
1694436828764 116.582766555853 390
1694436828795 117.02985602216334 391
1694436828825 116.89112029892713 392
1694436828853 117.18583386901571 393
1694436828884 116.76168554283426 394
1694436828915 117.59303769908514 395
1694436828944 117.45202493486727 396
1694436828975 116.90491059038376 397
1694436829005 115.88946942385105 398
1694436829036 117.35181453223052 399
1694436829068 115.07730240160589 400
1694436829097 116.5741477989148 401
1694436829133 116.06130598837389 402
1694436829177 116.18723337425666 403
1694436829207 115.78145779661784 404
1694436829238 115.76936966310258 405
1694436829270 115.6925337762977 406
1694436829298 114.91928781259162 407
1694436829324 115.66696667108295 408
1694436829351 114.95781411987176 409
1694436829379 115.43667431538155 410
1694436829403 115.17972285661486 411
1694436829430 114.58176407867651 412
1694436829459 115.80887341420404 413
1694436829491 114.20019761510883 414
1694436829521 115.45592191729098 415
1694436829550 114.59815752122802 416
1694436829579 114.96449524758124 417
1694436829609 113.69423917601486 418
1694436829637 113.98368628165517 419
1694436829667 115.10035252547894 420
1694436829706 114.74059369666571 421
1694436829744 113.91405515827425 422
1694436829773 113.76003676904583 423
1694436829808 113.89210107407078 424
1694436829835 112.89168374441662 425
1694436829865 114.22265008461812 426
1694436829891 112.72056101768165 427
1694436829921 113.36647341750823 428
1694436829951 113.64472792532163 429
1694436829986 112.94834100707861 430
1694436830013 113.1768609075268 431
1694436830040 113.33278287024126 432
1694436830066 112.92515911463656 433
1694436830091 113.73096537928002 434
1694436830116 114.10537087349694 435
1694436830140 113.4099081437679 436
1694436830168 113.13152813535056 437
1694436830194 111.72428077696067 438
1694436830221 113.06408356261011 439
1694436830248 111.89424318616625 440
1694436830277 112.72479816024301 441
1694436830308 112.86190716892271 442
1694436830335 112.60336730196006 443
1694436830365 111.76106483418026 444
1694436830397 112.13383686415445 445
1694436830428 112.22035420324735 446
1694436830456 112.87324819450058 447
1694436830488 111.16897133463475 448
1694436830514 110.69960504205619 449
1694436830543 111.95135471971793 450
1694436830570 111.57761156331256 451
1694436830596 111.67057481997571 452
1694436830628 111.8221820419444 453
1694436830655 111.01500789568543 454
1694436830688 111.09077785468516 455
1694436830726 112.64857518734016 456
1694436830776 110.98532500013884 457
1694436830810 110.91180488909399 458
1694436830842 110.84713070703222 459
1694436830876 110.70699456827646 460
1694436830907 110.45131576718306 461
1694436830941 111.10867425915872 462
1694436830970 110.81715599180237 463
1694436830998 111.13430264529987 464
1694436831027 110.23324031174992 465
1694436831056 110.35728553456296 466
1694436831086 109.54730143661232 467
1694436831116 109.94085764990433 468
1694436831146 110.72358653478032 469
1694436831174 109.4535026274293 470
1694436831202 109.97467152547051 471
1694436831231 110.1335499769086 472
1694436831266 109.49031303628016 473
1694436831297 108.7530160969283 474
1694436831327 108.9912177770596 475
1694436831357 109.2908110737254 476
1694436831386 110.07663987111285 477
1694436831416 109.91856378777346 478
1694436831446 109.8959052083938 479
1694436831475 108.49268222597406 480
1694436831503 108.99913189168892 481
1694436831532 109.48164545007535 482
1694436831562 108.46057143138083 483
1694436831598 108.23680567268164 484
1694436831633 108.7607159743109 485
1694436831663 107.89214695453042 486
1694436831695 108.84604762784518 487
1694436831723 108.90577211602911 488
1694436831759 108.20559800986044 489
1694436831792 108.65506589395687 490
1694436831827 107.98304635640356 491
1694436831858 108.12277420389974 492
1694436831891 108.09481201986667 493
1694436831920 108.27932941845327 494
1694436831960 107.91011942524467 495
1694436831994 106.56594743294086 496
1694436832024 107.96548111617642 497
1694436832054 108.13163251966022 498
1694436832082 107.8617570469422 499
