1694446224417 80.4594679394419 0
1694446224698 39.386329693159304 1
1694446224961 19.421655430526293 2
1694446225288 8.789558413350502 3
1694446225612 5.232454109139989 4
1694446225894 3.5652607400211482 5
1694446226167 0.4832538431964525 6
1694446226448 1.2317067756772322 7
1694446226708 0.19086822764026165 8
1694446226978 0.4894033644739051 9
1694446227247 0.3223422798849266 10
1694446227516 0.014183436731841918 11
1694446227770 0.14040862155131761 12
1694446228034 0.20481072771293493 13
1694446228324 0.010523034753336828 14
1694446228495 0.11258907220283561 15
1694446228816 0.015527370239311044 16
1694446229069 0.07397671727713807 17
1694446229336 0.4251308037897695 18
1694446229611 0.0022968342254555503 19
1694446229870 0.011693827521428946 20
1694446230135 0.11082170589640902 21
1694446230394 0.2701322773826515 22
1694446230655 0.007727237823456793 23
1694446230930 0.14162732500071873 24
1694446231189 0.01219589714188333 25
1694446231457 0.0038530505511823374 26
1694446231694 0.15253700536359452 27
1694446231975 0.2367783041543663 28
1694446232213 0.060918913665881876 29
1694446232463 0.04182437672666364 30
1694446232708 0.06972649623844221 31
1694446232963 0.1743760358172338 32
1694446233208 0.5383421694650286 33
1694446233519 0.00401082460795803 34
1694446233797 0.487731895581862 35
1694446234050 0.10272474162763101 36
1694446234291 0.09562729597247696 37
1694446234589 0.04922708859878046 38
1694446234847 0.13692671565055958 39
1694446235102 0.10086505949819095 40
1694446235368 0.18843000283782602 41
