1694441410947 164.49729027351785 0
1694441410990 151.7468108795415 1
1694441411028 140.1758957695073 2
1694441411065 128.73887234882423 3
1694441411102 119.798052449854 4
1694441411164 109.76410448649422 5
1694441411208 101.76990054983953 6
1694441411264 93.93798229933758 7
1694441411322 86.31193707805733 8
1694441411368 80.90013947273367 9
1694441411419 74.88061379797188 10
1694441411460 68.20355599754059 11
1694441411497 64.09191041065581 12
1694441411534 59.24061905356991 13
1694441411575 54.18340297776188 14
1694441411612 49.95993315576006 15
1694441411650 47.122687903739475 16
1694441411692 43.68803845922715 17
1694441411757 40.22383589121617 18
1694441411814 37.60667141888283 19
1694441411866 34.81420691352421 20
1694441411921 32.13071999438035 21
1694441411974 29.97883246324303 22
1694441412021 27.917958973411835 23
1694441412065 25.912962029959733 24
1694441412112 24.030419607080567 25
1694441412179 22.330800027197334 26
1694441412233 20.881721694691624 27
1694441412281 19.28285824647424 28
1694441412323 18.09497712599858 29
1694441412378 16.881966339410223 30
1694441412436 15.466236798178551 31
1694441412490 14.50527169415459 32
1694441412541 13.520685689736943 33
1694441412588 12.769619769495899 34
1694441412638 11.983849272957306 35
1694441412681 11.240633281705353 36
1694441412724 10.425858759236354 37
1694441412763 9.892721440467028 38
1694441412805 9.078466903317269 39
1694441412845 8.548711120779178 40
1694441412887 7.942547632800846 41
1694441412925 7.515017456056108 42
1694441412964 7.069547153892408 43
1694441413002 6.7786237295300715 44
1694441413043 6.304676874097528 45
1694441413086 5.969481218624924 46
1694441413123 5.518402704004454 47
1694441413159 5.320469505857399 48
1694441413197 5.041014025348424 49
1694441413240 4.647809984702797 50
1694441413283 4.51109636449114 51
1694441413326 4.105659495692816 52
1694441413371 3.926840572347086 53
1694441413408 3.7859467423749074 54
1694441413444 3.595616385801441 55
1694441413488 3.3184946205490538 56
1694441413527 3.2945243269839213 57
1694441413563 3.1105680385147414 58
1694441413601 2.854405351605337 59
1694441413640 2.7730130474699135 60
1694441413677 2.658788512568737 61
1694441413720 2.4693640047086727 62
1694441413756 2.3907357530926943 63
1694441413792 2.3711632136754237 64
1694441413831 2.2249993301101707 65
1694441413871 2.0817994995681652 66
1694441413908 1.9826674861717792 67
1694441413951 2.0032569358686945 68
1694441413991 1.9016243105476982 69
1694441414032 1.8259006564067508 70
1694441414074 1.7089992299681454 71
1694441414111 1.682303979455667 72
1694441414149 1.5968644103617557 73
1694441414190 1.5468911039730264 74
1694441414227 1.4848271017038936 75
1694441414271 1.4670890429750392 76
1694441414311 1.4424700887791064 77
1694441414348 1.2950599588651381 78
1694441414392 1.3046970536846159 79
1694441414429 1.2289954167080748 80
1694441414470 1.1987581497042192 81
1694441414509 1.2328140420491889 82
1694441414547 1.196147698926384 83
1694441414582 1.1458419764558154 84
1694441414625 1.1395842866401027 85
1694441414666 1.064255837072815 86
1694441414711 1.0162121402858382 87
1694441414756 1.041649678973359 88
1694441414800 1.0500555036753387 89
1694441414837 1.0280862787168532 90
1694441414875 0.978093369173361 91
1694441414914 0.9238374848373387 92
1694441414958 0.9367337510585914 93
1694441414997 0.9441660994846435 94
1694441415034 0.8825573068683663 95
1694441415074 0.8543030060727681 96
1694441415111 0.8529919275634507 97
1694441415146 0.861510623709283 98
1694441415183 0.8439155037088582 99
1694441415221 0.8426023995275985 100
1694441415260 0.8052094954209977 101
1694441415298 0.7959561098582368 102
1694441415336 0.7789403942574149 103
1694441415376 0.7745897840458191 104
1694441415412 0.7976998280068865 105
1694441415452 0.7733475279872731 106
1694441415491 0.7498239743124623 107
1694441415528 0.7566050673577036 108
1694441415569 0.7460858307790318 109
1694441415608 0.7461196441461645 110
1694441415647 0.7376995317252486 111
1694441415691 0.7151729862126667 112
1694441415733 0.7304465935109318 113
1694441415788 0.6752578467279189 114
1694441415826 0.7135140222854202 115
1694441415862 0.6984152047764294 116
1694441415900 0.6739134225236999 117
1694441415936 0.6753524899685561 118
1694441415977 0.6780023623480197 119
1694441416017 0.6765782079162549 120
1694441416058 0.6864672632652581 121
1694441416095 0.681698176425931 122
1694441416132 0.6723126102920433 123
1694441416173 0.6457669383871023 124
1694441416210 0.658259816198296 125
1694441416251 0.6477274415942528 126
1694441416292 0.6324212152114144 127
1694441416330 0.6247436483619148 128
1694441416374 0.6325411486984037 129
1694441416414 0.6342467376036461 130
1694441416448 0.6377027866310105 131
1694441416488 0.6461540131013478 132
1694441416527 0.6308047538235305 133
1694441416569 0.6219171957780566 134
1694441416610 0.6087039916144228 135
1694441416648 0.6329460474087067 136
1694441416690 0.6127416612604955 137
1694441416730 0.5893419808630235 138
1694441416771 0.5681620385097967 139
1694441416810 0.598868507919995 140
1694441416849 0.5927973594105539 141
1694441416888 0.5897391403249062 142
1694441416926 0.6305247792242124 143
1694441416967 0.5862498165027719 144
1694441417007 0.6406743217321148 145
1694441417058 0.6100409537435875 146
1694441417095 0.5936075095427856 147
1694441417140 0.6052498369038017 148
1694441417186 0.6198724297608856 149
1694441417225 0.5857239726842433 150
1694441417266 0.5894382395549941 151
1694441417306 0.6030533277835122 152
1694441417348 0.5904049643899186 153
1694441417393 0.5930354235057875 154
1694441417430 0.5749394090068058 155
1694441417474 0.5777024825053656 156
1694441417519 0.5743963577540873 157
1694441417559 0.5303264038269387 158
1694441417598 0.5780839494969692 159
1694441417640 0.5759227886644944 160
1694441417683 0.6050295006150683 161
1694441417723 0.5913112088575725 162
1694441417764 0.568575025031634 163
1694441417802 0.5826167743818379 164
1694441417842 0.5481034086486238 165
1694441417884 0.6141410230491035 166
1694441417925 0.5536866464160966 167
1694441417963 0.5601360736954578 168
1694441418005 0.5969912683123798 169
1694441418045 0.5732836515676885 170
1694441418084 0.5700672978878486 171
1694441418124 0.5532142780801991 172
1694441418158 0.5492165685130005 173
1694441418194 0.5612982560120099 174
1694441418231 0.5564256124783933 175
1694441418267 0.5664024632339824 176
1694441418309 0.5377919314025356 177
1694441418347 0.5708963232263237 178
1694441418392 0.5739814705982328 179
1694441418428 0.5718330782557803 180
1694441418467 0.5366334683358732 181
1694441418504 0.5573596006840427 182
1694441418545 0.5592577079041723 183
1694441418589 0.5654187927537865 184
1694441418632 0.5862950123348883 185
1694441418675 0.5647810492179961 186
1694441418713 0.5301759569500181 187
1694441418750 0.5697646700314462 188
1694441418789 0.5628833753407392 189
1694441418826 0.5911174241225189 190
1694441418864 0.5521714121823295 191
1694441418902 0.5896935461418352 192
1694441418938 0.5753145382444537 193
1694441418978 0.5511293739795964 194
1694441419016 0.5883258095521402 195
1694441419055 0.5885289643926878 196
1694441419092 0.5885895595233407 197
1694441419130 0.5730794652724241 198
1694441419171 0.5937127849777445 199
1694441419209 0.5666921347976174 200
