1694441833366 -0.001062510922645421 0
1694441833416 -0.0010281767866155977 1
1694441833479 -0.000992871100360171 2
1694441833553 -0.0009565745739987808 3
1694441833609 -0.0009192675969795783 4
1694441833691 -0.0008809302339827241 5
1694441833750 -0.00084154222080568 6
1694441833815 -0.0008010829602389524 7
1694441833875 -0.0007595315179189654 8
1694441833928 -0.0007168666181771588 9
1694441833991 -0.0006730666398779839 10
1694441834042 -0.0006281096122473517 11
1694441834097 -0.0005819732106939757 12
1694441834163 -0.0005346347526220541 13
1694441834214 -0.0004860711932508366 14
1694441834302 -0.00043625912142375434 15
1694441834375 -0.00038517475541532953 16
1694441834494 -0.0003327939387560708 17
1694441834635 -0.0002790921360429355 18
1694441834792 -0.00022404442876577946 19
1694441834858 -0.00016762551114846147 20
1694441834939 -0.00010980968598794938 21
1694441834984 -5.057086051452053e-05 22
1694441835028 1.0117457727942814e-05 23
1694441835118 7.228216499299833e-05 24
1694441835194 0.00013595056541559902 25
1694441835248 0.00020115037506884814 26
1694441835306 0.00026790972600398977 27
1694441835346 0.0003362571702467676 28
1694441835397 0.0004062216837781296 29
1694441835443 0.00047783267046319633 30
1694441835498 0.0005511199659475885 31
1694441835549 0.0006261138415192269 32
1694441835598 0.0007028450079071824 33
1694441835646 0.0007813446190487738 34
1694441835697 0.0008616442757928278 35
1694441835763 0.0009437760295545328 36
1694441835826 0.0010277723858990173 37
1694441835878 0.0011136663080736353 38
1694441835932 0.0012014912204655337 39
1694441835990 0.0012912810119853901 40
1694441836030 0.001383070039382206 41
1694441836075 0.0014768931304697253 42
1694441836130 0.001572785587267811 43
1694441836172 0.0016707831890644398 44
1694441836220 0.0017709221953753351 45
1694441836264 0.001873239348802791 46
1694441836316 0.0019777718777928 47
1694441836381 0.0020845574992948146 48
1694441836424 0.002193634421283952 49
1694441836485 0.0023050413451924934 50
1694441836533 0.0024188174681897268 51
1694441836588 0.0025350024853576514 52
1694441836643 0.0026536365917110283 53
1694441836694 0.0027747604840894224 54
1694441836742 0.0028984153628986986 55
1694441836783 0.0030246429336957537 56
1694441836823 0.0031534854086315844 57
1694441836871 0.0032849855077035084 58
1694441836910 0.0034191864598641653 59
1694441836967 0.003556132003936563 60
1694441837008 0.0036958663893500443 61
1694441837068 0.0038384343766945106 62
1694441837132 0.003983881238068032 63
1694441837171 0.004132252757227173 64
1694441837227 0.0042835952295326996 65
1694441837288 0.0044379554616676975 66
1694441837349 0.0045953807711398564 67
1694441837410 0.004755918985557939 68
1694441837447 0.004919618441666884 69
1694441837493 0.005086527984129674 70
1694441837531 0.005256696964074381 71
1694441837579 0.005430175237376322 72
1694441837625 0.005607013162662322 73
1694441837671 0.005787261599059845 74
1694441837708 0.005970971903657807 75
1694441837748 0.006158195928671062 76
1694441837791 0.006348986018320235 77
1694441837831 0.0065433950053988 78
1694441837873 0.006741476207543284 79
1694441837913 0.006943283423156976 80
1694441837956 0.007148870927043749 81
1694441838007 0.007358293465667631 82
1694441838044 0.0075716062521096195 83
1694441838081 0.0077888649606348 84
1694441838122 0.008010125720940842 85
1694441838168 0.008235445112009243 86
1694441838216 0.008464880155595877 87
1694441838264 0.00869848830935438 88
1694441838302 0.008936327459537319 89
1694441838360 0.009178455913344652 90
1694441838397 0.009424932390824314 91
1694441838439 0.009675816016399552 92
1694441838483 0.009931166309953054 93
1694441838526 0.010191043177502745 94
1694441838566 0.010455506901427936 95
1694441838605 0.01072461813027159 96
1694441838663 0.01099843786808774 97
1694441838710 0.011277027463332923 98
1694441838751 0.01156044859731109 99
1694441838799 0.01184876327214357 100
1694441838839 0.01214203379825185 101
1694441838878 0.012440322781392954 102
1694441838922 0.012743693109192433 103
1694441838963 0.013052207937181648 104
1694441839006 0.01336593067434888 105
1694441839048 0.013684924968194068 106
1694441839108 0.014009254689274497 107
1694441839159 0.0143389839152257 108
1694441839211 0.014674176914293735 109
1694441839245 0.015014898128341114 110
1694441839281 0.015361212155308168 111
1694441839334 0.01571318373118724 112
1694441839386 0.016070877711447218 113
1694441839431 0.016434359051924252 114
1694441839492 0.016803692789189917 115
1694441839532 0.017178944020385 116
1694441839578 0.01756017788250941 117
1694441839626 0.017947459531193366 118
1694441839691 0.018340854118900296 119
1694441839747 0.018740426772635876 120
1694441839814 0.01914624257108044 121
1694441839885 0.019558366521213122 122
1694441839938 0.019976863534393652 123
1694441839988 0.020401798401905924 124
1694441840033 0.020833235770000513 125
1694441840088 0.021271240114366763 126
1694441840129 0.021715875714137356 127
1694441840168 0.022167206625331226 128
1694441840216 0.022625296653811522 129
1694441840258 0.023090209327730316 130
1694441840301 0.023562007869477597 131
1694441840347 0.02404075516712567 132
1694441840396 0.02452651374542203 133
1694441840443 0.025019345736257748 134
1694441840485 0.025519312848725773 135
1694441840533 0.02602647633867372 136
1694441840572 0.02654089697784401 137
1694441840612 0.027062635022565895 138
1694441840652 0.027591750182032304 139
1694441840703 0.028128301586156645 140
1694441840742 0.02867234775305405 141
1694441840779 0.02922394655612426 142
1694441840828 0.029783155190775346 143
1694441840880 0.030350030140808282 144
1694441840918 0.030924627144447214 145
1694441840967 0.031507001160075876 146
1694441841031 0.03209720633167079 147
1694441841094 0.0326952959539486 148
1694441841196 0.03330132243727424 149
1694441841247 0.03391533727232521 150
1694441841293 0.03453739099452047 151
1694441841346 0.03516753314830279 152
1694441841414 0.035805812251203495 153
1694441841477 0.03645227575779497 154
1694441841531 0.037106970023510266 155
1694441841569 0.03776994026836089 156
1694441841606 0.03844123054060511 157
1694441841646 0.03912088368035971 158
1694441841691 0.03971806187379645 159
1694441841745 0.04032285673849645 160
1694441841817 0.04093531077830537 161
1694441841900 0.04165049229906159 162
1694441841971 0.042277833354562366 163
1694441842054 0.04291294923612432 164
1694441842119 0.04355587786578552 165
1694441842161 0.044206655921765425 166
1694441842216 0.044865318804481746 167
1694441842261 0.045531900602717945 168
1694441842330 0.046206434059952284 169
1694441842412 0.04688895054086595 170
1694441842480 0.04757947999804302 171
1694441842553 0.048278050938972195 172
1694441842596 0.0489846903932597 173
1694441842654 0.049699423880211424 174
1694441842767 0.05042227537671784 175
1694441842843 0.05115326728553826 176
1694441842901 0.05189242040396924 177
1694441842960 0.052639753892960606 178
1694441843015 0.05339528524672921 179
1694441843067 0.05415903026283453 180
1694441843115 0.05493100301282505 181
1694441843164 0.05571121581344651 182
1694441843216 0.05649967919845633 183
1694441843267 0.057296401891079096 184
1694441843320 0.0581013907771214 185
1694441843378 0.05891465087882852 186
1694441843422 0.059736185329416824 187
1694441843480 0.06056599534845253 188
1694441843523 0.061404080217955403 189
1694441843573 0.06225043725940449 190
1694441843614 0.06310506181157827 191
1694441843660 0.06396794720927368 192
1694441843712 0.06483908476300104 193
1694441843751 0.06571846373960943 194
1694441843807 0.06660607134388752 195
1694441843849 0.06750189270121465 196
1694441843896 0.06840591084122238 197
1694441843933 0.06931810668256255 198
1694441843971 0.07023845901875847 199
1694441844025 0.07116694450515804 200
1694441844064 0.0721035376470841 201
1694441844118 0.07304821078913326 202
1694441844202 0.07400093410564756 203
1694441844248 0.07496167559246958 204
1694441844322 0.07593040105985716 205
1694441844379 0.07690707412672848 206
1694441844426 0.07789165621614036 207
1694441844464 0.07888410655207534 208
1694441844506 0.079884382157551 209
1694441844558 0.08089243785402678 210
1694441844607 0.08190822626217831 211
1694441844679 0.08293169780400667 212
1694441844759 0.08396280070631412 213
1694441844832 0.08500148100554861 214
1694441844882 0.0860476825540275 215
1694441844941 0.08710134702754369 216
1694441844986 0.08816241393436508 217
1694441845043 0.08923082062561039 218
1694441845093 0.09030650230704418 219
1694441845135 0.09138939205225471 220
1694441845185 0.09247942081718818 221
1694441845249 0.09357651745614504 222
1694441845311 0.0946806087390829 223
1694441845359 0.09579161937034564 224
1694441845412 0.09690947200874467 225
1694441845459 0.09803408728898422 226
1694441845503 0.09916538384448403 227
1694441845567 0.10030327833145813 228
1694441845616 0.10144768545439076 229
1694441845680 0.10259851799276631 230
1694441845746 0.10375568682911374 231
1694441845819 0.10491910097829404 232
1694441845869 0.10608866761803837 233
1694441845921 0.1072642921207515 234
1694441845988 0.10844587808643147 235
1694441846055 0.10963332737686549 236
1694441846123 0.11082654015087257 237
1694441846203 0.11202541490075313 238
1694441846282 0.11322984848977313 239
1694441846355 0.11443973619073411 240
1694441846460 0.11565497172556016 241
1694441846514 0.11687544730590227 242
1694441846558 0.11810105367465418 243
1694441846605 0.11933168014846107 244
1694441846664 0.1205672146610619 245
1694441846714 0.121807543807531 246
1694441846761 0.12305255288927641 247
1694441846809 0.12430212595985835 248
1694441846866 0.12555614587155106 249
1694441846911 0.12681449432254477 250
1694441846955 0.12807705190485696 251
1694441847013 0.12934369815281055 252
1694441847090 0.13061431159211512 253
1694441847132 0.13188876978945274 254
1694441847172 0.13316694940253204 255
1694441847234 0.1344487262306303 256
1694441847277 0.13573397526546527 257
1694441847321 0.13702257074244628 258
1694441847374 0.1383143861922358 259
1694441847436 0.13960929449255322 260
1694441847495 0.14090716792020108 261
1694441847542 0.14220787820323932 262
1694441847585 0.14351129657333506 263
1694441847636 0.14481729381812336 264
1694441847688 0.14612574033364023 265
1694441847737 0.1474365061767522 266
1694441847780 0.14874946111752163 267
1694441847827 0.15006447469145423 268
1694441847872 0.15138141625164458 269
1694441847926 0.1527001550207 270
1694441847972 0.1540205601424801 271
1694441848017 0.15534250073353084 272
1694441848063 0.1566658459342507 273
1694441848104 0.1579904649596492 274
1694441848155 0.15931622714980742 275
1694441848198 0.16064300201983028 276
1694441848240 0.1619706593093745 277
1694441848283 0.16329906903168934 278
1694441848328 0.16462810152211094 279
1694441848364 0.1659576274859509 280
1694441848414 0.1672875180458674 281
1694441848488 0.16861764478849972 282
1694441848571 0.16994787981052328 283
1694441848646 0.17127809576395336 284
1694441848685 0.17260816590073957 285
1694441848726 0.17393796411662055 286
1694441848778 0.17526736499416418 287
1694441848839 0.17659624384501493 288
1694441848882 0.17792447675135714 289
1694441848932 0.17925194060641503 290
1694441848972 0.18057851315419648 291
1694441849032 0.18190407302825584 292
1694441849070 0.18322849978958733 293
1694441849111 0.18455167396354488 294
1694441849154 0.18587347707584623 295
1694441849190 0.18719379168757366 296
1694441849227 0.18851250142924847 297
1694441849270 0.18982949103383917 298
1694441849318 0.19114464636881712 299
1694441849357 0.19245785446717634 300
1694441849409 0.19376900355741078 301
1694441849452 0.1950779830925129 302
1694441849499 0.19638468377784157 303
1694441849545 0.19768899759803027 304
1694441849584 0.19899081784280181 305
1694441849669 0.20029003913171772 306
1694441849740 0.20158655743789955 307
1694441849806 0.20288027011068133 308
1694441849901 0.20417107589718186 309
1694441849944 0.2054588749628874 310
1694441849981 0.2067435689110836 311
1694441850039 0.20802506080130423 312
1694441850086 0.20930325516674142 313
1694441850136 0.21057805803055207 314
1694441850186 0.2118493769211881 315
1694441850228 0.21311712088667434 316
1694441850273 0.21438120050785425 317
1694441850317 0.21564152791066082 318
1694441850368 0.216898016777349 319
1694441850411 0.2181505823567551 320
1694441850450 0.2193991414735733 321
1694441850501 0.2206436125366633 322
1694441850542 0.22188391554639675 323
1694441850582 0.22311997210108603 324
1694441850636 0.22435170540244198 325
1694441850679 0.2255790402601423 326
1694441850727 0.22680190309553494 327
1694441850767 0.22802022194436777 328
1694441850828 0.22923392645876528 329
1694441850887 0.23044294790823672 330
1694441850936 0.2316472191799671 331
1694441850997 0.23284667477817333 332
1694441851055 0.2340412508227785 333
1694441851092 0.23523088504720413 334
1694441851132 0.23641551679546569 335
1694441851180 0.23759508701847676 336
1694441851228 0.23876953826969038 337
1694441851274 0.23993881469995582 338
1694441851326 0.24110286205174458 339
1694441851380 0.24226162765269033 340
1694441851421 0.24341506040846206 341
1694441851466 0.24456311079504578 342
1694441851514 0.2457057308503937 343
1694441851566 0.24684287416546347 344
1694441851611 0.24797449587473042 345
1694441851649 0.24910055264609932 346
1694441851684 0.25022100267034975 347
1694441851718 0.25133580564999514 348
1694441851751 0.2524449227876904 349
1694441851791 0.2535483167741751 350
1694441851830 0.25464595177573524 351
1694441851877 0.25573779342124525 352
1694441851919 0.2568238087887862 353
1694441851966 0.2579039663918875 354
1694441852011 0.2589782361653511 355
1694441852064 0.26004658945075254 356
1694441852102 0.26110899898158824 357
1694441852149 0.2621654388680744 358
1694441852191 0.26321588458170186 359
1694441852238 0.2642603129394233 360
1694441852306 0.26529870208762685 361
1694441852345 0.26633103148583304 362
1694441852399 0.2673572818901532 363
1694441852456 0.2683774353365417 364
1694441852531 0.26939147512381145 365
1694441852601 0.2703993857965038 366
1694441852661 0.271401153127531 367
1694441852723 0.2723967641007271 368
1694441852793 0.2733862068931854 369
1694441852843 0.2743694708575104 370
1694441852911 0.27534654650394286 371
1694441852977 0.2763174254823838 372
1694441853046 0.2772821005643161 373
1694441853096 0.27824056562468424 374
1694441853152 0.2791928156236898 375
1694441853218 0.2801388465885296 376
1694441853279 0.28107865559509915 377
1694441853332 0.2820122407497161 378
1694441853388 0.2829396011707562 379
1694441853438 0.28386073697032865 380
1694441853484 0.28477564923596865 381
1694441853543 0.28568434001231735 382
1694441853591 0.2865868122828601 383
1694441853641 0.2874830699516715 384
1694441853681 0.288373117825225 385
1694441853731 0.2892569615942746 386
1694441853781 0.29013460781576783 387
1694441853824 0.2910060638948674 388
1694441853889 0.2918713380670188 389
1694441853930 0.2927304393801239 390
1694441853975 0.29358337767684073 391
1694441854040 0.2944301635769273 392
1694441854088 0.29527080845974507 393
1694441854131 0.2961053244468581 394
1694441854167 0.2969337243847633 395
1694441854216 0.2977560218277473 396
1694441854268 0.2985722310208665 397
1694441854324 0.2993823668830973 398
1694441854370 0.3001864449906172 399
1694441854424 0.30098448156020086 400
1694441854500 0.3017764934328355 401
1694441854547 0.3025624980574628 402
1694441854606 0.3033425134748501 403
1694441854654 0.3041165583017109 404
1694441854722 0.3048846517149133 405
1694441854781 0.30564681343589695 406
1694441854837 0.3064030637152987 407
1694441854946 0.30715342331769335 408
1694441855022 0.3078979135065496 409
1694441855084 0.30863655602940554 410
1694441855138 0.30936937310314505 411
1694441855190 0.31009638739956646 412
1694441855239 0.31081762203103813 413
1694441855289 0.31153310053644756 414
1694441855335 0.3122428468672599 415
1694441855380 0.31294688537380855 416
1694441855425 0.3136452407918089 417
1694441855478 0.3143379382290097 418
1694441855532 0.3150250031520754 419
1694441855579 0.3157064613736803 420
1694441855631 0.3163823390397815 421
1694441855684 0.31705266261708276 422
1694441855731 0.3177174588807228 423
1694441855783 0.31837675490213235 424
1694441855834 0.31903057803714274 425
1694441855894 0.3196789559142258 426
1694441855951 0.32032191642297414 427
1694441855998 0.32095948770278493 428
1694441856049 0.32159169813171695 429
1694441856093 0.32221857631555695 430
1694441856130 0.32284015107708197 431
1694441856190 0.3234564514455268 432
1694441856248 0.32406750664621753 433
1694441856315 0.3246733460904292 434
1694441856376 0.32527399936542545 435
1694441856414 0.32586949622467154 436
1694441856452 0.3264598665782733 437
1694441856506 0.3270451404835846 438
1694441856564 0.327625348135975 439
1694441856609 0.3282005198598412 440
1694441856653 0.32877068609975757 441
1694441856697 0.32933587741182013 442
1694441856738 0.329896124455194 443
1694441856780 0.33045145798378606 444
1694441856828 0.3310019088381638 445
1694441856869 0.3315475079375966 446
1694441856913 0.3320882862723057 447
1694441856961 0.33262427489585245 448
1694441857016 0.3331555049177244 449
1694441857065 0.33368200749608457 450
1694441857123 0.3342038138306751 451
1694441857187 0.33472095515590194 452
1694441857239 0.33523346273405596 453
1694441857289 0.3357413678487299 454
1694441857339 0.3362447017983752 455
1694441857400 0.33674349588999786 456
1694441857454 0.3372377814330402 457
1694441857503 0.337727589733387 458
1694441857557 0.33821295208755253 459
1694441857612 0.33869389977697906 460
1694441857664 0.3391704640625226 461
1694441857722 0.33964267617902333 462
1694441857787 0.34011056733008627 463
1694441857832 0.3405741686829665 464
1694441857895 0.3410335113635581 465
1694441857937 0.34148862645160805 466
1694441858000 0.34193954497595636 467
1694441858049 0.34238629790999664 468
1694441858104 0.342828916167211 469
1694441858156 0.3432674305968487 470
1694441858204 0.3437018719797492 471
1694441858259 0.3441322710242314 472
1694441858307 0.34455865836217003 473
1694441858355 0.3449810645451642 474
1694441858406 0.3453995200407831 475
1694441858448 0.345814055228999 476
1694441858485 0.3462247003986757 477
1694441858542 0.3466314857441909 478
1694441858593 0.3470344413621589 479
1694441858652 0.3474335972482633 480
1694441858690 0.3478289832942083 481
1694441858732 0.34822062928472175 482
1694441858823 0.34860856489472636 483
1694441858871 0.34899281968657303 484
1694441858914 0.3493734231073584 485
1694441858963 0.3497504044863652 486
1694441859008 0.350123793032581 487
1694441859058 0.35049361783230926 488
1694441859122 0.3508599078468704 489
1694441859168 0.3512226919103919 490
1694441859223 0.3515819987276827 491
1694441859318 0.35193785687218115 492
1694441859376 0.3522902947840084 493
1694441859420 0.3526393407680801 494
1694441859477 0.3529850229923164 495
1694441859529 0.3533273694858854 496
1694441859582 0.35366640813759986 497
1694441859640 0.3540021666943063 498
1694441859681 0.35433467275938746 499
