1694436832148 182.37454013503515 0
1694436832179 181.71448910213937 1
1694436832210 182.02224326202807 2
1694436832239 180.9575184075454 3
1694436832282 180.51485532802596 4
1694436832314 181.47253441529242 5
1694436832347 182.09961317663198 6
1694436832379 181.89448926230352 7
1694436832416 181.30730344005738 8
1694436832457 180.61847003636336 9
1694436832499 180.60511042450096 10
1694436832538 181.77847964366168 11
1694436832583 179.76910828297517 12
1694436832631 179.9834910568554 13
1694436832682 179.93253793469034 14
1694436832723 180.41114293261566 15
1694436832762 179.24144968880321 16
1694436832796 179.58122889259133 17
1694436832829 178.53500099375145 18
1694436832860 179.66165817180718 19
1694436832893 179.4531092176348 20
1694436832925 179.57361829366837 21
1694436832965 178.12291209051713 22
1694436832998 178.24382544453974 23
1694436833033 179.36756287383142 24
1694436833082 177.6594198693422 25
1694436833114 179.19994837052715 26
1694436833142 176.52823617199192 27
1694436833180 176.59223649216744 28
1694436833209 178.73268718593573 29
1694436833239 178.05168089105598 30
1694436833269 178.23892158100466 31
1694436833297 177.12793239078036 32
1694436833323 176.85939940866035 33
1694436833361 177.4945263517185 34
1694436833399 176.42642672595423 35
1694436833456 177.7549755843003 36
1694436833487 177.2339058627442 37
1694436833519 177.14024092701752 38
1694436833553 177.45656657958028 39
1694436833585 175.80473166372116 40
1694436833617 175.93636503232608 41
1694436833648 177.05808775378566 42
1694436833679 176.87230734866964 43
1694436833711 177.8344898678847 44
1694436833746 174.849634025105 45
1694436833778 175.55010863141703 46
1694436833808 175.3499375963434 47
1694436833842 176.1960304581947 48
1694436833871 174.51250886626045 49
1694436833904 174.76157084297787 50
1694436833931 174.60552074193276 51
1694436833964 177.59614949593475 52
1694436833997 175.7830102097364 53
1694436834031 173.53728584335522 54
1694436834061 174.75869837831553 55
1694436834097 173.3170928072987 56
1694436834130 173.434490773345 57
1694436834157 174.4149245737635 58
1694436834185 173.0558617465479 59
1694436834215 172.2862849331757 60
1694436834243 172.57714713796295 61
1694436834272 171.98349498684775 62
1694436834300 173.36693604489056 63
1694436834326 172.75006710481867 64
1694436834352 172.9777652535604 65
1694436834382 172.9175758097865 66
1694436834411 171.34151862966647 67
1694436834437 173.25155663032191 68
1694436834468 170.8571105987525 69
1694436834498 171.52187165663304 70
1694436834525 172.45201290640244 71
1694436834553 171.0036226210151 72
1694436834583 171.73048304915037 73
1694436834612 171.5687916830104 74
1694436834640 172.1642860935791 75
1694436834671 171.77424627970282 76
1694436834701 170.47562084293116 77
1694436834733 171.7912582632288 78
1694436834773 169.77481530166693 79
1694436834806 171.19068619110817 80
1694436834835 170.37727533069318 81
1694436834864 169.92911257540757 82
1694436834895 170.55433580082914 83
1694436834927 169.72091869936986 84
1694436834957 169.95706108822995 85
1694436834990 169.7174182710317 86
1694436835021 169.51240118154155 87
1694436835047 169.16517553144425 88
1694436835076 169.90445349007211 89
1694436835104 167.94783657645868 90
1694436835133 169.4108365222316 91
1694436835161 169.2235325986263 92
1694436835190 169.58203784535894 93
1694436835220 169.6391919507858 94
1694436835247 168.6669627076889 95
1694436835285 168.7647844548881 96
1694436835314 169.13693776850525 97
1694436835341 168.9025449853056 98
1694436835373 167.888278362417 99
1694436835402 168.5441520726865 100
1694436835430 166.6497557987948 101
1694436835460 167.48766454708783 102
1694436835500 165.62106264776605 103
1694436835535 166.5318424904236 104
1694436835578 167.70108372154718 105
1694436835617 166.82594739979567 106
1694436835654 167.27287768183115 107
1694436835687 166.71933059585706 108
1694436835721 166.55064789905035 109
1694436835760 166.8171526250164 110
1694436835801 165.76963180543365 111
1694436835837 165.5307241781429 112
1694436835876 166.63226012493317 113
1694436835915 166.2942512024999 114
1694436835943 165.34132564274438 115
1694436835975 166.138430025141 116
1694436836007 165.55652504478508 117
1694436836040 164.02163079771717 118
1694436836070 165.95664016324312 119
1694436836098 166.07525449410718 120
1694436836124 164.60425917730436 121
1694436836150 163.83839498416052 122
1694436836177 165.92364953375872 123
1694436836202 164.86400132463848 124
1694436836229 163.62875626606458 125
1694436836263 163.62345617009314 126
1694436836293 164.4150227321932 127
1694436836321 163.73192502974703 128
1694436836348 162.13085872155918 129
1694436836379 162.27875256589672 130
1694436836407 164.55419989481976 131
1694436836435 163.3330223134265 132
1694436836464 165.05543618686593 133
1694436836494 163.21616377959154 134
1694436836521 163.21913672118342 135
1694436836549 162.1824431988876 136
1694436836579 163.40145280635628 137
1694436836607 164.33704326268938 138
1694436836635 162.00679413022874 139
1694436836666 163.56615586919983 140
1694436836697 161.8058685356865 141
1694436836726 161.65734860766216 142
1694436836755 161.97363699916107 143
1694436836783 161.83177428617714 144
1694436836811 161.93447083174027 145
1694436836839 161.57063799301085 146
1694436836868 161.28007682079314 147
1694436836897 162.42354092542976 148
1694436836926 160.00686576966126 149
1694436836955 161.62972365377632 150
1694436836985 159.95905376920794 151
1694436837016 161.2958428612163 152
1694436837045 160.94573354875226 153
1694436837080 160.30196758479758 154
1694436837111 160.68305304714428 155
1694436837141 160.7558596590106 156
1694436837169 160.12201820139074 157
1694436837200 158.89318757324463 158
1694436837227 160.45786799839186 159
1694436837257 160.74195949320534 160
1694436837287 159.65590167594866 161
1694436837317 158.9661158507121 162
1694436837343 160.2360417439425 163
1694436837375 160.4864204099014 164
1694436837408 159.09928622108046 165
1694436837438 157.88257064481581 166
1694436837473 159.58717521291143 167
1694436837509 158.40411856792883 168
1694436837541 159.3281522824798 169
1694436837573 158.78263931561432 170
1694436837600 158.90399202104012 171
1694436837624 159.0512905965628 172
1694436837647 157.99425601902436 173
1694436837671 157.99217483061716 174
1694436837697 158.52284676568414 175
1694436837723 158.39892008001638 176
1694436837752 157.85814485589063 177
1694436837780 157.96044725580433 178
1694436837807 157.2550724808494 179
1694436837835 157.95779652979647 180
1694436837864 158.11031700800774 181
1694436837897 157.06177488714994 182
1694436837927 158.35993664101517 183
1694436837957 156.9612284601726 184
1694436837988 157.25895733960493 185
1694436838017 156.26195028187448 186
1694436838044 155.90414721888243 187
1694436838071 155.2231400162393 188
1694436838096 156.5008404134257 189
1694436838125 155.77060592439858 190
1694436838152 156.02520749157074 191
1694436838179 155.62085090465288 192
1694436838207 155.71442976453656 193
1694436838234 155.75653910910182 194
1694436838264 155.41875061810026 195
1694436838292 155.4859160224693 196
1694436838322 154.4524586036408 197
1694436838353 155.87765960347338 198
1694436838381 156.01623189262958 199
1694436838408 155.02447035691452 200
1694436838434 154.80272375826138 201
1694436838461 154.48160616290477 202
1694436838491 155.0340475797063 203
1694436838518 154.7537663096777 204
1694436838544 153.98448839646178 205
1694436838570 154.71112080355687 206
1694436838597 154.0390863362455 207
1694436838623 154.25244841336726 208
1694436838652 154.70816069183368 209
1694436838682 153.06262185017047 210
1694436838709 154.24536349267325 211
1694436838737 153.2104418156266 212
1694436838763 152.9780258716374 213
1694436838796 153.8602097182787 214
1694436838825 153.42956320783665 215
1694436838852 152.61134463709462 216
1694436838880 152.60620766758507 217
1694436838909 151.70258510095022 218
1694436838934 152.8616830190916 219
1694436838958 152.9258933883796 220
1694436838986 152.2092414713499 221
1694436839012 152.0050167420379 222
1694436839037 152.26780386774493 223
1694436839064 152.079586294663 224
1694436839092 150.8574614802688 225
1694436839119 152.92134326460976 226
1694436839144 150.5244921957339 227
1694436839169 151.01240658396728 228
1694436839197 150.66097762024938 229
1694436839223 151.68216570388893 230
1694436839249 150.59756125016358 231
1694436839275 152.06736538894611 232
1694436839304 151.27127626271167 233
1694436839332 150.9454980511933 234
1694436839363 151.3942475614242 235
1694436839393 150.69884090343947 236
1694436839420 150.24742873726208 237
1694436839447 150.8647431232828 238
1694436839480 149.19504448101722 239
1694436839510 150.43390967881436 240
1694436839539 149.55365908177296 241
1694436839568 149.21791464466824 242
1694436839599 149.67703517586142 243
1694436839628 150.00774906036364 244
1694436839656 148.86226236334298 245
1694436839682 148.8168695849039 246
1694436839717 149.16840751595953 247
1694436839749 149.81370335083642 248
1694436839779 150.4677473531961 249
1694436839809 149.71843758114753 250
1694436839833 149.052711209668 251
1694436839862 149.69458968992285 252
1694436839887 148.66650441338692 253
1694436839914 148.78751667450808 254
1694436839938 149.57775458081753 255
1694436839968 148.1213371332035 256
1694436839994 148.32761684649543 257
1694436840027 146.8317500023254 258
1694436840055 147.84084390893454 259
1694436840082 149.09417917033235 260
1694436840111 147.09332128259626 261
1694436840135 148.50504959409415 262
1694436840161 147.42386457134737 263
1694436840187 147.49706975322462 264
1694436840214 148.18973000040643 265
1694436840239 147.77936573482535 266
1694436840266 146.55962035713637 267
1694436840291 147.2338528604056 268
1694436840319 147.5103877924569 269
1694436840342 145.85696229946143 270
1694436840368 146.8339366312812 271
1694436840397 146.70197430046082 272
1694436840423 145.27000436677542 273
1694436840449 145.89802507976725 274
1694436840478 146.39001291892626 275
1694436840509 146.8487248381088 276
1694436840539 145.20191316032032 277
1694436840572 145.3361769362606 278
1694436840607 147.38697910547796 279
1694436840636 144.9961908815645 280
1694436840668 145.09328683662562 281
1694436840698 145.68879077505102 282
1694436840727 144.075266034105 283
1694436840752 145.80616238303818 284
1694436840778 144.91150796872685 285
1694436840804 145.29495885892834 286
1694436840832 145.7096582097405 287
1694436840861 144.61891772573682 288
1694436840889 143.95349807968668 289
1694436840917 144.1955988891634 290
1694436840945 144.39334629052857 291
1694436840973 143.8966268143286 292
1694436841002 144.0544212571235 293
1694436841029 142.74374160900297 294
1694436841057 144.25927876804624 295
1694436841088 144.01721898537826 296
1694436841117 143.37415757609668 297
1694436841144 141.80720996360031 298
1694436841171 143.01504364588075 299
1694436841202 143.39056098356627 300
1694436841230 142.113968804038 301
1694436841258 142.4428876390695 302
1694436841287 143.2441378956296 303
1694436841317 143.36401550973554 304
1694436841344 141.93676694693943 305
1694436841372 141.06381939340838 306
1694436841401 142.68954092312183 307
1694436841427 141.81022047464273 308
1694436841454 143.07491422668835 309
1694436841484 143.12743476798866 310
1694436841513 142.14319221135005 311
1694436841541 141.4452955367582 312
1694436841569 141.07315207976654 313
1694436841596 141.57464000399523 314
1694436841624 141.37399683314658 315
1694436841655 140.78545235084366 316
1694436841689 142.20801122462484 317
1694436841721 141.48460762497282 318
1694436841750 141.277326526317 319
1694436841777 141.3419408159489 320
1694436841808 141.0269640370119 321
1694436841836 140.79945891863625 322
1694436841864 140.28496878228452 323
1694436841893 140.60782841684954 324
1694436841919 139.31372086065224 325
1694436841944 140.7032124174397 326
1694436841975 140.44572081910985 327
1694436842004 141.0538711507352 328
1694436842031 139.18632806215368 329
1694436842056 140.64210265589253 330
1694436842085 140.26083067703175 331
1694436842112 139.69756687404708 332
1694436842135 139.74339386896236 333
1694436842167 138.99547958210536 334
1694436842197 139.5028153838287 335
1694436842229 139.2712358162921 336
1694436842264 139.71768239448215 337
1694436842296 139.12524501437602 338
1694436842327 139.18090218442347 339
1694436842355 138.42523971380555 340
1694436842386 139.08007249439515 341
1694436842415 138.26366504370696 342
1694436842439 138.11890449797684 343
1694436842466 138.46501455098056 344
1694436842494 137.47027577629552 345
1694436842520 138.19695483422578 346
1694436842550 138.8348423215251 347
1694436842579 137.6757325384665 348
1694436842608 137.0766574350765 349
1694436842634 137.71428306148798 350
1694436842662 138.45389155764806 351
1694436842689 138.20958756571764 352
1694436842718 137.87755273431057 353
1694436842747 136.63612674141552 354
1694436842774 136.82280913440377 355
1694436842803 138.4044679245001 356
1694436842831 136.08910113747447 357
1694436842861 136.33840478088788 358
1694436842895 136.56595202889156 359
1694436842927 136.10734174510023 360
1694436842957 135.83024954701347 361
1694436842990 135.72683442294854 362
1694436843022 136.9963260249516 363
1694436843049 135.38094267637754 364
1694436843076 135.36615272313944 365
1694436843105 135.3901558651271 366
1694436843132 136.98965919339653 367
1694436843160 135.2889737830325 368
1694436843187 136.14319607063092 369
1694436843214 135.33119927617926 370
1694436843239 134.76455961795685 371
1694436843266 135.44254161567306 372
1694436843292 134.61212833920027 373
1694436843321 136.34554309047445 374
1694436843349 135.2232028369346 375
1694436843381 135.0637814175212 376
1694436843413 134.2332151163608 377
1694436843439 134.69352544051168 378
1694436843470 132.89592212708862 379
1694436843498 134.41041903445256 380
1694436843525 134.20042953685444 381
1694436843553 134.3613468270641 382
1694436843585 134.2809752264447 383
1694436843614 134.0027336381065 384
1694436843640 133.98448165240023 385
1694436843669 133.8445262156232 386
1694436843699 133.5651326187995 387
1694436843728 134.1452577859296 388
1694436843758 133.50620127019818 389
1694436843788 132.87154381682035 390
1694436843817 133.23566998813516 391
1694436843844 133.2390059320255 392
1694436843873 133.79880367747236 393
1694436843902 133.19776132775027 394
1694436843929 132.99496440330043 395
1694436843957 133.98534566186268 396
1694436843986 132.77463241560633 397
1694436844016 133.22634925575758 398
1694436844043 133.49164906067296 399
1694436844070 132.70927754108612 400
1694436844098 131.91634966159566 401
1694436844126 131.85174096697097 402
1694436844153 131.29613158651526 403
1694436844180 131.26792729509935 404
1694436844207 132.07822401849285 405
1694436844237 131.74945272673625 406
1694436844269 132.2069948687872 407
1694436844295 132.67335693091883 408
1694436844323 130.90840293670985 409
1694436844353 131.4152794165398 410
1694436844381 130.27923205660645 411
1694436844412 129.32626593729293 412
1694436844439 131.50851928582384 413
1694436844463 131.92453139697693 414
1694436844491 130.53491254386154 415
1694436844519 130.65582688903277 416
1694436844544 130.7293111734771 417
1694436844572 130.08051467106057 418
1694436844600 129.66270609957738 419
1694436844630 130.51587369306787 420
1694436844658 129.75855816638486 421
1694436844687 130.04997516342823 422
1694436844715 129.11263411976267 423
1694436844741 130.15841382160536 424
1694436844768 129.6779040729153 425
1694436844799 129.78927749932478 426
1694436844829 128.97736347359955 427
1694436844858 129.96694527489817 428
1694436844888 129.64863992958811 429
1694436844913 128.9669134681151 430
1694436844937 129.37209848069935 431
1694436844964 129.21446196879444 432
1694436844992 129.40272545856067 433
1694436845021 128.7152387044998 434
1694436845049 128.06863716177656 435
1694436845076 129.24513517363886 436
1694436845104 128.40978836688902 437
1694436845132 127.40665054868161 438
1694436845161 128.95812972011885 439
1694436845188 127.97051954180328 440
1694436845217 128.84056194769838 441
1694436845244 128.83243875099785 442
1694436845273 130.09144759889216 443
1694436845300 128.40071905079296 444
1694436845327 128.9153233181154 445
1694436845354 128.24014721970622 446
1694436845382 127.40713931146068 447
1694436845408 127.52410304873084 448
1694436845435 127.30831558788235 449
1694436845462 127.23557874109088 450
1694436845490 126.77030253412612 451
1694436845515 127.34037205626625 452
1694436845540 126.51948452790285 453
1694436845564 127.51413542629129 454
1694436845588 126.53166821000247 455
1694436845613 125.90499095271399 456
1694436845637 126.05614275706407 457
1694436845665 127.3910962612849 458
1694436845698 126.87650494234937 459
1694436845731 126.59649622511303 460
1694436845761 127.17401432477098 461
1694436845786 125.02599821715869 462
1694436845810 126.11370474695613 463
1694436845834 125.83162683849689 464
1694436845862 126.4436298821415 465
1694436845888 125.9081637621141 466
1694436845919 125.70860484538535 467
1694436845944 125.33061622788725 468
1694436845972 126.02057216399457 469
1694436845999 125.49054194121447 470
1694436846026 126.05553545756973 471
1694436846052 125.78126164132958 472
1694436846076 124.84686657213439 473
1694436846100 125.06347503765615 474
1694436846125 125.39384224992517 475
1694436846148 124.98535890334041 476
1694436846170 124.34278545475745 477
1694436846194 125.0793698311704 478
1694436846220 124.14071487571722 479
1694436846245 124.36645276122107 480
1694436846275 124.040608005271 481
1694436846308 124.31290996274663 482
1694436846338 124.4487392446604 483
1694436846371 124.2172129695554 484
1694436846401 123.72077358286114 485
1694436846429 124.21819534212081 486
1694436846456 123.39860496369566 487
1694436846486 123.06609913269982 488
1694436846515 122.44189021200789 489
1694436846545 123.42716109045995 490
1694436846574 124.05240142316455 491
1694436846603 124.02904318756002 492
1694436846630 123.3130513301272 493
1694436846655 122.6644822189733 494
1694436846681 122.9727158045401 495
1694436846709 123.00960059927533 496
1694436846737 121.9874925598909 497
1694436846766 122.05002266265244 498
1694436846796 122.38252183826039 499
