1694436832155 -0.003951743047421186 0
1694436832186 -0.0038473257232687352 1
1694436832217 -0.003731718015041574 2
1694436832248 -0.004026624178070426 3
1694436832289 -0.0036927151654870816 4
1694436832321 -0.004019540207390593 5
1694436832354 -0.004273947546747703 6
1694436832386 -0.0037711010682308643 7
1694436832423 -0.004019005967306422 8
1694436832466 -0.004337904720811858 9
1694436832506 -0.003738322589343923 10
1694436832549 -0.004232141609312512 11
1694436832594 -0.003610906159228877 12
1694436832644 -0.003909406296505491 13
1694436832694 -0.003719039742677621 14
1694436832734 -0.00369062397681974 15
1694436832770 -0.004248258700655372 16
1694436832805 -0.003792128723261623 17
1694436832837 -0.003438349925690254 18
1694436832867 -0.003922921738116925 19
1694436832900 -0.004207528212541112 20
1694436832940 -0.003942121131854215 21
1694436832973 -0.0036458945613118132 22
1694436833006 -0.003726958145809922 23
1694436833048 -0.0038738679014989064 24
1694436833089 -0.004517666875458071 25
1694436833121 -0.0037573240520136775 26
1694436833149 -0.0036716855665697157 27
1694436833186 -0.003949156507398577 28
1694436833216 -0.004311267082377279 29
1694436833246 -0.003906386825285768 30
1694436833276 -0.003901324178663179 31
1694436833303 -0.0037919000484434306 32
1694436833329 -0.0035328487507029216 33
1694436833371 -0.003539956799765376 34
1694436833415 -0.003939749127493064 35
1694436833464 -0.003766416193778488 36
1694436833495 -0.0040935008742184475 37
1694436833529 -0.003816879877219792 38
1694436833561 -0.0039275822608857425 39
1694436833592 -0.003729155031617859 40
1694436833624 -0.003747906493384967 41
1694436833655 -0.003944315231557027 42
1694436833686 -0.0035511739563607314 43
1694436833717 -0.0038989229882950838 44
1694436833753 -0.003861843780746277 45
1694436833785 -0.0038803362519372886 46
1694436833816 -0.0038234774128149684 47
1694436833849 -0.0039520845897969 48
1694436833878 -0.003796481155001308 49
1694436833911 -0.003837461968168032 50
1694436833938 -0.0036238178960406042 51
1694436833972 -0.004654755618950901 52
1694436834005 -0.004103179216285779 53
1694436834038 -0.0035622015129745943 54
1694436834069 -0.0037890264564870435 55
1694436834103 -0.003656707856588781 56
1694436834136 -0.003960222262596291 57
1694436834165 -0.0036794989561064195 58
1694436834192 -0.0040586944266232106 59
1694436834221 -0.0034743049578191965 60
1694436834250 -0.003575253813479451 61
1694436834279 -0.003879883759453806 62
1694436834305 -0.003678760092626465 63
1694436834332 -0.004042727895539944 64
1694436834360 -0.0034160064921762157 65
1694436834389 -0.003915129222713087 66
1694436834418 -0.0036919773022825453 67
1694436834444 -0.0037397739070736957 68
1694436834476 -0.0034475090092351834 69
1694436834503 -0.0036738511970859644 70
1694436834532 -0.0038249420007965274 71
1694436834561 -0.0037323450447395157 72
1694436834590 -0.004029604617572957 73
1694436834620 -0.004014263228438342 74
1694436834647 -0.003652064714019021 75
1694436834678 -0.0037079847036776137 76
1694436834709 -0.003452154985325695 77
1694436834744 -0.003938554707734632 78
1694436834780 -0.0044195094727350615 79
1694436834814 -0.0036853076055975986 80
1694436834841 -0.0038681434037364237 81
1694436834870 -0.003983945209849127 82
1694436834903 -0.0037567330134054 83
1694436834934 -0.004026530991716015 84
1694436834964 -0.0035695487617910526 85
1694436834998 -0.00403097575790512 86
1694436835028 -0.0036350596652399148 87
1694436835055 -0.003943972459635736 88
1694436835084 -0.0032597055262386654 89
1694436835111 -0.0037171579109982478 90
1694436835138 -0.003720184162235629 91
1694436835168 -0.004688889512822314 92
1694436835198 -0.004175678376960645 93
1694436835227 -0.004181766645372953 94
1694436835262 -0.004194235758371967 95
1694436835292 -0.00388337224157298 96
1694436835321 -0.003830333624383231 97
1694436835349 -0.003946595226276939 98
1694436835380 -0.003457471560435854 99
1694436835409 -0.004297080003417664 100
1694436835437 -0.0034739751184456047 101
1694436835469 -0.0038873578179798862 102
1694436835507 -0.003967752455739104 103
1694436835545 -0.003822098497582971 104
1694436835588 -0.003787124618900295 105
1694436835627 -0.004161864984147945 106
1694436835662 -0.003519313173045102 107
1694436835695 -0.0035929493960731307 108
1694436835729 -0.0035576774208645467 109
1694436835770 -0.004053924742825288 110
1694436835811 -0.004000036242190141 111
1694436835846 -0.0038857866414903075 112
1694436835885 -0.003780649063069186 113
1694436835922 -0.0038353371311896645 114
1694436835950 -0.003875895693347342 115
1694436835983 -0.0036475701677105565 116
1694436836016 -0.0034421491078573396 117
1694436836047 -0.003505501592643512 118
1694436836077 -0.003838124873789539 119
1694436836104 -0.0038754379985399545 120
1694436836130 -0.0036519144910127643 121
1694436836156 -0.0039277167464033536 122
1694436836182 -0.003898970653107847 123
1694436836208 -0.003835701521971435 124
1694436836235 -0.0035224745009252434 125
1694436836270 -0.00368755490888395 126
1694436836299 -0.004196483959254538 127
1694436836327 -0.003668830462864703 128
1694436836357 -0.004200360714133211 129
1694436836385 -0.004219874776816068 130
1694436836415 -0.003881538103016613 131
1694436836441 -0.003912157372292002 132
1694436836471 -0.003958084049832333 133
1694436836500 -0.003476326834129795 134
1694436836529 -0.003536791112986437 135
1694436836557 -0.003698984546426809 136
1694436836586 -0.0038757319352265007 137
1694436836615 -0.0035897481617359617 138
1694436836642 -0.0038363742804830014 139
1694436836673 -0.0037982324180514393 140
1694436836703 -0.0035686312285778676 141
1694436836732 -0.0038400818068660136 142
1694436836763 -0.0038456184402606564 143
1694436836790 -0.0035674187034266946 144
1694436836819 -0.003883541696276138 145
1694436836846 -0.0038330035458502554 146
1694436836875 -0.003678584762943471 147
1694436836904 -0.0040128415819178365 148
1694436836933 -0.0039526824024405105 149
1694436836962 -0.0034599767344638543 150
1694436836991 -0.0038651959419837567 151
1694436837023 -0.0035108772085734596 152
1694436837054 -0.003916295515528967 153
1694436837088 -0.0038517799243895645 154
1694436837119 -0.004002932702920736 155
1694436837147 -0.0037377577263748574 156
1694436837178 -0.00430753078454571 157
1694436837206 -0.003481984623117773 158
1694436837233 -0.0037302431554968596 159
1694436837264 -0.003838058726135296 160
1694436837295 -0.003825026969086931 161
1694436837323 -0.003891541147402311 162
1694436837350 -0.0035540956158115478 163
1694436837384 -0.003864204639665525 164
1694436837416 -0.003910362948342572 165
1694436837447 -0.003937143234248541 166
1694436837484 -0.0039008966662055222 167
1694436837518 -0.0035194465158927546 168
1694436837551 -0.003852194861154956 169
1694436837580 -0.0037021920460487134 170
1694436837606 -0.0036252424964697827 171
1694436837630 -0.003534809747015588 172
1694436837652 -0.004140999432244552 173
1694436837678 -0.00390047934070048 174
1694436837703 -0.003533794448833172 175
1694436837729 -0.003845920576405648 176
1694436837757 -0.0034926552714509285 177
1694436837785 -0.0037144367174783977 178
1694436837814 -0.004089063950645011 179
1694436837841 -0.00373717490313652 180
1694436837873 -0.003931801558071157 181
1694436837904 -0.0037362976310146845 182
1694436837935 -0.003797546929032336 183
1694436837964 -0.003691533511460454 184
1694436837995 -0.0035284530760342214 185
1694436838023 -0.0040674846253967445 186
1694436838050 -0.003480018878230018 187
1694436838078 -0.0040429700045518935 188
1694436838103 -0.0034701420842619957 189
1694436838132 -0.003636814947996836 190
1694436838158 -0.00359923406791518 191
1694436838186 -0.003420862003476577 192
1694436838214 -0.003849561838098259 193
1694436838240 -0.0034365422091389153 194
1694436838272 -0.004181429170872164 195
1694436838300 -0.003613038979606742 196
1694436838329 -0.004031100433251167 197
1694436838360 -0.003918360393426745 198
1694436838387 -0.0035271170683430775 199
1694436838414 -0.0036068606859565033 200
1694436838440 -0.003980393604860577 201
1694436838469 -0.003667240064996413 202
1694436838497 -0.0039026039009830704 203
1694436838524 -0.0036201562454019065 204
1694436838549 -0.0036865590723855757 205
1694436838577 -0.0035572995611330427 206
1694436838603 -0.0034264099557976824 207
1694436838630 -0.0035241068889222404 208
1694436838658 -0.003808472556463771 209
1694436838688 -0.004054214402619882 210
1694436838716 -0.0036396405933882825 211
1694436838743 -0.0034421559450137362 212
1694436838770 -0.00375023113466022 213
1694436838803 -0.0035654943864620314 214
1694436838831 -0.003926815697835817 215
1694436838858 -0.00353883496196139 216
1694436838888 -0.003740453159000401 217
1694436838916 -0.003811034228673238 218
1694436838940 -0.0037152528382031758 219
1694436838964 -0.0033890954933482043 220
1694436838991 -0.0038532958900638903 221
1694436839017 -0.0031549565958968184 222
1694436839043 -0.003958392817803746 223
1694436839071 -0.0038745697093609532 224
1694436839098 -0.0037273530311936476 225
1694436839125 -0.003896096799073545 226
1694436839150 -0.00376538089975198 227
1694436839176 -0.00399671333231133 228
1694436839203 -0.0036471676209073323 229
1694436839228 -0.0038748270525217343 230
1694436839256 -0.0033424481473691703 231
1694436839282 -0.0036352705881161906 232
1694436839312 -0.003975555765807881 233
1694436839339 -0.0034173679470128615 234
1694436839370 -0.003825244568515851 235
1694436839400 -0.00411230020318909 236
1694436839425 -0.004108174974394974 237
1694436839454 -0.0032394597132003877 238
1694436839487 -0.003742111553983296 239
1694436839517 -0.003594808865236221 240
1694436839546 -0.0035713011750868606 241
1694436839575 -0.0038515244904566703 242
1694436839605 -0.003779093574912018 243
1694436839634 -0.003810292906114121 244
1694436839663 -0.0038579483525056357 245
1694436839689 -0.0037725922625528874 246
1694436839724 -0.003453109702084012 247
1694436839755 -0.003695696663041259 248
1694436839787 -0.0038672477803654015 249
1694436839815 -0.003938653189807351 250
1694436839839 -0.003454270645443458 251
1694436839868 -0.0034993364377344793 252
1694436839895 -0.003525877022216184 253
1694436839920 -0.003690774552325138 254
1694436839946 -0.003579420647890741 255
1694436839974 -0.003540356647734999 256
1694436840003 -0.0035395498507926337 257
1694436840034 -0.003732202482093161 258
1694436840062 -0.0034119104691356927 259
1694436840089 -0.0035269222058864624 260
1694436840117 -0.0034327206129780574 261
1694436840140 -0.003613757154775854 262
1694436840168 -0.003856709197306296 263
1694436840193 -0.003941450470747121 264
1694436840220 -0.0039027636551840494 265
1694436840246 -0.0038800831915848377 266
1694436840271 -0.0034726241452256446 267
1694436840298 -0.003756492950596657 268
1694436840324 -0.0036960221378505853 269
1694436840348 -0.0037920465047343033 270
1694436840375 -0.003865805277858181 271
1694436840403 -0.0036645907892960405 272
1694436840430 -0.0031260299377182665 273
1694436840455 -0.003935895600657657 274
1694436840487 -0.0037208332061515748 275
1694436840517 -0.003562160813032733 276
1694436840547 -0.003699035554561414 277
1694436840579 -0.003503905660608986 278
1694436840614 -0.003908913660738644 279
1694436840645 -0.00379286711364224 280
1694436840675 -0.0033059472439413984 281
1694436840704 -0.0036137688362558595 282
1694436840733 -0.00349217448089556 283
1694436840758 -0.0033773358507778184 284
1694436840785 -0.003776526282422532 285
1694436840812 -0.0035325954184097785 286
1694436840838 -0.0033813036883765246 287
1694436840867 -0.003791461870141566 288
1694436840896 -0.003406620272228489 289
1694436840924 -0.00345523598658648 290
1694436840951 -0.0038957817757689917 291
1694436840980 -0.003544243803500935 292
1694436841009 -0.0037432028898263248 293
1694436841036 -0.003339142154200614 294
1694436841064 -0.0034027426390963456 295
1694436841095 -0.0031218234205103723 296
1694436841123 -0.003334536396777832 297
1694436841151 -0.002947010257750682 298
1694436841178 -0.003752216746306436 299
1694436841209 -0.0034293402088272362 300
1694436841236 -0.003515907225628112 301
1694436841265 -0.0038004750184854608 302
1694436841295 -0.0035210747056197977 303
1694436841324 -0.0036889834225515283 304
1694436841352 -0.0033983306849094674 305
1694436841379 -0.0036910380078252203 306
1694436841407 -0.0035909870148902456 307
1694436841433 -0.0034013187372663456 308
1694436841460 -0.0037058576884063665 309
1694436841491 -0.003751891925428019 310
1694436841519 -0.0035010932364216707 311
1694436841548 -0.003514220985449512 312
1694436841576 -0.0030892635254984313 313
1694436841601 -0.0033895087501725207 314
1694436841631 -0.0035912798713853 315
1694436841663 -0.0033998279925655517 316
1694436841698 -0.0036174446039793917 317
1694436841727 -0.0035189298320137397 318
1694436841757 -0.003462578644180203 319
1694436841785 -0.003492247475988197 320
1694436841815 -0.003797844958370211 321
1694436841841 -0.003508587953782394 322
1694436841871 -0.0033316811502899224 323
1694436841900 -0.0035966843006414173 324
1694436841926 -0.0032049938204949946 325
1694436841951 -0.003680242894114283 326
1694436841982 -0.0032665093614310248 327
1694436842012 -0.003466095306064787 328
1694436842037 -0.0036174164626234795 329
1694436842063 -0.0035657250950085206 330
1694436842091 -0.003456439253769039 331
1694436842118 -0.003205315269298792 332
1694436842142 -0.0037564599268189447 333
1694436842173 -0.0031986358981455076 334
1694436842205 -0.0038222338230915476 335
1694436842237 -0.003406190767702544 336
1694436842271 -0.0037341132646753206 337
1694436842305 -0.0038650104649728956 338
1694436842333 -0.003386839029688282 339
1694436842362 -0.003271012752984248 340
1694436842392 -0.0035294864861350472 341
1694436842421 -0.0035896679006077736 342
1694436842446 -0.0038257180824632364 343
1694436842473 -0.0032962128781257594 344
1694436842500 -0.003598455072432394 345
1694436842526 -0.003526193120279464 346
1694436842556 -0.0034513945640031185 347
1694436842586 -0.0034867956807553835 348
1694436842615 -0.0034673134122171767 349
1694436842640 -0.0033440498022101472 350
1694436842668 -0.003311361905840471 351
1694436842695 -0.003551502366113235 352
1694436842724 -0.0033515839288187355 353
1694436842753 -0.0032011070513358053 354
1694436842781 -0.0035281615322961812 355
1694436842811 -0.0032959451000171835 356
1694436842838 -0.003506147837452289 357
1694436842870 -0.003835414441365259 358
1694436842903 -0.0033746254708413304 359
1694436842933 -0.0034362985824749614 360
1694436842964 -0.0033872752963712838 361
1694436842998 -0.003627534046990677 362
1694436843028 -0.0035196647228694644 363
1694436843055 -0.003575289024411177 364
1694436843084 -0.003194237024900959 365
1694436843112 -0.0036755778924757454 366
1694436843139 -0.003492100245556795 367
1694436843167 -0.0033621742422964562 368
1694436843194 -0.00325368017755423 369
1694436843219 -0.003216536624624622 370
1694436843246 -0.0036903881310808018 371
1694436843272 -0.0036503299728629646 372
1694436843300 -0.003542956989756263 373
1694436843328 -0.0038335876012678405 374
1694436843356 -0.0032647602453121927 375
1694436843388 -0.0036145091775576788 376
1694436843419 -0.0033560739636633308 377
1694436843447 -0.0035799659149691188 378
1694436843478 -0.003600473045503927 379
1694436843505 -0.003357361437869688 380
1694436843531 -0.0029211848875831947 381
1694436843561 -0.003181780979323756 382
1694436843592 -0.003190645753896826 383
1694436843620 -0.003246437947735936 384
1694436843647 -0.003458369777602499 385
1694436843677 -0.003740508310453805 386
1694436843707 -0.0037729915935824643 387
1694436843736 -0.003624829977791899 388
1694436843766 -0.0038179211244435685 389
1694436843794 -0.0032617606449287795 390
1694436843823 -0.003215970132753876 391
1694436843851 -0.003094365651825415 392
1694436843880 -0.0035718359795988697 393
1694436843909 -0.003566982857894585 394
1694436843936 -0.003901401107666791 395
1694436843964 -0.004095447063145796 396
1694436843993 -0.0038534615466163658 397
1694436844022 -0.0036556374776015588 398
1694436844050 -0.0032984326590854707 399
1694436844077 -0.003349027203413346 400
1694436844105 -0.003212270542658713 401
1694436844132 -0.0030596063977288424 402
1694436844159 -0.003247822241216891 403
1694436844186 -0.0033912689333035484 404
1694436844215 -0.0036240911257394703 405
1694436844246 -0.003391567396393569 406
1694436844274 -0.003495592405035941 407
1694436844302 -0.0036167533868169954 408
1694436844330 -0.00302889151712038 409
1694436844360 -0.003279580716221586 410
1694436844389 -0.0032417627916943026 411
1694436844418 -0.0032313029806314564 412
1694436844445 -0.0036678396104676825 413
1694436844470 -0.003677393302904175 414
1694436844497 -0.0030826043935334724 415
1694436844525 -0.003653249601134778 416
1694436844550 -0.003758976331041053 417
1694436844579 -0.0036340626718525115 418
1694436844606 -0.0033239974690457696 419
1694436844636 -0.003492416510559204 420
1694436844665 -0.0035105505910268953 421
1694436844693 -0.0034963376256831324 422
1694436844721 -0.002982277295259461 423
1694436844748 -0.003395677730357649 424
1694436844776 -0.003026959248960681 425
1694436844806 -0.003192214262229598 426
1694436844835 -0.0030211299534357305 427
1694436844866 -0.003350457166445775 428
1694436844894 -0.003624598398733969 429
1694436844919 -0.003711804775488492 430
1694436844944 -0.0036285846924455356 431
1694436844971 -0.0032733397365378725 432
1694436844999 -0.0032875595313657247 433
1694436845027 -0.0031481263177868257 434
1694436845055 -0.003606816558969994 435
1694436845083 -0.003412323429905051 436
1694436845110 -0.003525765204382081 437
1694436845138 -0.0031919615494093723 438
1694436845168 -0.0035102162795863645 439
1694436845196 -0.0036637713859362098 440
1694436845223 -0.0032986825881620163 441
1694436845251 -0.003705457055075634 442
1694436845279 -0.0036037737688421334 443
1694436845306 -0.0033525559256899484 444
1694436845333 -0.003707957648704907 445
1694436845362 -0.003076050483192816 446
1694436845388 -0.0032580486697064703 447
1694436845415 -0.0033876126370564474 448
1694436845441 -0.0033117882582922586 449
1694436845470 -0.003307434086936567 450
1694436845496 -0.003551695894761453 451
1694436845521 -0.0033963368445020237 452
1694436845546 -0.0033030599529495497 453
1694436845569 -0.003143047938622967 454
1694436845594 -0.003249252058860286 455
1694436845619 -0.003363713508167221 456
1694436845643 -0.0034882111189649123 457
1694436845673 -0.00388686187901488 458
1694436845705 -0.003614205044345953 459
1694436845739 -0.0033426730528471893 460
1694436845767 -0.0031291904612609223 461
1694436845791 -0.0032776990741296697 462
1694436845817 -0.003411666995875251 463
1694436845840 -0.0032140157495108568 464
1694436845868 -0.0032439445347416385 465
1694436845897 -0.0032891179917236 466
1694436845925 -0.0035487466932111467 467
1694436845951 -0.003114083588188654 468
1694436845979 -0.003090501432715387 469
1694436846005 -0.00308824337634217 470
1694436846032 -0.0034329288802010804 471
1694436846058 -0.0031837327099162316 472
1694436846083 -0.0032579274406767667 473
1694436846106 -0.003269158791040505 474
1694436846130 -0.003177908989818068 475
1694436846153 -0.003212750534718367 476
1694436846176 -0.0032526669467298763 477
1694436846200 -0.0031080675373564848 478
1694436846226 -0.0029433045623246112 479
1694436846252 -0.0035675870543490085 480
1694436846281 -0.003298541392714238 481
1694436846316 -0.003201504048266024 482
1694436846346 -0.0031113343178772457 483
1694436846380 -0.003265279517389752 484
1694436846408 -0.0031008829086458523 485
1694436846435 -0.0036699330381957385 486
1694436846464 -0.0032325645059265717 487
1694436846493 -0.0033152329118502077 488
1694436846521 -0.0033824427389312905 489
1694436846551 -0.003092440538049024 490
1694436846582 -0.0031143173096244148 491
1694436846611 -0.0033403947678798396 492
1694436846637 -0.0030414644461378426 493
1694436846662 -0.0033586484131622463 494
1694436846688 -0.0034712081646934845 495
1694436846715 -0.0028803367737528784 496
1694436846745 -0.0028941478498989426 497
1694436846773 -0.0029660968539055865 498
1694436846802 -0.0034041256041912327 499
