1694441945250 167.56686458340354 0
1694441945291 167.23192771116143 1
1694441945336 166.89768221617746 2
1694441945411 166.5641266414751 3
1694441945472 166.23125953320863 4
1694441945530 165.89907944065618 5
1694441945638 165.56758491621306 6
1694441945715 165.23677451538472 7
1694441945772 164.90664679677985 8
1694441945831 164.57720032210392 9
1694441945883 164.2484336561518 10
1694441945930 163.92034536680154 11
1694441945991 163.59293402500722 12
1694441946073 163.26619820479218 13
1694441946136 162.9401364832426 14
1694441946264 162.61474744050037 15
1694441946344 162.29002965975656 16
1694441946451 161.96598172724478 17
1694441946578 161.64260223223422 18
1694441946675 161.31988976702343 19
1694441946751 160.9978429269332 20
1694441946852 160.67646031030011 21
1694441946908 160.35574051847001 22
1694441946969 160.0356821557912 23
1694441947015 159.71628382960793 24
1694441947067 159.39754415025385 25
1694441947108 159.07946173104534 26
1694441947158 158.76203518827515 27
1694441947201 158.44526314120557 28
1694441947250 158.12914421206216 29
1694441947296 157.81367702602708 30
1694441947351 157.49886021123274 31
1694441947402 157.18469239875517 32
1694441947450 156.87117222260767 33
1694441947499 156.55829831973423 34
1694441947546 156.24606933000337 35
1694441947588 155.93448389620121 36
1694441947636 155.62354066402563 37
1694441947687 155.31323828207962 38
1694441947746 155.0035754018648 39
1694441947792 154.69455067777514 40
1694441947850 154.3861627670908 41
1694441947889 154.07841032997152 42
1694441947923 153.77129202945034 43
1694441947964 153.4648065314275 44
1694441948020 153.15895250466397 45
1694441948083 152.8537286207752 46
1694441948150 152.54913355422482 47
1694441948215 152.24516598231855 48
1694441948282 151.94182458519774 49
1694441948337 151.63910804583347 50
1694441948401 151.33701505001977 51
1694441948454 151.03554428636826 52
1694441948503 150.73469444630112 53
1694441948556 150.4344642240455 54
1694441948605 150.1348523166272 55
1694441948648 149.8358574238644 56
1694441948691 149.53747824836182 57
1694441948733 149.23971349550428 58
1694441948791 148.94256187345079 59
1694441948836 148.64602209312858 60
1694441948889 148.35009286822674 61
1694441948924 148.05477291519048 62
1694441948973 147.76006095321483 63
1694441949017 147.46595570423872 64
1694441949067 147.172455892939 65
1694441949116 146.87956024672442 66
1694441949167 146.5872674957296 67
1694441949212 146.2955763728091 68
1694441949262 146.00448561353147 69
1694441949301 145.71399395617323 70
1694441949360 145.42410014171307 71
1694441949402 145.13480291382578 72
1694441949442 144.8461010188765 73
1694441949487 144.5579932059147 74
1694441949531 144.27047822666827 75
1694441949574 143.98355483553792 76
1694441949623 143.697221789591 77
1694441949668 143.41147784855585 78
1694441949719 143.12632177481586 79
1694441949758 142.8417523334039 80
1694441949863 142.55776829199615 81
1694441949938 142.2743684209067 82
1694441950009 141.9915514930814 83
1694441950049 141.70931628409235 84
1694441950114 141.42766157213214 85
1694441950155 141.14658613800808 86
1694441950203 140.86608876513637 87
1694441950244 140.58616823953656 88
1694441950291 140.3068233498258 89
1694441950353 140.02805288721305 90
1694441950407 139.74985564549357 91
1694441950449 139.47223042104318 92
1694441950488 139.19517601281262 93
1694441950538 138.91869122232197 94
1694441950585 138.64277485365486 95
1694441950634 138.36742571345314 96
1694441950672 138.09264261091104 97
1694441950726 137.8184243577698 98
1694441950786 137.54476976831185 99
1694441950833 137.2716776593555 100
1694441950882 136.99914685024922 101
1694441950919 136.72717616286624 102
1694441950965 136.45576442159896 103
1694441951014 136.18491045335335 104
1694441951054 135.91461308754376 105
1694441951096 135.64487115608708 106
1694441951139 135.3756834933975 107
1694441951188 135.10704893638098 108
1694441951234 134.83896632442978 109
1694441951296 134.5714344994171 110
1694441951388 134.30445230569165 111
1694441951438 134.0380185900721 112
1694441951488 133.77213220184194 113
1694441951532 133.5067919927438 114
1694441951574 133.24199681697445 115
1694441951620 132.97774553117895 116
1694441951664 132.71403699444582 117
1694441951708 132.45087006830136 118
1694441951748 132.18824361670437 119
1694441951799 131.92615650604105 120
1694441951840 131.66460760511941 121
1694441951889 131.40359578516424 122
1694441951939 131.14311991981162 123
1694441951989 130.8831788851038 124
1694441952034 130.6237715594839 125
1694441952074 130.36489682379073 126
1694441952138 130.1065535612534 127
1694441952183 129.84874065748627 128
1694441952238 129.5914570004837 129
1694441952306 129.33470148061483 130
1694441952358 129.07847299061837 131
1694441952433 128.82277042559755 132
1694441952492 128.56759268301485 133
1694441952557 128.31293866268683 134
1694441952619 128.0588072667792 135
1694441952683 127.80519739980139 136
1694441952756 127.5521079686017 137
1694441952834 127.29953788236207 138
1694441952891 127.04748605259303 139
1694441952942 126.7959513931286 140
1694441952986 126.54493282012126 141
1694441953036 126.29442925203685 142
1694441953073 126.04443960964953 143
1694441953114 125.79496281603689 144
1694441953170 125.54599779657462 145
1694441953227 125.29754347893186 146
1694441953274 125.0495987930659 147
1694441953326 124.80216267121742 148
1694441953391 124.55523404790537 149
1694441953441 124.30881185992207 150
1694441953493 124.06289504632822 151
1694441953552 123.81748254844801 152
1694441953606 123.57257330986417 153
1694441953648 123.32816627641294 154
1694441953683 123.0842603961794 155
1694441953720 122.84085461949229 156
1694441953772 122.59794789891939 157
1694441953821 122.35553918926243 158
1694441953872 122.11362744755233 159
1694441953911 121.87221163304434 160
1694441953975 121.63129070721321 161
1694441954024 121.39086363374828 162
1694441954071 121.15092937854872 163
1694441954124 120.91148690971875 164
1694441954166 120.67253519756274 165
1694441954204 120.43407321458054 166
1694441954250 120.19609993546254 167
1694441954289 119.95861433708517 168
1694441954334 119.72161539850582 169
1694441954380 119.48510210095827 170
1694441954422 119.24907342784805 171
1694441954472 119.01352836474743 172
1694441954525 118.77846589939101 173
1694441954575 118.54388502167079 174
1694441954634 118.30978472363162 175
1694441954686 118.0761639994664 176
1694441954748 117.84302184551156 177
1694441954812 117.6103572602422 178
1694441954867 117.37816924426758 179
1694441954913 117.1464568003265 180
1694441954967 116.91521893328255 181
1694441955018 116.68445465011955 182
1694441955082 116.45416295993694 183
1694441955130 116.22434287394523 184
1694441955175 115.9949934054613 185
1694441955223 115.76611356990388 186
1694441955264 115.53770238478904 187
1694441955315 115.3097588697255 188
1694441955363 115.08228204641021 189
1694441955434 114.85527093862369 190
1694441955487 114.62872457222561 191
1694441955534 114.40264197515022 192
1694441955607 114.17702217740184 193
1694441955664 113.95186421105038 194
1694441955717 113.72716711022684 195
1694441955775 113.50292991111877 196
1694441955870 113.27915165196599 197
1694441955951 113.05583137305588 198
1694441955991 112.83296811671913 199
1694441956032 112.61056092732521 200
1694441956074 112.38860885127794 201
1694441956123 112.16711093701113 202
1694441956169 111.94606623498409 203
1694441956219 111.72547379767731 204
1694441956258 111.50533267958802 205
1694441956298 111.2856419372258 206
1694441956334 111.0664006291083 207
1694441956371 110.84760781575675 208
1694441956408 110.6292625596917 209
1694441956449 110.41136392542863 210
1694441956491 110.1939109794737 211
1694441956538 109.97690279031933 212
1694441956587 109.76033842843995 213
1694441956631 109.54421696628766 214
1694441956671 109.32853747828797 215
1694441956722 109.11329904083554 216
1694441956772 108.89850073228978 217
1694441956831 108.68414163297075 218
1694441956891 108.47022082515481 219
1694441956956 108.25673739307044 220
1694441957004 108.0436904228939 221
1694441957059 107.83107900274511 222
1694441957105 107.61890222268339 223
1694441957160 107.40715917470322 224
1694441957209 107.19584895273013 225
1694441957263 106.98497065261641 226
1694441957308 106.77452337213701 227
1694441957364 106.56450621098531 228
1694441957403 106.35491827076908 229
1694441957454 106.14575865500609 230
1694441957499 105.93702646912026 231
1694441957547 105.7287208204373 232
1694441957592 105.5208408181807 233
1694441957645 105.31338557346758 234
1694441957680 105.1063541993046 235
1694441957723 104.89974581058388 236
1694441957779 104.69355952407884 237
1694441957833 104.48779445844019 238
1694441957883 104.28244973419186 239
1694441957924 104.0775244737269 240
1694441957971 103.87301780130348 241
1694441958014 103.66892884304083 242
1694441958058 103.46525672691513 243
1694441958108 103.26200058275565 244
1694441958161 103.05915954224058 245
1694441958213 102.8567327388931 246
1694441958270 102.65471930807735 247
1694441958328 102.4531183869945 248
1694441958406 102.25192911467873 249
1694441958455 102.05115063199322 250
1694441958501 101.85078208162626 251
1694441958554 101.65082260808727 252
1694441958590 101.45127135770284 253
1694441958646 101.25212747861279 254
1694441958683 101.05339012076634 255
1694441958731 100.85505843591801 256
1694441958781 100.65713157762393 257
1694441958831 100.45960870123771 258
1694441958885 100.26248896390676 259
1694441958945 100.06577152456825 260
1694441958992 99.86945554394534 261
1694441959053 99.67354018454323 262
1694441959103 99.47802461064538 263
1694441959154 99.28290798830959 264
1694441959202 99.08818948536423 265
1694441959256 98.89386827140439 266
1694441959309 98.699943517788 267
1694441959358 98.50641439763206 268
1694441959405 98.31328008580888 269
1694441959456 98.12053975894219 270
1694441959495 97.92819259540337 271
1694441959535 97.73623777530777 272
1694441959571 97.54467448051084 273
1694441959613 97.3535018946043 274
1694441959662 97.16271920291263 275
1694441959702 96.97232559248903 276
1694441959746 96.78232025211186 277
1694441959798 96.59270237228088 278
1694441959852 96.40347114521354 279
1694441959900 96.21462576484119 280
1694441959940 96.0261654268054 281
1694441959983 95.83808932845439 282
1694441960032 95.65039666883912 283
1694441960071 95.46308664870982 284
1694441960123 95.27615847051213 285
1694441960202 95.0896113383836 286
1694441960239 94.90344445814996 287
1694441960309 94.71765703732144 288
1694441960371 94.53224828508917 289
1694441960448 94.3472174123215 290
1694441960489 94.16256363156052 291
1694441960539 93.97828615701819 292
1694441960588 93.79438420457303 293
1694441960641 93.61085699176625 294
1694441960694 93.42770373779835 295
1694441960749 93.2449236635254 296
1694441960794 93.0625159914556 297
1694441960851 92.88047994574555 298
1694441960901 92.69881475219685 299
1694441960953 92.51751963825244 300
1694441960998 92.33659383299307 301
1694441961051 92.15603656713381 302
1694441961100 91.97584707302045 303
1694441961178 91.79602458462608 304
1694441961251 91.61656833754743 305
1694441961304 91.43747756900157 306
1694441961347 91.25875151782218 307
1694441961388 91.08038942445621 308
1694441961448 90.90239053096035 309
1694441961558 90.7247540809976 310
1694441961621 90.54747931983368 311
1694441961691 90.37056549433375 312
1694441961752 90.1940118529588 313
1694441961815 90.01781764576229 314
1694441961866 89.8419821243867 315
1694441961958 89.6665045420601 316
1694441962049 89.49138415359266 317
1694441962100 89.31662021537335 318
1694441962143 89.1422119853665 319
1694441962181 88.96815872310833 320
1694441962228 88.79445968970363 321
1694441962271 88.62111414782234 322
1694441962321 88.44812136169624 323
1694441962369 88.27548059711545 324
1694441962421 88.10319112142521 325
1694441962470 87.93125220352248 326
1694441962516 87.7596631138525 327
1694441962559 87.58842312440555 328
1694441962615 87.41753150871368 329
1694441962677 87.24698754184719 330
1694441962733 87.07679050041148 331
1694441962787 86.9069396625437 332
1694441962847 86.73743430790938 333
1694441962890 86.5682737176992 334
1694441962943 86.3994571746257 335
1694441962982 86.23098396292 336
1694441963039 86.0628533683285 337
1694441963086 85.8950646781096 338
1694441963142 85.72761718103054 339
1694441963183 85.56051016736396 340
1694441963243 85.3937429288849 341
1694441963285 85.22731475886732 342
1694441963332 85.06122495208108 343
1694441963386 84.89547280478854 344
1694441963432 84.73005761474144 345
1694441963486 84.56497868117775 346
1694441963537 84.40023530481825 347
1694441963598 84.2358267878636 348
1694441963646 84.071752433991 349
1694441963726 83.90801154835097 350
1694441963787 83.74460343756435 351
1694441963836 83.58152740971893 352
1694441963891 83.41878277436648 353
1694441963957 83.25636884251941 354
1694441964006 83.09428492664776 355
1694441964059 82.93253034067602 356
1694441964116 82.77110439998 357
1694441964172 82.61000642138372 358
1694441964219 82.4492357231562 359
1694441964265 82.28879162500853 360
1694441964317 82.12867344809054 361
1694441964385 81.96888051498789 362
1694441964431 81.80941214971891 363
1694441964480 81.65026767773148 364
1694441964524 81.49144642590001 365
1694441964573 81.33294772252232 366
1694441964635 81.17477089731663 367
1694441964716 81.01691528141848 368
1694441964777 80.85938020737763 369
1694441964825 80.70216500915511 370
1694441964887 80.54526902212007 371
1694441964938 80.38869158304689 372
1694441964988 80.23243203011202 373
1694441965064 80.07648970289108 374
1694441965156 79.92086394235572 375
1694441965241 79.76555409087076 376
1694441965288 79.61055949219107 377
1694441965331 79.45587949145866 378
1694441965375 79.30151343519962 379
1694441965417 79.14746067132126 380
1694441965468 78.99372054910904 381
1694441965508 78.84029241922359 382
1694441965553 78.68717563369789 383
1694441965624 78.53436954593411 384
1694441965701 78.38187351070093 385
1694441965774 78.22968688413029 386
1694441965825 78.07780902371474 387
1694441965875 77.92623928830433 388
1694441965929 77.77497703810378 389
1694441965969 77.62402163466956 390
1694441966033 77.47337244090696 391
1694441966085 77.3230288210672 392
1694441966139 77.17299014074449 393
1694441966213 77.02325576687325 394
1694441966275 76.87382506772511 395
1694441966340 76.72469741290621 396
1694441966402 76.57587217335404 397
1694441966455 76.42734872133491 398
1694441966515 76.27912643044084 399
1694441966572 76.13120467558687 400
1694441966609 75.98358283300813 401
1694441966644 75.83626028025701 402
1694441966685 75.68923639620039 403
1694441966719 75.54251056101677 404
1694441966753 75.3960821561934 405
1694441966787 75.24995056452363 406
1694441966826 75.10411517010388 407
1694441966866 74.95857535833105 408
1694441966908 74.81333051589964 409
1694441966958 74.66838003079889 410
1694441967016 74.52372329231011 411
1694441967059 74.37935969100388 412
1694441967104 74.23528861873729 413
1694441967151 74.09150946865103 414
1694441967196 73.94802163516687 415
1694441967244 73.80482451398478 416
1694441967295 73.6619175020802 417
1694441967348 73.51929999770125 418
1694441967395 73.37697140036613 419
1694441967453 73.23493111086024 420
1694441967497 73.09317853123362 421
1694441967549 72.951713064798 422
1694441967586 72.81053411612443 423
1694441967629 72.66964109104025 424
1694441967665 72.52903339662656 425
1694441967708 72.38871044121552 426
1694441967760 72.24867163438765 427
1694441967815 72.10891638696913 428
1694441967863 71.96944411102913 429
1694441967909 71.83025421987718 430
1694441967995 71.69134612806043 431
1694441968062 71.55271925136114 432
1694441968108 71.41437300679388 433
1694441968153 71.27630681260293 434
1694441968204 71.13852008825968 435
1694441968242 71.00101225446001 436
1694441968286 70.86378273312152 437
1694441968338 70.72683094738113 438
1694441968390 70.59015632159229 439
1694441968441 70.45375828132244 440
1694441968483 70.31763625335043 441
1694441968520 70.18178966566379 442
1694441968568 70.04631199547994 443
1694441968616 69.91110814660884 444
1694441968668 69.77617755267643 445
1694441968760 69.64151964849923 446
1694441968803 69.50713387008172 447
1694441968848 69.37301965461377 448
1694441968890 69.23917644046823 449
1694441968949 69.10560366719828 450
1694441968990 68.97230077553499 451
1694441969059 68.83926720738478 452
1694441969102 68.7065024058269 453
1694441969144 68.57400581511098 454
1694441969181 68.44177688065446 455
1694441969220 68.30981504904017 456
1694441969260 68.17811976801383 457
1694441969321 68.0466904864815 458
1694441969437 67.91552665450719 459
1694441969487 67.78462772331036 460
1694441969546 67.65399314526347 461
1694441969597 67.52362237388947 462
1694441969648 67.39351486385941 463
1694441969705 67.26367007098999 464
1694441969752 67.13408745224105 465
1694441969814 67.00476646571319 466
1694441969863 66.87570657064536 467
1694441969905 66.74690722741235 468
1694441969947 66.61836789752248 469
1694441969989 66.49008804361505 470
1694441970024 66.36206712945804 471
1694441970074 66.23430461994569 472
1694441970109 66.10679998109602 473
1694441970152 65.97955268004856 474
1694441970213 65.85256218506179 475
1694441970258 65.72582796551094 476
1694441970304 65.59934949188553 477
1694441970342 65.47312623578695 478
1694441970390 65.34715766992615 479
1694441970435 65.22144326812123 480
1694441970473 65.09598250529517 481
1694441970513 64.97077485747337 482
1694441970559 64.84581980178135 483
1694441970616 64.72111681644239 484
1694441970670 64.59666538077528 485
1694441970709 64.47246497519183 486
1694441970759 64.34851508119462 487
1694441970822 64.22481518137477 488
1694441970871 64.1013647594094 489
1694441970912 63.97816330005959 490
1694441970957 63.8552102891678 491
1694441971019 63.73250521365579 492
1694441971059 63.61004756152217 493
1694441971107 63.48783682184018 494
1694441971153 63.36587248475539 495
1694441971191 63.244154041483434 496
1694441971242 63.12268098430766 497
1694441971291 63.00145280657696 498
1694441971342 62.88046900270339 499
