1694445402833 0.0 0
1694445403120 0.0 1
1694445403405 0.0 2
1694445403726 0.0 3
1694445404023 0.0 4
1694445404288 0.0 5
1694445404558 0.0 6
1694445404825 0.0 7
1694445405088 0.0 8
1694445405353 0.0 9
1694445405617 0.0 10
1694445405900 0.0 11
1694445406152 0.0 12
1694445406409 0.0 13
1694445406663 0.0 14
1694445406938 0.0 15
1694445407235 0.0 16
1694445407528 0.0 17
1694445407772 0.0 18
1694445408051 0.0 19
1694445408296 0.0 20
1694445408583 0.0 21
1694445408896 0.0 22
1694445409158 0.0 23
1694445409425 0.0 24
1694445409680 0.0 25
1694445409939 0.0 26
1694445410194 0.0 27
1694445410468 0.0 28
1694445410738 0.0 29
1694445411016 0.0 30
1694445411276 0.0 31
1694445411544 0.0 32
1694445411812 0.0 33
1694445412083 0.0 34
1694445412345 0.0 35
1694445412585 0.0 36
1694445412871 0.0 37
1694445413135 0.0 38
1694445413391 0.0 39
1694445413641 0.0 40
1694445413905 0.0 41
1694445414161 0.0 42
1694445414438 0.0 43
1694445414705 0.0 44
1694445414953 0.0 45
1694445415201 0.0 46
1694445415457 0.0 47
1694445415718 0.0 48
1694445415977 0.0 49
1694445416228 0.0 50
1694445416487 0.0 51
1694445416756 0.0 52
1694445416996 0.0 53
1694445417218 0.0 54
1694445417457 0.0 55
1694445417683 0.0 56
1694445417916 0.0 57
1694445418173 0.0 58
1694445418428 0.0 59
1694445418670 0.0 60
1694445418921 0.0 61
1694445419176 0.0 62
1694445419429 0.0 63
1694445419673 0.0 64
1694445419908 0.0 65
1694445420152 0.0 66
1694445420431 0.0 67
1694445420671 0.0 68
1694445420899 0.0 69
1694445421141 0.0 70
1694445421400 0.0 71
1694445421644 0.0 72
1694445421893 0.0 73
1694445422181 0.0 74
1694445422463 0.0 75
1694445422750 0.0 76
1694445423015 0.0 77
1694445423257 0.0 78
1694445423539 0.0 79
1694445423796 0.0 80
1694445424053 0.0 81
1694445424318 0.0 82
1694445424588 0.0 83
1694445424840 0.0 84
1694445425099 0.0 85
1694445425338 0.0 86
1694445425574 0.0 87
1694445425826 0.0 88
1694445426066 0.0 89
1694445426298 0.0 90
1694445426539 0.0 91
1694445426768 0.0 92
1694445426995 0.0 93
1694445427228 0.0 94
1694445427469 0.0 95
1694445427691 0.0 96
1694445427940 0.0 97
1694445428205 0.0 98
1694445428458 0.0 99
1694445428681 0.0 100
1694445428931 0.0 101
1694445429153 0.0 102
1694445429382 0.0 103
1694445429614 0.0 104
1694445429838 0.0 105
1694445430075 0.0 106
1694445430301 0.0 107
1694445430571 0.0 108
1694445430830 0.0 109
1694445431078 0.0 110
1694445431320 0.0 111
1694445431551 0.0 112
1694445431806 0.0 113
1694445432061 0.0 114
1694445432314 0.0 115
1694445432576 0.0 116
1694445432835 0.0 117
1694445433090 0.0 118
1694445433355 0.0 119
1694445433625 0.0 120
1694445433865 0.0 121
1694445434094 0.0 122
1694445434324 0.0 123
1694445434571 0.0 124
1694445434814 0.0 125
1694445435075 0.0 126
1694445435298 0.0 127
1694445435547 0.0 128
1694445435790 0.0 129
1694445436027 0.0 130
1694445436269 0.0 131
1694445436524 0.0 132
1694445436776 0.0 133
1694445437049 0.0 134
1694445437313 0.0 135
1694445437592 0.0 136
1694445437860 0.0 137
1694445438116 0.0 138
1694445438362 0.0 139
1694445438619 0.0 140
1694445438899 0.0 141
1694445439175 0.0 142
1694445439444 0.0 143
1694445439713 0.0 144
1694445439964 0.0 145
1694445440220 0.0 146
1694445440503 0.0 147
1694445440752 0.0 148
1694445441012 0.0 149
1694445441241 0.0 150
1694445441496 0.0 151
1694445441774 0.0 152
1694445442022 0.0 153
1694445442284 0.0 154
1694445442559 0.0 155
1694445442819 0.0 156
1694445443098 0.0 157
1694445443370 0.0 158
1694445443634 0.0 159
1694445443896 0.0 160
1694445444152 0.0 161
1694445444394 0.0 162
1694445444650 0.0 163
1694445444916 0.0 164
1694445445159 0.0 165
1694445445383 0.0 166
1694445445618 0.0 167
1694445445861 0.0 168
1694445446085 0.0 169
1694445446336 0.0 170
1694445446582 0.0 171
1694445446845 0.0 172
1694445447106 0.0 173
1694445447378 0.0 174
1694445447606 0.0 175
1694445447837 0.0 176
1694445448085 0.0 177
1694445448338 0.0 178
1694445448598 0.0 179
1694445448825 0.0 180
1694445449058 0.0 181
1694445449291 0.0 182
1694445449522 0.0 183
1694445449768 0.0 184
1694445450010 0.0 185
1694445450229 0.0 186
1694445450460 0.0 187
1694445450713 0.0 188
1694445450967 0.0 189
1694445451239 0.0 190
1694445451523 0.0 191
1694445451774 0.0 192
1694445452025 0.0 193
1694445452281 0.0 194
1694445452556 0.0 195
1694445452830 0.0 196
1694445453140 0.0 197
1694445453388 0.0 198
1694445453665 0.0 199
1694445453904 0.0 200
1694445454198 0.0 201
1694445454469 0.0 202
1694445454744 0.0 203
1694445455028 0.0 204
1694445455331 0.0 205
1694445455590 0.0 206
1694445455885 0.0 207
1694445456141 0.0 208
1694445456396 0.0 209
1694445456684 0.0 210
1694445456930 0.0 211
1694445457177 0.0 212
1694445457444 0.0 213
1694445457719 0.0 214
1694445457965 0.0 215
1694445458254 0.0 216
1694445458530 0.0 217
1694445458794 0.0 218
1694445459049 0.0 219
1694445459301 0.0 220
1694445459570 0.0 221
1694445459832 0.0 222
1694445460093 0.0 223
1694445460351 0.0 224
1694445460607 0.0 225
1694445460878 0.0 226
1694445461137 0.0 227
1694445461393 0.0 228
1694445461623 0.0 229
1694445461861 0.0 230
1694445462109 0.0 231
1694445462372 0.0 232
1694445462625 0.0 233
1694445462861 0.0 234
1694445463112 0.0 235
1694445463334 0.0 236
1694445463569 0.0 237
1694445463796 0.0 238
1694445464047 0.0 239
1694445464291 0.0 240
1694445464544 0.0 241
1694445464805 0.0 242
1694445465027 0.0 243
1694445465259 0.0 244
1694445465501 0.0 245
1694445465723 0.0 246
1694445465995 0.0 247
1694445466241 0.0 248
1694445466511 0.0 249
1694445466788 0.0 250
1694445467068 0.0 251
1694445467347 0.0 252
1694445467622 0.0 253
1694445467880 0.0 254
1694445468137 0.0 255
1694445468399 0.0 256
1694445468639 0.0 257
1694445468882 0.0 258
1694445469128 0.0 259
1694445469380 0.0 260
1694445469636 0.0 261
1694445469897 0.0 262
1694445470173 0.0 263
1694445470429 0.0 264
1694445470683 0.0 265
1694445470948 0.0 266
1694445471207 0.0 267
1694445471468 0.0 268
1694445471710 0.0 269
1694445471964 0.0 270
1694445472216 0.0 271
1694445472465 0.0 272
1694445472694 0.0 273
1694445472928 0.0 274
1694445473176 0.0 275
1694445473442 0.0 276
1694445473693 0.0 277
1694445473980 0.0 278
1694445474261 0.0 279
1694445474523 0.0 280
1694445474789 0.0 281
1694445475053 0.0 282
1694445475316 0.0 283
1694445475584 0.0 284
1694445475845 0.0 285
1694445476117 0.0 286
1694445476381 0.0 287
1694445476646 0.0 288
1694445476905 0.0 289
1694445477158 0.0 290
1694445477430 0.0 291
1694445477695 0.0 292
1694445477947 0.0 293
1694445478198 0.0 294
1694445478478 0.0 295
1694445478726 0.0 296
1694445478977 0.0 297
1694445479253 0.0 298
1694445479518 0.0 299
1694445479757 0.0 300
1694445479990 0.0 301
1694445480227 0.0 302
1694445480458 0.0 303
1694445480681 0.0 304
1694445480931 0.0 305
1694445481177 0.0 306
1694445481406 0.0 307
1694445481637 0.0 308
1694445481895 0.0 309
1694445482178 0.0 310
1694445482428 0.0 311
1694445482690 0.0 312
1694445482957 0.0 313
1694445483199 0.0 314
1694445483455 0.0 315
1694445483697 0.0 316
1694445483940 0.0 317
1694445484205 0.0 318
1694445484490 0.0 319
1694445484758 0.0 320
1694445485019 0.0 321
1694445485286 0.0 322
1694445485531 0.0 323
1694445485792 0.0 324
1694445486069 0.0 325
1694445486327 0.0 326
1694445486590 0.0 327
1694445486833 0.0 328
1694445487086 0.0 329
1694445487367 0.0 330
1694445487629 0.0 331
1694445487879 0.0 332
1694445488136 0.0 333
1694445488400 0.0 334
1694445488652 0.0 335
1694445488895 0.0 336
1694445489166 0.0 337
1694445489421 0.0 338
1694445489680 0.0 339
1694445489922 0.0 340
1694445490165 0.0 341
1694445490418 0.0 342
1694445490668 0.0 343
1694445490927 0.0 344
1694445491182 0.0 345
1694445491445 0.0 346
1694445491701 0.0 347
1694445491986 0.0 348
1694445492270 0.0 349
1694445492558 0.0 350
1694445492805 0.0 351
1694445493054 0.0 352
1694445493341 0.0 353
1694445493645 0.0 354
1694445493909 0.0 355
1694445494181 0.0 356
1694445494445 0.0 357
1694445494713 0.0 358
1694445494968 0.0 359
1694445495221 0.0 360
1694445495490 0.0 361
1694445495742 0.0 362
1694445496002 0.0 363
1694445496276 0.0 364
1694445496529 0.0 365
1694445496784 0.0 366
1694445497037 0.0 367
1694445497286 0.0 368
1694445497531 0.0 369
1694445497767 0.0 370
1694445498013 0.0 371
1694445498261 0.0 372
1694445498498 0.0 373
1694445498761 0.0 374
1694445499025 0.0 375
1694445499273 0.0 376
1694445499515 0.0 377
1694445499745 0.0 378
1694445499987 0.0 379
1694445500238 0.0 380
1694445500505 0.0 381
1694445500787 0.0 382
1694445501037 0.0 383
1694445501302 0.0 384
1694445501551 0.0 385
1694445501780 0.0 386
1694445502011 0.0 387
1694445502275 0.0 388
1694445502542 0.0 389
1694445502824 0.0 390
1694445503092 0.0 391
1694445503348 0.0 392
1694445503643 0.0 393
1694445503892 0.0 394
1694445504161 0.0 395
1694445504429 0.0 396
1694445504699 0.0 397
1694445504969 0.0 398
1694445505256 0.0 399
1694445505535 0.0 400
1694445505816 0.0 401
1694445506078 0.0 402
1694445506330 0.0 403
1694445506585 0.0 404
1694445506826 0.0 405
1694445507070 0.0 406
1694445507315 0.0 407
1694445507568 0.0 408
1694445507811 0.0 409
1694445508094 0.0 410
1694445508387 0.0 411
1694445508641 0.0 412
1694445508884 0.0 413
1694445509147 0.0 414
1694445509396 0.0 415
1694445509649 0.0 416
1694445509883 0.0 417
1694445510099 0.0 418
1694445510319 0.0 419
1694445510567 0.0 420
1694445510797 0.0 421
1694445511038 0.0 422
1694445511302 0.0 423
1694445511556 0.0 424
1694445511827 0.0 425
1694445512079 0.0 426
1694445512330 0.0 427
1694445512576 0.0 428
1694445512820 0.0 429
1694445513059 0.0 430
1694445513338 0.0 431
1694445513603 0.0 432
1694445513872 0.0 433
1694445514146 0.0 434
1694445514396 0.0 435
1694445514657 0.0 436
1694445514905 0.0 437
1694445515175 0.0 438
1694445515457 0.0 439
1694445515715 0.0 440
1694445516002 0.0 441
1694445516250 0.0 442
1694445516520 0.0 443
1694445516789 0.0 444
1694445517058 0.0 445
1694445517309 0.0 446
1694445517587 0.0 447
1694445517834 0.0 448
1694445518105 0.0 449
1694445518375 0.0 450
1694445518624 0.0 451
1694445518866 0.0 452
1694445519110 0.0 453
1694445519382 0.0 454
1694445519627 0.0 455
1694445519932 0.0 456
1694445520211 0.0 457
1694445520469 0.0 458
1694445520722 0.0 459
1694445520980 0.0 460
1694445521238 0.0 461
1694445521521 0.0 462
1694445521776 0.0 463
1694445522024 0.0 464
1694445522279 0.0 465
1694445522568 0.0 466
1694445522830 0.0 467
1694445523108 0.0 468
1694445523378 0.0 469
1694445523704 0.0 470
1694445523962 0.0 471
1694445524202 0.0 472
1694445524455 0.0 473
1694445524715 0.0 474
1694445524979 0.0 475
1694445525242 0.0 476
1694445525514 0.0 477
1694445525778 0.0 478
1694445526046 0.0 479
1694445526301 0.0 480
1694445526546 0.0 481
1694445526806 0.0 482
1694445527077 0.0 483
1694445527330 0.0 484
1694445527582 0.0 485
1694445527906 0.0 486
1694445528189 0.0 487
1694445528461 0.0 488
1694445528698 0.0 489
1694445528948 0.0 490
1694445529195 0.0 491
1694445529446 0.0 492
1694445529696 0.0 493
1694445529947 0.0 494
1694445530199 0.0 495
1694445530475 0.0 496
1694445530720 0.0 497
1694445531003 0.0 498
1694445531275 0.0 499
