1694439087955 167.01546195438377 0
1694439087995 163.70512770349768 1
1694439088027 160.46082573455652 2
1694439088061 157.28123230092984 3
1694439088102 154.16505035282515 4
1694439088163 151.11100899414532 5
1694439088214 148.11786295054952 6
1694439088264 145.18439204847922 7
1694439088296 142.30940070492068 8
1694439088334 139.4917174276759 9
1694439088365 136.73019432592287 10
1694439088396 134.02370663084758 11
1694439088430 131.3711522261371 12
1694439088465 128.7714511881262 13
1694439088498 126.22354533539563 14
1694439088527 123.72639778762358 15
1694439088559 121.27899253349663 16
1694439088595 118.88033400749075 17
1694439088626 116.5294466753363 18
1694439088657 114.22537462798633 19
1694439088700 111.96718118390963 20
1694439088748 109.75394849953554 21
1694439088791 107.58477718767959 22
1694439088830 105.45878594378435 23
1694439088898 103.37511117981217 24
1694439088967 101.33290666563052 25
1694439089032 99.33134317773374 26
1694439089082 97.36960815514917 27
1694439089159 95.44690536237755 28
1694439089217 93.56245455922189 29
1694439089290 91.71549117736186 30
1694439089370 89.9052660035333 31
1694439089427 88.1310448691761 32
1694439089469 86.39210834641601 33
1694439089514 84.68775145024968 34
1694439089548 83.01728334680358 35
1694439089579 81.38002706754186 36
1694439089612 79.7753192292995 37
1694439089645 78.20250976002055 38
1694439089678 76.6609616300832 39
1694439089708 75.15005058909672 40
1694439089744 73.66916490805676 41
1694439089775 72.21770512674854 42
1694439089807 70.79508380628998 43
1694439089843 69.40072528670807 44
1694439089873 68.0340654494455 45
1694439089906 66.69695520551147 46
1694439089944 65.38635883349609 47
1694439089973 64.10174816219619 48
1694439090005 62.84260558311709 49
1694439090034 61.608423838275826 50
1694439090071 60.39870581229517 51
1694439090102 59.21296432870038 52
1694439090132 58.05072195033322 53
1694439090161 56.91151078379891 54
1694439090200 55.79487228786403 55
1694439090232 54.70035708572445 56
1694439090273 53.627524781064665 57
1694439090310 52.57594377783097 58
1694439090350 51.54519110364307 59
1694439090384 50.534852236769744 60
1694439090416 49.54452093659619 61
1694439090455 48.57379907751175 62
1694439090485 47.62229648614859 63
1694439090523 46.68963078190301 64
1694439090562 45.775427220672704 65
1694439090598 44.87931854174441 66
1694439090630 44.00094481776819 67
1694439090667 43.13995330775525 68
1694439090711 42.295998313038076 69
1694439090750 41.46874103613278 70
1694439090808 40.65784944244445 71
1694439090865 39.86299812475802 72
1694439090908 39.083868170458 73
1694439090946 38.32014703142172 74
1694439090981 37.571528396531896 75
1694439091023 36.837712066755266 76
1694439091059 36.11840383273539 77
1694439091094 35.413315354848656 78
1694439091133 34.72216404567331 79
1694439091183 34.04467295482307 80
1694439091250 33.38057065609695 81
1694439091296 32.72959113689875 82
1694439091328 32.09147368987996 83
1694439091364 31.46596280676138 84
1694439091406 30.852808074288983 85
1694439091448 30.251764072281205 86
1694439091480 29.662590273725097 87
1694439091517 29.085050946880024 88
1694439091556 28.51891505934823 89
1694439091584 27.96395618407257 90
1694439091617 27.419952407222436 91
1694439091656 26.8866862379297 92
1694439091685 26.363944519837286 93
1694439091717 25.851518344423813 94
1694439091756 25.349202966068308 95
1694439091797 24.856797718820054 96
1694439091832 24.374105934838894 97
1694439091871 23.900934864472536 98
1694439091901 23.43709559793754 99
1694439091938 22.98240298857193 100
1694439091972 22.536675577627424 101
1694439092007 22.099735520570466 102
1694439092041 21.671408514861493 103
1694439092073 21.251523729182626 104
1694439092107 20.83991373408474 105
1694439092145 20.436414434025057 106
1694439092179 20.04086500076745 107
1694439092214 19.65310780811787 108
1694439092251 19.27298836796809 109
1694439092285 18.90035526762125 110
1694439092318 18.535060108373656 111
1694439092346 18.17695744532726 112
1694439092376 17.825904728408172 113
1694439092406 17.481762244566955 114
1694439092435 17.14439306113677 115
1694439092465 16.813900209778332 116
1694439092498 16.48966987894264 117
1694439092528 16.172054566569248 118
1694439092560 15.860687397347897 119
1694439092592 15.555444646051278 120
1694439092622 15.256205045936682 121
1694439092652 14.96260048318278 122
1694439092690 14.675013349139634 123
1694439092724 14.3930798943756 124
1694439092759 14.11668820351795 125
1694439092789 13.845728584623226 126
1694439092822 13.5798361739109 127
1694439092859 13.319420895866376 128
1694439092891 13.064121573470272 129
1694439092918 12.813836971920658 130
1694439092946 12.568467867288907 131
1694439092979 12.32791700649465 132
1694439093011 12.0918212290678 133
1694439093042 11.860623683141988 134
1694439093080 11.633964108705868 135
1694439093122 11.411752748973148 136
1694439093159 11.193901629624477 137
1694439093191 10.9803245233327 138
1694439093230 10.770659464081275 139
1694439093272 10.565379693648199 140
1694439093300 10.364125435676273 141
1694439093330 10.16681710756271 142
1694439093362 9.973376706739137 143
1694439093391 9.783727779229269 144
1694439093425 9.597795388833136 145
1694439093461 9.415217204748762 146
1694439093493 9.23650051458215 147
1694439093526 9.061284395954258 148
1694439093562 8.889499685478306 149
1694439093595 8.721078592520065 150
1694439093629 8.555954671884452 151
1694439093660 8.394062797046326 152
1694439093692 8.235039964194929 153
1694439093725 8.079423768176431 154
1694439093760 7.92685191841259 155
1694439093791 7.777264303820055 156
1694439093822 7.630602006012366 157
1694439093852 7.486807275572738 158
1694439093882 7.345823508799619 159
1694439093914 7.207595224915535 160
1694439093945 7.071757335991823 161
1694439093974 6.938880130954563 162
1694439094010 6.80859850165692 163
1694439094040 6.680861238217262 164
1694439094068 6.5556181464314935 165
1694439094100 6.432820027571319 166
1694439094129 6.312418658585022 167
1694439094162 6.194366772692628 168
1694439094191 6.078618040367692 169
1694439094233 5.964804056720335 170
1694439094274 5.8535288557743455 171
1694439094310 5.744423267628706 172
1694439094348 5.637444527469707 173
1694439094392 5.53255071825027 174
1694439094423 5.429700753831958 175
1694439094460 5.328854362462868 176
1694439094494 5.2299720705846084 177
1694439094527 5.133015186961828 178
1694439094560 5.037945787127888 179
1694439094589 4.944726698140349 180
1694439094622 4.853321483640088 181
1694439094660 4.763355174849584 182
1694439094691 4.675474342774646 183
1694439094725 4.589302345592242 184
1694439094760 4.5048055485164085 185
1694439094790 4.421950983047179 186
1694439094822 4.34070633372627 187
1694439094864 4.261039925156572 188
1694439094912 4.1829207092801655 189
1694439094964 4.1063182529096895 190
1694439094999 4.031202725508056 191
1694439095034 3.9575448872115304 192
1694439095068 3.8853160770912862 193
1694439095098 3.8144882016487798 194
1694439095130 3.745033723540158 195
1694439095164 3.6765698454870948 196
1694439095198 3.609785323125734 197
1694439095234 3.5442947938422167 198
1694439095268 3.4800728357626776 199
1694439095301 3.41709453011907 200
1694439095338 3.3553354512533993 201
1694439095379 3.294771656821041 202
1694439095414 3.2353796781891004 203
1694439095446 3.1771365110259704 204
1694439095477 3.120019606078251 205
1694439095511 3.0640068601312973 206
1694439095541 3.0090766071497486 207
1694439095572 2.955207609594438 208
1694439095611 2.902379049912158 209
1694439095645 2.8505705221948583 210
1694439095679 2.799762024004879 211
1694439095712 2.749933948362905 212
1694439095744 2.7010670758954283 213
1694439095776 2.653142567138496 214
1694439095811 2.606141954994663 215
1694439095844 2.5600471373400815 216
1694439095878 2.5148403697787067 217
1694439095909 2.470504258540762 218
1694439095940 2.4270217535225047 219
1694439095968 2.3843761414645144 220
1694439095997 2.3421687053181297 221
1694439096061 2.301152533046615 222
1694439096100 2.260925024145434 223
1694439096150 2.2214707470759483 224
1694439096210 2.1827745750473233 225
1694439096260 2.144821679968487 226
1694439096292 2.1075975265204403 227
1694439096333 2.071087866346558 228
1694439096377 2.035278732358476 229
1694439096426 2.000156433155303 230
1694439096475 1.9657075475538486 231
1694439096510 1.9319189192277226 232
1694439096551 1.8987776514530756 233
1694439096594 1.8662711019588782 234
1694439096641 1.8343868778796635 235
1694439096689 1.8031128308086743 236
1694439096729 1.7724370519494297 237
1694439096779 1.7423478673637265 238
1694439096816 1.7128338333141786 239
1694439096860 1.6838837316994046 240
1694439096897 1.655486565580011 241
1694439096941 1.6276315547935385 242
1694439096983 1.6003081316566719 243
1694439097018 1.573505936752873 244
1694439097059 1.5472148148038287 245
1694439097096 1.5214248106229848 246
1694439097131 1.4961261651495432 247
1694439097160 1.4713093115613416 248
1694439097194 1.4469648714650158 249
1694439097239 1.4230836511619116 250
1694439097268 1.399656637988252 251
1694439097301 1.3766749967280656 252
1694439097340 1.3541300660974287 253
1694439097378 1.3320133552986042 254
1694439097409 1.31031654064269 255
1694439097445 1.289031462239394 256
1694439097481 1.2681501207526165 257
1694439097509 1.247664674220524 258
1694439097542 1.2275674349388257 259
1694439097576 1.2078508664060008 260
1694439097607 1.188507580329237 261
1694439097646 1.1695303336898675 262
1694439097682 1.150912025867135 263
1694439097714 1.1326456958191138 264
1694439097748 1.1147245193196444 265
1694439097789 1.0971418062501717 266
1694439097829 1.0798909979454012 267
1694439097860 1.0629656645916845 268
1694439097897 1.0463595026771069 269
1694439097932 1.030066332492214 270
1694439097962 1.0140800956804061 271
1694439097997 0.998394852836995 272
1694439098032 0.9830047811559429 273
1694439098060 0.9679041721233456 274
1694439098097 0.9530874292567415 275
1694439098139 0.9385490658893123 276
1694439098168 0.9242837029980928 277
1694439098206 0.9102860670753087 278
1694439098245 0.8965509880419895 279
1694439098283 0.8830733972030178 280
1694439098318 0.8698483252427769 281
1694439098359 0.8568709002605996 282
1694439098394 0.8441363458452181 283
1694439098430 0.8316399791874617 284
1694439098463 0.8193772092303941 285
1694439098496 0.8073435348562021 286
1694439098530 0.7955345431090562 287
1694439098566 0.7839459074532644 288
1694439098606 0.7725733860659733 289
1694439098643 0.761412820163794 290
1694439098680 0.7504601323626023 291
1694439098709 0.7397113250699093 292
1694439098745 0.7291624789091372 293
1694439098780 0.7188097511751472 294
1694439098810 0.7086493743204331 295
1694439098848 0.6986776544713359 296
1694439098882 0.6888909699737107 297
1694439098916 0.679285769967429 298
1694439098949 0.6698585729891757 299
1694439098988 0.6606059656029656 300
1694439099030 0.6515246010578042 301
1694439099060 0.6426111979719953 302
1694439099096 0.6338625390435311 303
1694439099132 0.6252754697860681 304
1694439099166 0.6168468972899556 305
1694439099205 0.6085737890078531 306
1694439099242 0.6004531715644121 307
1694439099279 0.5924821295895665 308
1694439099310 0.5846578045749552 309
1694439099342 0.5769773937530088 310
1694439099376 0.5694381489982702 311
1694439099408 0.5620373757504892 312
1694439099439 0.5547724319590589 313
1694439099477 0.5476407270483777 314
1694439099514 0.5406397209037165 315
1694439099541 0.5337669228771897 316
1694439099575 0.5270198908134123 317
1694439099610 0.5203962300944778 318
1694439099643 0.5138935927038523 319
1694439099674 0.5075096763088077 320
1694439099706 0.5012422233610547 321
1694439099734 0.49508902021517137 322
1694439099773 0.48904789626450323 323
1694439099807 0.4831167230941838 324
1694439099840 0.4772934136509184 325
1694439099875 0.4715759214292254 326
1694439099907 0.4659622396737767 327
1694439099942 0.46045040059754905 328
1694439099973 0.4550384746154453 329
1694439100006 0.44972456959309204 330
1694439100041 0.44450683011051234 331
1694439100073 0.4393834367403748 332
1694439100107 0.4343526053405198 333
1694439100134 0.4294125863605091 334
1694439100167 0.4245616641618787 335
1694439100198 0.4197981563518552 336
1694439100228 0.4151204131302599 337
1694439100263 0.41052681664932617 338
1694439100296 0.40601578038619424 339
1694439100328 0.40158574852780937 340
1694439100365 0.3972351953679955 341
1694439100395 0.39296262471645804 342
1694439100424 0.3887665693194703 343
1694439100451 0.3846455902920149 344
1694439100482 0.3805982765611683 345
1694439100515 0.3766232443204756 346
1694439100545 0.372719136495129 347
1694439100577 0.3688846222177084 348
1694439100611 0.36511839631429327 349
1694439100642 0.3614191788007325 350
1694439100678 0.35778571438886736 351
1694439100709 0.35421677200252016 352
1694439100743 0.3507111443030381 353
1694439100779 0.3472676472242224 354
1694439100813 0.343885119516446 355
1694439100844 0.3405624222997717 356
1694439100879 0.33729843862590286 357
1694439100922 0.3340920730487882 358
1694439100964 0.33094225120370646 359
1694439101001 0.3278479193946661 360
1694439101031 0.3248080441899474 361
1694439101059 0.32182161202563886 362
1694439101094 0.31888762881699495 363
1694439101124 0.31600511957747185 364
1694439101157 0.3131731280452793 365
1694439101193 0.3103907163173083 366
1694439101224 0.30765696449027535 367
1694439101260 0.3049709703089623 368
1694439101301 0.30233184882138187 369
1694439101333 0.29973873204075707 370
1694439101363 0.29719076861416943 371
1694439101393 0.2946871234977371 372
1694439101422 0.2922269776382029 373
1694439101450 0.2898095276608061 374
1694439101483 0.287433985563301 375
1694439101515 0.28509957841601935 376
1694439101546 0.28280554806783664 377
1694439101579 0.2805511508579399 378
1694439101610 0.2783356573332746 379
1694439101643 0.27615835197156463 380
1694439101676 0.27401853290978456 381
1694439101706 0.27191551167798517 382
1694439101735 0.26984861293836804 383
1694439101765 0.26781717422948975 384
1694439101796 0.2658205457155144 385
1694439101826 0.2638580899403989 386
1694439101857 0.26192918158692247 387
1694439101889 0.26003320724045875 388
1694439101924 0.2581695651573983 389
1694439101958 0.2563376650381355 390
1694439101994 0.2545369278045145 391
1694439102025 0.25276678538166286 392
1694439102056 0.2510266804841142 393
1694439102084 0.2493160664061413 394
1694439102116 0.2476344068162123 395
1694439102146 0.24598117555549204 396
1694439102178 0.24435585644030544 397
1694439102210 0.24275794306848397 398
1694439102240 0.24118693862952062 399
1694439102273 0.23964235571846118 400
1694439102307 0.2381237161534473 401
1694439102334 0.23663055079685 402
1694439102365 0.23516239937991798 403
1694439102395 0.23371881033086903 404
1694439102426 0.2322993406063628 405
1694439102456 0.23090355552628036 406
1694439102485 0.2295310286117488 407
1694439102514 0.22818134142635044 408
1694439102544 0.22685408342044602 409
1694439102580 0.225548851778555 410
1694439102621 0.22426525126973226 411
1694439102659 0.22300289410088361 412
1694439102700 0.2217613997729537 413
1694439102731 0.22054039493994118 414
1694439102767 0.21933951327067727 415
1694439102801 0.21815839531331438 416
1694439102832 0.21699668836247465 417
1694439102866 0.21585404632900296 418
1694439102900 0.21473012961226887 419
1694439102932 0.21362460497497868 420
1694439102967 0.21253714542043695 421
1694439103021 0.21146743007221194 422
1694439103065 0.21041514405616196 423
1694439103111 0.20937997838476868 424
1694439103144 0.2083616298437405 425
1694439103180 0.20735980088083295 426
1694439103212 0.20637419949684432 427
1694439103248 0.20540453913875137 428
1694439103282 0.20445053859492685 429
1694439103321 0.2035119218924187 430
1694439103350 0.2025884181962297 431
1694439103388 0.20167976171057067 432
1694439103421 0.2007856915820464 433
1694439103456 0.19990595180473036 434
1694439103490 0.19904029112710073 435
1694439103525 0.19818846296078968 436
1694439103558 0.1973502252911221 437
1694439103590 0.19652534058939453 438
1694439103625 0.19571357572687595 439
1694439103661 0.19491470189048155 440
1694439103697 0.1941284945000972 441
1694439103727 0.19335473312751533 442
1694439103761 0.19259320141695574 443
1694439103791 0.19184368700713564 444
1694439103820 0.19110598145486024 445
1694439103849 0.19037988016010457 446
1694439103885 0.1896651822925544 447
1694439103922 0.18896169071958482 448
1694439103961 0.18826921193563628 449
1694439103996 0.18758755599296997 450
1694439104028 0.1869165364337739 451
1694439104064 0.18625597022359017 452
1694439104098 0.18560567768603828 453
1694439104129 0.18496548243881147 454
1694439104166 0.18433521133091718 455
1694439104212 0.18371469438114077 456
1694439104242 0.18310376471770493 457
1694439104272 0.18250225851910498 458
1694439104313 0.1819100149560953 459
1694439104343 0.18132687613479898 460
1694439104380 0.18075268704093092 461
1694439104415 0.18018729548509899 462
1694439104443 0.1796305520491728 463
1694439104473 0.17908231003368894 464
1694439104501 0.17854242540628393 465
1694439104529 0.178010756751124 466
1694439104561 0.1774871652193189 467
1694439104591 0.1769715144802952 468
1694439104620 0.17646367067411792 469
1694439104649 0.1759635023647332 470
1694439104678 0.17547088049411727 471
1694439104710 0.17498567833731896 472
1694439104740 0.17450777145836832 473
1694439104774 0.174037037667042 474
1694439104811 0.1735733569764683 475
1694439104842 0.1731166115615472 476
1694439104877 0.17266668571818364 477
1694439104911 0.17222346582330236 478
1694439104942 0.17178684029564173 479
1694439104981 0.17135669955730332 480
1694439105017 0.17093293599604556 481
1694439105043 0.17051544392830656 482
1694439105077 0.17010411956294358 483
1694439105111 0.16969886096566958 484
1694439105140 0.16929956802417953 485
1694439105177 0.1689061424139494 486
1694439105211 0.1685184875646937 487
1694439105246 0.16813650862747453 488
1694439105289 0.1677601124424408 489
1694439105333 0.16738920750719302 490
1694439105376 0.16702370394575575 491
1694439105417 0.16666351347815014 492
1694439105448 0.16630854939054962 493
1694439105480 0.16595872650601515 494
1694439105510 0.16561396115579152 495
1694439105540 0.16527417115115356 496
1694439105573 0.1649392757557997 497
1694439105610 0.16460919565877274 498
1694439105640 0.16428385294790354 499
