1694438063781 7.351993751829666 0
1694438064043 5.460887229560976 1
1694438064313 4.966796693832725 2
1694438064584 6.935155947074667 3
1694438064815 6.188636726527334 4
1694438065094 3.22553654565056 5
1694438065362 6.2061461853564035 6
1694438065611 3.918466715585601 7
1694438065876 5.164261276470637 8
1694438066126 9.752429738697336 9
1694438066383 2.738023265720707 10
1694438066617 4.859726161895422 11
1694438066878 4.480786701204769 12
1694438067116 2.089349897329533 13
1694438067374 4.569601285094014 14
1694438067638 4.173621915854786 15
1694438067904 2.4249659888430113 16
1694438068167 5.191082198792392 17
1694438068420 4.631559198735373 18
1694438068679 4.770796096630935 19
1694438069009 3.9736243040964925 20
1694438069289 7.8080987577328775 21
1694438069548 4.726703092997842 22
1694438069809 4.143367618547814 23
1694438070071 3.941472510025094 24
1694438070332 3.8172060729216484 25
1694438070587 6.829807436251471 26
1694438070837 3.960981278939638 27
1694438071094 0.6371866978877025 28
1694438071348 2.5485407234932342 29
1694438071606 3.607318542427256 30
1694438071855 4.5991072742411285 31
1694438072098 4.999683481621663 32
1694438072355 5.480897878345662 33
1694438072597 3.256202405722871 34
1694438072835 3.168844394972987 35
1694438073072 4.7475724902586265 36
1694438073344 3.5044711399607946 37
1694438073605 3.5771451129971554 38
1694438073863 7.2529780143282725 39
1694438074110 3.754901048274026 40
1694438074346 5.578484721129981 41
1694438074591 4.505577673886414 42
1694438074870 5.369615988042945 43
1694438075155 3.3361697614985717 44
1694438075423 5.493967319456916 45
1694438075697 3.149654445755937 46
1694438075951 6.326774535232238 47
1694438076207 4.7524745532953006 48
1694438076497 6.993963783394679 49
1694438076753 3.8116063735582126 50
1694438076994 2.1573526174464757 51
1694438077234 4.8778446215405635 52
1694438077526 3.7620366015380977 53
1694438077764 4.906244061066353 54
1694438078014 5.659665881398711 55
1694438078263 5.884949207790148 56
1694438078520 3.9204844484175223 57
1694438078793 3.9182696899496836 58
1694438079075 2.8658746213897013 59
1694438079330 3.7679675364784617 60
1694438079608 5.957198993918033 61
1694438079871 1.33923745118012 62
1694438080123 4.239381405572995 63
1694438080375 6.394839729093455 64
1694438080627 7.432817747240296 65
1694438080897 3.5725795036584556 66
1694438081168 4.805793970643375 67
1694438081430 3.785734108039158 68
1694438081692 4.6127490194462455 69
1694438081946 9.633407791226203 70
1694438082196 4.759401305743402 71
1694438082441 5.573240127294543 72
1694438082736 4.955311480557578 73
1694438082984 3.099252350659859 74
1694438083245 4.285138021622946 75
1694438083511 4.840007470436681 76
1694438083766 5.470778502497171 77
1694438084028 3.307195612985251 78
1694438084266 3.1600311219649972 79
1694438084507 5.544541921612312 80
1694438084745 6.360044464024082 81
1694438084995 9.293051766227723 82
1694438085260 2.6277723974084757 83
1694438085512 6.33863238434404 84
1694438085745 4.537018432967343 85
1694438085815 4.037390101410782 86
1694438086190 5.497567962726083 87
1694438086436 5.842855294478531 88
1694438086670 4.301089235511382 89
1694438086932 5.840822903648449 90
1694438087165 5.412045530786241 91
1694438087420 5.157985731295459 92
1694438087677 5.556092454090398 93
1694438087948 5.933936820089473 94
1694438088214 3.438574734927746 95
1694438088449 4.685910430065948 96
1694438088682 4.468333368574758 97
1694438088936 5.9098764661564545 98
1694438089170 6.512601372062819 99
1694438089426 3.8006994646928773 100
1694438089676 5.238953333586344 101
1694438089918 6.402445859599209 102
1694438090168 4.410391301364655 103
1694438090432 2.9575789772892978 104
1694438090704 4.944798615017915 105
1694438090964 5.257925285560029 106
1694438091203 4.231644603946823 107
1694438091458 6.082371104857277 108
1694438091714 3.5648550886536716 109
1694438091985 5.275515340010252 110
1694438092259 6.229131369208771 111
1694438092512 8.56279586306412 112
1694438092753 4.548984520687473 113
1694438093015 6.268855256931993 114
1694438093282 4.809768280557908 115
1694438093427 2.8536750727297333 116
1694438093775 5.348935028316204 117
1694438094047 8.485228782409083 118
1694438094325 6.136280790043417 119
1694438094596 0.6469749100942609 120
1694438094859 5.597239206540491 121
1694438095093 4.484826933172457 122
1694438095334 5.554542820757378 123
1694438095576 5.046546065967577 124
1694438095836 4.858746989037058 125
1694438096084 5.936563870627748 126
1694438096332 4.805449387807024 127
1694438096581 7.565434520957174 128
1694438096822 5.922716795822152 129
1694438097089 4.1908862407293 130
1694438097320 6.383047829146497 131
1694438097561 4.351824025763397 132
1694438097813 5.1770623902860295 133
1694438098046 6.260277600187593 134
1694438098281 7.156764497529214 135
1694438098522 3.3544917488244317 136
1694438098767 7.531402044927623 137
1694438099000 7.743834101922979 138
1694438099237 4.969582609491894 139
1694438099484 4.5497525836261525 140
1694438099717 6.831019878801322 141
1694438099955 5.825303080989637 142
1694438100203 4.3396188716032285 143
1694438100433 5.7048095635606035 144
1694438100661 4.650255941573075 145
1694438100907 3.4702798515775517 146
1694438101163 3.826419518896791 147
1694438101402 7.443284139514308 148
1694438101649 4.177737759308119 149
1694438101894 5.900138034386909 150
1694438102153 5.890266681312552 151
1694438102420 3.298929358452262 152
1694438102685 2.9017958402368023 153
1694438102965 3.792440031308669 154
1694438103238 6.037554037098198 155
1694438103499 4.916433385718158 156
1694438103761 4.852783192491532 157
1694438104048 4.567820927926181 158
1694438104300 4.252130883228279 159
1694438104546 6.401072189129815 160
1694438104799 5.691335463142245 161
1694438105053 4.219834396766152 162
1694438105306 4.443775995309944 163
1694438105559 5.398742689854581 164
1694438105802 6.305893902367263 165
1694438106051 4.109977591353616 166
1694438106310 4.561635092226575 167
1694438106561 4.962415370915619 168
1694438106792 6.491899682149746 169
1694438107045 1.610233946866672 170
1694438107289 5.284544533294491 171
1694438107517 4.081412458059 172
1694438107748 5.397474542302298 173
1694438107983 5.803463817732065 174
1694438108232 5.317853257620525 175
1694438108490 1.412090083225156 176
1694438108729 4.039205616880569 177
1694438108971 5.183227175348035 178
1694438109212 2.114666965091801 179
1694438109453 4.161836337818368 180
1694438109708 3.9250492784546287 181
1694438109940 6.713726382036803 182
1694438110169 3.199206237167259 183
1694438110402 5.327833767330413 184
1694438110688 5.9776146744549 185
1694438110964 4.913025126955479 186
1694438111216 6.62557800828062 187
1694438111455 5.4889396911806205 188
1694438111705 4.175275998152212 189
1694438111957 4.179878005715848 190
1694438112224 0.7339156318666193 191
1694438112500 4.544308940077019 192
1694438112743 5.949934413545756 193
1694438112989 6.153489961952491 194
1694438113220 5.673319436639463 195
1694438113478 5.639323396694529 196
1694438113731 3.749718937181922 197
1694438113990 3.0385618441821625 198
1694438114218 6.248769691345729 199
1694438114462 6.055623501003538 200
1694438114718 3.963927313637153 201
1694438114964 4.416034049187727 202
1694438115198 3.5717959978249505 203
1694438115453 0.7655331613729395 204
1694438115705 2.230970262936314 205
1694438115958 3.4921728464175876 206
1694438116203 4.346766189966922 207
1694438116461 3.250300583718644 208
1694438116700 0.9109776144127263 209
1694438116952 3.498787958986567 210
1694438117213 5.073625141364975 211
1694438117468 4.363408123518152 212
1694438117719 4.471125072083006 213
1694438117959 3.7978825744517 214
1694438118213 5.35881611975941 215
1694438118454 4.394721712396289 216
1694438118714 4.911020973877643 217
1694438118975 5.685721986842162 218
1694438119196 5.474051992438201 219
1694438119473 3.984398112376939 220
1694438119706 5.2744611124503855 221
1694438119932 2.5528623483770634 222
1694438120196 4.572598444896733 223
1694438120457 6.4168786025879445 224
1694438120707 2.4762247886274356 225
1694438120969 4.939062851199634 226
1694438121237 4.145026112257469 227
1694438121492 4.946272625677977 228
1694438121740 6.175941460516541 229
1694438121987 4.063284232424586 230
1694438122232 6.345445312038613 231
1694438122488 6.163671637493138 232
1694438122728 6.062789596796124 233
1694438122998 4.161245274347871 234
1694438123234 3.9368478218814404 235
1694438123491 2.828048457039779 236
1694438123754 3.14852889951498 237
1694438123990 5.535090818962039 238
1694438124239 2.4696096878808866 239
1694438124495 5.349757817623727 240
1694438124755 4.384203087281996 241
1694438125012 4.851931094258655 242
1694438125264 4.16113507139001 243
1694438125523 6.956861688460819 244
1694438125782 3.3694688309998164 245
1694438126067 6.404374037695002 246
1694438126324 1.037278539180473 247
1694438126582 3.2991348784679464 248
1694438126848 3.9635944756882817 249
1694438127081 4.3080908942463125 250
1694438127337 4.102350229947244 251
1694438127586 4.017840716953904 252
1694438127836 3.541845003987564 253
1694438128088 5.758426263477197 254
1694438128354 5.445610005574269 255
1694438128602 4.153601477474327 256
1694438128840 7.231100714696996 257
1694438129076 5.093383749727635 258
1694438129319 4.154081503022701 259
1694438129553 6.4094262108681495 260
1694438129796 5.073405972407385 261
1694438130044 4.637401931478602 262
1694438130302 4.575086426173103 263
1694438130531 3.6749694003905593 264
1694438130816 2.8381783918122814 265
1694438131110 3.6418164881543613 266
1694438131389 2.013595119013571 267
1694438131620 2.8681289835933064 268
1694438131877 5.100946778133769 269
1694438132138 1.8940210444981505 270
1694438132403 5.0613901658484775 271
1694438132664 6.578936098008773 272
1694438132905 3.6162810567877157 273
1694438133244 6.422813184467203 274
1694438133482 4.610961636871685 275
1694438133751 5.1438253456494065 276
1694438134003 2.7586761567037494 277
1694438134259 4.3351490173839515 278
1694438134508 5.460942347973047 279
1694438134760 4.634357640005931 280
1694438135020 5.015310768792576 281
1694438135288 7.309672233883532 282
1694438135536 4.1508017563147614 283
1694438135784 6.585729964433919 284
1694438136024 4.583473856250426 285
1694438136266 5.237194947680517 286
1694438136534 4.6359750139321205 287
1694438136777 6.160195200374333 288
1694438137040 5.495986869229884 289
1694438137265 4.61035855691888 290
1694438137493 4.120732415309413 291
1694438137727 5.002856436750161 292
1694438137958 5.210363512124454 293
1694438138216 5.621102169848265 294
1694438138460 5.340034316339737 295
1694438138677 4.676434503239108 296
1694438138910 4.197514508807118 297
1694438139154 5.009155036852089 298
1694438139384 2.6375942827229206 299
1694438139633 2.373620405586352 300
1694438139877 11.003181232310478 301
1694438140128 7.307321776463365 302
1694438140380 5.669713565297773 303
1694438140612 7.875022484876673 304
1694438140890 5.8332259315196895 305
1694438141128 5.777755183455533 306
1694438141437 3.5032550659393884 307
1694438141699 3.0878391246042147 308
1694438141984 4.596826991509356 309
1694438142238 4.395205026162161 310
1694438142475 2.264839642500369 311
1694438142749 3.8447387084964353 312
1694438143005 6.328080201422012 313
1694438143259 5.726848138357393 314
1694438143559 5.37328357943016 315
1694438143823 5.476367320956824 316
1694438144111 4.724311742599991 317
1694438144365 2.880992130227093 318
1694438144672 4.955055488453142 319
1694438144920 3.9582840262418704 320
1694438145185 6.376351480292298 321
1694438145448 4.270499947069853 322
1694438145707 5.590335615276569 323
1694438145988 5.130423556524449 324
1694438146249 2.326837329044918 325
1694438146501 6.118441937089011 326
1694438146737 3.303005266575153 327
1694438147005 5.916346334941221 328
1694438147258 4.867098810430307 329
1694438147511 4.5553047387064085 330
1694438147783 5.367393180348358 331
1694438148053 2.798269830092284 332
1694438148297 6.493119872146128 333
1694438148530 2.985370908753882 334
1694438148782 5.543316668221352 335
1694438149034 6.351123131911146 336
1694438149290 5.662647409095544 337
1694438149562 7.1957758862026475 338
1694438149819 6.140365132601499 339
1694438150084 3.4363377898366587 340
1694438150336 6.293694504277529 341
1694438150660 5.90929028933061 342
1694438150883 5.20287366154628 343
1694438151182 4.383314012517568 344
1694438151457 3.780639202785001 345
1694438151705 2.3961579109602935 346
1694438151959 6.107643175017724 347
1694438152199 4.025535933039018 348
1694438152426 4.1107159999017995 349
1694438152702 4.513425462070362 350
1694438152949 4.427635261390191 351
1694438153180 3.9095920826236985 352
1694438153509 5.654558451755447 353
1694438153752 4.595841460850457 354
1694438153999 5.504129395063871 355
1694438154250 5.403191517402675 356
1694438154492 3.8295091018543 357
1694438154745 6.612060151684595 358
1694438154997 2.0113987189339104 359
1694438155253 4.971486683768578 360
1694438155516 3.0164147652562696 361
1694438155752 5.186576364573186 362
1694438155988 4.223967555515817 363
1694438156223 5.829948820305094 364
1694438156486 5.367494156592119 365
1694438156731 4.561799644674336 366
1694438156971 6.259654432770654 367
1694438157214 5.277371070478948 368
