1694444182356 167.36641237752505 0
1694444182390 167.3164648639994 1
1694444182423 167.3926800099288 2
1694444182453 164.0946965343169 3
1694444182486 162.94233648372935 4
1694444182517 160.97541865387055 5
1694444182552 161.25353131478562 6
1694444182591 160.04153000391753 7
1694444182629 158.21497810010487 8
1694444182663 156.58763107675057 9
1694444182697 155.23502102354408 10
1694444182731 153.0576196801044 11
1694444182761 152.85798080699092 12
1694444182792 151.8180129520982 13
1694444182826 150.45363681115458 14
1694444182856 149.58260754590867 15
1694444182886 147.5791443143646 16
1694444182920 145.76624564529732 17
1694444182955 145.4898263155093 18
1694444182985 144.07199763249636 19
1694444183019 143.49545393894797 20
1694444183049 141.7300977652328 21
1694444183081 142.02639918432354 22
1694444183111 140.12262704698608 23
1694444183143 138.1338871982796 24
1694444183178 137.7268431503862 25
1694444183211 136.51715482542937 26
1694444183242 136.29550478520204 27
1694444183274 134.3217051481896 28
1694444183305 133.0840101957006 29
1694444183336 133.42963872635426 30
1694444183371 131.52584340914245 31
1694444183402 130.96358748306628 32
1694444183433 129.65409423339094 33
1694444183463 126.98622460877452 34
1694444183493 127.49414850142405 35
1694444183522 126.33725712720798 36
1694444183554 125.47789142931886 37
1694444183587 124.36857502558205 38
1694444183628 122.9021672147498 39
1694444183667 122.67668715075811 40
1694444183699 121.66607734245835 41
1694444183730 120.80189395187288 42
1694444183761 118.64409250854897 43
1694444183794 117.64810079926819 44
1694444183829 117.54379344017707 45
1694444183859 115.9850096865289 46
1694444183891 116.50295701458836 47
1694444183920 113.76038008609586 48
1694444183951 114.5518996557505 49
1694444183983 111.73528755373029 50
1694444184016 111.81044777466398 51
1694444184048 111.12761607931647 52
1694444184078 110.25473922063863 53
1694444184110 109.1989057850986 54
1694444184142 108.4946142351709 55
1694444184179 108.15395604533536 56
1694444184210 106.23611040249328 57
1694444184241 104.88458782746736 58
1694444184272 105.20599914832297 59
1694444184304 103.93071754998171 60
1694444184336 103.0814898155068 61
1694444184371 103.56927125900494 62
1694444184404 101.55008048105802 63
1694444184437 101.3761581716558 64
1694444184468 99.81035260191238 65
1694444184500 99.21595253450423 66
1694444184531 98.54559876051339 67
1694444184563 98.50048856532023 68
1694444184593 97.42326419456472 69
1694444184626 95.99834266333333 70
1694444184659 95.72629163495635 71
1694444184689 94.71159399685705 72
1694444184720 94.82073687220557 73
1694444184750 93.18323446275626 74
1694444184780 91.64001988438237 75
1694444184811 92.03926965029254 76
1694444184842 90.3841462458869 77
1694444184870 90.25938348650074 78
1694444184902 89.59811231482105 79
1694444184934 89.20496477622477 80
1694444184964 89.1046770405024 81
1694444184996 87.31292662808437 82
1694444185029 86.70876060639206 83
1694444185059 85.5213524949726 84
1694444185091 85.0806113299287 85
1694444185121 84.86782675522473 86
1694444185153 83.93314298602387 87
1694444185187 83.0447111538882 88
1694444185217 82.82663552101991 89
1694444185248 81.29606692043332 90
1694444185279 80.71462916500988 91
1694444185309 80.19723209424802 92
1694444185341 79.83768117384186 93
1694444185378 79.74787156751586 94
1694444185409 78.96567024942229 95
1694444185442 78.46553909751819 96
1694444185472 77.65179816844943 97
1694444185502 76.57778908456561 98
1694444185533 76.16204709078508 99
1694444185565 75.57227113182574 100
1694444185596 75.08136432183805 101
1694444185630 74.45657001107826 102
1694444185662 73.90909111871667 103
1694444185693 73.24468602317076 104
1694444185726 72.51283224383981 105
1694444185756 71.7704414616738 106
1694444185786 71.75143891603568 107
1694444185817 70.40871835022249 108
1694444185848 70.27589429393717 109
1694444185879 69.06833952463501 110
1694444185910 69.82887101198762 111
1694444185942 68.55353928476086 112
1694444185975 67.97614838646784 113
1694444186004 67.53078192713743 114
1694444186036 66.88513007754737 115
1694444186067 66.23632251065108 116
1694444186098 66.36165692135158 117
1694444186132 64.99237586018467 118
1694444186165 65.35157536018701 119
1694444186199 64.8759365131952 120
1694444186232 64.37355986858148 121
1694444186265 63.35339163137968 122
1694444186297 63.32801023856876 123
1694444186330 62.38812115362599 124
1694444186366 61.83009706389968 125
1694444186398 61.309180797395555 126
1694444186429 61.474574739757244 127
1694444186460 59.985969601371586 128
1694444186490 59.703766723881884 129
1694444186521 59.324748263572744 130
1694444186554 58.49111245657119 131
1694444186584 58.47411987099693 132
1694444186615 57.75644511068713 133
1694444186650 57.67783953437295 134
1694444186683 57.31051699226864 135
1694444186715 56.916687059180234 136
1694444186748 56.51917824697755 137
1694444186778 55.88736413650321 138
1694444186811 54.98353224087709 139
1694444186841 54.99640251505607 140
1694444186871 54.339078808473225 141
1694444186903 53.89835358865511 142
1694444186935 53.89573968886692 143
1694444186966 52.83699019483581 144
1694444186999 52.808314238286094 145
1694444187033 52.40816561672732 146
1694444187066 51.85942941053603 147
1694444187102 51.34202719682861 148
1694444187136 51.027288135626264 149
1694444187177 50.8710669511208 150
1694444187210 49.966228208078874 151
1694444187243 50.18447644351573 152
1694444187281 49.639889106405626 153
1694444187319 49.22842221470594 154
1694444187354 48.94994143544757 155
1694444187389 48.24889338908938 156
1694444187422 48.05259832295174 157
1694444187519 47.53544659516718 158
1694444187550 47.09660975369877 159
1694444187581 46.72571187422671 160
1694444187611 46.08898878219298 161
1694444187642 46.26549943763897 162
1694444187676 45.64596096617493 163
1694444187706 45.2566566732696 164
1694444187736 44.961204639969175 165
1694444187767 44.55056034543248 166
1694444187798 44.392387332918275 167
1694444187828 43.72362493293051 168
1694444187858 43.619205180947915 169
1694444187887 43.362989859418555 170
1694444187919 42.81414664833118 171
1694444187953 42.69050307268919 172
1694444187985 42.16414295390203 173
1694444188016 41.60339310142739 174
1694444188047 41.93661280340382 175
1694444188078 41.24120461268051 176
1694444188112 40.735400833641265 177
1694444188143 40.16884398580307 178
1694444188179 40.36074643069032 179
1694444188209 40.19524160576634 180
1694444188242 39.34857581537278 181
1694444188273 39.24744440266769 182
1694444188304 38.835093411990286 183
1694444188336 38.713717044498914 184
1694444188370 38.09498833810446 185
1694444188403 37.90815047215793 186
1694444188433 37.84408497802703 187
1694444188467 36.879677422909154 188
1694444188499 37.12966069503999 189
1694444188531 36.92433867742153 190
1694444188562 36.73783854089757 191
1694444188594 36.24987248389729 192
1694444188624 35.831803915060505 193
1694444188656 35.63471225676194 194
1694444188687 35.17670913991052 195
1694444188717 35.379482942934516 196
1694444188748 34.82300734122719 197
1694444188778 34.5684817422956 198
1694444188811 34.39825266765143 199
1694444188842 33.835947515413174 200
1694444188872 33.7541204461582 201
1694444188901 33.55874979687763 202
1694444188934 33.07395392987958 203
1694444188967 33.46409849105694 204
1694444189000 32.74319337482428 205
1694444189030 32.52911721980568 206
1694444189062 32.04595265210016 207
1694444189092 32.01238523959812 208
1694444189122 31.698392924318025 209
1694444189154 31.35634638337163 210
1694444189187 31.28021422311389 211
1694444189218 31.1882828764563 212
1694444189249 30.76677336613175 213
1694444189282 30.23234003617296 214
1694444189312 30.128899211650943 215
1694444189344 29.80950530683499 216
1694444189377 29.710164402694367 217
1694444189410 29.693691861387073 218
1694444189441 29.063659434858305 219
1694444189472 28.812907813107643 220
1694444189503 28.72241326845677 221
1694444189534 28.40323489262483 222
1694444189565 28.117756478466834 223
1694444189597 27.615117227058523 224
1694444189630 28.0365232157741 225
1694444189663 27.577529977791034 226
1694444189694 27.113893130155432 227
1694444189725 27.119129225204265 228
1694444189758 26.923375746502266 229
1694444189788 26.772927510850714 230
1694444189818 26.58652043170838 231
1694444189849 26.398260152387344 232
1694444189881 25.984236444485102 233
1694444189911 26.189476758895964 234
1694444189944 25.57409018180199 235
1694444189975 25.890832763269422 236
1694444190006 25.4515278944157 237
1694444190036 25.209690168444528 238
1694444190069 25.18571584798168 239
1694444190101 24.696328490524653 240
1694444190132 24.54635635743775 241
1694444190166 24.256112117238274 242
1694444190199 24.040367117729552 243
1694444190232 23.82920525198087 244
1694444190265 23.728271014420383 245
1694444190296 23.38823485015244 246
1694444190327 23.325562686668224 247
1694444190360 23.524994819476937 248
1694444190390 22.83793009206833 249
1694444190422 22.890651720730474 250
1694444190454 22.606422873294648 251
1694444190489 22.46081935103785 252
1694444190518 22.37760597427087 253
1694444190548 22.01002092369814 254
1694444190580 22.165232663780674 255
1694444190613 21.68366461932588 256
1694444190645 21.611866489354753 257
1694444190678 21.209610170821605 258
1694444190711 21.260232449661864 259
1694444190742 20.80072674019963 260
1694444190772 21.00678903608243 261
1694444190801 20.836285115809044 262
1694444190832 20.744430588559652 263
1694444190863 20.55720690794487 264
1694444190895 20.239590096401933 265
1694444190927 20.19997806233591 266
1694444190959 19.966625826679543 267
1694444190990 19.604359610782573 268
1694444191021 19.445685482559433 269
1694444191053 19.63313050747745 270
1694444191086 19.525542674986923 271
1694444191117 19.325176796901896 272
1694444191150 19.131666972464703 273
1694444191187 18.954918283268793 274
1694444191220 18.43852591711861 275
1694444191255 18.547234558234948 276
1694444191287 18.50563730832663 277
1694444191319 18.012034238652408 278
1694444191351 17.95717220228677 279
1694444191387 18.061157459520235 280
1694444191419 17.751677987829776 281
1694444191452 17.636142717190108 282
1694444191484 17.355065269132304 283
1694444191513 17.563162302819237 284
1694444191543 17.44797448279101 285
1694444191574 17.133095954950168 286
1694444191607 16.8403329553579 287
1694444191637 16.82666098513646 288
1694444191670 16.79376913676354 289
1694444191702 16.59884232029431 290
1694444191732 16.388638404279593 291
1694444191765 16.38158986914891 292
1694444191796 16.015254965727625 293
1694444191826 16.24294126157283 294
1694444191859 16.029455003857066 295
1694444191891 16.04087069161033 296
1694444191921 15.72330998571588 297
1694444191951 15.487399369525384 298
1694444191982 15.477410482245867 299
1694444192015 15.543450525429698 300
1694444192047 15.56138851394382 301
1694444192077 15.162005349087652 302
1694444192108 14.960966306128492 303
1694444192142 14.966256008192994 304
1694444192180 14.688354438882381 305
1694444192211 14.606865625749776 306
1694444192242 14.531590076143548 307
1694444192277 14.373218396911355 308
1694444192311 14.317243053280816 309
1694444192345 14.121735650163812 310
1694444192380 14.161450230100769 311
1694444192412 13.883608915226219 312
1694444192442 13.88476206057495 313
1694444192473 13.50491646878508 314
1694444192503 13.504183674072417 315
1694444192534 13.358919468212333 316
1694444192565 13.38122988882014 317
1694444192597 13.244650859027065 318
1694444192627 13.052533770089642 319
1694444192659 13.032957865145306 320
1694444192691 13.037962522305564 321
1694444192722 12.802396917886263 322
1694444192752 12.609774669843377 323
1694444192783 12.824784582722977 324
1694444192814 12.780064948791257 325
1694444192843 12.4700917383661 326
1694444192876 12.381044456453218 327
1694444192911 12.418427907060956 328
1694444192943 12.081731432183908 329
1694444192975 12.169052281522497 330
1694444193006 12.227601318297022 331
1694444193036 11.87621556008224 332
1694444193066 11.74758667324465 333
1694444193097 11.68889957734362 334
1694444193129 11.612032634556638 335
1694444193159 11.482945121528331 336
1694444193191 11.592851219980806 337
1694444193222 11.293243179867021 338
1694444193250 11.064361926476536 339
1694444193282 11.230463411163559 340
1694444193313 11.13743638332653 341
1694444193343 10.974278730324183 342
1694444193376 10.885669163334565 343
1694444193408 10.844982770124359 344
1694444193437 10.728731314953873 345
1694444193469 10.576028278283822 346
1694444193500 10.53942893602077 347
1694444193530 10.464793755528625 348
1694444193560 10.427907452445204 349
1694444193594 10.394489181033318 350
1694444193626 10.22689625196417 351
1694444193662 10.063226099900586 352
1694444193695 10.090461927325736 353
1694444193727 9.94312352078668 354
1694444193760 9.883769283629738 355
1694444193795 9.781665357789542 356
1694444193829 9.856245236742971 357
1694444193862 9.682471988128585 358
1694444193895 9.69340087408474 359
1694444193928 9.56469600478101 360
1694444193961 9.252100064734115 361
1694444193994 9.490332006718285 362
1694444194026 9.349156062348467 363
1694444194058 9.172912584057213 364
1694444194093 9.18087478710787 365
1694444194124 9.003433231026394 366
1694444194155 9.067098280741595 367
1694444194193 8.90073388312457 368
1694444194223 8.870891992861925 369
1694444194255 8.811783750602482 370
1694444194288 8.770600306059533 371
1694444194320 8.76354333856681 372
1694444194352 8.580342470122774 373
1694444194388 8.432969053372647 374
1694444194421 8.578953111815798 375
1694444194450 8.515263292295627 376
1694444194484 8.506174754516648 377
1694444194515 8.36991228636872 378
1694444194546 8.265721514002887 379
1694444194579 8.172039411997007 380
1694444194615 8.074014579268509 381
1694444194647 8.132501552581962 382
1694444194683 7.895166250882216 383
1694444194720 7.829784589939868 384
1694444194751 7.848606862111667 385
1694444194783 7.799074274202016 386
1694444194814 7.712667663016024 387
1694444194845 7.699492022237974 388
1694444194876 7.582912181089825 389
1694444194905 7.456463120306271 390
1694444194937 7.540899719156409 391
1694444194968 7.485846737735926 392
1694444195000 7.371990582193008 393
1694444195031 7.186481586029375 394
1694444195062 7.30614206850415 395
1694444195092 7.1188379044691095 396
1694444195125 7.140726959287451 397
1694444195155 7.054506451508355 398
1694444195189 7.138988443681923 399
1694444195222 6.971244869559427 400
1694444195259 6.968259953368333 401
1694444195293 7.043215901740622 402
1694444195324 6.857879946704236 403
1694444195359 6.764452675189588 404
1694444195391 6.60041412854119 405
1694444195423 6.636076298178407 406
1694444195456 6.608337359759502 407
1694444195489 6.508468631385963 408
1694444195522 6.485018971396434 409
1694444195551 6.395643702097313 410
1694444195583 6.365237115498731 411
1694444195614 6.386860896997237 412
1694444195643 6.187147557707787 413
1694444195676 6.193612701497292 414
1694444195707 6.047640779962681 415
1694444195737 6.107176530140826 416
1694444195767 6.148732877468677 417
1694444195799 6.10375871593682 418
1694444195828 5.936838960244296 419
1694444195859 5.991507513905383 420
1694444195889 5.891426123471267 421
1694444195919 5.919368522330818 422
1694444195949 5.944278013231431 423
1694444195980 5.728944441204558 424
1694444196014 5.648869349995439 425
1694444196044 5.614092157174561 426
1694444196076 5.618736814982919 427
1694444196109 5.507765553772946 428
1694444196141 5.586587957079308 429
1694444196179 5.524097542721299 430
1694444196210 5.341693488800337 431
1694444196242 5.44839808550587 432
1694444196271 5.3995427297021275 433
1694444196308 5.406265106992532 434
1694444196363 5.268529948117744 435
1694444196400 5.198428273701796 436
1694444196441 5.172054671200314 437
1694444196470 5.258485787671256 438
1694444196501 5.168827447055507 439
1694444196531 5.150989586295578 440
1694444196564 4.998357653522942 441
1694444196595 5.03629288248342 442
1694444196628 4.930802804213755 443
1694444196661 4.911631230129177 444
1694444196692 4.847454335755496 445
1694444196723 4.892179969130464 446
1694444196753 4.675863005451614 447
1694444196785 4.736116003105016 448
1694444196816 4.7424128527660585 449
1694444196845 4.7093108812679825 450
1694444196876 4.656378751950245 451
1694444196905 4.650975121322264 452
1694444196935 4.58716692236885 453
1694444196967 4.549091619810418 454
1694444196996 4.53734054558027 455
1694444197029 4.398356023392166 456
1694444197057 4.4968972236496825 457
1694444197087 4.43883606226116 458
1694444197119 4.431870312314202 459
1694444197151 4.322723519662826 460
1694444197186 4.285659170093067 461
1694444197216 4.314053684918682 462
1694444197250 4.208399615627123 463
1694444197283 4.121802402390865 464
1694444197315 4.220489065215947 465
1694444197351 4.227140919313946 466
1694444197387 4.106190184379966 467
1694444197420 4.093082174108624 468
1694444197452 3.9670025252717043 469
1694444197485 4.031621591753939 470
1694444197516 4.096086867947591 471
1694444197546 3.885142916620314 472
1694444197577 3.9554683756791107 473
1694444197609 3.97156460403322 474
1694444197638 3.8969028516562214 475
1694444197675 3.8325222514641037 476
1694444197705 3.8095025404791927 477
1694444197735 3.78537557470104 478
1694444197765 3.830649731811206 479
1694444197797 3.735805330432978 480
1694444197829 3.6883604348804226 481
1694444197858 3.71484500593451 482
1694444197890 3.5804752044673265 483
1694444197921 3.6223670749104606 484
1694444197951 3.573896031930236 485
1694444197981 3.5134296897579254 486
1694444198014 3.4457030346298665 487
1694444198044 3.421318232049682 488
1694444198075 3.4091571109528713 489
1694444198106 3.451154306395404 490
1694444198137 3.4287466952560397 491
1694444198170 3.3570097142459465 492
1694444198202 3.2865831706152786 493
1694444198233 3.311238851840146 494
1694444198267 3.3504691303144254 495
1694444198300 3.2596993327668855 496
1694444198332 3.2340848382245566 497
1694444198365 3.290087114567471 498
1694444198397 3.2388287913546914 499
