1694444367412 -0.005816886620964468 0
1694444367443 -0.005655233439912921 1
1694444367475 -0.005173628654901785 2
1694444367506 -0.005231000344708914 3
1694444367540 -0.004947716732269569 4
1694444367572 -0.005292561853927458 5
1694444367606 -0.005583591405492472 6
1694444367643 -0.005733542693959981 7
1694444367678 -0.005281228491291534 8
1694444367716 -0.005986803975329691 9
1694444367750 -0.0055983138339879 10
1694444367785 -0.005052870533886589 11
1694444367816 -0.005614827492231189 12
1694444367847 -0.0051317978250133844 13
1694444367879 -0.006079658898767937 14
1694444367912 -0.006069356584611496 15
1694444367942 -0.005957767117352297 16
1694444367973 -0.0052669442793988885 17
1694444368006 -0.004767567674541562 18
1694444368037 -0.0056814156181770326 19
1694444368069 -0.005906249109157047 20
1694444368101 -0.006094625082320837 21
1694444368133 -0.006208144956917572 22
1694444368169 -0.0065906919807892095 23
1694444368201 -0.00517908728838079 24
1694444368231 -0.005936178934324632 25
1694444368264 -0.005897074383544254 26
1694444368295 -0.005184584678658677 27
1694444368326 -0.0057867815983165816 28
1694444368358 -0.005324220732248142 29
1694444368389 -0.005717901130722458 30
1694444368420 -0.005755259787549427 31
1694444368454 -0.006194233985920672 32
1694444368485 -0.0068760524108497645 33
1694444368516 -0.005382142101665099 34
1694444368549 -0.004784387696464609 35
1694444368581 -0.0051820076471067456 36
1694444368615 -0.005804164757962749 37
1694444368647 -0.005059027240995384 38
1694444368681 -0.006039460143102859 39
1694444368729 -0.006115896085255201 40
1694444368763 -0.006694515439776172 41
1694444368795 -0.006388375771372301 42
1694444368825 -0.005772624934943682 43
1694444368858 -0.0053818485047005815 44
1694444368888 -0.006092022279864162 45
1694444368921 -0.004874623026449809 46
1694444368950 -0.00524014201158729 47
1694444368981 -0.00587063462370474 48
1694444369014 -0.005339158608366867 49
1694444369045 -0.006233215123755409 50
1694444369083 -0.004957102546163439 51
1694444369119 -0.005643959331887771 52
1694444369156 -0.005252402363489672 53
1694444369192 -0.005004618790059867 54
1694444369227 -0.006071342256019685 55
1694444369261 -0.005660800098930219 56
1694444369291 -0.005814986240993747 57
1694444369323 -0.005719333002842886 58
1694444369355 -0.005176433503650157 59
1694444369387 -0.005592840350617578 60
1694444369419 -0.005447063643524208 61
1694444369451 -0.00543426969789107 62
1694444369483 -0.005462059156299048 63
1694444369512 -0.005038785027018378 64
1694444369544 -0.005464521437997583 65
1694444369575 -0.0060416684684421185 66
1694444369606 -0.006158440810407839 67
1694444369639 -0.005504963043723832 68
1694444369671 -0.005756424862144893 69
1694444369702 -0.006057586689535155 70
1694444369734 -0.00574617888751594 71
1694444369769 -0.004925418046532126 72
1694444369800 -0.0049349039769777114 73
1694444369833 -0.005331172267940776 74
1694444369866 -0.005465144423054902 75
1694444369900 -0.004689170513054508 76
1694444369930 -0.005073518904666008 77
1694444369963 -0.0054970362937154515 78
1694444369995 -0.006202347332538549 79
1694444370024 -0.005741480839120072 80
1694444370057 -0.006222604674023913 81
1694444370090 -0.006260075398183407 82
1694444370121 -0.006216596377268457 83
1694444370152 -0.005405116435969193 84
1694444370185 -0.0059282015475465855 85
1694444370218 -0.005055386704857945 86
1694444370251 -0.0055925807834786845 87
1694444370283 -0.005712317631241692 88
1694444370313 -0.005110029257515913 89
1694444370345 -0.0056706054843636 90
1694444370378 -0.005468307293602814 91
1694444370407 -0.005643928813148014 92
1694444370438 -0.005665973827943649 93
1694444370470 -0.005857147512141836 94
1694444370501 -0.0057941863189172604 95
1694444370533 -0.005872678882658633 96
1694444370567 -0.005577311176793831 97
1694444370599 -0.005786780758777477 98
1694444370630 -0.005627869132022623 99
1694444370664 -0.006035240792031216 100
1694444370696 -0.005725690273775674 101
1694444370728 -0.005390021034400672 102
1694444370761 -0.005222838269815622 103
1694444370794 -0.005444388222936469 104
1694444370824 -0.005959878890642534 105
1694444370854 -0.004935459231767858 106
1694444370886 -0.005736065131372481 107
1694444370917 -0.005542770121308438 108
1694444370949 -0.0054302547075060215 109
1694444370982 -0.006168849721181147 110
1694444371014 -0.004802316070342982 111
1694444371048 -0.0060831390850364375 112
1694444371083 -0.005786905271193632 113
1694444371114 -0.005648085616237308 114
1694444371147 -0.005556341670967857 115
1694444371180 -0.0057228792833217135 116
1694444371212 -0.005191848637453367 117
1694444371243 -0.005396003970596697 118
1694444371276 -0.005666664115738129 119
1694444371307 -0.0060354680647054515 120
1694444371338 -0.005016088042543387 121
1694444371370 -0.0061876083217971 122
1694444371402 -0.005558913750074002 123
1694444371434 -0.005062031421842361 124
1694444371466 -0.0057733338235568255 125
1694444371498 -0.005449990706298813 126
1694444371529 -0.005926276134763819 127
1694444371560 -0.005584144602284402 128
1694444371590 -0.005501704791101236 129
1694444371621 -0.005559726229951378 130
1694444371651 -0.004889248152422532 131
1694444371685 -0.006092158644184664 132
1694444371716 -0.006561723234896455 133
1694444371745 -0.005527447522312157 134
1694444371780 -0.005959895302094065 135
1694444371812 -0.005458546552831622 136
1694444371845 -0.005304920321687501 137
1694444371877 -0.006214116295711003 138
1694444371909 -0.004707954348795118 139
1694444371938 -0.0057881931045362656 140
1694444371970 -0.005555827925550094 141
1694444372002 -0.005077181362991068 142
1694444372033 -0.00549490175526679 143
1694444372065 -0.0056995995967679125 144
1694444372100 -0.005683196077018282 145
1694444372132 -0.006957639402781934 146
1694444372167 -0.005955234906675377 147
1694444372201 -0.0048212977261068435 148
1694444372232 -0.005526860213356022 149
1694444372262 -0.006080210813415254 150
1694444372293 -0.005309916760465994 151
1694444372327 -0.005782108840516553 152
1694444372360 -0.0056045604906935775 153
1694444372390 -0.005638790130411797 154
1694444372421 -0.004867162169251982 155
1694444372452 -0.006113576555057065 156
1694444372485 -0.005478495487792889 157
1694444372517 -0.005534896405248846 158
1694444372551 -0.004998336404254289 159
1694444372585 -0.0051103958612521705 160
1694444372616 -0.005653390116474588 161
1694444372647 -0.005900413359709589 162
1694444372679 -0.005434789234819881 163
1694444372712 -0.005189336335547967 164
1694444372743 -0.0054879086658545795 165
1694444372773 -0.0052233960529128876 166
1694444372807 -0.00586781719426499 167
1694444372838 -0.005912886332694933 168
1694444372870 -0.005515579983527141 169
1694444372904 -0.0054830092861490876 170
1694444372936 -0.00593028644331528 171
1694444372966 -0.005035549932564942 172
1694444372999 -0.005118664071692702 173
1694444373031 -0.005341052455245299 174
1694444373061 -0.0059184144608215306 175
1694444373093 -0.0058695227612584056 176
1694444373123 -0.005772462190978933 177
1694444373155 -0.006067420843933746 178
1694444373187 -0.005570610366499862 179
1694444373220 -0.0059153064406543 180
1694444373252 -0.00657100129006416 181
1694444373282 -0.005298876248236883 182
1694444373314 -0.005552803073153312 183
1694444373346 -0.006023927548340247 184
1694444373377 -0.005706784743418014 185
1694444373409 -0.005679423552487739 186
1694444373439 -0.005024809586370971 187
1694444373470 -0.005837049961577634 188
1694444373501 -0.005123462718498173 189
1694444373533 -0.00530467025218484 190
1694444373564 -0.005087113824012945 191
1694444373600 -0.005828910074973992 192
1694444373633 -0.006600309939793991 193
1694444373666 -0.005607172831593399 194
1694444373704 -0.0051589242123470935 195
1694444373737 -0.005227352235309457 196
1694444373771 -0.0054835484503981125 197
1694444373812 -0.004922215087999726 198
1694444373848 -0.006469828504561681 199
1694444373882 -0.005804842154168988 200
1694444373918 -0.005746828277136018 201
1694444373955 -0.004721894937965043 202
1694444373990 -0.004778813285158501 203
1694444374023 -0.006106054672555983 204
1694444374056 -0.005167527315053988 205
1694444374092 -0.004752968626521525 206
1694444374126 -0.005133324109096282 207
1694444374161 -0.004758694689519727 208
1694444374196 -0.0058716666694547115 209
1694444374231 -0.005611063815534667 210
1694444374262 -0.00621054971657542 211
1694444374292 -0.005259978700992374 212
1694444374324 -0.005303079690138768 213
1694444374359 -0.00542714163995317 214
1694444374395 -0.005481727926369695 215
1694444374429 -0.005588496073074323 216
1694444374462 -0.005715036125776063 217
1694444374496 -0.005438369266983267 218
1694444374529 -0.005647674983262796 219
1694444374562 -0.005540599741949537 220
1694444374594 -0.00553053376951107 221
1694444374627 -0.004981343400518812 222
1694444374663 -0.005444921114805545 223
1694444374697 -0.004898894360500616 224
1694444374729 -0.005602614517515203 225
1694444374761 -0.005477363478007868 226
1694444374794 -0.005742251243654906 227
1694444374829 -0.0052951931702993615 228
1694444374862 -0.005490220733505691 229
1694444374897 -0.005674721259849136 230
1694444374933 -0.005005302075177909 231
1694444374964 -0.0054350827353071285 232
1694444374998 -0.005749752608591452 233
1694444375032 -0.0051636365762892655 234
1694444375065 -0.005869502838150131 235
1694444375096 -0.005263733702394857 236
1694444375128 -0.004956757278836044 237
1694444375161 -0.005147134894446959 238
1694444375194 -0.005360164290216574 239
1694444375225 -0.005419886285789488 240
1694444375258 -0.005680286909623966 241
1694444375289 -0.005314915462101277 242
1694444375323 -0.004460214798812867 243
1694444375355 -0.005495153122719421 244
1694444375386 -0.005519031908824967 245
1694444375420 -0.005691013137278267 246
1694444375451 -0.0060618658766080635 247
1694444375481 -0.005723748051157607 248
1694444375513 -0.0055324417093192135 249
1694444375546 -0.005409347803671638 250
1694444375578 -0.005030666108187365 251
1694444375610 -0.0048027640908672176 252
1694444375639 -0.005560580161505069 253
1694444375673 -0.005751713535870229 254
1694444375704 -0.004947979922348189 255
1694444375736 -0.005752325748517251 256
1694444375768 -0.005386711074268025 257
1694444375800 -0.0052192855087696 258
1694444375832 -0.005374265369326059 259
1694444375864 -0.0059579129752971305 260
1694444375894 -0.00576131833261595 261
1694444375924 -0.005452165207051607 262
1694444375956 -0.005681863834219758 263
1694444375988 -0.005750394076819987 264
1694444376021 -0.0059110476340062945 265
1694444376052 -0.005839069033715116 266
1694444376084 -0.005035555710239059 267
1694444376115 -0.005244611824938961 268
1694444376147 -0.005600999792521932 269
1694444376180 -0.005677253340929722 270
1694444376215 -0.005310944123820827 271
1694444376247 -0.005946275349239194 272
1694444376278 -0.0052212378178591035 273
1694444376310 -0.004519453445086086 274
1694444376343 -0.006046705454745727 275
1694444376374 -0.005091020092965248 276
1694444376406 -0.005673109468796733 277
1694444376437 -0.005541934405765447 278
1694444376467 -0.005753097191666612 279
1694444376500 -0.0054583870875459795 280
1694444376532 -0.005317889301480694 281
1694444376564 -0.004855908104255402 282
1694444376594 -0.005912476987766979 283
1694444376625 -0.005168512304037476 284
1694444376657 -0.005095399273918444 285
1694444376689 -0.005528202317231612 286
1694444376721 -0.004867995700387873 287
1694444376752 -0.005733032801541693 288
1694444376785 -0.00504951851364055 289
1694444376816 -0.005169154552396638 290
1694444376849 -0.005080525066679886 291
1694444376880 -0.005240057136020715 292
1694444376911 -0.00605902913999623 293
1694444376944 -0.0053497351077367306 294
1694444376974 -0.005557950788541932 295
1694444377007 -0.004937540928306561 296
1694444377040 -0.005510525445085346 297
1694444377073 -0.006062104405348601 298
1694444377107 -0.0054776426172440384 299
1694444377139 -0.0055303038180558595 300
1694444377172 -0.0045839819909452295 301
1694444377205 -0.005365094634527612 302
1694444377238 -0.005894234175265467 303
1694444377270 -0.005427638228346909 304
1694444377302 -0.005985055439015063 305
1694444377335 -0.0060956034151948835 306
1694444377368 -0.005339889844129253 307
1694444377399 -0.005207320548472838 308
1694444377430 -0.004993868964904502 309
1694444377463 -0.004950797956471353 310
1694444377494 -0.005535007179518159 311
1694444377527 -0.005809970541299503 312
1694444377559 -0.005662652243403787 313
1694444377589 -0.0054787926198562875 314
1694444377620 -0.0052574381627086275 315
1694444377652 -0.0055570951360628396 316
1694444377685 -0.0049131272515665625 317
1694444377719 -0.00543955161163745 318
1694444377752 -0.005236847211858686 319
1694444377784 -0.005307756958071952 320
1694444377816 -0.005520605309746074 321
1694444377849 -0.005087521850869692 322
1694444377881 -0.006006025626709377 323
1694444377912 -0.005919444843577759 324
1694444377945 -0.005045119798547937 325
1694444377977 -0.0050938582895689866 326
1694444378008 -0.005125472974198075 327
1694444378042 -0.005566108120381941 328
1694444378073 -0.005356988247824157 329
1694444378104 -0.005171549535398112 330
1694444378138 -0.005546632385640793 331
1694444378173 -0.004856517038878794 332
1694444378207 -0.0049935900123618815 333
1694444378240 -0.005006579242121445 334
1694444378273 -0.005648621787199826 335
1694444378305 -0.0052050600086066545 336
1694444378337 -0.0046888842416992205 337
1694444378370 -0.005380776785509189 338
1694444378402 -0.005489876488162793 339
1694444378435 -0.005437008604610938 340
1694444378466 -0.006150045887859612 341
1694444378496 -0.00485963872854267 342
1694444378530 -0.0050878953620421274 343
1694444378562 -0.005035678908709373 344
1694444378591 -0.005153743082364715 345
1694444378624 -0.005308155465499231 346
1694444378656 -0.005625394230154068 347
1694444378687 -0.0058820672647244 348
1694444378719 -0.004790418791661866 349
1694444378750 -0.004594969571929175 350
1694444378782 -0.00511877213114853 351
1694444378814 -0.005300131021227061 352
1694444378846 -0.006306503277189401 353
1694444378879 -0.0051534992821054 354
1694444378912 -0.004785106312098941 355
1694444378946 -0.005917527224660546 356
1694444378978 -0.004840068986193824 357
1694444379009 -0.005330695116698259 358
1694444379040 -0.005731758014488886 359
1694444379072 -0.004612959380443371 360
1694444379102 -0.004748680728078325 361
1694444379135 -0.005267061717201704 362
1694444379172 -0.005647772573014853 363
1694444379212 -0.004956108555600691 364
1694444379250 -0.00548376210101198 365
1694444379282 -0.005173077623681799 366
1694444379317 -0.004337917122788637 367
1694444379355 -0.00564323033209968 368
1694444379386 -0.005825500206478873 369
1694444379421 -0.005502141200822708 370
1694444379452 -0.005493298593682638 371
1694444379482 -0.005333411962185064 372
1694444379513 -0.005078529841427981 373
1694444379543 -0.005427455601229925 374
1694444379573 -0.0057676366822267955 375
1694444379605 -0.005031603304420873 376
1694444379638 -0.005010775863114825 377
1694444379671 -0.0058382072775193805 378
1694444379702 -0.005940611491559666 379
1694444379735 -0.005202266681699985 380
1694444379771 -0.004440564656493562 381
1694444379802 -0.005524838479081362 382
1694444379834 -0.005177722713938904 383
1694444379866 -0.004821418377058517 384
1694444379898 -0.005816405006241698 385
1694444379930 -0.006054303011479023 386
1694444379961 -0.004619493375531469 387
1694444379992 -0.005470846582587674 388
1694444380023 -0.004615814042299382 389
1694444380056 -0.004735009705346682 390
1694444380087 -0.005355370547816207 391
1694444380117 -0.005502097706556075 392
1694444380148 -0.005898719231887339 393
1694444380182 -0.004672538484753019 394
1694444380215 -0.0055326715637640245 395
1694444380247 -0.005261357904755792 396
1694444380278 -0.005523346821937336 397
1694444380309 -0.005150043379777314 398
1694444380340 -0.005003228306453167 399
1694444380374 -0.004617956193170292 400
1694444380404 -0.005183366407651047 401
1694444380436 -0.004841182178693559 402
1694444380467 -0.005516324761881242 403
1694444380498 -0.004717300962100435 404
1694444380529 -0.004702443060942807 405
1694444380562 -0.005114274115800788 406
1694444380595 -0.005464568344816456 407
1694444380626 -0.005576216454521221 408
1694444380660 -0.005065097824885623 409
1694444380692 -0.00513268878455353 410
1694444380723 -0.005919198929416725 411
1694444380756 -0.005703627060433147 412
1694444380788 -0.005594220371018865 413
1694444380819 -0.00514324622908191 414
1694444380853 -0.005497797046590591 415
1694444380886 -0.0053305954822313595 416
1694444380917 -0.0052570966966845045 417
1694444380951 -0.005009265120865303 418
1694444380982 -0.0055951208953883835 419
1694444381013 -0.00517524475365061 420
1694444381044 -0.004631090259485049 421
1694444381076 -0.005866532688139969 422
1694444381108 -0.005384635372922109 423
1694444381142 -0.005051818658738494 424
1694444381178 -0.005404868727076462 425
1694444381212 -0.005272922809776315 426
1694444381244 -0.0046198041557470315 427
1694444381279 -0.0053299455934527895 428
1694444381315 -0.005807832159260062 429
1694444381351 -0.005502026862765019 430
1694444381388 -0.004535263088135677 431
1694444381423 -0.005049021472623094 432
1694444381461 -0.005296765280846882 433
1694444381493 -0.00527816015799587 434
1694444381529 -0.004499283904155327 435
1694444381565 -0.00562380042636379 436
1694444381601 -0.00561753968111689 437
1694444381636 -0.004377582069690078 438
1694444381672 -0.004971725160015206 439
1694444381705 -0.005026663686029442 440
1694444381739 -0.00444638869685221 441
1694444381771 -0.005162949845436193 442
1694444381805 -0.005536698970278975 443
1694444381838 -0.004578195744444846 444
1694444381871 -0.004557676336132799 445
1694444381904 -0.005184655782803915 446
1694444381940 -0.005139343129539009 447
1694444381977 -0.005604892771432501 448
1694444382011 -0.005175672083283178 449
1694444382043 -0.0052788501139340305 450
1694444382081 -0.004485369856927379 451
1694444382114 -0.0047721389981005835 452
1694444382153 -0.004785945662704183 453
1694444382187 -0.005839545135606139 454
1694444382219 -0.0044028696952691515 455
1694444382250 -0.004564722724690995 456
1694444382283 -0.005346757430962246 457
1694444382316 -0.005279534757061111 458
1694444382348 -0.005253129777794463 459
1694444382381 -0.004460410745699361 460
1694444382414 -0.004855654685741229 461
1694444382445 -0.0051697302743340945 462
1694444382474 -0.005862761630449187 463
1694444382509 -0.005271083962709033 464
1694444382540 -0.004706254059970494 465
1694444382572 -0.004516008663688842 466
1694444382604 -0.006090545795292668 467
1694444382635 -0.005636024269608519 468
1694444382673 -0.0055597895001120445 469
1694444382712 -0.004932655680301323 470
1694444382744 -0.004923630419446212 471
1694444382779 -0.005163804735729416 472
1694444382815 -0.005402907646936184 473
1694444382846 -0.005419018029875655 474
1694444382878 -0.004891427526538372 475
1694444382911 -0.005019751805243056 476
1694444382945 -0.00494060836285537 477
1694444382982 -0.005552385101400326 478
1694444383015 -0.004622127198845805 479
1694444383049 -0.005009792230580956 480
1694444383083 -0.0049432839357697045 481
1694444383115 -0.005315372908852645 482
1694444383150 -0.005370019059030895 483
1694444383183 -0.004740113702442095 484
1694444383216 -0.0043734257849255 485
1694444383249 -0.005270432006379666 486
1694444383283 -0.004993252605548504 487
1694444383314 -0.004440197038882765 488
1694444383345 -0.005214150653884531 489
1694444383379 -0.004955355163659414 490
1694444383412 -0.005216414373910183 491
1694444383444 -0.004664828457750181 492
1694444383474 -0.0054861782043023055 493
1694444383506 -0.004761210750659606 494
1694444383537 -0.004751753934067349 495
1694444383569 -0.004807721293601297 496
1694444383602 -0.004342527874572788 497
1694444383633 -0.004833274795150055 498
1694444383666 -0.005472128962588307 499
