1694439003157 -0.00713380219669979 0
1694439003185 -0.00841029247476155 1
1694439003217 -0.007978707789804362 2
1694439003246 -0.008347333528477607 3
1694439003277 -0.0072725011624019675 4
1694439003305 -0.0077924819114583155 5
1694439003340 -0.006956373888080902 6
1694439003386 -0.00775488300324878 7
1694439003431 -0.008323603538378466 8
1694439003468 -0.007988520453456438 9
1694439003500 -0.008304552105450336 10
1694439003533 -0.008026316430541636 11
1694439003564 -0.00863946210332589 12
1694439003596 -0.007522788766852306 13
1694439003625 -0.007965959039863968 14
1694439003655 -0.00808637063962947 15
1694439003683 -0.008660741681981943 16
1694439003714 -0.0073097603275515954 17
1694439003744 -0.008157436016813513 18
1694439003775 -0.00794742511815505 19
1694439003806 -0.007560868517050734 20
1694439003838 -0.007868117177534106 21
1694439003870 -0.008021137120983513 22
1694439003901 -0.007895246946773238 23
1694439003940 -0.007544042869175094 24
1694439003972 -0.0077849935295857264 25
1694439004007 -0.00797401230270589 26
1694439004043 -0.008027289447290586 27
1694439004077 -0.0077458382742949805 28
1694439004110 -0.007572074155608011 29
1694439004144 -0.007956976650901115 30
1694439004179 -0.008291924730082556 31
1694439004211 -0.008072699805507622 32
1694439004246 -0.007997715182559428 33
1694439004279 -0.008270172284256416 34
1694439004314 -0.007445654088254816 35
1694439004357 -0.007449930755119016 36
1694439004405 -0.008183026385869319 37
1694439004446 -0.007628916805169306 38
1694439004483 -0.007294144466804653 39
1694439004524 -0.00834441188079893 40
1694439004561 -0.007528061485394977 41
1694439004598 -0.008259036128806185 42
1694439004635 -0.008157954453632987 43
1694439004679 -0.007942950165608753 44
1694439004713 -0.008817380666503505 45
1694439004745 -0.007662348244180439 46
1694439004777 -0.0074880748934209596 47
1694439004806 -0.007003091284408125 48
1694439004837 -0.008118546162667606 49
1694439004867 -0.008700769371051909 50
1694439004897 -0.00810828912379602 51
1694439004927 -0.009088614509786597 52
1694439004958 -0.007709029698489411 53
1694439004987 -0.0075590469721085185 54
1694439005016 -0.007294477701689228 55
1694439005046 -0.006910727077768852 56
1694439005076 -0.00721417877094277 57
1694439005106 -0.007698577708836751 58
1694439005135 -0.007689973344646717 59
1694439005165 -0.007815834674791855 60
1694439005194 -0.008058634733000503 61
1694439005225 -0.007794305869223139 62
1694439005256 -0.00793910867109271 63
1694439005287 -0.008028794951494111 64
1694439005317 -0.007532458717538715 65
1694439005347 -0.007887907744694278 66
1694439005378 -0.008189787357875788 67
1694439005408 -0.0074894933976934475 68
1694439005443 -0.007768380006956788 69
1694439005478 -0.007041006443231357 70
1694439005510 -0.008326806223914573 71
1694439005540 -0.009031972719328873 72
1694439005571 -0.007728675826772946 73
1694439005600 -0.007421439652058659 74
1694439005631 -0.008730638912741062 75
1694439005660 -0.0072265869509808844 76
1694439005690 -0.007068581979007282 77
1694439005721 -0.007337852864328642 78
1694439005751 -0.006985373408635587 79
1694439005781 -0.00754261570137027 80
1694439005810 -0.008905531260996469 81
1694439005840 -0.008072679735698474 82
1694439005871 -0.008085871927384192 83
1694439005900 -0.007757467333614043 84
1694439005929 -0.008332473427413278 85
1694439005959 -0.00794844536649375 86
1694439005989 -0.007326483054097999 87
1694439006023 -0.00780882503450786 88
1694439006056 -0.008005350427236824 89
1694439006087 -0.007838982601288347 90
1694439006119 -0.00711209887042652 91
1694439006149 -0.00871564347748155 92
1694439006179 -0.00728288083460682 93
1694439006215 -0.007190915953778632 94
1694439006247 -0.008134049517364739 95
1694439006282 -0.00737152031499666 96
1694439006313 -0.007670383486233057 97
1694439006346 -0.007580629498504576 98
1694439006382 -0.007586092261194999 99
1694439006413 -0.008406789725624142 100
1694439006445 -0.007856382671699746 101
1694439006479 -0.007806082106954326 102
1694439006510 -0.00820544943930579 103
1694439006544 -0.008335726451474956 104
1694439006575 -0.0075150919034290276 105
1694439006605 -0.0070832676648644455 106
1694439006637 -0.007491319617463965 107
1694439006667 -0.007377819093638882 108
1694439006696 -0.007371551115614494 109
1694439006726 -0.007204439859850309 110
1694439006756 -0.008063027061177896 111
1694439006787 -0.008105603850318666 112
1694439006816 -0.007841238482579893 113
1694439006847 -0.007940186117929127 114
1694439006878 -0.008203752541645626 115
1694439006909 -0.00769567463960974 116
1694439006938 -0.008389135208779708 117
1694439006969 -0.008145285170131134 118
1694439007000 -0.007564971250236141 119
1694439007032 -0.007681468549689097 120
1694439007063 -0.008048343366939381 121
1694439007093 -0.007657363787396232 122
1694439007123 -0.00757259684587952 123
1694439007153 -0.008610815588416587 124
1694439007183 -0.0072941586058834496 125
1694439007215 -0.007769384537199331 126
1694439007247 -0.008286130597526364 127
1694439007276 -0.007611759739258206 128
1694439007305 -0.008112819179074693 129
1694439007336 -0.007533069597341235 130
1694439007366 -0.007665893821557912 131
1694439007396 -0.00791765372951514 132
1694439007425 -0.007864050051567872 133
1694439007455 -0.007736711308259814 134
1694439007486 -0.007813401893692618 135
1694439007515 -0.008310711374364566 136
1694439007544 -0.007900756900595773 137
1694439007575 -0.007590272103745299 138
1694439007605 -0.007964444790375724 139
1694439007634 -0.0074324120343789435 140
1694439007664 -0.0074670300247976495 141
1694439007694 -0.008314177247392252 142
1694439007723 -0.0073387392608388335 143
1694439007756 -0.0081044270599826 144
1694439007788 -0.008135431032630258 145
1694439007817 -0.007902517619541083 146
1694439007847 -0.008147326786216436 147
1694439007878 -0.007561515752131598 148
1694439007908 -0.007686177186119414 149
1694439007939 -0.008025412334206061 150
1694439007970 -0.008524717927813397 151
1694439007999 -0.008282266229089785 152
1694439008031 -0.007675940562762884 153
1694439008062 -0.008642689734488895 154
1694439008091 -0.007471753692319449 155
1694439008121 -0.007747977433480324 156
1694439008154 -0.00774703649803854 157
1694439008184 -0.00806807454555436 158
1694439008214 -0.008355331224781937 159
1694439008245 -0.007804401350486323 160
1694439008278 -0.0071100732544964185 161
1694439008308 -0.008489255356095127 162
1694439008337 -0.008340044745070774 163
1694439008370 -0.007755107423955243 164
1694439008400 -0.008158043176303087 165
1694439008427 -0.0071641531228605615 166
1694439008457 -0.00739318285212609 167
1694439008486 -0.007425928356423306 168
1694439008515 -0.007150265430449609 169
1694439008545 -0.008009826272408427 170
1694439008577 -0.007161168463128309 171
1694439008607 -0.0073980048167248125 172
1694439008637 -0.007752661090516533 173
1694439008667 -0.0073578249896877335 174
1694439008697 -0.008317200082144316 175
1694439008728 -0.0077795872564299096 176
1694439008761 -0.008378313485610134 177
1694439008790 -0.00750885581575278 178
1694439008819 -0.00790007230739631 179
1694439008849 -0.007788979902441762 180
1694439008879 -0.008033825961529573 181
1694439008910 -0.00781173346019659 182
1694439008941 -0.007429608821311939 183
1694439008970 -0.007200405974830071 184
1694439009002 -0.007502778817186195 185
1694439009032 -0.00761379872589707 186
1694439009062 -0.008075736236538233 187
1694439009090 -0.0075468593643177595 188
1694439009120 -0.007281038039750332 189
1694439009149 -0.007824742769440007 190
1694439009179 -0.007463429711543901 191
1694439009211 -0.008222110762882817 192
1694439009242 -0.007782899794257947 193
1694439009275 -0.007515541790816593 194
1694439009306 -0.007449100864452163 195
1694439009336 -0.006952499475882279 196
1694439009366 -0.0077200780369612865 197
1694439009396 -0.007768411926024621 198
1694439009428 -0.00831632144422545 199
1694439009458 -0.007741451276340738 200
1694439009488 -0.008446388675021455 201
1694439009516 -0.007546790296981243 202
1694439009547 -0.007293378609532386 203
1694439009577 -0.008156242120961332 204
1694439009607 -0.007433437556868094 205
1694439009637 -0.00825401933498382 206
1694439009667 -0.008576167738185703 207
1694439009697 -0.007255998438350231 208
1694439009727 -0.008054491254874563 209
1694439009759 -0.007943461466570101 210
1694439009789 -0.006825520308258115 211
1694439009819 -0.00791420550452604 212
1694439009848 -0.008669274675457972 213
1694439009878 -0.007880051656027787 214
1694439009911 -0.007755156934370788 215
1694439009944 -0.008081735090790909 216
1694439009980 -0.007602365381090159 217
1694439010013 -0.007896289980930948 218
1694439010042 -0.007567256904416064 219
1694439010071 -0.008769023073186277 220
1694439010103 -0.007927680888831778 221
1694439010133 -0.007989391431407755 222
1694439010164 -0.008060902253111069 223
1694439010194 -0.00774378801693798 224
1694439010225 -0.008139179709734101 225
1694439010255 -0.007607113102956031 226
1694439010287 -0.007999026799503373 227
1694439010315 -0.007411401964340536 228
1694439010346 -0.008594044283875446 229
1694439010376 -0.00761764825691702 230
1694439010407 -0.007368036644595177 231
1694439010437 -0.00796668798715583 232
1694439010467 -0.007620066580848794 233
1694439010497 -0.00800815625325324 234
1694439010526 -0.007366714272916797 235
1694439010557 -0.007711011617121066 236
1694439010588 -0.008247559123699455 237
1694439010615 -0.007613162183925715 238
1694439010647 -0.007672105219153069 239
1694439010676 -0.008475424428388001 240
1694439010706 -0.00792434347965254 241
1694439010736 -0.00844768662194273 242
1694439010765 -0.008057486609144293 243
1694439010795 -0.007389645847438953 244
1694439010825 -0.007407363440145254 245
1694439010855 -0.007583548126985917 246
1694439010886 -0.008862418814508333 247
1694439010915 -0.007815048222556076 248
1694439010944 -0.00719698701195437 249
1694439010974 -0.007434032994734663 250
1694439011005 -0.008466633710767502 251
1694439011035 -0.007435321587215604 252
1694439011065 -0.008203642428602054 253
1694439011094 -0.007233396899605671 254
1694439011125 -0.00800397880465975 255
1694439011155 -0.007577284212012758 256
1694439011184 -0.007235442745519682 257
1694439011214 -0.007103668872727731 258
1694439011245 -0.007567859071949012 259
1694439011276 -0.007360603410224487 260
1694439011307 -0.007098027802851403 261
1694439011337 -0.008170363014762483 262
1694439011366 -0.00791502207353778 263
1694439011397 -0.008000915089603655 264
1694439011428 -0.008837148329977618 265
1694439011458 -0.007451667482072821 266
1694439011488 -0.008006422525649537 267
1694439011517 -0.007276788574948512 268
1694439011547 -0.00861477931231569 269
1694439011579 -0.006711559577728954 270
1694439011609 -0.00810740898469442 271
1694439011639 -0.006610270685831532 272
1694439011675 -0.006844823106279652 273
1694439011705 -0.008243728420624485 274
1694439011732 -0.007159310240003602 275
1694439011765 -0.007183798351708459 276
1694439011795 -0.007124512564458119 277
1694439011824 -0.008064732902671734 278
1694439011854 -0.008266035691922635 279
1694439011883 -0.008426778471251728 280
1694439011912 -0.007261761687921364 281
1694439011940 -0.007837443667114252 282
1694439011971 -0.007090260518257896 283
1694439012000 -0.007691357948581556 284
1694439012031 -0.00778892394715025 285
1694439012060 -0.007652016848207488 286
1694439012090 -0.007211177845690253 287
1694439012120 -0.008344869031499114 288
1694439012148 -0.007599503976632338 289
1694439012179 -0.008827629972476547 290
1694439012209 -0.008566725929894936 291
1694439012239 -0.007449414419740341 292
1694439012270 -0.008097224353236676 293
1694439012297 -0.006838437715257051 294
1694439012327 -0.007636406911881277 295
1694439012357 -0.0070169980406358246 296
1694439012387 -0.008119397162300146 297
1694439012416 -0.008124515744763805 298
1694439012447 -0.007336092954946416 299
1694439012477 -0.007816621158897696 300
1694439012508 -0.00825122550329671 301
1694439012538 -0.007356037855749564 302
1694439012570 -0.008255919407216261 303
1694439012599 -0.007614444255769071 304
1694439012629 -0.007969693543669942 305
1694439012662 -0.007905981348607538 306
1694439012694 -0.0074807959598934826 307
1694439012724 -0.007175815712967992 308
1694439012754 -0.00757031801309016 309
1694439012782 -0.007406923191194181 310
1694439012812 -0.006783327638883785 311
1694439012842 -0.008083624111420606 312
1694439012871 -0.0070210343458581015 313
1694439012900 -0.007592967864412659 314
1694439012932 -0.007260810661716022 315
1694439012962 -0.007565624911046287 316
1694439012993 -0.007821654637234277 317
1694439013024 -0.007799037496155181 318
1694439013053 -0.007697833252313657 319
1694439013085 -0.007724203343244085 320
1694439013114 -0.007541823239018086 321
1694439013144 -0.0078011322794020455 322
1694439013176 -0.007747167569996938 323
1694439013206 -0.007584035489214047 324
1694439013237 -0.006871122967815113 325
1694439013266 -0.008750508492942233 326
1694439013295 -0.008535518749764437 327
1694439013326 -0.007869590305875418 328
1694439013356 -0.007807567125805326 329
1694439013387 -0.007956697182886163 330
1694439013417 -0.006749996794603197 331
1694439013447 -0.007468385705684755 332
1694439013477 -0.008148035279059718 333
1694439013507 -0.00801239761630268 334
1694439013538 -0.007936705681886869 335
1694439013572 -0.007103393701309857 336
1694439013610 -0.007509301480873809 337
1694439013640 -0.008102437293009634 338
1694439013669 -0.00783014909621027 339
1694439013698 -0.008084641794850578 340
1694439013728 -0.007560423827319029 341
1694439013758 -0.007987480356363097 342
1694439013788 -0.006910807491505633 343
1694439013818 -0.007620649536260293 344
1694439013847 -0.007406680854911141 345
1694439013877 -0.007460323380466205 346
1694439013905 -0.00789708890731644 347
1694439013938 -0.007714563639696914 348
1694439013967 -0.0073287091451255115 349
1694439013997 -0.007348613248130853 350
1694439014029 -0.007444495625660963 351
1694439014058 -0.007354748541683609 352
1694439014090 -0.006687109151104709 353
1694439014118 -0.007468011874135927 354
1694439014147 -0.006199707680050848 355
1694439014179 -0.007952592528255753 356
1694439014210 -0.00787802815098848 357
1694439014240 -0.008291904312425435 358
1694439014270 -0.007586735372503428 359
1694439014299 -0.007089913823902005 360
1694439014330 -0.008217499581436583 361
1694439014360 -0.007623061834364009 362
1694439014391 -0.00789538494102593 363
1694439014422 -0.007328452179294009 364
1694439014452 -0.007553936476929257 365
1694439014481 -0.007675098803505254 366
1694439014511 -0.007801844655286327 367
1694439014541 -0.007700263130776319 368
1694439014571 -0.007035972337550822 369
1694439014601 -0.008200189349287124 370
1694439014631 -0.008383625624933444 371
1694439014661 -0.007498885222916529 372
1694439014695 -0.00733086636336755 373
1694439014724 -0.007105974221368161 374
1694439014755 -0.008157802762307487 375
1694439014784 -0.007361294655422679 376
1694439014814 -0.007405110258291714 377
1694439014843 -0.007059867294844091 378
1694439014871 -0.007457568577277307 379
1694439014901 -0.008022429756222804 380
1694439014932 -0.008404257569913254 381
1694439014962 -0.008305230684895415 382
1694439014991 -0.007638021824741825 383
1694439015022 -0.007224784806951989 384
1694439015051 -0.007484376185113328 385
1694439015079 -0.00828960863035566 386
1694439015110 -0.007484251690348387 387
1694439015140 -0.006617908112534154 388
1694439015170 -0.007035329695045611 389
1694439015201 -0.0073625000142367725 390
1694439015232 -0.0075011802827187335 391
1694439015262 -0.006962280909902363 392
1694439015292 -0.006752882648240366 393
1694439015320 -0.007302262962058048 394
1694439015349 -0.007340070488539796 395
1694439015380 -0.007348170651605868 396
1694439015409 -0.007592925536075157 397
1694439015438 -0.007763773776544802 398
1694439015468 -0.006979204433267938 399
1694439015498 -0.007611674223776177 400
1694439015527 -0.007077166929980949 401
1694439015556 -0.006984857316714166 402
1694439015585 -0.007930150425938587 403
1694439015613 -0.007236796683406821 404
1694439015641 -0.007831426993113455 405
1694439015670 -0.008709330595938702 406
1694439015698 -0.008181352502735217 407
1694439015726 -0.006621402616557415 408
1694439015757 -0.0072266149906250465 409
1694439015788 -0.007945961734961315 410
1694439015816 -0.008337103561015136 411
1694439015846 -0.00777455953608297 412
1694439015876 -0.0069940391002456526 413
1694439015905 -0.007302380025385302 414
1694439015936 -0.007281054823474964 415
1694439015970 -0.007578800901243188 416
1694439016002 -0.007581514952204715 417
1694439016037 -0.00779579210794612 418
1694439016074 -0.007567841613006054 419
1694439016105 -0.0075313261971456935 420
1694439016133 -0.007649879719539454 421
1694439016165 -0.007141416801463851 422
1694439016195 -0.007444020263696061 423
1694439016226 -0.0071949495768486305 424
1694439016257 -0.007523381772317039 425
1694439016287 -0.007192196792410677 426
1694439016316 -0.007453306714798158 427
1694439016347 -0.007486231471779625 428
1694439016378 -0.008292554305571187 429
1694439016405 -0.007810230168159071 430
1694439016434 -0.007513811623448996 431
1694439016464 -0.00698345110329579 432
1694439016494 -0.008158940824283256 433
1694439016522 -0.007259659290448139 434
1694439016551 -0.007076133270206508 435
1694439016581 -0.00807508837495896 436
1694439016611 -0.00784332136683763 437
1694439016640 -0.007920364500680677 438
1694439016670 -0.007425235576092426 439
1694439016700 -0.007427637171456114 440
1694439016729 -0.0074230635359122665 441
1694439016758 -0.007106135104393507 442
1694439016787 -0.007755424653135723 443
1694439016818 -0.00697011632102873 444
1694439016847 -0.0081025533796526 445
1694439016878 -0.007729171456966943 446
1694439016907 -0.007420914677856105 447
1694439016937 -0.007937562647789553 448
1694439016968 -0.007504926382816857 449
1694439016998 -0.007669153641520321 450
1694439017028 -0.006960072271498419 451
1694439017058 -0.007791892195348815 452
1694439017089 -0.007576985457798058 453
1694439017119 -0.007029813747392311 454
1694439017148 -0.0072607456117408375 455
1694439017177 -0.0080262982845003 456
1694439017206 -0.007850259702758544 457
1694439017235 -0.007570771151831357 458
1694439017265 -0.007269063425567879 459
1694439017295 -0.006780472802749848 460
1694439017324 -0.007374766757024087 461
1694439017354 -0.007855875890785624 462
1694439017383 -0.007365902536387026 463
1694439017412 -0.008037156852857219 464
1694439017442 -0.006461020545279972 465
1694439017472 -0.00807476811815011 466
1694439017501 -0.007657443681217346 467
1694439017529 -0.007512497866750234 468
1694439017558 -0.007418307141042968 469
1694439017587 -0.007675840488212238 470
1694439017616 -0.006600492870706409 471
1694439017646 -0.007328337667406037 472
1694439017678 -0.0073145305059578725 473
1694439017707 -0.007685259447501425 474
1694439017737 -0.007212593235550457 475
1694439017766 -0.0072746659413280845 476
1694439017796 -0.00721841349645147 477
1694439017824 -0.00788745711889649 478
1694439017854 -0.007877962373951997 479
1694439017882 -0.007152106461029373 480
1694439017911 -0.006529713441078888 481
1694439017941 -0.007376178173943204 482
1694439017971 -0.007818633288405374 483
1694439018001 -0.007659388974242232 484
1694439018031 -0.007416090135118125 485
1694439018061 -0.007689302901035866 486
1694439018090 -0.007367518556468111 487
1694439018120 -0.007278231459750595 488
1694439018149 -0.007435753640114839 489
1694439018178 -0.008071070320449403 490
1694439018208 -0.006914798585168969 491
1694439018237 -0.007550163860696735 492
1694439018266 -0.007156635656006882 493
1694439018296 -0.008149943179954766 494
1694439018326 -0.006968262717666818 495
1694439018357 -0.007280416322007044 496
1694439018386 -0.008183891918746022 497
1694439018414 -0.00756796386735048 498
1694439018445 -0.006929918256215473 499
