1694438858899 150.31709860644082 0
1694438858931 137.6969460783091 1
1694438858961 125.35232406745607 2
1694438858992 115.76451236000472 3
1694438859022 105.7675522269072 4
1694438859053 99.43996181367827 5
1694438859084 92.34488131222379 6
1694438859122 84.98470153766337 7
1694438859160 78.267937731854 8
1694438859209 73.0135012573349 9
1694438859259 66.9849546020576 10
1694438859292 61.750846679849126 11
1694438859325 57.1586809795516 12
1694438859355 52.67442015790446 13
1694438859386 49.15708719382921 14
1694438859415 44.87516148601911 15
1694438859444 42.0646893311968 16
1694438859475 38.51302303041753 17
1694438859506 35.669217835470995 18
1694438859537 32.70904111723763 19
1694438859568 30.26834407170841 20
1694438859598 27.891904669167875 21
1694438859627 26.042150884690212 22
1694438859661 23.96468659153599 23
1694438859698 22.10917515591836 24
1694438859732 20.45783390750491 25
1694438859765 18.981595390356294 26
1694438859801 17.573160387481124 27
1694438859833 16.097872553913046 28
1694438859867 14.873205956181714 29
1694438859898 13.929326172102503 30
1694438859932 12.858006957620422 31
1694438859967 11.798028062599625 32
1694438859999 10.986380316354191 33
1694438860036 10.132660529688634 34
1694438860069 9.347010343672101 35
1694438860102 8.805506924708741 36
1694438860137 8.057576365734715 37
1694438860171 7.480254121067233 38
1694438860207 7.005232304888472 39
1694438860243 6.532114596415667 40
1694438860282 5.865668301370614 41
1694438860317 5.509841241465103 42
1694438860355 5.022041045333381 43
1694438860392 4.649985583628589 44
1694438860433 4.431466232900175 45
1694438860470 4.042198439090218 46
1694438860502 3.837990018880429 47
1694438860535 3.5447614408191583 48
1694438860565 3.352939815695616 49
1694438860596 3.0824087217396294 50
1694438860626 2.86485371331498 51
1694438860656 2.6105493635023516 52
1694438860686 2.4744243923781366 53
1694438860718 2.2999970041810265 54
1694438860747 2.1577473785797237 55
1694438860777 2.010543642061265 56
1694438860809 1.8897492912769998 57
1694438860839 1.725609477915019 58
1694438860869 1.6149041771153958 59
1694438860898 1.5399045241560043 60
1694438860927 1.4165077926935292 61
1694438860956 1.3042242914089874 62
1694438860986 1.2380691881362327 63
1694438861019 1.1607011207486615 64
1694438861051 1.1248612024327032 65
1694438861080 1.0463127447647844 66
1694438861112 0.9770696797112131 67
1694438861143 0.9118904396492451 68
1694438861172 0.8642192166788549 69
1694438861205 0.8169251861570158 70
1694438861234 0.7562146532701167 71
1694438861264 0.7515016800619797 72
1694438861294 0.7075446772105362 73
1694438861325 0.6375889239995984 74
1694438861357 0.604778595012385 75
1694438861386 0.5860415633672587 76
1694438861416 0.5507077884102374 77
1694438861446 0.5199321280126088 78
1694438861476 0.4949935614697681 79
1694438861507 0.5044903869039579 80
1694438861537 0.47170607772696554 81
1694438861566 0.4201712345320323 82
1694438861595 0.40379941464439206 83
1694438861628 0.3798117075938856 84
1694438861658 0.3930306926235711 85
1694438861689 0.35707613265545823 86
1694438861721 0.32407892984061587 87
1694438861750 0.324958245921654 88
1694438861779 0.3382166303095313 89
1694438861809 0.29856700806368197 90
1694438861840 0.3087346766818768 91
1694438861882 0.2841547725348837 92
1694438861922 0.2711371598914736 93
1694438861952 0.28059441079051256 94
1694438861983 0.2707772928201663 95
1694438862015 0.2690766287255555 96
1694438862044 0.2474465386886734 97
1694438862074 0.25383142883367604 98
1694438862103 0.2150566310704837 99
1694438862134 0.21671731317140616 100
1694438862161 0.23386196672671952 101
1694438862192 0.23826743588535682 102
1694438862222 0.20059146701858133 103
1694438862253 0.2086606845850495 104
1694438862281 0.22877490674187878 105
1694438862310 0.20147582169042658 106
1694438862342 0.20585826932982512 107
1694438862375 0.18041357690399373 108
1694438862404 0.19191501770022826 109
1694438862433 0.1831161840834106 110
1694438862463 0.18347036690709523 111
1694438862492 0.16273739952365446 112
1694438862522 0.17487176265540771 113
1694438862551 0.16817413098377956 114
1694438862581 0.17588800333481858 115
1694438862610 0.1849979485886052 116
1694438862639 0.16872270020623015 117
1694438862669 0.19378027272183004 118
1694438862701 0.17367837576842723 119
1694438862729 0.1899909440197181 120
1694438862759 0.1758476154970316 121
1694438862790 0.17891465638271278 122
1694438862820 0.16521867656702913 123
1694438862849 0.16727182501992657 124
1694438862878 0.1590807880833855 125
1694438862909 0.1558564429180572 126
1694438862939 0.15941579680446832 127
1694438862967 0.160094580945397 128
1694438862997 0.1548600467363037 129
1694438863028 0.1519723474665096 130
1694438863058 0.16707743109840623 131
1694438863089 0.16441252335794157 132
1694438863119 0.13837133138439936 133
1694438863148 0.15951049514603163 134
1694438863178 0.15439886894614716 135
1694438863210 0.14582814819508008 136
1694438863240 0.17491352175591898 137
1694438863273 0.14980827866537935 138
1694438863304 0.14673709728998932 139
1694438863335 0.16332129172926027 140
1694438863367 0.16783364477017906 141
1694438863397 0.14643774432432036 142
1694438863428 0.15915977743463308 143
1694438863457 0.14959452330055462 144
1694438863488 0.151594201441856 145
1694438863519 0.15522226347845275 146
1694438863552 0.14046126850430804 147
1694438863581 0.1453914175809402 148
1694438863612 0.15795222001518203 149
1694438863643 0.13231338330938303 150
1694438863672 0.1323885862818254 151
1694438863703 0.15167528629147511 152
1694438863734 0.14426494853030702 153
1694438863763 0.13825822079130043 154
1694438863792 0.15475609551774627 155
1694438863823 0.15689871350667287 156
1694438863853 0.13734528655885878 157
1694438863881 0.14069996092810408 158
1694438863911 0.14059994151024272 159
1694438863941 0.16908570387548533 160
1694438863970 0.13924097697358684 161
1694438864000 0.142195733813673 162
1694438864030 0.12962340655579657 163
1694438864065 0.1371798464880445 164
1694438864102 0.13617344851233115 165
1694438864139 0.14745976698740812 166
1694438864174 0.13411780759591474 167
1694438864210 0.138092170079487 168
1694438864243 0.1556528336296624 169
1694438864275 0.13511465270329331 170
1694438864307 0.1411578589499049 171
1694438864337 0.13545611415163553 172
1694438864369 0.13784225165281205 173
1694438864398 0.13903172527315463 174
1694438864428 0.15615831877595815 175
1694438864460 0.1307669495704709 176
1694438864496 0.1443305640632711 177
1694438864533 0.13312435728266434 178
1694438864565 0.13854088380477086 179
1694438864602 0.13800470496374795 180
1694438864635 0.14844024373368636 181
1694438864664 0.15120869164960807 182
1694438864695 0.13640063463539098 183
1694438864725 0.13145482691058233 184
1694438864754 0.1393438097329361 185
1694438864783 0.14268437432407893 186
1694438864811 0.13991482982115228 187
1694438864841 0.13933824529785632 188
1694438864870 0.1500274413173426 189
1694438864901 0.14375165661028058 190
1694438864930 0.14868722541534107 191
1694438864961 0.1384824789304921 192
1694438864992 0.13793384747383788 193
1694438865026 0.14545102667220838 194
1694438865059 0.11309787068233153 195
