1694438858906 -0.0073328781568422485 0
1694438858938 -0.006825874923478192 1
1694438858969 -0.006534498876762829 2
1694438859000 -0.007246795951997065 3
1694438859029 -0.006551029468669922 4
1694438859060 -0.006767531608928401 5
1694438859093 -0.007377365838855843 6
1694438859129 -0.006095759056027106 7
1694438859170 -0.00666122219570453 8
1694438859219 -0.005348859884592105 9
1694438859269 -0.0050415395545038155 10
1694438859302 -0.005259248886206436 11
1694438859334 -0.005314960939476476 12
1694438859363 -0.0036628252288803953 13
1694438859392 -0.004311187911697045 14
1694438859423 -0.0034118502721698363 15
1694438859452 -0.0030078651382614563 16
1694438859483 -0.0025410446055289526 17
1694438859513 -0.002745991732328923 18
1694438859544 -0.0008522524979015511 19
1694438859575 0.0005673723693480071 20
1694438859605 0.00013023252542387898 21
1694438859633 0.0014606265586265543 22
1694438859671 0.0026740014600231676 23
1694438859708 0.0023297168795831658 24
1694438859741 0.0035921004937787826 25
1694438859774 0.005051832713609761 26
1694438859808 0.007130781546393683 27
1694438859840 0.007452476738216474 28
1694438859875 0.014153760505949298 29
1694438859907 0.012273948883496755 30
1694438859940 0.01650252138215158 31
1694438859976 0.01284179320955725 32
1694438860009 0.014372881286904171 33
1694438860043 0.020998746746668018 34
1694438860077 0.02520763264797754 35
1694438860110 0.024583632885415208 36
1694438860143 0.022020924755289828 37
1694438860179 0.03247652100284992 38
1694438860214 0.037086142763013585 39
1694438860251 0.031512356331712565 40
1694438860290 0.0391764999417209 41
1694438860327 0.04792224107141496 42
1694438860364 0.04973285401023153 43
1694438860401 0.054313435759118844 44
1694438860444 0.05365620171512697 45
1694438860477 0.056609743529420053 46
1694438860510 0.06500650714204148 47
1694438860541 0.07246803781453837 48
1694438860573 0.08031402975236679 49
1694438860604 0.0906063258072205 50
1694438860634 0.07643362692831934 51
1694438860663 0.08774319470459291 52
1694438860693 0.10206687567321904 53
1694438860724 0.10273593470926434 54
1694438860754 0.11925121115696768 55
1694438860785 0.12043187124101074 56
1694438860817 0.12630435933679451 57
1694438860846 0.12676573925807577 58
1694438860876 0.1440963735777283 59
1694438860906 0.15396342463961687 60
1694438860934 0.14432551242836866 61
1694438860963 0.19532632226551205 62
1694438860993 0.1863568722488973 63
1694438861026 0.19257435456162242 64
1694438861058 0.20027080657791063 65
1694438861089 0.2112116509320342 66
1694438861120 0.21350031043266415 67
1694438861150 0.21604709258872368 68
1694438861180 0.25674413955431385 69
1694438861212 0.237857911116356 70
1694438861240 0.2918656149530433 71
1694438861272 0.2837803179018914 72
1694438861302 0.30841007971838186 73
1694438861332 0.2700961911898502 74
1694438861363 0.3352294489363127 75
1694438861393 0.3012151377346437 76
1694438861423 0.3567874440526314 77
1694438861454 0.33629199699434675 78
1694438861484 0.4265140731816417 79
1694438861513 0.3701565975380938 80
1694438861543 0.3984506024920721 81
1694438861573 0.37933392100204333 82
1694438861603 0.3830632641156446 83
1694438861636 0.42513131752439204 84
1694438861666 0.3735889255352194 85
1694438861696 0.40720786176959056 86
1694438861728 0.4550588912801352 87
1694438861757 0.46052027622996794 88
1694438861787 0.4718726501946524 89
1694438861818 0.4724981431069175 90
1694438861853 0.48638094390198494 91
1694438861892 0.525286751173757 92
1694438861928 0.5342213201843103 93
1694438861960 0.5028117041238892 94
1694438861990 0.5198693655283537 95
1694438862021 0.5064718173216061 96
1694438862051 0.5447775494597009 97
1694438862080 0.5203642622574778 98
1694438862110 0.5619731659127003 99
1694438862140 0.5682630753231611 100
1694438862169 0.5802072946568875 101
1694438862201 0.5811347512617053 102
1694438862228 0.6156688671400565 103
1694438862259 0.6033871298621791 104
1694438862289 0.5613772586291919 105
1694438862320 0.5619776745895315 106
1694438862350 0.5910934064660791 107
1694438862381 0.61162800844947 108
1694438862411 0.6210244283360942 109
1694438862440 0.6131321513035961 110
1694438862471 0.5795228579153794 111
1694438862500 0.5798573853954765 112
1694438862529 0.5987468431589171 113
1694438862558 0.6234096489169363 114
1694438862588 0.6095613589900943 115
1694438862618 0.6559331250800469 116
1694438862646 0.5973884369631155 117
1694438862676 0.5992004930630626 118
1694438862707 0.635064544157862 119
1694438862736 0.6195105584477776 120
1694438862768 0.6391752559954307 121
1694438862796 0.637679744678647 122
1694438862826 0.6170662648516647 123
1694438862856 0.6210899749069858 124
1694438862886 0.6464149297969316 125
1694438862916 0.6395929496576398 126
1694438862945 0.6179030459293318 127
1694438862975 0.6265531635531472 128
1694438863005 0.6369949574008207 129
1694438863035 0.6697347092675816 130
1694438863066 0.6290921831836787 131
1694438863095 0.6539446737918415 132
1694438863126 0.6890815066008731 133
1694438863155 0.6011559428039199 134
1694438863187 0.6352928724083862 135
1694438863218 0.6532342631330401 136
1694438863248 0.6178409870032648 137
1694438863280 0.663373404061204 138
1694438863311 0.6777803955807261 139
1694438863343 0.666120790606954 140
1694438863374 0.643349999288827 141
1694438863404 0.6409961235507116 142
1694438863436 0.6873236612863807 143
1694438863465 0.669221950608459 144
1694438863496 0.6773895874208062 145
1694438863527 0.642219976963136 146
1694438863558 0.6658145338965797 147
1694438863588 0.6203792397743637 148
1694438863620 0.6368064079669629 149
1694438863650 0.7158654450832959 150
1694438863679 0.6304567290046444 151
1694438863711 0.6415241902331742 152
1694438863740 0.6499053462884303 153
1694438863770 0.6768174954667012 154
1694438863800 0.6727763440357082 155
1694438863829 0.6510881902572576 156
1694438863859 0.6555951408857701 157
1694438863890 0.6971340529239267 158
1694438863918 0.6703754042995412 159
1694438863947 0.6105004535397138 160
1694438863976 0.667194758691899 161
1694438864008 0.6678016795011158 162
1694438864038 0.7015675158319916 163
1694438864074 0.6822333088017012 164
1694438864109 0.6997066430803953 165
1694438864147 0.6403911645425617 166
1694438864182 0.6491184708264974 167
1694438864220 0.6396210233404098 168
1694438864252 0.6570021215147728 169
1694438864282 0.7108894661936846 170
1694438864315 0.6832219466001515 171
1694438864344 0.6528515177498547 172
1694438864375 0.6977614736375011 173
1694438864405 0.6856700358884501 174
1694438864436 0.6297155739157605 175
1694438864469 0.6930184614635079 176
1694438864506 0.592706358851879 177
1694438864540 0.7067518012888105 178
1694438864573 0.7058864875171649 179
1694438864610 0.641675162204319 180
1694438864643 0.6417845455238551 181
1694438864672 0.6370461000701158 182
1694438864703 0.6617661756969387 183
1694438864733 0.6598784000005283 184
1694438864761 0.6933196484140782 185
1694438864790 0.6612050654509987 186
1694438864819 0.6742664513901562 187
1694438864849 0.6820235137371613 188
1694438864878 0.6226824581143848 189
1694438864908 0.6503861772607089 190
1694438864938 0.6449035102128601 191
1694438864968 0.6809308732512188 192
1694438865001 0.6746898448554111 193
1694438865034 0.6586421893913498 194
1694438865068 0.7404407301102536 195
