1694445013773 0.0 0
1694445014076 0.0 1
1694445014348 0.0 2
1694445014660 0.0 3
1694445014971 0.0 4
1694445015266 0.0 5
1694445015543 0.0 6
1694445015793 0.0 7
1694445016061 0.0 8
1694445016375 0.0 9
1694445016632 0.0 10
1694445016911 0.0 11
1694445017169 0.0 12
1694445017458 0.0 13
1694445017745 0.0 14
1694445018032 0.0 15
1694445018295 0.0 16
1694445018670 0.0 17
1694445018911 0.0 18
1694445019166 0.0 19
1694445019427 0.0 20
1694445019683 0.0 21
1694445019937 0.0 22
1694445020188 0.0 23
1694445020450 0.0 24
1694445020703 0.0 25
1694445020949 0.0 26
1694445021200 0.0 27
1694445021470 0.0 28
1694445021728 0.0 29
1694445021986 0.0 30
1694445022241 0.0 31
1694445022513 0.0 32
1694445022758 0.0 33
1694445023010 0.0 34
1694445023269 0.0 35
1694445023595 0.0 36
1694445023864 0.0 37
1694445024124 0.0 38
1694445024390 0.0 39
1694445024650 0.0 40
1694445024914 0.0 41
1694445025191 0.0 42
1694445025447 0.0 43
1694445025709 0.0 44
1694445025966 0.0 45
1694445026254 0.0 46
1694445026531 0.0 47
1694445026796 0.0 48
1694445027051 0.0 49
1694445027324 0.0 50
1694445027583 0.0 51
1694445027840 0.0 52
1694445028086 0.0 53
1694445028342 0.0 54
1694445028602 0.0 55
1694445028834 0.0 56
1694445029082 0.0 57
1694445029341 0.0 58
1694445029595 0.0 59
1694445029856 0.0 60
1694445030137 0.0 61
1694445030413 0.0 62
1694445030652 0.0 63
1694445030905 0.0 64
1694445031157 0.0 65
1694445031421 0.0 66
1694445031681 0.0 67
1694445031917 0.0 68
1694445032165 0.0 69
1694445032447 0.0 70
1694445032733 0.0 71
1694445033009 0.0 72
1694445033277 0.0 73
1694445033537 0.0 74
1694445033803 0.0 75
1694445034054 0.0 76
1694445034323 0.0 77
1694445034592 0.0 78
1694445034846 0.0 79
1694445035110 0.0 80
1694445035368 0.0 81
1694445035626 0.0 82
1694445035872 0.0 83
1694445036143 0.0 84
1694445036435 0.0 85
1694445036717 0.0 86
1694445036985 0.0 87
1694445037245 0.0 88
1694445037492 0.0 89
1694445037740 0.0 90
1694445038007 0.0 91
1694445038258 0.0 92
1694445038511 0.0 93
1694445038779 0.0 94
1694445039045 0.0 95
1694445039315 0.0 96
1694445039569 0.0 97
1694445039822 0.0 98
1694445040082 0.0 99
1694445040360 0.0 100
1694445040636 0.0 101
1694445040892 0.0 102
1694445041145 0.0 103
1694445041401 0.0 104
1694445041671 0.0 105
1694445041932 0.0 106
1694445042194 0.0 107
1694445042451 0.0 108
1694445042709 0.0 109
1694445042971 0.0 110
1694445043240 0.0 111
1694445043504 0.0 112
1694445043771 0.0 113
1694445044030 0.0 114
1694445044283 0.0 115
1694445044547 0.0 116
1694445044797 0.0 117
1694445045042 0.0 118
1694445045292 0.0 119
1694445045535 0.0 120
1694445045765 0.0 121
1694445046029 0.0 122
1694445046265 0.0 123
1694445046519 0.0 124
1694445046759 0.0 125
1694445047028 0.0 126
1694445047300 0.0 127
1694445047585 0.0 128
1694445047850 0.0 129
1694445048123 0.0 130
1694445048369 0.0 131
1694445048643 0.0 132
1694445048910 0.0 133
1694445049138 0.0 134
1694445049387 0.0 135
1694445049632 0.0 136
1694445049883 0.0 137
1694445050134 0.0 138
1694445050403 0.0 139
1694445050667 0.0 140
1694445050913 0.0 141
1694445051156 0.0 142
1694445051415 0.0 143
1694445051677 0.0 144
1694445051931 0.0 145
1694445052185 0.0 146
1694445052458 0.0 147
1694445052745 0.0 148
1694445052999 0.0 149
1694445053266 0.0 150
1694445053536 0.0 151
1694445053796 0.0 152
1694445054059 0.0 153
1694445054314 0.0 154
1694445054585 0.0 155
1694445054866 0.0 156
1694445055123 0.0 157
1694445055399 0.0 158
1694445055653 0.0 159
1694445055905 0.0 160
1694445056148 0.0 161
1694445056412 0.0 162
1694445056694 0.0 163
1694445056969 0.0 164
1694445057230 0.0 165
1694445057513 0.0 166
1694445057813 0.0 167
1694445058073 0.0 168
1694445058361 0.0 169
1694445058602 0.0 170
1694445058847 0.0 171
1694445059144 0.0 172
1694445059431 0.0 173
1694445059694 0.0 174
1694445059946 0.0 175
1694445060218 0.0 176
1694445060510 0.0 177
1694445060770 0.0 178
1694445061036 0.0 179
1694445061344 0.0 180
1694445061609 0.0 181
1694445061919 0.0 182
1694445062201 0.0 183
1694445062459 0.0 184
1694445062705 0.0 185
1694445062983 0.0 186
1694445063275 0.0 187
1694445063570 0.0 188
1694445063821 0.0 189
1694445064066 0.0 190
1694445064329 0.0 191
1694445064601 0.0 192
1694445064858 0.0 193
1694445065121 0.0 194
1694445065361 0.0 195
1694445065594 0.0 196
1694445065818 0.0 197
1694445066042 0.0 198
1694445066301 0.0 199
1694445066549 0.0 200
1694445066780 0.0 201
1694445067007 0.0 202
1694445067234 0.0 203
1694445067488 0.0 204
1694445067731 0.0 205
1694445067981 0.0 206
1694445068248 0.0 207
1694445068499 0.0 208
1694445068733 0.0 209
1694445068966 0.0 210
1694445069191 0.0 211
1694445069423 0.0 212
1694445069661 0.0 213
1694445069919 0.0 214
1694445070168 0.0 215
1694445070441 0.0 216
1694445070711 0.0 217
1694445070982 0.0 218
1694445071224 0.0 219
1694445071479 0.0 220
1694445071734 0.0 221
1694445071994 0.0 222
1694445072278 0.0 223
1694445072550 0.0 224
1694445072832 0.0 225
1694445073115 0.0 226
1694445073377 0.0 227
1694445073683 0.0 228
1694445073941 0.0 229
1694445074204 0.0 230
1694445074482 0.0 231
1694445074766 0.0 232
1694445075041 0.0 233
1694445075305 0.0 234
1694445075571 0.0 235
1694445075822 0.0 236
1694445076073 0.0 237
1694445076315 0.0 238
1694445076565 0.0 239
1694445076819 0.0 240
1694445077054 0.0 241
1694445077302 0.0 242
1694445077566 0.0 243
1694445077826 0.0 244
1694445078068 0.0 245
1694445078325 0.0 246
1694445078579 0.0 247
1694445078825 0.0 248
1694445079064 0.0 249
1694445079345 0.0 250
1694445079607 0.0 251
1694445079856 0.0 252
1694445080105 0.0 253
1694445080363 0.0 254
1694445080619 0.0 255
1694445080889 0.0 256
1694445081141 0.0 257
1694445081407 0.0 258
1694445081654 0.0 259
1694445081884 0.0 260
1694445082141 0.0 261
1694445082401 0.0 262
1694445082650 0.0 263
1694445082930 0.0 264
1694445083184 0.0 265
1694445083450 0.0 266
1694445083733 0.0 267
1694445083983 0.0 268
1694445084230 0.0 269
1694445084513 0.0 270
1694445084767 0.0 271
1694445085021 0.0 272
1694445085284 0.0 273
1694445085570 0.0 274
1694445085825 0.0 275
1694445086076 0.0 276
1694445086359 0.0 277
1694445086630 0.0 278
1694445086909 0.0 279
1694445087170 0.0 280
1694445087437 0.0 281
1694445087694 0.0 282
1694445087949 0.0 283
1694445088220 0.0 284
1694445088476 0.0 285
1694445088711 0.0 286
1694445088965 0.0 287
1694445089214 0.0 288
1694445089488 0.0 289
1694445089738 0.0 290
1694445089988 0.0 291
1694445090239 0.0 292
1694445090503 0.0 293
1694445090754 0.0 294
1694445091006 0.0 295
1694445091255 0.0 296
1694445091515 0.0 297
1694445091762 0.0 298
1694445092032 0.0 299
1694445092302 0.0 300
1694445092547 0.0 301
1694445092817 0.0 302
1694445093084 0.0 303
1694445093339 0.0 304
1694445093591 0.0 305
1694445093875 0.0 306
1694445094127 0.0 307
1694445094418 0.0 308
1694445094668 0.0 309
1694445094926 0.0 310
1694445095200 0.0 311
1694445095467 0.0 312
1694445095729 0.0 313
1694445095974 0.0 314
1694445096247 0.0 315
1694445096526 0.0 316
1694445096796 0.0 317
1694445097078 0.0 318
1694445097353 0.0 319
1694445097615 0.0 320
1694445097882 0.0 321
1694445098143 0.0 322
1694445098415 0.0 323
1694445098665 0.0 324
1694445098922 0.0 325
1694445099171 0.0 326
1694445099427 0.0 327
1694445099699 0.0 328
1694445099987 0.0 329
1694445100244 0.0 330
1694445100496 0.0 331
1694445100752 0.0 332
1694445101031 0.0 333
1694445101286 0.0 334
1694445101556 0.0 335
1694445101835 0.0 336
1694445102118 0.0 337
1694445102370 0.0 338
1694445102631 0.0 339
1694445102915 0.0 340
1694445103146 0.0 341
1694445103406 0.0 342
1694445103662 0.0 343
1694445103951 0.0 344
1694445104232 0.0 345
1694445104531 0.0 346
1694445104797 0.0 347
1694445105072 0.0 348
1694445105330 0.0 349
1694445105633 0.0 350
1694445105902 0.0 351
1694445106170 0.0 352
1694445106434 0.0 353
1694445106713 0.0 354
1694445106961 0.0 355
1694445107263 0.0 356
1694445107531 0.0 357
1694445107797 0.0 358
1694445108080 0.0 359
1694445108333 0.0 360
1694445108601 0.0 361
1694445108855 0.0 362
1694445109117 0.0 363
1694445109399 0.0 364
1694445109660 0.0 365
1694445109922 0.0 366
1694445110175 0.0 367
1694445110445 0.0 368
1694445110708 0.0 369
1694445110969 0.0 370
1694445111196 0.0 371
1694445111451 0.0 372
1694445111716 0.0 373
1694445111970 0.0 374
1694445112216 0.0 375
1694445112493 0.0 376
1694445112750 0.0 377
1694445113026 0.0 378
1694445113288 0.0 379
1694445113550 0.0 380
1694445113827 0.0 381
1694445114097 0.0 382
1694445114358 0.0 383
1694445114616 0.0 384
1694445114856 0.0 385
1694445115091 0.0 386
1694445115354 0.0 387
1694445115609 0.0 388
1694445115844 0.0 389
1694445116110 0.0 390
1694445116359 0.0 391
1694445116613 0.0 392
1694445116866 0.0 393
1694445117133 0.0 394
1694445117394 0.0 395
1694445117653 0.0 396
1694445117907 0.0 397
1694445118157 0.0 398
1694445118423 0.0 399
1694445118683 0.0 400
1694445118929 0.0 401
1694445119178 0.0 402
1694445119435 0.0 403
1694445119697 0.0 404
1694445119958 0.0 405
1694445120232 0.0 406
1694445120511 0.0 407
1694445120775 0.0 408
1694445121043 0.0 409
1694445121318 0.0 410
1694445121571 0.0 411
1694445121853 0.0 412
1694445122133 0.0 413
1694445122406 0.0 414
1694445122682 0.0 415
1694445122931 0.0 416
1694445123179 0.0 417
1694445123477 0.0 418
1694445123718 0.0 419
1694445124019 0.0 420
1694445124297 0.0 421
1694445124603 0.0 422
1694445124872 0.0 423
1694445125134 0.0 424
1694445125426 0.0 425
1694445125704 0.0 426
1694445125947 0.0 427
1694445126210 0.0 428
1694445126501 0.0 429
1694445126768 0.0 430
1694445127027 0.0 431
1694445127355 0.0 432
1694445127614 0.0 433
1694445127864 0.0 434
1694445128157 0.0 435
1694445128442 0.0 436
1694445128698 0.0 437
1694445128973 0.0 438
1694445129227 0.0 439
1694445129497 0.0 440
1694445129760 0.0 441
1694445130010 0.0 442
1694445130272 0.0 443
1694445130537 0.0 444
1694445130784 0.0 445
1694445131047 0.0 446
1694445131307 0.0 447
1694445131583 0.0 448
1694445131838 0.0 449
1694445132098 0.0 450
1694445132360 0.0 451
1694445132635 0.0 452
1694445132906 0.0 453
1694445133158 0.0 454
1694445133417 0.0 455
1694445133661 0.0 456
1694445133911 0.0 457
1694445134173 0.0 458
1694445134461 0.0 459
1694445134731 0.0 460
1694445135007 0.0 461
1694445135287 0.0 462
1694445135566 0.0 463
1694445135845 0.0 464
1694445136095 0.0 465
1694445136372 0.0 466
1694445136650 0.0 467
1694445136918 0.0 468
1694445137177 0.0 469
1694445137452 0.0 470
1694445137728 0.0 471
1694445138018 0.0 472
1694445138309 0.0 473
1694445138582 0.0 474
1694445138850 0.0 475
1694445139099 0.0 476
1694445139381 0.0 477
1694445139686 0.0 478
1694445139963 0.0 479
1694445140222 0.0 480
1694445140498 0.0 481
1694445140765 0.0 482
1694445141007 0.0 483
1694445141251 0.0 484
1694445141501 0.0 485
1694445141757 0.0 486
1694445142028 0.0 487
1694445142291 0.0 488
1694445142557 0.0 489
1694445142806 0.0 490
1694445143055 0.0 491
1694445143306 0.0 492
1694445143573 0.0 493
1694445143845 0.0 494
1694445144144 0.0 495
1694445144404 0.0 496
1694445144660 0.0 497
1694445144925 0.0 498
1694445145173 0.0 499
