1694445279878 0.0 0
1694445280175 0.0 1
1694445280452 0.0 2
1694445280740 0.0 3
1694445281035 0.0 4
1694445281326 0.0 5
1694445281563 0.0 6
1694445281820 0.0 7
1694445282074 0.0 8
1694445282340 0.0 9
1694445282602 0.0 10
1694445282866 0.0 11
1694445283134 0.0 12
1694445283404 0.0 13
1694445283666 0.0 14
1694445283925 0.0 15
1694445284196 0.0 16
1694445284459 0.0 17
1694445284734 0.0 18
1694445285015 0.0 19
1694445285262 0.0 20
1694445285529 0.0 21
1694445285769 0.0 22
1694445286028 0.0 23
1694445286279 0.0 24
1694445286538 0.0 25
1694445286795 0.0 26
1694445287079 0.0 27
1694445287346 0.0 28
1694445287605 0.0 29
1694445287874 0.0 30
1694445288135 0.0 31
1694445288396 0.0 32
1694445288735 0.0 33
1694445289033 0.0 34
1694445289280 0.0 35
1694445289536 0.0 36
1694445289787 0.0 37
1694445290063 0.0 38
1694445290309 0.0 39
1694445290569 0.0 40
1694445290821 0.0 41
1694445291081 0.0 42
1694445291350 0.0 43
1694445291598 0.0 44
1694445291843 0.0 45
1694445292086 0.0 46
1694445292338 0.0 47
1694445292600 0.0 48
1694445292877 0.0 49
1694445293127 0.0 50
1694445293384 0.0 51
1694445293634 0.0 52
1694445293909 0.0 53
1694445294181 0.0 54
1694445294430 0.0 55
1694445294679 0.0 56
1694445294920 0.0 57
1694445295168 0.0 58
1694445295420 0.0 59
1694445295668 0.0 60
1694445295937 0.0 61
1694445296209 0.0 62
1694445296481 0.0 63
1694445296737 0.0 64
1694445296983 0.0 65
1694445297229 0.0 66
1694445297477 0.0 67
1694445297725 0.0 68
1694445297999 0.0 69
1694445298265 0.0 70
1694445298509 0.0 71
1694445298749 0.0 72
1694445298986 0.0 73
1694445299241 0.0 74
1694445299487 0.0 75
1694445299731 0.0 76
1694445299987 0.0 77
1694445300252 0.0 78
1694445300506 0.0 79
1694445300786 0.0 80
1694445301016 0.0 81
1694445301241 0.0 82
1694445301476 0.0 83
1694445301719 0.0 84
1694445302017 0.0 85
1694445302289 0.0 86
1694445302561 0.0 87
1694445302824 0.0 88
1694445303077 0.0 89
1694445303361 0.0 90
1694445303621 0.0 91
1694445303874 0.0 92
1694445304139 0.0 93
1694445304410 0.0 94
1694445304677 0.0 95
1694445304935 0.0 96
1694445305240 0.0 97
1694445305512 0.0 98
1694445305767 0.0 99
1694445305993 0.0 100
1694445306237 0.0 101
1694445306485 0.0 102
1694445306738 0.0 103
1694445306995 0.0 104
1694445307246 0.0 105
1694445307517 0.0 106
1694445307786 0.0 107
1694445308049 0.0 108
1694445308310 0.0 109
1694445308573 0.0 110
1694445308827 0.0 111
1694445309062 0.0 112
1694445309345 0.0 113
1694445309605 0.0 114
1694445309851 0.0 115
1694445310107 0.0 116
1694445310367 0.0 117
1694445310630 0.0 118
1694445310905 0.0 119
1694445311151 0.0 120
1694445311409 0.0 121
1694445311668 0.0 122
1694445311930 0.0 123
1694445312167 0.0 124
1694445312408 0.0 125
1694445312655 0.0 126
1694445312877 0.0 127
1694445313110 0.0 128
1694445313351 0.0 129
1694445313594 0.0 130
1694445313832 0.0 131
1694445314078 0.0 132
1694445314323 0.0 133
1694445314583 0.0 134
1694445314820 0.0 135
1694445315074 0.0 136
1694445315355 0.0 137
1694445315616 0.0 138
1694445315884 0.0 139
1694445316167 0.0 140
1694445316430 0.0 141
1694445316684 0.0 142
1694445316977 0.0 143
1694445317247 0.0 144
1694445317567 0.0 145
1694445317839 0.0 146
1694445318105 0.0 147
1694445318379 0.0 148
1694445318638 0.0 149
1694445318878 0.0 150
1694445319146 0.0 151
1694445319424 0.0 152
1694445319686 0.0 153
1694445319951 0.0 154
1694445320191 0.0 155
1694445320448 0.0 156
1694445320685 0.0 157
1694445320970 0.0 158
1694445321268 0.0 159
1694445321553 0.0 160
1694445321794 0.0 161
1694445322074 0.0 162
1694445322330 0.0 163
1694445322581 0.0 164
1694445322874 0.0 165
1694445323124 0.0 166
1694445323406 0.0 167
1694445323708 0.0 168
1694445323944 0.0 169
1694445324190 0.0 170
1694445324447 0.0 171
1694445324704 0.0 172
1694445325004 0.0 173
1694445325336 0.0 174
1694445325613 0.0 175
1694445325899 0.0 176
1694445326163 0.0 177
1694445326424 0.0 178
1694445326683 0.0 179
1694445326940 0.0 180
1694445327192 0.0 181
1694445327458 0.0 182
1694445327700 0.0 183
1694445327948 0.0 184
1694445328194 0.0 185
1694445328464 0.0 186
1694445328723 0.0 187
1694445328967 0.0 188
1694445329228 0.0 189
1694445329506 0.0 190
1694445329741 0.0 191
1694445329975 0.0 192
1694445330205 0.0 193
1694445330449 0.0 194
1694445330682 0.0 195
1694445330921 0.0 196
1694445331141 0.0 197
1694445331371 0.0 198
1694445331604 0.0 199
1694445331833 0.0 200
1694445332078 0.0 201
1694445332320 0.0 202
1694445332576 0.0 203
1694445332848 0.0 204
1694445333194 0.0 205
1694445333495 0.0 206
1694445333749 0.0 207
1694445333996 0.0 208
1694445334232 0.0 209
1694445334482 0.0 210
1694445334740 0.0 211
1694445335006 0.0 212
1694445335282 0.0 213
1694445335551 0.0 214
1694445335793 0.0 215
1694445336027 0.0 216
1694445336255 0.0 217
1694445336492 0.0 218
1694445336754 0.0 219
1694445336980 0.0 220
1694445337209 0.0 221
1694445337450 0.0 222
1694445337679 0.0 223
1694445337922 0.0 224
1694445338175 0.0 225
1694445338437 0.0 226
1694445338685 0.0 227
1694445338934 0.0 228
1694445339182 0.0 229
1694445339453 0.0 230
1694445339722 0.0 231
1694445339966 0.0 232
1694445340198 0.0 233
1694445340456 0.0 234
1694445340702 0.0 235
1694445340926 0.0 236
1694445341223 0.0 237
1694445341499 0.0 238
1694445341781 0.0 239
1694445342034 0.0 240
1694445342298 0.0 241
1694445342556 0.0 242
1694445342829 0.0 243
1694445343101 0.0 244
1694445343363 0.0 245
1694445343628 0.0 246
1694445343891 0.0 247
1694445344151 0.0 248
1694445344435 0.0 249
1694445344714 0.0 250
1694445344978 0.0 251
1694445345239 0.0 252
1694445345525 0.0 253
1694445345810 0.0 254
1694445346074 0.0 255
1694445346320 0.0 256
1694445346587 0.0 257
1694445346842 0.0 258
1694445347083 0.0 259
1694445347385 0.0 260
1694445347656 0.0 261
1694445347932 0.0 262
1694445348182 0.0 263
1694445348453 0.0 264
1694445348703 0.0 265
1694445348954 0.0 266
1694445349208 0.0 267
1694445349465 0.0 268
1694445349733 0.0 269
1694445349985 0.0 270
1694445350252 0.0 271
1694445350507 0.0 272
1694445350732 0.0 273
1694445350971 0.0 274
1694445351212 0.0 275
1694445351453 0.0 276
1694445351701 0.0 277
1694445351950 0.0 278
1694445352187 0.0 279
1694445352458 0.0 280
1694445352727 0.0 281
1694445352998 0.0 282
1694445353272 0.0 283
1694445353537 0.0 284
1694445353782 0.0 285
1694445354024 0.0 286
1694445354306 0.0 287
1694445354575 0.0 288
1694445354857 0.0 289
1694445355137 0.0 290
1694445355388 0.0 291
1694445355638 0.0 292
1694445355890 0.0 293
1694445356160 0.0 294
1694445356415 0.0 295
1694445356677 0.0 296
1694445356922 0.0 297
1694445357167 0.0 298
1694445357452 0.0 299
1694445357701 0.0 300
1694445357953 0.0 301
1694445358216 0.0 302
1694445358481 0.0 303
1694445358737 0.0 304
1694445358992 0.0 305
1694445359241 0.0 306
1694445359498 0.0 307
1694445359791 0.0 308
1694445360057 0.0 309
1694445360299 0.0 310
1694445360529 0.0 311
1694445360781 0.0 312
1694445361028 0.0 313
1694445361309 0.0 314
1694445361582 0.0 315
1694445361831 0.0 316
1694445362071 0.0 317
1694445362313 0.0 318
1694445362590 0.0 319
1694445362875 0.0 320
1694445363146 0.0 321
1694445363399 0.0 322
1694445363662 0.0 323
1694445363913 0.0 324
1694445364165 0.0 325
1694445364416 0.0 326
1694445364661 0.0 327
1694445364929 0.0 328
1694445365196 0.0 329
1694445365485 0.0 330
1694445365730 0.0 331
1694445365995 0.0 332
1694445366269 0.0 333
1694445366521 0.0 334
1694445366777 0.0 335
1694445367044 0.0 336
1694445367296 0.0 337
1694445367542 0.0 338
1694445367792 0.0 339
1694445368047 0.0 340
1694445368295 0.0 341
1694445368544 0.0 342
1694445368815 0.0 343
1694445369100 0.0 344
1694445369365 0.0 345
1694445369629 0.0 346
1694445369910 0.0 347
1694445370184 0.0 348
1694445370445 0.0 349
1694445370698 0.0 350
1694445370945 0.0 351
1694445371201 0.0 352
1694445371468 0.0 353
1694445371705 0.0 354
1694445371945 0.0 355
1694445372198 0.0 356
1694445372472 0.0 357
1694445372720 0.0 358
1694445372989 0.0 359
1694445373267 0.0 360
1694445373528 0.0 361
1694445373789 0.0 362
1694445374041 0.0 363
1694445374308 0.0 364
1694445374621 0.0 365
1694445374872 0.0 366
1694445375121 0.0 367
1694445375377 0.0 368
1694445375656 0.0 369
1694445375920 0.0 370
1694445376182 0.0 371
1694445376445 0.0 372
1694445376705 0.0 373
1694445376976 0.0 374
1694445377255 0.0 375
1694445377537 0.0 376
1694445377801 0.0 377
1694445378066 0.0 378
1694445378329 0.0 379
1694445378587 0.0 380
1694445378850 0.0 381
1694445379107 0.0 382
1694445379347 0.0 383
1694445379598 0.0 384
1694445379863 0.0 385
1694445380140 0.0 386
1694445380405 0.0 387
1694445380650 0.0 388
1694445380911 0.0 389
1694445381171 0.0 390
1694445381472 0.0 391
1694445381828 0.0 392
1694445382089 0.0 393
1694445382364 0.0 394
1694445382635 0.0 395
1694445382888 0.0 396
1694445383145 0.0 397
1694445383404 0.0 398
1694445383657 0.0 399
1694445383919 0.0 400
1694445384177 0.0 401
1694445384434 0.0 402
1694445384685 0.0 403
1694445384937 0.0 404
1694445385209 0.0 405
1694445385462 0.0 406
1694445385717 0.0 407
1694445385988 0.0 408
1694445386243 0.0 409
1694445386516 0.0 410
1694445386780 0.0 411
1694445387062 0.0 412
1694445387342 0.0 413
1694445387615 0.0 414
1694445387862 0.0 415
1694445388132 0.0 416
1694445388385 0.0 417
1694445388645 0.0 418
1694445388912 0.0 419
1694445389161 0.0 420
1694445389424 0.0 421
1694445389678 0.0 422
1694445389978 0.0 423
1694445390258 0.0 424
1694445390492 0.0 425
1694445390756 0.0 426
1694445391045 0.0 427
1694445391303 0.0 428
1694445391602 0.0 429
1694445391867 0.0 430
1694445392141 0.0 431
1694445392427 0.0 432
1694445392706 0.0 433
1694445392999 0.0 434
1694445393293 0.0 435
1694445393563 0.0 436
1694445393822 0.0 437
1694445394058 0.0 438
1694445394321 0.0 439
1694445394605 0.0 440
1694445394874 0.0 441
1694445395137 0.0 442
1694445395401 0.0 443
1694445395737 0.0 444
1694445396004 0.0 445
1694445396267 0.0 446
1694445396522 0.0 447
1694445396790 0.0 448
1694445397058 0.0 449
1694445397312 0.0 450
1694445397567 0.0 451
1694445397824 0.0 452
1694445398115 0.0 453
1694445398386 0.0 454
1694445398629 0.0 455
1694445398874 0.0 456
1694445399128 0.0 457
1694445399363 0.0 458
1694445399598 0.0 459
1694445399849 0.0 460
1694445400087 0.0 461
1694445400325 0.0 462
1694445400567 0.0 463
1694445400786 0.0 464
1694445401021 0.0 465
1694445401256 0.0 466
1694445401489 0.0 467
1694445401734 0.0 468
1694445401997 0.0 469
1694445402244 0.0 470
1694445402517 0.0 471
