1694441431792 148.92724991437336 0
1694441431829 137.56755305527628 1
1694441431873 127.24173117491584 2
1694441431909 117.39436795244906 3
1694441431947 108.01946326245438 4
1694441431987 100.56983671503103 5
1694441432040 92.38012443235891 6
1694441432097 85.44310202197289 7
1694441432147 79.17758591324764 8
1694441432194 73.15719231369735 9
1694441432233 67.92285127856395 10
1694441432275 62.61930916482693 11
1694441432314 58.376477220325675 12
1694441432348 53.87934436247163 13
1694441432388 49.809282749079195 14
1694441432426 45.96579868253257 15
1694441432463 42.844278138938726 16
1694441432506 40.02397652258165 17
1694441432548 36.625768730855654 18
1694441432602 33.932783300639066 19
1694441432652 31.717491195160147 20
1694441432715 29.50515428089203 21
1694441432786 27.381176689044707 22
1694441432855 25.519902335170467 23
1694441432922 23.734415366363432 24
1694441432994 21.9660755835031 25
1694441433063 20.548763012363764 26
1694441433123 19.02679446772739 27
1694441433180 17.824691067274863 28
1694441433240 16.579663101170965 29
1694441433285 15.390308369507412 30
1694441433339 14.509303817316741 31
1694441433387 13.424282073334126 32
1694441433428 12.61064571740844 33
1694441433469 11.72157855497763 34
1694441433508 10.964771019378345 35
1694441433548 10.314941412827979 36
1694441433590 9.655143813694492 37
1694441433627 9.080462134836742 38
1694441433663 8.567831666987843 39
1694441433703 7.803120934349041 40
1694441433745 7.507320346234515 41
1694441433787 7.000229702549749 42
1694441433825 6.604659256636331 43
1694441433859 6.166487425899208 44
1694441433896 5.745035786347385 45
1694441433938 5.525376877237825 46
1694441433978 5.099470615077489 47
1694441434015 4.9330447698873785 48
1694441434054 4.635377581713811 49
1694441434091 4.345714995458101 50
1694441434136 4.124153328053058 51
1694441434176 3.8694677594543667 52
1694441434214 3.72303374103445 53
1694441434254 3.5415993046378333 54
1694441434290 3.351665923440007 55
1694441434327 3.186081259263809 56
1694441434373 2.968374416074488 57
1694441434412 2.9238674808906824 58
1694441434451 2.825875511199448 59
1694441434495 2.5931103441411656 60
1694441434535 2.516037752623966 61
1694441434576 2.3643853163872968 62
1694441434623 2.2985873122815286 63
1694441434668 2.0855001297677025 64
1694441434715 2.0511944671690414 65
1694441434761 1.9894012007649537 66
1694441434801 1.904566927521035 67
1694441434839 1.7909822203392656 68
1694441434878 1.7769011964557713 69
1694441434920 1.76833663205029 70
1694441434960 1.6285315475716298 71
1694441435004 1.6069369449266007 72
1694441435047 1.568343312855546 73
1694441435089 1.5003568514998413 74
1694441435135 1.4620246083633555 75
1694441435175 1.4393994846528129 76
1694441435212 1.3893663080213972 77
1694441435248 1.300803782957381 78
1694441435289 1.21659191584835 79
1694441435326 1.2223829917304803 80
1694441435365 1.2214099283416748 81
1694441435407 1.1663513536799526 82
1694441435447 1.164337786768019 83
1694441435484 1.1082170051360527 84
1694441435525 1.0871621437474128 85
1694441435563 1.0417274986473428 86
1694441435608 1.028959828287809 87
1694441435652 0.9992743979473973 88
1694441435701 0.9967418486529315 89
1694441435744 0.9557103080565956 90
1694441435782 0.9328670976770189 91
1694441435819 0.9371640593453473 92
1694441435857 0.926364115131367 93
1694441435896 0.8978833045354923 94
1694441435936 0.8927467133403519 95
1694441435975 0.8954962558541264 96
1694441436015 0.864828283832772 97
1694441436053 0.8293556874259979 98
1694441436092 0.7922496648072411 99
1694441436128 0.7988249896245241 100
1694441436170 0.7974412361579276 101
1694441436211 0.7657694688880126 102
1694441436262 0.7427554365273453 103
1694441436326 0.785536289393981 104
1694441436387 0.7620506170059835 105
1694441436441 0.7809180376139122 106
1694441436483 0.7995934471978701 107
1694441436529 0.7529668087730504 108
1694441436572 0.7044732880714306 109
1694441436617 0.7081717567821716 110
1694441436664 0.7290000612935225 111
1694441436707 0.7220021946340168 112
1694441436750 0.6902321034019396 113
1694441436794 0.657467924256376 114
1694441436832 0.6984042745180534 115
1694441436876 0.6626200343263254 116
1694441436915 0.6732140044188953 117
1694441436960 0.6811023941799159 118
1694441437004 0.6520224850034877 119
1694441437044 0.6152014698561554 120
1694441437089 0.6623066388151139 121
1694441437143 0.6112508574934193 122
1694441437196 0.636111063930977 123
1694441437252 0.6418114346604185 124
1694441437298 0.6449885424329577 125
1694441437347 0.6338519492799565 126
1694441437407 0.6289336684270176 127
1694441437453 0.6490666328317714 128
1694441437498 0.6071159430426155 129
1694441437537 0.6349699036245121 130
1694441437577 0.6272666732291654 131
1694441437615 0.6287757412697188 132
1694441437655 0.6503557762345454 133
1694441437694 0.6015513627582991 134
1694441437738 0.580383266519234 135
1694441437775 0.6231735204626888 136
1694441437812 0.6016899997882317 137
1694441437852 0.5705967523213179 138
1694441437894 0.5736948172916663 139
1694441437931 0.6064751220629965 140
1694441437970 0.5804281322277574 141
1694441438004 0.5814503439087253 142
1694441438042 0.5724259835994877 143
1694441438081 0.6073716657574488 144
1694441438121 0.6027360879036416 145
1694441438159 0.596803211375693 146
1694441438196 0.600177717777417 147
1694441438238 0.5894941018187145 148
1694441438278 0.5661527841083993 149
1694441438324 0.5693762144247417 150
1694441438364 0.5672887876122082 151
1694441438406 0.5509279343017336 152
1694441438446 0.5819592898612 153
1694441438492 0.6050271363402986 154
1694441438538 0.5607449969969361 155
1694441438580 0.5831282862481432 156
1694441438621 0.6285357288380795 157
1694441438660 0.5740152123988274 158
1694441438698 0.5480338163206835 159
1694441438740 0.5760685314137007 160
1694441438781 0.5920012138565706 161
1694441438820 0.5880145467016472 162
1694441438859 0.5546020336975993 163
1694441438903 0.5611212941351139 164
1694441438941 0.5864387984055788 165
1694441438980 0.5540803324555867 166
1694441439020 0.569267630728693 167
1694441439062 0.5688131041789015 168
1694441439102 0.5679448851459451 169
1694441439140 0.6048756234219972 170
1694441439177 0.576491455735678 171
1694441439217 0.5495823132307723 172
1694441439261 0.5515525089915354 173
1694441439300 0.5871052119590938 174
1694441439342 0.5760922316608105 175
1694441439379 0.5629639212504247 176
1694441439422 0.5402203881624854 177
1694441439460 0.5873970809792282 178
1694441439499 0.5838583325728015 179
1694441439539 0.5887875376685258 180
1694441439581 0.5465265011708562 181
1694441439627 0.5702268210680492 182
1694441439666 0.5597265851418884 183
1694441439711 0.5433688609594853 184
1694441439752 0.5404274112725047 185
1694441439792 0.5506925149014397 186
1694441439833 0.5482712001632569 187
1694441439875 0.5735784279150644 188
1694441439915 0.586859469230416 189
1694441439957 0.5418765963050753 190
1694441439996 0.5409412114867148 191
1694441440031 0.5240945315898151 192
1694441440072 0.5482092063025666 193
1694441440107 0.5633351394023796 194
1694441440147 0.5565175652555311 195
1694441440183 0.5649567442486 196
1694441440225 0.5651796455753411 197
1694441440267 0.5503195547263497 198
1694441440307 0.5534517741124525 199
1694441440343 0.5390269097590725 200
1694441440387 0.5316658904096531 201
1694441440426 0.5859189618412693 202
1694441440465 0.5574530112091606 203
1694441440506 0.5397277278747994 204
1694441440545 0.5855898114874799 205
1694441440582 0.5239088585761141 206
1694441440621 0.5769058548537496 207
1694441440663 0.5610392765644505 208
1694441440699 0.5607384509756934 209
1694441440740 0.5506778262777399 210
1694441440776 0.544405394297389 211
1694441440812 0.5623398406750119 212
1694441440852 0.5444867911601378 213
1694441440894 0.5379098214001999 214
1694441440932 0.5611894308904398 215
1694441440975 0.5565723198346775 216
1694441441016 0.5760005106494331 217
1694441441059 0.5819825745700846 218
1694441441099 0.5381299975021646 219
1694441441142 0.553283310430555 220
1694441441187 0.5566318646756176 221
1694441441224 0.5702101439234453 222
1694441441268 0.5586292385314146 223
1694441441309 0.5379378934349288 224
1694441441345 0.5499332693378103 225
1694441441388 0.5626093449056312 226
1694441441425 0.5730526868820492 227
1694441441464 0.5496784409055891 228
1694441441502 0.5641011510691356 229
1694441441539 0.558911337059491 230
1694441441577 0.5626699367151453 231
1694441441615 0.5737755270717756 232
1694441441650 0.5538264400257465 233
1694441441688 0.5491923021510118 234
1694441441726 0.5420024902798625 235
1694441441768 0.5746071956599406 236
1694441441812 0.5555786572314034 237
1694441441851 0.5446346864422434 238
1694441441890 0.5231057161510141 239
1694441441933 0.5486211176218928 240
