1694438922983 0.0007828650909452728 0
1694438923014 0.0009311925414849931 1
1694438923044 0.0009069524461708944 2
1694438923075 0.0008955037801483545 3
1694438923105 0.0007304739871725197 4
1694438923135 0.0008190989370208124 5
1694438923168 0.00082327006642402 6
1694438923211 0.0007918721645533422 7
1694438923253 0.0007318594102673215 8
1694438923290 0.0008735614363640787 9
1694438923324 0.0010266089846860948 10
1694438923355 0.0009823746398098798 11
1694438923385 0.000971475797211796 12
1694438923413 0.0008807601201396009 13
1694438923444 0.0011441566071073161 14
1694438923476 0.0009423051813424177 15
1694438923509 0.0008779581312479134 16
1694438923540 0.00111539818885098 17
1694438923571 0.0012091327128598284 18
1694438923601 0.0012803407328596528 19
1694438923630 0.0010619239130444935 20
1694438923660 0.0011533318211541799 21
1694438923690 0.0011623679136094633 22
1694438923725 0.0012070487268892593 23
1694438923759 0.0012564093830474965 24
1694438923791 0.001083591083616553 25
1694438923824 0.001265270690945508 26
1694438923858 0.0011743559988570684 27
1694438923891 0.0014420199686766555 28
1694438923924 0.001290206006982264 29
1694438923956 0.0012590588565152272 30
1694438923988 0.0012501798688429044 31
1694438924024 0.0014327312123557645 32
1694438924053 0.0013979222512380263 33
1694438924087 0.0014778401588008139 34
1694438924118 0.001347783241803513 35
1694438924150 0.0014171126601058015 36
1694438924187 0.0012780309426903003 37
1694438924230 0.001178686059891465 38
1694438924269 0.0012521207685717295 39
1694438924304 0.0015544820056027087 40
1694438924339 0.0015060798334682879 41
1694438924381 0.0012782532819425318 42
1694438924418 0.0012470210040272933 43
1694438924461 0.0014629851822021145 44
1694438924498 0.0014872616394021598 45
1694438924534 0.0016209381464494799 46
1694438924564 0.0016299443989329365 47
1694438924594 0.001500066211667539 48
1694438924622 0.0013293679447315965 49
1694438924653 0.0012826641268863792 50
1694438924686 0.0016280027462339808 51
1694438924715 0.0020618435819956815 52
1694438924746 0.0017884971189401355 53
1694438924776 0.0014071402958086843 54
1694438924808 0.001795321722877108 55
1694438924838 0.0018431029975606306 56
1694438924869 0.002024869012073993 57
1694438924897 0.0017019877602655331 58
1694438924928 0.0014626223689709894 59
1694438924959 0.0021133261916436163 60
1694438924988 0.0013726018393452888 61
1694438925019 0.002110661852878004 62
1694438925048 0.001925216641016747 63
1694438925078 0.0017126992973225397 64
1694438925108 0.0014447542876392383 65
1694438925137 0.0021853508094566987 66
1694438925169 0.002068614134908331 67
1694438925202 0.00166123807698626 68
1694438925233 0.0017917665382494175 69
1694438925264 0.0018233200286980056 70
1694438925295 0.002109391257735793 71
1694438925325 0.002348945114705292 72
1694438925356 0.0018776978158669966 73
1694438925387 0.0020455744712465362 74
1694438925417 0.001873739863989643 75
1694438925446 0.0020494523265431885 76
1694438925476 0.0021300829428774204 77
1694438925505 0.002553925700075288 78
1694438925535 0.001817354071002919 79
1694438925565 0.002570735567883564 80
1694438925596 0.002145751060357637 81
1694438925626 0.0020280230568334723 82
1694438925657 0.002729403167689437 83
1694438925687 0.0027259483184985944 84
1694438925715 0.002204389876863777 85
1694438925748 0.0023021375038959624 86
1694438925778 0.002095014106798243 87
1694438925809 0.002312759392113728 88
1694438925838 0.0028345152315719657 89
1694438925868 0.002464415655237362 90
1694438925897 0.002548350022609336 91
1694438925929 0.002339115337991915 92
1694438925960 0.003250546324053638 93
1694438925991 0.0026523317175739525 94
1694438926023 0.002571461318461532 95
1694438926052 0.002947216394677654 96
1694438926081 0.0031752471933647053 97
1694438926112 0.002482694036830879 98
1694438926142 0.002816160408809276 99
1694438926171 0.0031107409864116198 100
1694438926201 0.003058113795176398 101
1694438926230 0.0032696347338615483 102
1694438926261 0.0029113679170115203 103
1694438926291 0.002961740709623961 104
1694438926321 0.002900339312310929 105
1694438926351 0.0029887537688952914 106
1694438926381 0.004348086266126483 107
1694438926412 0.0026828410219160714 108
1694438926442 0.0027704538400840084 109
1694438926472 0.0036391720874807687 110
1694438926502 0.003118890961643195 111
1694438926530 0.002476293975156585 112
1694438926561 0.003025511557244065 113
1694438926593 0.0026145024307688836 114
1694438926622 0.002364700849064705 115
1694438926653 0.003103094993569755 116
1694438926683 0.003425314087923015 117
1694438926712 0.0029605989871520633 118
1694438926742 0.0028940041917757675 119
1694438926772 0.003922161873384233 120
1694438926803 0.003480915218666558 121
1694438926835 0.003902479093404354 122
1694438926864 0.0032342207110825916 123
1694438926896 0.002814715829043246 124
1694438926926 0.003857732134251557 125
1694438926959 0.003788647586839722 126
1694438926988 0.0036892534830978985 127
1694438927019 0.003510030586113766 128
1694438927048 0.0040077400846567635 129
1694438927078 0.0035962423444684255 130
1694438927108 0.0043527306570234625 131
1694438927138 0.0032524956270666427 132
1694438927168 0.0037746977396445613 133
1694438927197 0.00421245427437944 134
1694438927227 0.003944018391930371 135
1694438927259 0.0034669730031063883 136
1694438927288 0.00389143449919771 137
1694438927321 0.004813371959572099 138
1694438927349 0.0041940455928529685 139
1694438927379 0.0050592847434449695 140
1694438927409 0.004452380229902131 141
1694438927438 0.0043032521247160505 142
1694438927469 0.003972705797488096 143
1694438927497 0.004366152687599878 144
1694438927527 0.005106136977146347 145
1694438927558 0.005875647303705489 146
1694438927588 0.005152246656135451 147
1694438927619 0.0038977336646152105 148
1694438927649 0.004850007613573903 149
1694438927679 0.00507901222135021 150
1694438927711 0.003993958086900173 151
1694438927744 0.004427255781850881 152
1694438927775 0.004388050862294768 153
1694438927803 0.004981712655040105 154
1694438927831 0.00426616111885636 155
1694438927860 0.004411906761720208 156
1694438927890 0.0047883615456258966 157
1694438927920 0.0047888989337442345 158
1694438927949 0.004912739731953164 159
1694438927979 0.004999617528281486 160
1694438928010 0.00518327547026054 161
1694438928042 0.004990484791943639 162
1694438928074 0.0055924196606087495 163
1694438928104 0.004929590605203038 164
1694438928134 0.0050684308935554645 165
1694438928164 0.004707368185935201 166
1694438928194 0.005466477473199394 167
1694438928224 0.004584342191677582 168
1694438928256 0.005006999611661622 169
1694438928286 0.006130623102734489 170
1694438928315 0.0052817309639455745 171
1694438928345 0.00577998283567005 172
1694438928376 0.006043301402830936 173
1694438928405 0.005749615997795887 174
1694438928436 0.0073007744539967945 175
1694438928466 0.006110990498939262 176
1694438928496 0.006591527652517026 177
1694438928527 0.005654705932509718 178
1694438928557 0.0064991997855330386 179
1694438928588 0.007080268076835927 180
1694438928615 0.006430194246450971 181
1694438928645 0.0066919442277337815 182
1694438928676 0.006836670889743157 183
1694438928705 0.006225111044458109 184
1694438928734 0.006364457257048928 185
1694438928764 0.005896418608754783 186
1694438928794 0.0058529678130131435 187
1694438928825 0.00724294062273223 188
1694438928855 0.006565563215239045 189
1694438928886 0.0059984532309350636 190
1694438928914 0.006901559827987458 191
1694438928945 0.006416049248649136 192
1694438928976 0.007249069942042441 193
1694438929005 0.006549522656263074 194
1694438929036 0.006975709533535213 195
1694438929065 0.008167022749925423 196
1694438929097 0.00687627921175793 197
1694438929132 0.006972224912494163 198
1694438929166 0.0068753006170856334 199
1694438929200 0.007824638647358384 200
1694438929230 0.005955694448845916 201
1694438929261 0.008165768153803765 202
1694438929292 0.0075925752416096115 203
1694438929322 0.0071058062337844285 204
1694438929353 0.007246651808164639 205
1694438929383 0.007802675479378074 206
1694438929412 0.008901159284271598 207
1694438929442 0.0076675540440960255 208
1694438929474 0.008961303178004587 209
1694438929503 0.007037600164608748 210
1694438929537 0.00809673084013951 211
1694438929569 0.010322493744124639 212
1694438929600 0.008741263230352736 213
1694438929639 0.008405745172594736 214
1694438929675 0.008416202978837606 215
1694438929708 0.008224629497787017 216
1694438929740 0.008187633010141249 217
1694438929769 0.008677819475518045 218
1694438929798 0.008559673178537897 219
1694438929828 0.007935850913084685 220
1694438929857 0.009324413258121944 221
1694438929888 0.00804563862561003 222
1694438929919 0.006840284795271878 223
1694438929950 0.010257418524533435 224
1694438929986 0.009843283149227444 225
1694438930022 0.008758344677987306 226
1694438930056 0.009347005404357067 227
1694438930092 0.010304126666074387 228
1694438930126 0.00926627517715295 229
1694438930157 0.01052798308202918 230
1694438930188 0.009000660973762287 231
1694438930220 0.009695383869573804 232
1694438930250 0.00948497302522422 233
1694438930280 0.010479335676305879 234
1694438930310 0.010225935824901722 235
1694438930343 0.010023531219876869 236
1694438930374 0.009650293624721917 237
1694438930405 0.01080369853972818 238
1694438930434 0.0101974287127935 239
1694438930464 0.009512241872889127 240
1694438930495 0.009643711777135744 241
1694438930531 0.009457090759848574 242
1694438930572 0.009102661531598444 243
1694438930610 0.011719859824192769 244
1694438930652 0.011493021410145188 245
1694438930688 0.011113683019051246 246
1694438930718 0.009698203682430018 247
1694438930752 0.011957287225192292 248
1694438930781 0.009894038433739483 249
1694438930811 0.010470667078331664 250
1694438930841 0.01201233353936959 251
1694438930870 0.012240053693845732 252
1694438930898 0.012378303777105026 253
1694438930928 0.012597736686463357 254
1694438930959 0.012209952141251201 255
1694438930989 0.010796112546700098 256
1694438931022 0.011896774392302523 257
1694438931054 0.010270190470260676 258
1694438931090 0.010640413893191036 259
1694438931121 0.012472433941513206 260
1694438931156 0.011897821598144787 261
1694438931186 0.01248602519902453 262
1694438931221 0.014561271877492898 263
1694438931254 0.013025945742094591 264
1694438931290 0.011856566699004034 265
1694438931325 0.013854669287307941 266
1694438931363 0.013727614310939273 267
1694438931400 0.012090231636504134 268
1694438931436 0.011851113607963648 269
1694438931469 0.013479015154526097 270
1694438931504 0.012770259918128524 271
1694438931535 0.015303085068667732 272
1694438931572 0.01510676206494399 273
1694438931610 0.01284911178339676 274
1694438931674 0.01374091586172499 275
1694438931731 0.015198802936559508 276
1694438931782 0.014217963877128592 277
1694438931847 0.012617396102494904 278
1694438931890 0.014523119029685727 279
1694438931930 0.015803842979073113 280
1694438931962 0.01333345680014697 281
1694438931993 0.01645817878332223 282
1694438932025 0.01250220186636919 283
1694438932057 0.013251565529794451 284
1694438932087 0.01390837006875234 285
1694438932119 0.012714716514226732 286
1694438932148 0.015322070355099249 287
1694438932185 0.01720469967067917 288
1694438932226 0.01660898228437724 289
1694438932262 0.01713469302950399 290
1694438932296 0.014009352689442589 291
1694438932330 0.014874373675728858 292
1694438932369 0.013684692183348668 293
1694438932400 0.018915006899221987 294
1694438932437 0.014422802716715588 295
1694438932472 0.018224861689348115 296
1694438932508 0.014716342233694224 297
1694438932554 0.01654707759320273 298
1694438932591 0.01476691662835039 299
1694438932624 0.014711132322126064 300
1694438932657 0.01781546880249052 301
1694438932690 0.015361028191557935 302
1694438932720 0.01846951828675414 303
1694438932749 0.019956087333952488 304
1694438932781 0.01712571401587193 305
1694438932813 0.01776914815746411 306
1694438932844 0.020940003085290204 307
1694438932875 0.016055154248367787 308
1694438932904 0.01726127493360663 309
1694438932935 0.01601522519013787 310
1694438932964 0.018458074135944025 311
1694438932994 0.01987852831937409 312
1694438933025 0.018278006207628872 313
1694438933056 0.020739232865041868 314
1694438933089 0.01795018086421185 315
1694438933119 0.019446587174936414 316
1694438933153 0.01943977294652366 317
1694438933181 0.018076520718070976 318
1694438933212 0.02238484658008877 319
1694438933242 0.023853675628566995 320
1694438933271 0.02096699657354628 321
1694438933300 0.020627682161943328 322
1694438933333 0.01670982007931665 323
1694438933366 0.02201741693835113 324
1694438933399 0.02245417126451943 325
1694438933431 0.021704232892807207 326
1694438933463 0.01849334764871502 327
1694438933496 0.023091337057079664 328
1694438933525 0.022151512907977455 329
1694438933554 0.023128557084137746 330
1694438933585 0.021403811612553225 331
1694438933614 0.023682597109677794 332
1694438933644 0.022048975109893343 333
1694438933672 0.019127538488786122 334
1694438933702 0.023728268433369393 335
1694438933732 0.024965353413990643 336
1694438933762 0.02017986663533944 337
1694438933792 0.023717220223746227 338
1694438933820 0.021093526693624853 339
1694438933853 0.026941027348284075 340
1694438933884 0.02071025035465701 341
1694438933912 0.02397858885975146 342
1694438933942 0.023374360384349258 343
1694438933971 0.023221373591803762 344
1694438933999 0.02142487184618813 345
1694438934028 0.024255060448065136 346
1694438934059 0.027489247247181714 347
1694438934088 0.023940349285067386 348
1694438934120 0.02852854602361643 349
1694438934150 0.02810273094306348 350
1694438934181 0.026569157644976582 351
1694438934212 0.030261794029467715 352
1694438934242 0.0245895894355862 353
1694438934272 0.028712587416385826 354
1694438934302 0.02160822651055705 355
1694438934334 0.02679517287273736 356
1694438934365 0.024412209484005243 357
1694438934395 0.024957420497959015 358
1694438934425 0.029648047635602803 359
1694438934456 0.028100391033992977 360
1694438934489 0.02613981626632189 361
1694438934523 0.0281190832148972 362
1694438934556 0.03262116480171229 363
1694438934586 0.030302886592973866 364
1694438934616 0.03062683076058248 365
1694438934646 0.02729285518731739 366
1694438934677 0.027590425359453552 367
1694438934708 0.02608671429757703 368
1694438934737 0.024734716925980726 369
1694438934765 0.026733007265480002 370
1694438934794 0.02982222374660015 371
1694438934825 0.03102360187169262 372
1694438934854 0.025932795696067323 373
1694438934883 0.031190259926634822 374
1694438934913 0.030163430088615106 375
1694438934943 0.031491379375352846 376
1694438934972 0.03184013142331121 377
1694438935002 0.029977376117685917 378
1694438935033 0.03493623043951399 379
1694438935062 0.031864113558873086 380
1694438935092 0.034601636854484585 381
1694438935120 0.0354635478528329 382
1694438935149 0.03398271336768843 383
1694438935179 0.03308828157881272 384
1694438935209 0.028498748511632144 385
1694438935237 0.03340535529626565 386
1694438935267 0.02777088029122865 387
1694438935298 0.031246468940802852 388
1694438935329 0.03636493746802161 389
1694438935358 0.034445955465597033 390
1694438935388 0.03553725120879625 391
1694438935419 0.0381609303539765 392
1694438935448 0.03509658444613073 393
1694438935477 0.0363115665794107 394
1694438935508 0.033263527655372105 395
1694438935538 0.03670334195714953 396
1694438935566 0.03464825185103915 397
1694438935595 0.03624208508776161 398
1694438935626 0.03606959808658805 399
1694438935654 0.03663341806523368 400
1694438935685 0.03401925954260576 401
1694438935715 0.04025959194284945 402
1694438935745 0.0369309945941545 403
1694438935774 0.03061561876439156 404
1694438935804 0.0320399030671642 405
1694438935833 0.037467508469976485 406
1694438935864 0.0446984396037744 407
1694438935893 0.04122852440858671 408
1694438935923 0.036005606839768056 409
1694438935953 0.035681186154970845 410
1694438935985 0.03873713792141953 411
1694438936016 0.04247486581210025 412
1694438936046 0.04238032688254667 413
1694438936077 0.044052602930927054 414
1694438936107 0.04262955448102013 415
1694438936137 0.035195871254423805 416
1694438936167 0.04520118437404763 417
1694438936197 0.04432423587953305 418
1694438936226 0.04246917578010456 419
1694438936256 0.041421449315011794 420
1694438936287 0.04149191813217179 421
1694438936314 0.04755623382913354 422
1694438936345 0.04262406704864863 423
1694438936377 0.04290585791345869 424
1694438936406 0.045963767173911596 425
1694438936436 0.042976072262488896 426
1694438936465 0.046945972491809984 427
1694438936495 0.045798772035079205 428
1694438936523 0.04803466601068329 429
1694438936554 0.037730097402877694 430
1694438936584 0.051384414763858355 431
1694438936613 0.04564666630953795 432
1694438936642 0.041550775416612784 433
1694438936671 0.052717604174219446 434
1694438936698 0.04729000431815744 435
1694438936728 0.04586231461587775 436
1694438936758 0.03837347886605014 437
1694438936789 0.04733804848624101 438
1694438936816 0.04355477219465509 439
1694438936846 0.05030190964292569 440
1694438936876 0.04801655765744128 441
1694438936904 0.05174151145019623 442
1694438936932 0.05207358147888663 443
1694438936963 0.053085543126092705 444
1694438936993 0.052285756416027285 445
1694438937022 0.045550939488977704 446
1694438937052 0.052053850156450254 447
1694438937081 0.05136152071938649 448
1694438937111 0.04466283910412672 449
1694438937143 0.05652697643372806 450
1694438937174 0.05618125227526949 451
1694438937204 0.05181444803726809 452
1694438937232 0.051833908337169055 453
1694438937264 0.05193794656412054 454
1694438937294 0.04827500994643119 455
1694438937322 0.055575221613316406 456
1694438937352 0.05953902286478818 457
1694438937381 0.06111991191017441 458
1694438937409 0.058908744684606607 459
1694438937437 0.05823513228903321 460
1694438937466 0.06093513031021203 461
1694438937498 0.058673443660247515 462
1694438937528 0.0685270515649965 463
1694438937558 0.058286264074476346 464
1694438937588 0.07131951305565742 465
1694438937616 0.059145879569109217 466
1694438937645 0.06362994873207983 467
1694438937675 0.06290825694224955 468
1694438937703 0.054599975115121935 469
1694438937730 0.0675027383853718 470
1694438937759 0.06711614988316261 471
1694438937788 0.06742388356417905 472
1694438937817 0.06241105193775531 473
1694438937847 0.05916357943872308 474
1694438937877 0.059928362794155476 475
1694438937906 0.06518881951228728 476
1694438937937 0.07257366616937366 477
1694438937969 0.06620204865130375 478
1694438938004 0.06427461627548259 479
1694438938036 0.06136008516066127 480
1694438938065 0.0703528986743267 481
1694438938095 0.06335415780896136 482
1694438938124 0.06592451565265245 483
1694438938154 0.07406379448965483 484
1694438938182 0.07121648926134205 485
1694438938213 0.061649278851213185 486
1694438938242 0.06630221211719511 487
1694438938271 0.06829546606626713 488
1694438938302 0.06569053167251904 489
1694438938330 0.07294441992312928 490
1694438938361 0.06558733026240904 491
1694438938392 0.07473905515315205 492
1694438938422 0.0709824258771029 493
1694438938452 0.0766461961355488 494
1694438938483 0.07073038208972293 495
1694438938513 0.07030400557443195 496
1694438938543 0.06904313655068806 497
1694438938573 0.07251148609473923 498
1694438938602 0.06618581828523273 499
