1694442796447 0.7286770906644936 0
1694442796743 0.14184851918862662 1
1694442797024 0.9634675162019496 2
1694442797290 2.3364520720503847 3
1694442797560 1.0213403762413096 4
1694442797833 0.16071794006515644 5
1694442798106 0.20216865073893353 6
1694442798413 0.45354083984376176 7
1694442798692 0.7324224849166211 8
1694442798969 0.6670638474374342 9
1694442799250 0.23085845352553613 10
1694442799532 0.6523782493860809 11
1694442799914 0.3662778096670036 12
1694442800204 1.163129186657325 13
1694442800474 0.8365941130395161 14
1694442800746 0.2568792922978626 15
1694442801057 0.3465025404337754 16
1694442801331 0.10381401412899238 17
1694442801610 0.6805698323141027 18
1694442801910 1.3512589652562845 19
1694442802195 0.6522900194501023 20
1694442802481 0.2413507641925196 21
1694442802756 0.5518066470703993 22
1694442803033 1.0263290486524719 23
1694442803358 0.3285993150072316 24
1694442803647 0.7473086424917728 25
1694442803917 0.19805892845109158 26
1694442804177 0.29269760063613826 27
1694442804464 0.4956314074865561 28
1694442804727 0.4006376831005932 29
1694442804986 0.4093556371497996 30
1694442805268 2.0121738522570127 31
1694442805543 0.38798433255876036 32
1694442805819 0.1715772758853891 33
1694442806112 0.864520166302414 34
1694442806385 0.40015687034385905 35
1694442806660 1.3874808609280276 36
1694442806938 0.7589842775379247 37
1694442807219 0.361904286682703 38
1694442807497 0.29255082653099274 39
1694442807778 0.6106547582163504 40
1694442808062 0.18929522859813622 41
1694442808321 0.32384427387308956 42
1694442808585 0.4206227985150377 43
1694442808829 0.7281520729589827 44
1694442809092 1.1656837218882996 45
1694442809364 0.6204260191263623 46
1694442809626 0.6546271527042672 47
1694442809900 1.306392985510753 48
1694442810157 3.4664521805219954 49
1694442810425 0.5025132891386107 50
1694442810702 1.6476057455907336 51
1694442810941 0.06574750091983388 52
1694442811226 0.1908207526137824 53
1694442811504 0.45064406419456093 54
1694442811764 0.187752464333149 55
1694442812044 0.01173625871069563 56
1694442812336 1.0386273104023187 57
1694442812631 0.261049304100986 58
1694442812910 0.5795056723946721 59
1694442813236 0.551696953825877 60
1694442813561 0.4088949305090466 61
1694442813852 0.8711496207681129 62
1694442814166 0.6895116370023612 63
1694442814468 0.4331735928326682 64
1694442814750 0.13361817409024665 65
1694442815032 0.18599810915479967 66
1694442815299 0.5871072998244942 67
1694442815573 0.008041897617544197 68
1694442815849 0.23403309401787417 69
1694442816122 0.34074640893286323 70
1694442816401 0.6848077325023935 71
1694442816726 1.1167425118139271 72
1694442817054 0.33530119799621333 73
1694442817328 0.1753881009719126 74
1694442817644 1.1028537419701554 75
1694442817922 0.9232196385028277 76
1694442818215 0.1385304284812437 77
1694442818521 0.04471079183579 78
1694442818807 2.108486770847335 79
1694442819087 1.4499870222289897 80
1694442819414 1.2862344478319276 81
1694442819700 1.1033070003785734 82
1694442819965 0.3474561604901099 83
1694442820263 0.020415018877481952 84
1694442820548 0.2751356006367066 85
1694442820823 0.5601396191791913 86
1694442821139 0.6036455503393194 87
1694442821429 1.2803262747632227 88
1694442821706 0.39572271665920244 89
1694442821969 1.572178622828318 90
1694442822272 0.9133252651252941 91
1694442822552 0.4654453635661119 92
1694442822838 0.6928947833761617 93
1694442823126 0.4745351370053926 94
1694442823415 0.20741917371450777 95
1694442823689 0.39502510071641445 96
1694442823985 0.7593699977666679 97
1694442824256 0.3376561311017829 98
1694442824526 0.42638364503234144 99
1694442824797 0.8961177971146954 100
1694442825091 1.9798937564286783 101
1694442825405 0.8020677256263569 102
1694442825699 0.827512300417523 103
1694442825970 0.9912132949315757 104
1694442826237 0.21347142297704913 105
1694442826505 2.7545362198141206 106
1694442826779 1.2014733069146908 107
1694442827069 0.028423320608648557 108
1694442827345 0.8321633630309395 109
1694442827604 0.5910877727929247 110
1694442827875 0.487728519595354 111
1694442828150 0.9852105551155212 112
1694442828434 0.1887833384039505 113
1694442828718 0.18880986735676059 114
1694442829028 0.028471406379012253 115
1694442829341 0.3272400991048815 116
1694442829674 0.2839191910135716 117
1694442829956 0.9427828597041313 118
1694442830225 0.7643720966627888 119
1694442830501 0.7315443412431096 120
1694442830773 0.001626675314191621 121
1694442831040 0.7666754561690315 122
1694442831336 0.41560162627480157 123
1694442831619 0.9722817558150697 124
1694442831901 0.8969329149187093 125
1694442832215 0.7449224908205132 126
1694442832482 0.6828880715831445 127
1694442832758 0.5260353435834799 128
1694442833032 1.5137547698181126 129
1694442833308 0.7679697757141731 130
1694442833603 4.077232161923074e-05 131
1694442833868 0.18591117626762443 132
1694442834122 0.23576307702674834 133
1694442834394 0.5644257799525287 134
1694442834657 0.19672855349890303 135
1694442834925 0.3902180172783146 136
1694442835216 0.14628414249002203 137
1694442835497 0.7058176202223635 138
1694442835772 1.702196248393069 139
1694442836031 0.5733925552791261 140
1694442836312 1.195082613465172e-07 141
1694442836578 0.13694868527149268 142
1694442836866 1.7873270307675249 143
1694442837150 0.34000670072631567 144
1694442837429 0.44454655599636633 145
1694442837726 1.1240420781663887 146
1694442838008 0.13646405413831875 147
1694442838278 1.0551336162822482 148
1694442838548 0.5283633858284363 149
1694442838824 0.0796555904422387 150
1694442839093 0.18802898206428562 151
1694442839374 0.14378557829329958 152
1694442839663 1.272292625443161 153
1694442839921 1.7156913484061829 154
1694442840206 1.0649570526162855 155
1694442840490 0.014675467137225883 156
1694442840762 0.29481729104301474 157
1694442841045 0.2777348411891406 158
1694442841293 0.5024308182633482 159
1694442841560 0.31970435126928215 160
1694442841825 0.4470636670813974 161
1694442842094 0.6402673025850236 162
1694442842373 0.001204390222190204 163
1694442842665 1.4292959808024077 164
1694442842960 1.303300235365674 165
1694442843156 0.4199510306373872 166
1694442843525 0.37122147396488187 167
1694442843851 0.5753138084045224 168
1694442844111 0.29003065836294106 169
1694442844398 0.33024467893587145 170
1694442844660 0.9478382762134107 171
1694442844923 0.5464745577478396 172
1694442845192 0.17321967624285659 173
1694442845466 0.6515243734466453 174
1694442845751 1.3669176121022184 175
1694442845998 0.11330472157852188 176
1694442846272 0.09238532871399054 177
1694442846549 0.3203812546444861 178
1694442846808 0.4327274297896974 179
1694442847073 0.25014468255534295 180
1694442847365 1.0328856726711477 181
1694442847612 0.21425663195006922 182
1694442847879 0.5605721259540187 183
1694442848159 0.011672535364158148 184
1694442848460 0.863411664016352 185
1694442848731 0.02628539785261002 186
1694442848992 0.6379667040926317 187
1694442849288 0.8429525465940606 188
1694442849527 0.4185059503207125 189
1694442849808 0.6500349074741311 190
1694442850071 0.0017450506723678857 191
1694442850332 0.6039770265156731 192
1694442850605 0.3703827570158567 193
1694442850895 1.124160715569064 194
1694442851179 0.8932690840348403 195
1694442851549 0.8841246482597092 196
1694442851812 1.0247970531247188 197
1694442852087 0.06245765251159296 198
1694442852381 0.22266651687587785 199
1694442852631 0.7261397679077024 200
1694442852897 0.1646967648472241 201
1694442853161 1.1201967383417157 202
1694442853463 1.5760101056483053 203
1694442853754 0.4530439654804595 204
1694442854047 0.296013211783181 205
1694442854312 0.06769695327406103 206
1694442854598 0.03596025268799915 207
1694442854899 0.46267780197798286 208
1694442855160 2.1143972965787694 209
1694442855432 0.5461721233857668 210
1694442855727 0.30149469064438783 211
1694442855987 0.03327513816838082 212
1694442856268 0.2106348260857519 213
1694442856533 0.14206624670150073 214
1694442856803 0.8079945868887165 215
1694442857090 0.6655107404640245 216
1694442857356 0.46478750254896534 217
1694442857622 1.0228347338836306 218
1694442857871 0.5858491545807039 219
1694442858150 0.6697870873199318 220
1694442858419 0.31613207343251964 221
1694442858717 0.17874630590123242 222
1694442859026 0.17974788526510513 223
1694442859329 0.7675459719641052 224
1694442859614 0.9714839416361496 225
1694442859885 0.7877685202055512 226
1694442860161 0.7745930962424066 227
1694442860444 0.6217339583926087 228
1694442860715 0.5251482984361767 229
1694442860959 0.5178552145502053 230
1694442861219 0.8600590136915655 231
1694442861483 0.5530290654010123 232
1694442861757 0.06807796100275532 233
1694442862039 0.045081603657974485 234
1694442862319 2.043158770424404 235
1694442862590 0.3717833587566879 236
1694442862850 0.13343922853408363 237
1694442863097 0.8300487017698875 238
1694442863349 0.19144892259284907 239
1694442863620 0.7114498551704947 240
1694442863890 0.9763282230027779 241
1694442864169 0.016153512717178454 242
1694442864415 0.379513703148628 243
1694442864677 0.4041662857606756 244
1694442864934 0.13604892501599247 245
1694442865201 0.8014683185027235 246
1694442865480 0.0025986318807623876 247
1694442865752 0.18320986173004966 248
1694442866030 0.01985531090931419 249
1694442866329 0.7960375267487004 250
1694442866612 0.01074099535856222 251
1694442866895 0.5924656684925518 252
1694442867175 0.1949732261832809 253
1694442867449 0.37366551646006324 254
1694442867721 0.506354825227675 255
1694442868007 0.12076271100720876 256
1694442868286 0.5244015774337497 257
1694442868555 0.031782939830903675 258
1694442868810 0.36045152299911365 259
1694442869067 0.1339529477434313 260
1694442869322 0.22691496057503985 261
1694442869591 6.274748632848878e-05 262
1694442869858 0.5465096725060138 263
1694442870130 0.10843005914509356 264
1694442870387 0.24815816333460383 265
1694442870635 1.0231016756439744 266
1694442870896 0.030037049093312892 267
1694442871157 0.4338729763040175 268
1694442871443 0.0047888186244372756 269
1694442871804 0.139709527452637 270
1694442872098 0.3966722480561575 271
1694442872357 0.5480549425895451 272
1694442872646 0.7688314430067498 273
1694442872907 0.14149135591901543 274
1694442873186 0.6768204576810011 275
1694442873458 0.23951208732135898 276
1694442873720 0.40626364574935075 277
1694442874065 0.5885731493783389 278
1694442874373 0.421913622581165 279
1694442874653 0.042995512308888685 280
1694442874958 0.5680177867568246 281
1694442875220 0.45724023222577825 282
1694442875477 0.793110115864335 283
1694442875768 0.37069226235701697 284
1694442876029 0.6294064715798839 285
1694442876291 0.7478094998370706 286
1694442876567 0.5196413459101674 287
1694442876846 0.5848429153392886 288
1694442877135 1.425316137166354 289
1694442877430 0.6133351916917003 290
1694442877726 0.0848003405869945 291
1694442878024 0.27785315996378507 292
1694442878325 0.4010552027553721 293
1694442878612 0.7295319575285352 294
1694442878872 0.14966152871723318 295
1694442879138 0.4460812099774804 296
1694442879406 0.5016611288510555 297
1694442879672 0.904385363137554 298
1694442879911 0.2719932370549366 299
1694442880178 1.0059938330834997 300
1694442880446 0.09195415739894262 301
1694442880694 0.037527855858394556 302
1694442880967 0.8081628493665456 303
1694442881228 0.8332872586778642 304
1694442881394 0.009665515581725393 305
1694442881794 0.2115850174406969 306
1694442882065 0.5158956069071603 307
1694442882339 0.22710866062304627 308
1694442882629 0.9932562014745387 309
1694442882914 0.30523474591906374 310
1694442883179 0.8690169140597832 311
1694442883483 0.5212451476287345 312
1694442883742 0.5131441524584669 313
1694442884016 0.3348641140976138 314
1694442884347 0.01696664932217408 315
1694442884666 0.08759869075653713 316
1694442884838 0.004459070273022667 317
1694442885223 1.0797562806762708 318
1694442885524 1.0897296199139743 319
1694442885834 0.8393434348484861 320
1694442886123 0.5891973238895486 321
1694442886411 1.1022162098469226 322
1694442886700 0.5291039785861673 323
1694442886966 0.20553167847475776 324
1694442887236 0.17420737986932272 325
1694442887510 0.20890550130440957 326
1694442887795 0.553917658899691 327
1694442888082 0.6578853919853911 328
1694442888363 1.2430545411673861 329
1694442888628 0.16332203141495827 330
1694442888938 0.44101912451343583 331
1694442889244 0.39224766852738435 332
1694442889532 0.856162532827761 333
1694442889822 0.7400481144023866 334
1694442890109 0.8326872365624263 335
1694442890379 0.8295358611836597 336
1694442890644 0.34687007069253745 337
1694442890899 0.02060723000388735 338
1694442891178 0.3924180205523131 339
1694442891443 0.9917845230102207 340
1694442891712 0.2922355641565247 341
1694442892066 0.6579198244480282 342
1694442892334 0.9158726822351312 343
1694442892636 0.6603826124812051 344
1694442892921 0.19724892234554284 345
1694442893186 0.04377973593448963 346
1694442893451 0.5843704088094598 347
1694442893716 0.9759414208904469 348
1694442894001 1.3665789370042658 349
1694442894292 1.2394777896059763 350
1694442894556 0.3640722660120909 351
1694442894799 0.8325193618792018 352
1694442895044 0.6368592172246529 353
1694442895295 0.1569056154826176 354
1694442895540 1.3585869409651963 355
1694442895789 0.1658698269541315 356
1694442896066 1.2311228754180763 357
1694442896326 0.5284621218682207 358
1694442896571 0.6133917826767973 359
1694442896839 0.7268202243859132 360
1694442897102 0.14240538104327646 361
1694442897400 0.15926340918603932 362
1694442897677 0.5637018794746246 363
1694442897967 0.16688213627254508 364
1694442898257 0.145006874908729 365
1694442898537 0.7556604783600089 366
1694442898805 0.31017937211725316 367
1694442899070 0.02252242104923386 368
1694442899342 0.766246833390667 369
1694442899617 1.264470811661345 370
1694442899908 0.15400730897198114 371
1694442900287 0.0745708771577648 372
1694442900563 0.45834836038527793 373
1694442900832 0.054319728730018065 374
1694442901118 1.494904395303699 375
1694442901403 1.1199880586479922 376
1694442901669 0.697340973576955 377
1694442901947 0.2318381000968345 378
1694442902240 0.9147063601914065 379
1694442902507 1.4229635094725839 380
1694442902790 0.32214727052192116 381
1694442903028 0.5635598789213339 382
1694442903328 1.140823962740979 383
1694442903605 0.7470845984382953 384
1694442903873 0.6198889411365116 385
1694442904138 0.011700363251490372 386
1694442904463 0.008879704293920095 387
1694442904730 0.2546512139197452 388
1694442904987 0.32014444248237184 389
1694442905246 0.5199426328895285 390
1694442905526 0.08403815323720286 391
1694442905778 1.086836925868472 392
1694442906038 0.7385008692075676 393
1694442906293 0.4090261235656293 394
1694442906553 0.8924814982044562 395
1694442906843 0.22404901325811133 396
1694442907132 1.277406016919398 397
1694442907416 0.24603371206393096 398
1694442907688 0.6990856761124526 399
1694442907981 0.47525041635930576 400
1694442908271 1.3229612691073516 401
1694442908557 0.33461657246960985 402
1694442908841 0.23222319936930724 403
1694442909115 0.2833351436528535 404
1694442909379 1.1994274246644816 405
1694442909661 0.5869263383749518 406
1694442909915 0.4211808903900931 407
1694442910182 0.25350517738720907 408
1694442910439 0.015169400271238882 409
1694442910724 0.9711251352752709 410
1694442910991 2.51390769827965 411
1694442911269 0.8214830291354613 412
1694442911555 0.195100083912593 413
1694442911860 0.27234982059972646 414
1694442912146 0.3888268554076539 415
1694442912407 0.30009326338786874 416
1694442912684 0.02426157612061025 417
1694442912950 0.5661181603935721 418
1694442913227 0.2641311906678908 419
1694442913483 0.024464999217579518 420
1694442913745 1.0059683746766408 421
1694442913995 0.08209820016199434 422
1694442914250 1.050533247201589 423
1694442914554 0.2819814888983724 424
1694442914836 1.1907800354275382 425
1694442915119 0.46341803621818556 426
1694442915402 0.25579117621786207 427
1694442915676 1.2481084375445073 428
1694442915936 0.6381572569338484 429
1694442916209 0.6817375303495149 430
1694442916480 1.0817233455140838 431
1694442916750 0.30908499474024215 432
1694442917017 0.6183995545406724 433
1694442917291 0.29018033851017827 434
1694442917577 0.10028291174783209 435
1694442917829 0.8494101515032348 436
1694442918090 0.32860714125919327 437
1694442918338 0.4280982369043365 438
1694442918609 1.553730375565269 439
1694442918895 2.807123827476849 440
1694442919183 0.5293175331686036 441
1694442919478 0.8800733943116967 442
1694442919739 0.9555451663690695 443
1694442920025 1.1145450675694741 444
1694442920323 0.13095326420946862 445
1694442920604 0.21082480869766668 446
1694442920887 0.004540767619112117 447
1694442921175 0.46732889275600137 448
1694442921464 0.8617831086081436 449
1694442921737 0.7229597410318757 450
1694442922024 0.12103809075020205 451
1694442922331 1.5100241663523706 452
1694442922615 0.22072378697978506 453
1694442922910 0.8760556397989389 454
1694442923185 0.2691433563903551 455
1694442923466 0.6130981239621239 456
1694442923753 0.7669018133493541 457
1694442924030 2.047618011606892 458
1694442924297 0.281975784203774 459
1694442924570 0.41026484383212564 460
1694442924827 0.13941502374761955 461
1694442925090 0.06539584892652069 462
1694442925367 0.06136201497536725 463
1694442925630 0.20627716578196886 464
1694442925907 0.46311701077061795 465
1694442926165 0.5970244668608222 466
1694442926434 0.7940053849921401 467
1694442926695 1.075686940523993 468
1694442926970 0.74858418602481 469
1694442927233 0.21610876191839568 470
1694442927517 0.21282133743002907 471
1694442927792 0.5661930170171735 472
1694442928066 0.8042900955991381 473
1694442928336 0.20429631273365972 474
1694442928617 0.0704461312733529 475
1694442928894 0.8283787081641367 476
1694442929187 1.263964853597901 477
1694442929438 0.10307660858193093 478
1694442929695 0.07123067697202771 479
1694442929970 1.465099863878926 480
1694442930263 0.4830993210809652 481
1694442930521 0.6314478435935394 482
1694442930821 0.5392050833711522 483
1694442931080 0.11901973369933261 484
1694442931385 0.3500045443949017 485
1694442931663 0.7013065929824925 486
1694442931947 0.885317114922565 487
1694442932223 0.05867518833995876 488
1694442932490 0.5774974157707456 489
1694442932750 0.9207361205548582 490
1694442933044 0.6324825185742562 491
1694442933320 0.6031178999290125 492
1694442933607 1.387929809905339 493
1694442933894 0.5888048514984061 494
1694442934174 1.3342940226299567 495
1694442934458 0.29491456954702877 496
1694442934772 0.4180108773654466 497
1694442935049 0.614214073922078 498
1694442935321 0.5308502826081951 499
