1694439161200 165.09324457404526 0
1694439161230 161.79055364216578 1
1694439161267 158.55496531658585 2
1694439161300 155.38508889230678 3
1694439161341 152.2795633480215 4
1694439161396 149.23705668459348 5
1694439161442 146.25626527917356 6
1694439161481 143.33591325455723 7
1694439161563 140.47475186339673 8
1694439161612 137.67155888689115 9
1694439161651 134.92513804758943 10
1694439161695 132.23431843595088 11
1694439161726 129.5979539503166 12
1694439161766 127.01492274995594 13
1694439161799 124.48412672086002 14
1694439161831 122.00449095396434 15
1694439161868 119.57496323548976 16
1694439161902 117.19451354910105 17
1694439161938 114.86213358958861 18
1694439161977 112.57683628778875 19
1694439162020 110.3376553464634 20
1694439162065 108.14364478686964 21
1694439162117 105.99387850575499 22
1694439162185 103.8874498425225 23
1694439162267 101.82347115631603 24
1694439162321 99.80107341278259 25
1694439162359 97.81940578027519 26
1694439162430 95.87763523526628 27
1694439162472 93.97494617674714 28
1694439162513 92.11054004939484 29
1694439162553 90.28363497529466 30
1694439162593 88.49346539401027 31
1694439162630 86.74227811490394 32
1694439162673 85.02616950142738 33
1694439162717 83.34442824365082 34
1694439162752 81.69635770816168 35
1694439162784 80.08127562714688 36
1694439162814 78.49851379432712 37
1694439162843 76.94741776758326 38
1694439162871 75.42734657811917 39
1694439162901 73.9376724460098 40
1694439162930 72.47778050198596 41
1694439162962 71.04706851531176 42
1694439162997 69.64494662761436 43
1694439163033 68.27083709252808 44
1694439163067 66.92417402102002 45
1694439163097 65.6044031322656 46
1694439163128 64.31098150994758 47
1694439163162 63.043377363853764 48
1694439163195 61.80106979665261 49
1694439163230 60.58354857572824 50
1694439163269 59.39031390995974 51
1694439163302 58.22087623133209 52
1694439163335 57.074755981269064 53
1694439163375 55.951483401580816 54
1694439163411 54.850598329921766 55
1694439163442 53.77513568123805 56
1694439163473 52.72101676788907 57
1694439163500 51.687814655423836 58
1694439163530 50.675111026928356 59
1694439163563 49.68249600681001 60
1694439163595 48.70956798825876 61
1694439163628 47.75593346430567 62
1694439163662 46.82120686240181 63
1694439163698 45.905010382441624 64
1694439163732 45.0069738381569 65
1694439163767 44.12673450180929 66
1694439163801 43.263936952110406 67
1694439163834 42.4182329253007 68
1694439163869 41.58928116931952 69
1694439163907 40.77674730100031 70
1694439163941 39.98030366622645 71
1694439163978 39.19962920298454 72
1694439164009 38.43440930725367 73
1694439164040 37.68433570167001 74
1694439164075 36.94910630690799 75
1694439164107 36.22842511572022 76
1694439164137 35.52200206957987 77
1694439164170 34.82955293787013 78
1694439164199 34.150799199567125 79
1694439164229 33.4854679273631 80
1694439164263 32.833291674178696 81
1694439164295 32.19400836201345 82
1694439164327 31.567361173085505 83
1694439164357 30.953098443211974 84
1694439164385 30.35097355738287 85
1694439164416 29.760744847482364 86
1694439164445 29.182175492112222 87
1694439164479 28.615033418473104 88
1694439164512 28.059091206260682 89
1694439164540 27.514125993534062 90
1694439164568 26.979919384515274 91
1694439164596 26.45625735927929 92
1694439164625 25.942930185294983 93
1694439164651 25.439732330778263 94
1694439164683 24.946462379819504 95
1694439164714 24.462922949248153 96
1694439164745 23.988920607198203 97
1694439164777 23.524265793339104 98
1694439164812 23.068772740737298 99
1694439164849 22.622259399314412 100
1694439164881 22.184547360868798 101
1694439164913 21.755461785627972 102
1694439164943 21.334831330299995 103
1694439164979 20.9224880775927 104
1694439165012 20.518267467170176 105
1694439165042 20.12200822801679 106
1694439165076 19.733552312179388 107
1694439165112 19.352744829859226 108
1694439165141 18.979433985825487 109
1694439165179 18.613471017123246 110
1694439165212 18.254710132048807 111
1694439165245 17.903008450366336 112
1694439165286 17.55822594474021 113
1694439165324 17.220225383357615 114
1694439165353 16.888872273717247 115
1694439165391 16.564034807559693 116
1694439165425 16.245583806916105 117
1694439165460 15.933392671252005 118
1694439165495 15.627337325683744 119
1694439165531 15.327296170245427 120
1694439165564 15.033150030184709 121
1694439165603 14.744782107266312 122
1694439165640 14.462077932062444 123
1694439165680 14.184925317209927 124
1694439165720 13.913214311614116 125
1694439165752 13.646837155580128 126
1694439165782 13.385688236852452 127
1694439165816 13.129664047544107 128
1694439165846 12.878663141937317 129
1694439165891 12.632586095137682 130
1694439165927 12.391335462564422 131
1694439165960 12.15481574025949 132
1694439165999 11.92293332599888 133
1694439166036 11.695596481189702 134
1694439166078 11.472715293536817 135
1694439166114 11.254201640463473 136
1694439166143 11.039969153270418 137
1694439166180 10.829933182018426 138
1694439166215 10.62401076111942 139
1694439166251 10.422120575621852 140
1694439166290 10.224182928175981 141
1694439166328 10.030119706665342 142
1694439166366 9.839854352490766 143
1694439166399 9.653311829493536 144
1694439166436 9.470418593504885 145
1694439166469 9.291102562508868 146
1694439166503 9.115293087406206 147
1694439166536 8.942920923366849 148
1694439166567 8.773918201759335 149
1694439166599 8.608218402645074 150
1694439166631 8.445756327826254 151
1694439166660 8.286468074435952 152
1694439166695 8.130291009059517 153
1694439166732 7.977163742376398 154
1694439166763 7.827026104311891 155
1694439166797 7.679819119688387 156
1694439166836 7.535484984366071 157
1694439166881 7.393967041863005 158
1694439166916 7.255209760445042 159
1694439166950 7.119158710675922 160
1694439166984 6.985760543418245 161
1694439167019 6.854962968276213 162
1694439167050 6.726714732471199 163
1694439167082 6.600965600141289 164
1694439167115 6.477666332056355 165
1694439167147 6.356768665740107 166
1694439167183 6.238225295991017 167
1694439167213 6.121989855793895 168
1694439167248 6.008016897614382 169
1694439167280 5.896261875068504 170
1694439167312 5.7866811249597285 171
1694439167343 5.679231849676147 172
1694439167376 5.573872099940406 173
1694439167409 5.470560757905394 174
1694439167442 5.369257520588573 175
1694439167478 5.269922883638234 176
1694439167508 5.172518125424849 177
1694439167540 5.077005291451106 178
1694439167575 4.983347179074072 179
1694439167610 4.891507322533249 180
1694439167645 4.801449978278377 181
1694439167678 4.713140110590862 182
1694439167714 4.626543377492984 183
1694439167749 4.541626116939047 184
1694439167782 4.458355333282843 185
1694439167816 4.376698684015763 186
1694439167849 4.296624466770214 187
1694439167882 4.2181016065829455 188
1694439167915 4.141099643413042 189
1694439167947 4.065588719909494 190
1694439167982 3.9915395694233102 191
1694439168017 3.918923504259232 192
1694439168051 3.84771240416226 193
1694439168085 3.7778787050342597 194
1694439168142 3.7093953878760115 195
1694439168178 3.6422359679501777 196
1694439168226 3.5763744841607816 197
1694439168261 3.5117854886447586 198
1694439168297 3.448444036571423 199
1694439168331 3.3863256761456313 200
1694439168367 3.325406438810496 201
1694439168406 3.265662829645746 202
1694439168440 3.207071817957731 203
1694439168474 3.1496108280572486 204
1694439168508 3.093257730221419 205
1694439168544 3.037990831835922 206
1694439168576 2.9837888687139755 207
1694439168611 2.9306309965884765 208
1694439168647 2.8784967827739165 209
1694439168680 2.8273661979945754 210
1694439168716 2.7772196083756864 211
1694439168751 2.7280377675943486 212
1694439168785 2.679801809186926 213
1694439168820 2.632493239009837 214
1694439168857 2.586093927850646 215
1694439168895 2.540586104186424 216
1694439168930 2.495952347086484 217
1694439168961 2.45217557925654 218
1694439168997 2.4092390602214975 219
1694439169040 2.367126379644062 220
1694439169074 2.325821450776504 221
1694439169112 2.2853085040428605 222
1694439169151 2.245572080748964 223
1694439169184 2.2065970269178012 224
1694439169229 2.1683684872476103 225
1694439169267 2.130871899190315 226
1694439169308 2.0940929871478997 227
1694439169351 2.0580177567842983 228
1694439169384 2.022632489450562 229
1694439169428 1.9879237367209828 230
1694439169462 1.9538783150380046 231
1694439169500 1.9204833004637127 232
1694439169530 1.8877260235357711 233
1694439169562 1.8555940642257445 234
1694439169600 1.8240752469977242 235
1694439169641 1.7931576359652883 236
1694439169672 1.762829530144813 237
1694439169708 1.733079458803211 238
1694439169742 1.7038961768982048 239
1694439169774 1.6752686606093128 240
1694439169808 1.647186102957687 241
1694439169844 1.6196379095130988 242
1694439169878 1.5926136941862548 243
1694439169914 1.5661032751048052 244
1694439169951 1.5400966705713204 245
1694439169982 1.5145840951016438 246
1694439170019 1.489555955541986 247
1694439170058 1.4650028472632142 248
1694439170096 1.4409155504307658 249
1694439170135 1.4172850263486954 250
1694439170175 1.3941024138763871 251
1694439170213 1.3713590259164565 252
1694439170253 1.3490463459724447 253
1694439170296 1.3271560247748924 254
1694439170329 1.3056798769744535 255
1694439170369 1.2846098779006916 256
1694439170408 1.2639381603852515 257
1694439170445 1.2436570116481425 258
1694439170478 1.2237588702458377 259
1694439170512 1.2042363230800024 260
1694439170546 1.1850821024656102 261
1694439170580 1.1662890832572606 262
1694439170614 1.1478502800325776 263
1694439170646 1.129758844331499 264
1694439170679 1.1120080619503776 265
1694439170711 1.0945913502898021 266
1694439170746 1.0775022557550418 267
1694439170779 1.0607344512080938 268
1694439170815 1.0442817334702903 269
1694439170850 1.0281380208744701 270
1694439170883 1.0122973508657014 271
1694439170920 0.9967538776496301 272
1694439170959 0.9815018698874675 273
1694439170997 0.9665357084367132 274
1694439171047 0.951849884136673 275
1694439171096 0.9374389956379374 276
1694439171131 0.9232977472748695 277
1694439171189 0.9094209469803061 278
1694439171248 0.8958035042416066 279
1694439171286 0.8824404280972368 280
1694439171325 0.8693268251730547 281
1694439171376 0.8564578977575564 282
1694439171422 0.8438289419152544 283
1694439171467 0.8314353456374696 284
1694439171518 0.8192725870297711 285
1694439171576 0.8073362325353418 286
1694439171624 0.7956219351935542 287
1694439171659 0.7841254329330564 288
1694439171715 0.7728425468986851 289
1694439171767 0.7617691798115118 290
1694439171803 0.7509013143614087 291
1694439171835 0.7402350116314401 292
1694439171866 0.7297664095534669 293
1694439171898 0.7194917213943568 294
1694439171931 0.7094072342721532 295
1694439171970 0.6995093077016618 296
1694439172012 0.6897943721688157 297
1694439172046 0.6802589277332785 298
1694439172077 0.6708995426587238 299
1694439172112 0.6617128520702292 300
1694439172145 0.6526955566382459 301
1694439172175 0.6438444212886305 302
1694439172204 0.6351562739381981 303
1694439172235 0.6266280042553224 304
1694439172270 0.6182565624450485 305
1694439172300 0.6100389580582521 306
1694439172332 0.6019722588243763 307
1694439172365 0.5940535895072441 308
1694439172395 0.5862801307835273 309
1694439172426 0.5786491181433994 310
1694439172458 0.5711578408129309 311
1694439172491 0.5638036406978025 312
1694439172525 0.5565839113479214 313
1694439172558 0.5494960969424999 314
1694439172591 0.5425376912952172 315
1694439172623 0.5357062368790465 316
1694439172651 0.5289993238703685 317
1694439172680 0.5224145892119876 318
1694439172714 0.5159497156946644 319
1694439172744 0.509602431056808 320
1694439172779 0.503370507101972 321
1694439172817 0.49725175883377964 322
1694439172857 0.4912440436079579 323
1694439172891 0.4853452603011247 324
1694439172926 0.4795533484960028 325
1694439172960 0.4738662876827278 326
1694439172992 0.46828209647594377 327
1694439173029 0.46279883184735854 328
1694439173061 0.4574145883734662 329
1694439173092 0.45212749749812414 330
1694439173130 0.4469357268096905 331
1694439173169 0.4418374793324521 332
1694439173212 0.4368309928320242 333
1694439173249 0.43191453913448274 334
1694439173281 0.4270864234589317 335
1694439173317 0.4223449837632476 336
1694439173350 0.4176885901027394 337
1694439173386 0.413115644001472 338
1694439173420 0.40862457783598677 339
1694439173457 0.40421385423119993 340
1694439173491 0.3998819654682065 341
1694439173529 0.3956274329037792 342
1694439173565 0.3914488064013173 343
1694439173598 0.38734466377302285 344
1694439173648 0.38331361023307753 345
1694439173681 0.37935427786160936 346
1694439173711 0.3754653250792261 347
1694439173752 0.3716454361319207 348
1694439173784 0.36789332058612023 349
1694439173816 0.3642077128337032 350
1694439173857 0.3605873716067661 351
1694439173891 0.3570310795019656 352
1694439173930 0.35353764251422326 353
1694439173965 0.35010588957963634 354
1694439174000 0.3467346721273788 355
1694439174035 0.3434228636404505 356
1694439174067 0.34016935922506436 357
1694439174098 0.3369730751885335 358
1694439174129 0.3338329486254588 359
1694439174164 0.3307479370120777 360
1694439174198 0.32771701780859736 361
1694439174234 0.32473918806935986 362
1694439174270 0.3218134640606877 363
1694439174307 0.3189388808862489 364
1694439174343 0.31611449211979736 365
1694439174391 0.3133393694451512 366
1694439174434 0.31061260230324383 367
1694439174485 0.307933297546132 368
1694439174551 0.30530057909780794 369
1694439174591 0.3027135876216873 370
1694439174635 0.300171480194641 371
1694439174678 0.29767342998743185 372
1694439174714 0.29521862595144444 373
1694439174745 0.2928062725115762 374
1694439174782 0.29043558926516283 375
1694439174820 0.2881058106868292 376
1694439174852 0.2858161858391382 377
1694439174889 0.2835659780889319 378
1694439174926 0.28135446482924836 379
1694439174969 0.27918093720670006 380
1694439175002 0.2770446998542137 381
1694439175033 0.27494507062901896 382
1694439175064 0.2728813803557883 383
1694439175101 0.27085297257481855 384
1694439175129 0.2688592032951608 385
1694439175168 0.2668994407525985 386
1694439175209 0.26497306517238045 387
1694439175241 0.26307946853660696 388
1694439175281 0.26121805435619105 389
1694439175317 0.2593882374472834 390
1694439175352 0.2575894437121013 391
1694439175403 0.25582110992404594 392
1694439175442 0.2540826835170417 393
1694439175497 0.25237362237900735 394
1694439175533 0.2506933946493791 395
1694439175581 0.24904147852060535 396
1694439175615 0.24741736204353404 397
1694439175650 0.24582054293661532 398
1694439175690 0.2442505283988447 399
1694439175724 0.24270683492637704 400
1694439175765 0.2411889881327297 401
1694439175808 0.23969652257251198 402
1694439175842 0.23822898156860925 403
1694439175886 0.23678591704275226 404
1694439175928 0.23536688934940328 405
1694439175974 0.23397146711289962 406
1694439176013 0.2325992270677848 407
1694439176042 0.2312497539022635 408
1694439176078 0.22992264010472538 409
1694439176123 0.22861748581327268 410
1694439176158 0.2273338986681897 411
1694439176193 0.22607149366730145 412
1694439176243 0.22482989302416262 413
1694439176308 0.22360872602901827 414
1694439176357 0.2224076289124901 415
1694439176409 0.22122624471191865 416
1694439176441 0.22006422314032997 417
1694439176481 0.21892122045795476 418
1694439176512 0.2177968993462637 419
1694439176544 0.21669092878446555 420
1694439176580 0.2156029839284122 421
1694439176619 0.21453274599187755 422
1694439176658 0.21347990213015186 423
1694439176702 0.21244414532590647 424
1694439176734 0.21142517427729154 425
1694439176777 0.2104226932882197 426
1694439176815 0.20943641216078349 427
1694439176843 0.2084660460897815 428
1694439176880 0.20751131555929966 429
1694439176922 0.2065719462413049 430
1694439176958 0.20564766889622563 431
1694439177002 0.20473821927546437 432
1694439177041 0.2038433380258149 433
1694439177075 0.20296277059573942 434
1694439177125 0.2020962671434775 435
1694439177158 0.201243582446941 436
1694439177192 0.20040447581536702 437
1694439177225 0.19957871100269142 438
1694439177259 0.19876605612260737 439
1694439177299 0.19796628356528434 440
1694439177350 0.19717916991569806 441
1694439177398 0.19640449587356182 442
1694439177453 0.195642046174806 443
1694439177492 0.19489160951459109 444
1694439177522 0.19415297847181787 445
1694439177550 0.19342594943510258 446
1694439177581 0.19271032253019588 447
1694439177614 0.19200590154880753 448
1694439177643 0.1913124938788201 449
1694439177683 0.19062991043585306 450
1694439177719 0.1899579655961637 451
1694439177748 0.1892964771308421 452
1694439177781 0.18864526614129323 453
1694439177811 0.18800415699596318 454
1694439177842 0.18737297726830188 455
1694439177876 0.18675155767592252 456
1694439177908 0.18613973202094425 457
1694439177941 0.1855373371314955 458
1694439177976 0.18494421280434348 459
1694439178015 0.18436020174864526 460
1694439178047 0.18378514953078173 461
1694439178079 0.1832189045202638 462
1694439178113 0.18266131783668832 463
1694439178145 0.18211224329771805 464
1694439178182 0.1815715373680702 465
1694439178220 0.18103905910949278 466
1694439178258 0.18051467013170952 467
1694439178301 0.17999823454431313 468
1694439178341 0.1794896189095887 469
1694439178380 0.17898869219625207 470
1694439178419 0.1784953257340794 471
1694439178452 0.17800939316941644 472
1694439178486 0.17753077042154422 473
1694439178527 0.17705933563989257 474
1694439178559 0.17659496916207493 475
1694439178602 0.17613755347273646 476
1694439178641 0.17568697316319676 477
1694439178679 0.17524311489186956 478
1694439178721 0.17480586734544665 479
1694439178750 0.17437512120083123 480
1694439178791 0.1739507690878053 481
1694439178821 0.17353270555241598 482
1694439178852 0.17312082702106554 483
1694439178884 0.17271503176529734 484
1694439178918 0.17231521986725845 485
1694439178948 0.171921293185824 486
1694439178984 0.1715331553233782 487
1694439179017 0.1711507115932322 488
1694439179045 0.1707738689876685 489
1694439179079 0.1704025361466011 490
1694439179112 0.1700366233268365 491
1694439179143 0.16967604237192715 492
1694439179176 0.1693207066826035 493
1694439179215 0.16897053118777122 494
1694439179246 0.1686254323160725 495
1694439179286 0.16828532796798357 496
1694439179327 0.1679501374884542 497
1694439179360 0.16761978164007124 498
1694439179392 0.1672941825767345 499
