1694444751650 0.05712105990515982 0
1694444751925 0.026621046879510588 1
1694444752202 0.09914990683709088 2
1694444752504 0.21188228070104526 3
1694444752793 0.005007101506844909 4
1694444753079 0.03923888701992918 5
1694444753388 0.0024169560501165585 6
1694444753691 0.043769782045055 7
1694444753967 0.0031568802605010534 8
1694444754254 0.006291643038207582 9
1694444754622 0.07637562775418041 10
1694444754947 0.06035816196448701 11
1694444755251 0.009518700720150758 12
1694444755527 0.0442879566335116 13
1694444755761 0.31363482238790663 14
1694444756020 0.09641778321023144 15
1694444756254 0.1487741106140094 16
1694444756448 0.04961127419380354 17
1694444756735 0.05829785297564729 18
1694444756965 0.14071381382939013 19
1694444757177 0.0013947663815186639 20
1694444757453 0.1375198934199227 21
1694444757699 0.014507819267217845 22
1694444757940 0.6937163959064819 23
1694444758189 4.976650820678749e-05 24
1694444758427 0.022679179688741738 25
1694444758678 0.018323618433322694 26
1694444758858 0.15117481257199775 27
1694444759136 0.07144233136996096 28
1694444759374 0.07427394542361576 29
1694444759601 0.1166572721660574 30
1694444759828 0.07284705419118577 31
1694444760088 0.06050615710071622 32
1694444760342 0.0015341469460792732 33
1694444760590 0.2203826558681461 34
1694444760836 0.05653485899783409 35
1694444761071 0.003628213529946074 36
1694444761332 0.17907048965206834 37
1694444761608 0.15128436193074554 38
1694444761843 0.05667053569452384 39
1694444762078 0.009693028323059254 40
1694444762303 0.4254142326396279 41
1694444762542 0.027724928078908192 42
1694444762765 0.08507831995414028 43
1694444762998 0.06037714849123849 44
1694444763226 0.3217659506550686 45
1694444763449 0.08331781906756673 46
1694444763741 0.006561504091200032 47
1694444763975 0.01788921875484404 48
1694444764221 0.026812824353381445 49
1694444764483 0.05054013463586406 50
1694444764724 0.0006757635809302621 51
1694444764959 0.056281229240952094 52
1694444765199 0.0004328207036774654 53
1694444765421 0.013442540227641533 54
1694444765660 0.004424507566996891 55
1694444765906 0.07958259203031785 56
1694444766125 0.016720915179949378 57
1694444766379 0.015158501498240818 58
1694444766649 0.06262079226755675 59
1694444766906 0.015590541809017778 60
1694444767164 0.05410267418764817 61
1694444767407 0.0773216283434422 62
1694444767656 0.009881811968150278 63
1694444767920 0.4990371518890527 64
1694444768187 0.010210269856945122 65
1694444768449 0.020373287398298703 66
1694444768702 0.13711982657903476 67
1694444768932 0.15204695981624713 68
1694444769189 0.036661835572070166 69
1694444769428 0.20314849301953197 70
1694444769662 0.12905127531730579 71
1694444769917 0.023562141415460373 72
1694444770177 0.019079440482683927 73
1694444770430 0.17513926924771792 74
1694444770672 0.00023980303281235504 75
1694444770940 0.001197103719575943 76
1694444771161 0.0003741853936453281 77
1694444771432 0.10784499027402185 78
1694444771727 0.06226653820422146 79
1694444771966 0.13652470765197594 80
1694444772239 0.009280139066845789 81
1694444772538 0.2271380836266922 82
1694444772808 0.022306078353466704 83
1694444773050 0.08015990283908193 84
1694444773274 0.016094240827834182 85
1694444773519 0.07421938545757985 86
1694444773791 0.12138656646848986 87
1694444774060 0.10146857613895512 88
1694444774313 0.17329651493274786 89
1694444774552 0.020730049553837775 90
1694444774813 0.05471448486154098 91
1694444775061 0.1749274257210904 92
1694444775319 0.01645241452964488 93
1694444775590 0.005017953429382662 94
1694444775859 0.001223309882448153 95
1694444776104 0.024189473892318465 96
1694444776351 0.02869744786212087 97
1694444776568 0.18458084689125762 98
1694444776843 0.11594864557047604 99
1694444777114 5.8319864990167724e-05 100
1694444777374 0.19569733152141192 101
1694444777641 0.10473956012796123 102
1694444777889 0.011471498201482222 103
1694444778127 0.008434474372758016 104
1694444778384 0.046595006775392626 105
1694444778627 0.17505509294940239 106
1694444778894 0.022092325454504798 107
1694444779143 0.03533753442003524 108
1694444779391 0.0182346668808303 109
1694444779633 0.005742489055128778 110
1694444779880 0.0419947611485477 111
1694444780129 1.226315117257204 112
1694444780390 0.0031111302435141708 113
1694444780675 0.32245123336213255 114
1694444780953 0.07538214573752991 115
1694444781193 0.047045348710007096 116
1694444781440 0.0023985333748584303 117
1694444781761 0.11332108743033684 118
1694444782031 0.05668874036056272 119
1694444782299 0.04950660844153455 120
1694444782562 0.42699626076178493 121
1694444782822 0.00018486782121526334 122
1694444783104 0.19468076762317732 123
1694444783371 0.1281298382877579 124
1694444783615 0.0010814604031198342 125
1694444783911 0.06339007455393836 126
1694444784179 0.17008403019233298 127
1694444784455 0.15062069169832676 128
1694444784723 0.044707123095842696 129
1694444784976 0.0012256381670321063 130
1694444785239 0.023088278576458905 131
1694444785492 0.04946692161625376 132
1694444785747 0.04525943448439768 133
1694444785995 0.006704707271434009 134
1694444786261 0.04079108946926147 135
1694444786523 0.04569312918279751 136
1694444786788 0.734726680900615 137
1694444787048 5.810650690319142e-06 138
1694444787294 0.4569821863716365 139
1694444787549 0.00815078054244707 140
1694444787795 0.05238670686260564 141
1694444788045 0.15178037373480005 142
1694444788325 0.004527409083119387 143
1694444788598 2.3004069806303853e-05 144
1694444788866 0.39032422200435074 145
1694444789116 0.08577650317130105 146
1694444789373 0.0006634493132595477 147
1694444789635 0.34710322460157356 148
1694444789905 0.24149503867006109 149
1694444790157 0.14461309511323933 150
1694444790403 0.01804101054421369 151
1694444790653 0.09815676963852489 152
1694444790901 0.004743415500430476 153
1694444791163 0.11932609964086371 154
1694444791423 0.0006601120688050864 155
1694444791665 1.713760858309956e-05 156
1694444791922 0.019900807858773573 157
1694444792170 0.019843383882977104 158
1694444792421 0.013591612564876943 159
1694444792666 0.020199762535479608 160
1694444792907 0.2545546222464715 161
1694444793204 0.1340190463273557 162
1694444793460 0.05045969434340655 163
1694444793700 0.01182035397497281 164
1694444793994 0.00013711565591583745 165
1694444794283 0.022757319469998344 166
1694444794513 0.019696196693189495 167
1694444794796 0.1972968931732462 168
1694444795072 0.07399393411045162 169
1694444795354 0.016206114640233957 170
1694444795619 0.027029122654274346 171
1694444795920 0.02981170825098805 172
1694444796176 0.05973930323726658 173
1694444796465 0.3671168176479147 174
1694444796747 0.022835542715497696 175
1694444797025 0.48812441439275583 176
1694444797291 0.010195950618358382 177
1694444797516 0.008829919676240836 178
1694444797779 0.00479443767548649 179
1694444798017 0.01858562453121527 180
1694444798282 0.01408518794360061 181
1694444798562 0.0006237255236674952 182
1694444798826 0.03117642499776478 183
1694444799082 0.1310137159361184 184
1694444799336 0.0209116712848009 185
1694444799576 0.10701777242380071 186
1694444799832 0.043458187768817914 187
1694444800097 0.003472963614282278 188
1694444800386 0.03404552171777789 189
1694444800640 2.1927114531721674e-05 190
1694444800901 0.030009059571092803 191
1694444801169 0.28372520302669474 192
1694444801426 0.05491012628655031 193
1694444801679 0.018706244552278498 194
1694444801930 0.010415350781246831 195
1694444802175 0.061538872412761035 196
1694444802432 0.01683595675686608 197
1694444802688 0.01936081478873134 198
1694444802942 5.760011098309286e-06 199
1694444803211 0.19746413557580045 200
1694444803462 0.011825736172459503 201
1694444803708 0.20349204343424815 202
1694444804003 0.20169227737976947 203
1694444804269 0.19975497743635684 204
1694444804522 0.006713948947459986 205
1694444804786 0.01733169031727926 206
1694444805072 0.009786143709091873 207
1694444805348 0.6696916843536312 208
1694444805615 0.03678036607538665 209
1694444805872 0.062471022505400486 210
1694444806109 0.24728251477420912 211
1694444806390 7.343626016884137e-05 212
1694444806643 0.03212761266889377 213
1694444806885 0.05150799842845046 214
1694444807151 0.0526387482542372 215
1694444807424 0.4285595101958712 216
1694444807683 0.03952986705408281 217
1694444807941 0.006672976152375586 218
1694444808212 0.3902000359149286 219
1694444808479 0.8991051866938737 220
1694444808720 0.02215282816011823 221
1694444808987 0.0048843542589676525 222
1694444809255 0.15014738558010743 223
1694444809494 0.08345797930659116 224
1694444809765 0.41074800080872775 225
1694444810030 0.0008013701462702275 226
1694444810271 0.0002923544638922138 227
1694444810543 0.06813489184359953 228
1694444810818 0.007386037138663358 229
1694444811080 0.20591527073186855 230
1694444811344 0.2119078256987538 231
1694444811572 0.02008356956447309 232
1694444811818 1.4737851662589777e-06 233
1694444812086 0.24051497906965674 234
1694444812349 0.14913196030778417 235
1694444812606 0.097619088650634 236
1694444812867 0.09627520122424257 237
1694444813151 0.00936225279443106 238
1694444813422 0.1751597521014127 239
1694444813678 0.0158256267987045 240
1694444813939 0.0005535619361729828 241
1694444814238 0.4110057072954561 242
1694444814484 0.12927658480953902 243
1694444814744 0.21157160833446295 244
1694444814983 0.14007015413390236 245
1694444815265 0.19069991709552248 246
1694444815523 0.10691570028025656 247
1694444815783 0.017545076891368836 248
1694444816043 0.1983550193090253 249
1694444816317 0.10043538031840607 250
1694444816564 0.012249808017242 251
1694444816840 0.10926568833602021 252
1694444817105 0.008126877244838364 253
1694444817372 0.0715700442485021 254
1694444817637 0.01646963098330111 255
1694444817897 0.0003199625411206734 256
1694444818149 0.04267704654042452 257
1694444818407 0.19580928055178337 258
1694444818663 0.004886910141053192 259
1694444818897 0.0949176945006128 260
1694444819135 0.33965883347354076 261
1694444819402 5.33137737856147e-05 262
1694444819649 0.13751266245614466 263
1694444819915 0.0006543537246028775 264
1694444820184 0.6052263397714963 265
1694444820448 0.0007763365907490476 266
1694444820710 0.005571194490844218 267
1694444820954 0.2113727759428353 268
1694444821216 0.01145524306387255 269
1694444821478 0.8595499682050972 270
1694444821745 0.0683249393652526 271
1694444822000 0.01517214545196657 272
1694444822256 0.06986694803022726 273
1694444822528 0.18013061718127943 274
1694444822774 0.010320816058424867 275
1694444823017 0.014263665075526559 276
1694444823261 0.012968973785392827 277
1694444823510 0.009645303062581493 278
1694444823766 0.07159767995905958 279
1694444824015 0.11369863917736123 280
1694444824299 0.07467897080812033 281
1694444824592 0.036913462633148195 282
1694444824902 0.05838462733580656 283
1694444825162 0.010156506758865974 284
1694444825419 0.011068145077766826 285
1694444825670 0.05446917510564269 286
1694444825918 0.025188423326626776 287
1694444826178 0.1008677333821861 288
1694444826442 0.07702627818254673 289
1694444826700 0.0009556490632886675 290
1694444826953 0.030990605414489492 291
1694444827206 0.006221868975847258 292
1694444827464 0.008287086723037943 293
1694444827715 0.002040821527823531 294
1694444827991 0.005231472082446534 295
1694444828280 0.0607222641042723 296
1694444828537 0.2592231629506666 297
1694444828803 0.039566173518678596 298
1694444829065 0.09699295106863474 299
1694444829308 0.038611141706286996 300
1694444829577 0.13099639455244588 301
1694444829837 0.4583322177457389 302
1694444830089 0.2574244144721684 303
1694444830316 0.0954707512170608 304
1694444830574 0.008023558720932232 305
1694444830821 0.4128502756113097 306
1694444831091 0.2723338093630869 307
1694444831358 3.062594284461297e-05 308
1694444831621 0.11193071217944817 309
1694444831888 0.07269987299540033 310
1694444832140 0.02341467917830269 311
1694444832394 0.008007936996814008 312
1694444832647 0.7333320549953994 313
1694444832902 0.09795747749547444 314
1694444833166 0.20239415629764473 315
1694444833447 0.4557772488398276 316
1694444833707 0.14923925421597375 317
1694444833977 0.3978041676466125 318
1694444834249 0.0015896486742091795 319
1694444834537 0.3345222319478496 320
1694444834799 0.07733930532648345 321
1694444835070 0.6651266252917991 322
1694444835350 0.02087726796455501 323
1694444835614 0.566900679287974 324
1694444835884 0.04747216005288792 325
1694444836151 0.36954935990892607 326
1694444836404 0.02647612592146756 327
1694444836655 0.05825494352661726 328
1694444836901 0.07798487737500469 329
1694444837124 0.009431028731685682 330
1694444837396 0.029133214613524572 331
1694444837657 0.07001637452743978 332
1694444837904 0.00044526485664322 333
1694444838181 0.312263290843884 334
1694444838451 0.10186031692280684 335
1694444838726 0.009106252631031141 336
1694444839002 0.0032053907638561053 337
1694444839268 0.06339730530505848 338
1694444839512 0.022223037934947593 339
1694444839781 0.004701236805016576 340
1694444840044 0.007055803086678289 341
1694444840299 0.00678608725595893 342
1694444840550 0.0002629097828720266 343
1694444840815 0.07379704374455667 344
1694444841057 0.007004258401183985 345
1694444841311 0.08430719843605765 346
1694444841570 0.28441797319484363 347
1694444841817 0.06896487978376258 348
1694444842074 0.011562208842959236 349
1694444842331 0.009041514054958387 350
1694444842583 0.03950269230586894 351
1694444842876 0.14010766142196274 352
1694444843127 0.39807861505143255 353
1694444843395 0.01436107427537802 354
1694444843637 0.3051911150773164 355
1694444843873 0.10280542923607389 356
1694444844131 0.05226751940982627 357
1694444844386 0.12114883966100237 358
1694444844618 0.08753051241897317 359
1694444844850 0.159894806435185 360
1694444845082 0.00034192517307431896 361
1694444845318 0.012725715821534554 362
1694444845551 0.0003381080599089411 363
1694444845810 0.21393056655641426 364
1694444846061 0.11956632700505665 365
1694444846336 0.05876398917106487 366
1694444846594 0.09844320661102698 367
1694444846829 0.07533177855332143 368
1694444847114 0.0023837899200335475 369
1694444847369 0.6993071937227352 370
1694444847615 0.034684385052053276 371
1694444847899 0.021507583969629256 372
1694444848172 0.09189894826981353 373
1694444848437 0.0003219536347082173 374
1694444848698 0.04649647406541379 375
1694444848957 0.0003641706642603684 376
1694444849234 0.008949543579710471 377
1694444849504 0.10347117658062974 378
1694444849749 0.00030708336546717355 379
1694444849998 0.016011238687995435 380
1694444850266 0.0011018365044434615 381
1694444850531 0.052894783436875446 382
1694444850788 0.13226994394912314 383
1694444851037 0.0010000874696529393 384
1694444851300 0.0888823488096881 385
1694444851555 0.004475284486777851 386
1694444851804 0.0351276559690082 387
1694444852070 0.054824909422230346 388
1694444852317 0.021880944984555815 389
1694444852569 0.08728350425101239 390
1694444852815 0.00952132004733924 391
1694444853063 0.01950255793464386 392
1694444853323 0.11761182247730208 393
1694444853595 0.38594163372580736 394
1694444853885 0.0001554033748723961 395
1694444854133 0.01840424866924294 396
1694444854437 0.030807808576807427 397
1694444854701 0.011671736624793993 398
1694444854980 0.017261187456662795 399
1694444855236 0.19767194017240283 400
1694444855501 0.11190232760888656 401
1694444855760 0.14260316965121375 402
1694444856009 0.0014826708669923561 403
1694444856267 0.005048311348544687 404
1694444856543 0.02340400480856926 405
1694444856819 0.23663566004697648 406
1694444857074 0.007778119182580305 407
1694444857342 0.02239705953498831 408
1694444857596 0.0010523155136849009 409
1694444857863 0.008023657603856765 410
1694444858116 0.10169020567728713 411
1694444858372 0.000996134650898812 412
1694444858623 0.05816072342934036 413
1694444858885 0.16718545262905207 414
1694444859153 0.14787128121488302 415
1694444859442 0.07877155512344132 416
1694444859698 0.14703066766456166 417
1694444859997 0.001285171709867347 418
1694444860281 0.34585207608290286 419
1694444860548 6.359517587635215e-06 420
1694444860839 0.02809022792179234 421
1694444861100 0.006468940097600085 422
1694444861372 0.005963071626088535 423
1694444861685 0.005166708230722361 424
1694444861956 0.09967868696983168 425
1694444862368 0.18255983303409035 426
1694444862659 0.2529265958319046 427
1694444862912 0.9504630256707964 428
1694444863172 0.023812234965200376 429
1694444863444 0.004755582954113509 430
1694444863699 0.05098227981416858 431
1694444863952 0.12914867849300674 432
1694444864193 0.11050161065333028 433
1694444864449 0.009857467711317272 434
1694444864720 0.004356134818071559 435
1694444864963 0.011549020486395662 436
1694444865196 0.028431194051272857 437
1694444865478 0.0005669428489179063 438
1694444865752 0.19176596828276182 439
1694444866009 0.019176000841540013 440
1694444866236 0.1505158689342184 441
1694444866497 0.09152962557191138 442
1694444866752 0.037008110812655835 443
1694444867008 0.030806619785571088 444
1694444867260 0.0008376050553150429 445
1694444867521 0.012012581737501356 446
1694444867789 0.6628658771509333 447
1694444868044 0.5121576632310593 448
1694444868299 0.8391327524705073 449
1694444868550 0.10842372829589693 450
1694444868826 0.0883437136129124 451
1694444869092 0.09753047907979183 452
1694444869369 0.1436598778006973 453
1694444869618 0.15718486810113372 454
1694444869870 0.12356626620659045 455
1694444870119 0.004817756359213429 456
1694444870385 0.10629672266919112 457
1694444870638 0.21072549551608877 458
1694444870900 0.02344572626035392 459
1694444871166 0.17661240401746583 460
1694444871438 3.687991991577065e-05 461
1694444871698 0.0219835908779534 462
1694444871951 0.03750398838838757 463
1694444872180 0.019432250665528217 464
1694444872465 0.024213901666058992 465
1694444872710 0.23698520323156183 466
1694444872979 0.02487649809546128 467
1694444873225 0.036785914262989466 468
1694444873460 0.17284529906923 469
1694444873691 0.12785409220503968 470
1694444873928 0.13053163302504567 471
1694444874175 0.014050872152471144 472
1694444874409 0.30388354585557054 473
1694444874663 0.030456791506879386 474
1694444874937 0.004569987070860355 475
1694444875167 0.2568402691867435 476
1694444875406 0.012857888625551959 477
1694444875630 0.6343099159901948 478
1694444875865 0.03597029580698896 479
1694444876108 0.0026947600044871897 480
1694444876367 0.039534593993639136 481
1694444876626 0.26120552188893703 482
1694444876876 0.010638337342188936 483
1694444877126 0.07469419807994174 484
1694444877395 0.024705653094430343 485
1694444877648 0.004800222314875513 486
1694444877925 0.012110982616223584 487
1694444878187 0.0029875463984067596 488
1694444878450 0.00024651622873843543 489
1694444878713 0.13058367969691947 490
1694444878964 0.10718352836179185 491
1694444879235 0.23769961507830673 492
1694444879491 0.02430775232693177 493
1694444879747 0.010207998704709474 494
1694444879979 0.21457144519846083 495
1694444880263 1.270272472333105e-05 496
1694444880517 0.03595982109514448 497
1694444880771 0.1151531861546088 498
1694444881019 0.12305980907984922 499
