1694439537722 0.0 0
1694439537992 0.0 1
1694439538283 0.0 2
1694439538597 0.0 3
1694439538900 0.0 4
1694439539186 0.0 5
1694439539462 0.0 6
1694439539733 0.0 7
1694439540001 0.0 8
1694439540285 0.0 9
1694439540566 0.0 10
1694439540819 0.0 11
1694439541089 0.0 12
1694439541335 0.0 13
1694439541592 0.0 14
1694439541843 0.0 15
1694439542103 0.0 16
1694439542387 0.0 17
1694439542654 0.0 18
1694439542904 0.0 19
1694439543168 0.0 20
1694439543438 0.0 21
1694439543701 0.0 22
1694439543960 0.0 23
1694439544227 0.0 24
1694439544472 0.0 25
1694439544744 0.0 26
1694439545016 0.0 27
1694439545290 0.0 28
1694439545560 0.0 29
1694439545852 0.0 30
1694439546106 0.0 31
1694439546385 0.0 32
1694439546693 0.0 33
1694439546947 0.0 34
1694439547207 0.0 35
1694439547485 0.0 36
1694439547745 0.0 37
1694439547997 0.0 38
1694439548251 0.0 39
1694439548487 0.0 40
1694439548731 0.0 41
1694439548971 0.0 42
1694439549200 0.0 43
1694439549468 0.0 44
1694439549692 0.0 45
1694439549925 0.0 46
1694439550163 0.0 47
1694439550416 0.0 48
1694439550667 0.0 49
1694439550922 0.0 50
1694439551165 0.0 51
1694439551417 0.0 52
1694439551655 0.0 53
1694439551893 0.0 54
1694439552136 0.0 55
1694439552368 0.0 56
1694439552594 0.0 57
1694439552821 0.0 58
1694439553043 0.0 59
1694439553297 0.0 60
1694439553541 0.0 61
1694439553773 0.0 62
1694439554016 0.0 63
1694439554264 0.0 64
1694439554519 0.0 65
1694439554776 0.0 66
1694439555034 0.0 67
1694439555301 0.0 68
1694439555566 0.0 69
1694439555848 0.0 70
1694439556103 0.0 71
1694439556389 0.0 72
1694439556671 0.0 73
1694439556952 0.0 74
1694439557203 0.0 75
1694439557466 0.0 76
1694439557729 0.0 77
1694439557982 0.0 78
1694439558253 0.0 79
1694439558524 0.0 80
1694439558775 0.0 81
1694439559032 0.0 82
1694439559299 0.0 83
1694439559550 0.0 84
1694439559802 0.0 85
1694439560028 0.0 86
1694439560289 0.0 87
1694439560560 0.0 88
1694439560817 0.0 89
1694439561062 0.0 90
1694439561352 0.0 91
1694439561597 0.0 92
1694439561864 0.0 93
1694439562142 0.0 94
1694439562410 0.0 95
1694439562683 0.0 96
1694439562946 0.0 97
1694439563202 0.0 98
1694439563459 0.0 99
1694439563707 0.0 100
1694439563990 0.0 101
1694439564263 0.0 102
1694439564528 0.0 103
1694439564792 0.0 104
1694439565062 0.0 105
1694439565331 0.0 106
1694439565607 0.0 107
1694439565877 0.0 108
1694439566157 0.0 109
1694439566429 0.0 110
1694439566709 0.0 111
1694439566969 0.0 112
1694439567227 0.0 113
1694439567502 0.0 114
1694439567754 0.0 115
1694439568017 0.0 116
1694439568279 0.0 117
1694439568520 0.0 118
1694439568767 0.0 119
1694439569019 0.0 120
1694439569271 0.0 121
1694439569510 0.0 122
1694439569758 0.0 123
1694439569996 0.0 124
1694439570251 0.0 125
1694439570494 0.0 126
1694439570750 0.0 127
1694439571012 0.0 128
1694439571281 0.0 129
1694439571548 0.0 130
1694439571788 0.0 131
1694439572036 0.0 132
1694439572282 0.0 133
1694439572537 0.0 134
1694439572784 0.0 135
1694439573028 0.0 136
1694439573252 0.0 137
1694439573518 0.0 138
1694439573766 0.0 139
1694439574016 0.0 140
1694439574278 0.0 141
1694439574542 0.0 142
1694439574789 0.0 143
1694439575035 0.0 144
1694439575273 0.0 145
1694439575536 0.0 146
1694439575778 0.0 147
1694439576050 0.0 148
1694439576308 0.0 149
1694439576564 0.0 150
1694439576831 0.0 151
1694439577081 0.0 152
1694439577337 0.0 153
1694439577580 0.0 154
1694439577840 0.0 155
1694439578078 0.0 156
1694439578336 0.0 157
1694439578587 0.0 158
1694439578829 0.0 159
1694439579067 0.0 160
1694439579336 0.0 161
1694439579599 0.0 162
1694439579849 0.0 163
1694439580113 0.0 164
1694439580375 0.0 165
1694439580611 0.0 166
1694439580857 0.0 167
1694439581108 0.0 168
1694439581353 0.0 169
1694439581613 0.0 170
1694439581874 0.0 171
1694439582138 0.0 172
1694439582401 0.0 173
1694439582665 0.0 174
1694439582930 0.0 175
1694439583191 0.0 176
1694439583460 0.0 177
1694439583721 0.0 178
1694439583984 0.0 179
1694439584234 0.0 180
1694439584493 0.0 181
1694439584742 0.0 182
1694439584996 0.0 183
1694439585250 0.0 184
1694439585496 0.0 185
1694439585765 0.0 186
1694439586036 0.0 187
1694439586314 0.0 188
1694439586565 0.0 189
1694439586816 0.0 190
1694439587066 0.0 191
1694439587327 0.0 192
1694439587585 0.0 193
1694439587828 0.0 194
1694439588069 0.0 195
1694439588322 0.0 196
1694439588574 0.0 197
1694439588843 0.0 198
1694439589130 0.0 199
1694439589371 0.0 200
1694439589674 0.0 201
1694439589924 0.0 202
1694439590207 0.0 203
1694439590455 0.0 204
1694439590710 0.0 205
1694439590975 0.0 206
1694439591240 0.0 207
1694439591497 0.0 208
1694439591747 0.0 209
1694439591986 0.0 210
1694439592268 0.0 211
1694439592517 0.0 212
1694439592765 0.0 213
1694439593046 0.0 214
1694439593319 0.0 215
1694439593585 0.0 216
1694439593826 0.0 217
1694439594083 0.0 218
1694439594339 0.0 219
1694439594609 0.0 220
1694439594857 0.0 221
1694439595117 0.0 222
1694439595404 0.0 223
1694439595688 0.0 224
1694439595943 0.0 225
1694439596213 0.0 226
1694439596480 0.0 227
1694439596732 0.0 228
1694439596997 0.0 229
1694439597240 0.0 230
1694439597513 0.0 231
1694439597789 0.0 232
1694439598034 0.0 233
1694439598308 0.0 234
1694439598570 0.0 235
1694439598818 0.0 236
1694439599113 0.0 237
1694439599400 0.0 238
1694439599672 0.0 239
1694439599928 0.0 240
1694439600192 0.0 241
1694439600457 0.0 242
1694439600719 0.0 243
1694439600978 0.0 244
1694439601236 0.0 245
1694439601488 0.0 246
1694439601750 0.0 247
1694439602007 0.0 248
1694439602271 0.0 249
1694439602540 0.0 250
1694439602807 0.0 251
1694439603083 0.0 252
1694439603347 0.0 253
1694439603616 0.0 254
1694439603887 0.0 255
1694439604149 0.0 256
1694439604418 0.0 257
1694439604673 0.0 258
1694439604939 0.0 259
1694439605206 0.0 260
1694439605466 0.0 261
1694439605711 0.0 262
1694439605956 0.0 263
1694439606227 0.0 264
1694439606505 0.0 265
1694439606765 0.0 266
1694439607037 0.0 267
1694439607320 0.0 268
1694439607573 0.0 269
1694439607828 0.0 270
1694439608090 0.0 271
1694439608375 0.0 272
1694439608640 0.0 273
1694439608889 0.0 274
1694439609124 0.0 275
1694439609395 0.0 276
1694439609668 0.0 277
1694439609943 0.0 278
1694439610222 0.0 279
1694439610473 0.0 280
1694439610731 0.0 281
1694439610981 0.0 282
1694439611240 0.0 283
1694439611506 0.0 284
1694439611770 0.0 285
1694439612031 0.0 286
1694439612284 0.0 287
1694439612557 0.0 288
1694439612813 0.0 289
1694439613068 0.0 290
1694439613327 0.0 291
1694439613580 0.0 292
1694439613831 0.0 293
1694439614080 0.0 294
1694439614334 0.0 295
1694439614594 0.0 296
1694439614844 0.0 297
1694439615090 0.0 298
1694439615362 0.0 299
1694439615620 0.0 300
1694439615873 0.0 301
1694439616112 0.0 302
1694439616378 0.0 303
1694439616656 0.0 304
1694439616924 0.0 305
1694439617185 0.0 306
1694439617456 0.0 307
1694439617704 0.0 308
1694439617970 0.0 309
1694439618247 0.0 310
1694439618511 0.0 311
1694439618769 0.0 312
1694439619037 0.0 313
1694439619295 0.0 314
1694439619551 0.0 315
1694439619820 0.0 316
1694439620070 0.0 317
1694439620324 0.0 318
1694439620588 0.0 319
1694439620854 0.0 320
1694439621128 0.0 321
1694439621394 0.0 322
1694439621656 0.0 323
1694439621927 0.0 324
1694439622194 0.0 325
1694439622460 0.0 326
1694439622720 0.0 327
1694439622988 0.0 328
1694439623266 0.0 329
1694439623540 0.0 330
1694439623800 0.0 331
1694439624073 0.0 332
1694439624329 0.0 333
1694439624625 0.0 334
1694439624887 0.0 335
1694439625138 0.0 336
1694439625415 0.0 337
1694439625692 0.0 338
1694439625961 0.0 339
1694439626215 0.0 340
1694439626477 0.0 341
1694439626769 0.0 342
1694439627024 0.0 343
1694439627279 0.0 344
1694439627561 0.0 345
1694439627818 0.0 346
1694439628086 0.0 347
1694439628388 0.0 348
1694439628651 0.0 349
1694439628913 0.0 350
1694439629180 0.0 351
1694439629449 0.0 352
1694439629706 0.0 353
1694439629949 0.0 354
1694439630219 0.0 355
1694439630476 0.0 356
1694439630735 0.0 357
1694439630983 0.0 358
1694439631247 0.0 359
1694439631538 0.0 360
1694439631799 0.0 361
1694439632050 0.0 362
1694439632330 0.0 363
1694439632583 0.0 364
1694439632838 0.0 365
1694439633102 0.0 366
1694439633369 0.0 367
1694439633626 0.0 368
1694439633878 0.0 369
1694439634141 0.0 370
1694439634422 0.0 371
1694439634682 0.0 372
1694439634946 0.0 373
1694439635206 0.0 374
1694439635471 0.0 375
1694439635721 0.0 376
1694439635987 0.0 377
1694439636236 0.0 378
1694439636521 0.0 379
1694439636822 0.0 380
1694439637089 0.0 381
1694439637344 0.0 382
1694439637592 0.0 383
1694439637851 0.0 384
1694439638115 0.0 385
1694439638413 0.0 386
1694439638675 0.0 387
1694439638930 0.0 388
1694439639202 0.0 389
1694439639484 0.0 390
1694439639746 0.0 391
1694439639991 0.0 392
1694439640271 0.0 393
1694439640524 0.0 394
1694439640785 0.0 395
1694439641046 0.0 396
1694439641307 0.0 397
1694439641571 0.0 398
1694439641822 0.0 399
1694439642085 0.0 400
1694439642350 0.0 401
1694439642616 0.0 402
1694439642870 0.0 403
1694439643134 0.0 404
1694439643388 0.0 405
1694439643655 0.0 406
1694439643910 0.0 407
1694439644184 0.0 408
1694439644428 0.0 409
1694439644699 0.0 410
1694439644949 0.0 411
1694439645204 0.0 412
1694439645469 0.0 413
1694439645720 0.0 414
1694439645969 0.0 415
1694439646219 0.0 416
1694439646472 0.0 417
1694439646744 0.0 418
1694439647009 0.0 419
1694439647275 0.0 420
1694439647546 0.0 421
1694439647824 0.0 422
1694439648101 0.0 423
1694439648371 0.0 424
1694439648647 0.0 425
1694439648901 0.0 426
1694439649155 0.0 427
1694439649413 0.0 428
1694439649659 0.0 429
1694439649909 0.0 430
1694439650152 0.0 431
1694439650420 0.0 432
1694439650668 0.0 433
1694439650948 0.0 434
1694439651235 0.0 435
1694439651517 0.0 436
1694439651773 0.0 437
1694439652041 0.0 438
1694439652310 0.0 439
1694439652580 0.0 440
1694439652843 0.0 441
1694439653114 0.0 442
1694439653372 0.0 443
1694439653629 0.0 444
1694439653892 0.0 445
1694439654154 0.0 446
1694439654424 0.0 447
1694439654686 0.0 448
1694439654963 0.0 449
1694439655246 0.0 450
1694439655604 0.0 451
1694439655885 0.0 452
1694439656175 0.0 453
1694439656438 0.0 454
1694439656706 0.0 455
1694439656995 0.0 456
1694439657267 0.0 457
1694439657525 0.0 458
1694439657807 0.0 459
1694439658067 0.0 460
1694439658316 0.0 461
1694439658642 0.0 462
1694439658931 0.0 463
1694439659200 0.0 464
1694439659475 0.0 465
1694439659740 0.0 466
1694439660022 0.0 467
1694439660293 0.0 468
1694439660553 0.0 469
1694439660815 0.0 470
1694439661072 0.0 471
1694439661339 0.0 472
1694439661595 0.0 473
1694439661856 0.0 474
1694439662112 0.0 475
1694439662389 0.0 476
1694439662636 0.0 477
1694439662898 0.0 478
1694439663158 0.0 479
1694439663429 0.0 480
1694439663696 0.0 481
1694439663975 0.0 482
1694439664240 0.0 483
1694439664503 0.0 484
1694439664768 0.0 485
1694439665021 0.0 486
1694439665261 0.0 487
1694439665520 0.0 488
1694439665788 0.0 489
1694439666040 0.0 490
1694439666304 0.0 491
1694439666593 0.0 492
1694439666862 0.0 493
1694439667132 0.0 494
1694439667396 0.0 495
1694439667653 0.0 496
1694439667915 0.0 497
1694439668177 0.0 498
1694439668442 0.0 499
