1694436621761 -0.002267582910937538 0
1694436621799 -0.0028531899103878544 1
1694436621833 -0.002281181880445571 2
1694436621865 -0.0028708803804631255 3
1694436621897 -0.002430443369848545 4
1694436621933 -0.0018996149361798498 5
1694436621967 -0.0020560286975741526 6
1694436622018 -0.0016856157874169941 7
1694436622060 -0.0007188413010763561 8
1694436622099 -0.0006919465684145365 9
1694436622166 -0.00044428296664711375 10
1694436622205 -0.0009041306009152095 11
1694436622244 0.0002646714649837678 12
1694436622279 0.0009586917633104264 13
1694436622313 0.0011687815957904801 14
1694436622350 0.0018093456572966238 15
1694436622384 0.0024090560509681946 16
1694436622417 0.002196739870126807 17
1694436622460 0.003501289186473744 18
1694436622496 0.004423511991454077 19
1694436622528 0.004337955745364552 20
1694436622558 0.0047041133725020945 21
1694436622589 0.005906102250271772 22
1694436622617 0.007153914230840885 23
1694436622651 0.005526655882173714 24
1694436622690 0.008678164701922397 25
1694436622718 0.008630062354874402 26
1694436622751 0.009924772654649416 27
1694436622786 0.010555095115844071 28
1694436622820 0.011979754817809996 29
1694436622855 0.012881864116475517 30
1694436622891 0.013980705046676145 31
1694436622925 0.013872642010019587 32
1694436622962 0.015057372305392835 33
1694436623003 0.017332628392802363 34
1694436623036 0.019037464552568717 35
1694436623068 0.01871720391321363 36
1694436623106 0.018595851876866076 37
1694436623153 0.021093587087511967 38
1694436623194 0.017869192196773187 39
1694436623233 0.024309719098688953 40
1694436623274 0.024719145477281823 41
1694436623317 0.024164465633281007 42
1694436623360 0.023462322288441584 43
1694436623396 0.030276327077331633 44
1694436623427 0.02714829684663811 45
1694436623458 0.03158725935495621 46
1694436623491 0.028525665925684285 47
1694436623520 0.03502495449643983 48
1694436623550 0.030212785043335466 49
1694436623582 0.03610009399735892 50
1694436623617 0.029324828176425233 51
1694436623647 0.03466880834554675 52
1694436623686 0.03957347555122559 53
1694436623719 0.03883464783406809 54
1694436623751 0.0436723816254555 55
1694436623784 0.036879224816274814 56
1694436623816 0.038398082972871395 57
1694436623850 0.04407393245266744 58
1694436623883 0.0409577913950121 59
1694436623918 0.04172475453876512 60
1694436623950 0.04001376053342254 61
1694436623985 0.04920143066859739 62
1694436624018 0.04076411008164049 63
1694436624051 0.050750408978208594 64
1694436624081 0.04452490508268181 65
1694436624111 0.04823467733028641 66
1694436624142 0.05254046560030434 67
1694436624176 0.04203262976901678 68
1694436624202 0.05102469023281919 69
1694436624235 0.04267823188006714 70
1694436624271 0.05256937638144088 71
1694436624309 0.05701787944004888 72
1694436624343 0.05409064240491246 73
1694436624379 0.049184435178008856 74
1694436624418 0.051335351410550456 75
1694436624465 0.05073476480179451 76
1694436624503 0.06483251378809352 77
1694436624546 0.053384664737289755 78
1694436624593 0.055087980881536325 79
1694436624636 0.05933307194633308 80
1694436624678 0.047058750335323696 81
1694436624731 0.053376721990536335 82
1694436624785 0.0617735674075609 83
1694436624830 0.05754484116689029 84
1694436624879 0.060634874901135505 85
1694436624923 0.06435204831039298 86
1694436624965 0.06277061076902402 87
1694436625005 0.0571748920038212 88
1694436625055 0.05643304719845221 89
1694436625108 0.0634427461464393 90
1694436625156 0.0586081599658288 91
1694436625195 0.05953399484964461 92
1694436625231 0.06473652891564996 93
1694436625270 0.0571085637112132 94
1694436625309 0.05936200037363437 95
1694436625347 0.057156965127269976 96
1694436625388 0.05840138420837315 97
1694436625421 0.06443992847327429 98
1694436625453 0.05942502119506332 99
1694436625488 0.06126245059671531 100
1694436625522 0.06452449206975552 101
1694436625558 0.06723649517339092 102
1694436625591 0.06139009970527687 103
1694436625627 0.06866136075009832 104
1694436625680 0.06615228547033447 105
1694436625741 0.06753493940839506 106
1694436625807 0.0707038077273151 107
1694436625856 0.06135573246369819 108
1694436625911 0.06758401883918341 109
1694436625964 0.0665155491984224 110
1694436626023 0.06706956156176258 111
1694436626079 0.0614780371483592 112
1694436626119 0.06525765758784152 113
1694436626156 0.05716371458022218 114
1694436626192 0.06375668334762508 115
1694436626226 0.06871852399926315 116
1694436626260 0.05684542306042728 117
1694436626291 0.05959767446213071 118
1694436626318 0.06187239334837402 119
1694436626349 0.06973442792992646 120
1694436626381 0.06332861685665792 121
1694436626410 0.06830538365049277 122
1694436626442 0.06333455806162125 123
1694436626478 0.07184314643910561 124
1694436626517 0.06255883559207553 125
1694436626550 0.07188867999118587 126
1694436626584 0.05831765637656028 127
1694436626616 0.06665649502464754 128
1694436626649 0.05936294379662688 129
1694436626683 0.07985856457311802 130
1694436626713 0.0613422438521537 131
1694436626743 0.07105593424702905 132
1694436626773 0.05461414622737115 133
1694436626800 0.0670636471578544 134
1694436626828 0.06857555144417438 135
1694436626858 0.07369403379009276 136
1694436626887 0.06808377804539434 137
1694436626916 0.06494598295881948 138
1694436626945 0.07258254591025448 139
1694436626975 0.07578986373628593 140
1694436627007 0.06536000693141664 141
1694436627039 0.06722490480591514 142
1694436627076 0.05980221619781301 143
1694436627109 0.07370416530541424 144
1694436627151 0.08044464729342005 145
1694436627188 0.06562769999343465 146
1694436627225 0.07260786056655888 147
1694436627261 0.06352063516463613 148
1694436627293 0.0651779472329872 149
1694436627326 0.0633837615191698 150
1694436627360 0.07156512810797888 151
1694436627393 0.05517105913774023 152
1694436627429 0.06716383104644652 153
1694436627470 0.06933984995439957 154
1694436627514 0.07736452801317428 155
1694436627555 0.07203649623166297 156
1694436627601 0.06353343109160214 157
1694436627639 0.0683930133302807 158
1694436627684 0.07199653597026434 159
1694436627722 0.06693264744751459 160
1694436627764 0.06038992236920948 161
1694436627796 0.06872754016607618 162
1694436627826 0.07075134049258569 163
1694436627856 0.07002630538379861 164
1694436627890 0.06563366562448103 165
1694436627919 0.07202337472619946 166
1694436627951 0.06987476054911668 167
1694436627982 0.0641436013015706 168
1694436628016 0.06775964748021845 169
1694436628056 0.06730792797668572 170
1694436628096 0.06371225900788824 171
1694436628136 0.06974745674705751 172
1694436628181 0.06962830977748613 173
1694436628225 0.07204415324869284 174
1694436628283 0.05982673274199657 175
1694436628372 0.06499073951809076 176
1694436628438 0.0719783761142131 177
1694436628488 0.07039389917614802 178
1694436628532 0.067437774326076 179
1694436628570 0.06762902555727435 180
1694436628607 0.06455735557019271 181
1694436628643 0.06983561756925682 182
1694436628679 0.06759102251992366 183
1694436628715 0.06842077279420244 184
1694436628752 0.06113066504924125 185
1694436628786 0.06762511689291584 186
1694436628819 0.062174605997142085 187
1694436628853 0.0620037996104813 188
1694436628885 0.07050485169310938 189
1694436628918 0.07177431945707025 190
1694436628950 0.07063838845119819 191
1694436628983 0.0662389777642981 192
1694436629018 0.06094651105523341 193
1694436629052 0.06865689447686796 194
1694436629082 0.06246051433395694 195
1694436629115 0.058571329724807386 196
1694436629149 0.07234479703622487 197
1694436629183 0.07583951703510494 198
1694436629222 0.059185897476433436 199
1694436629260 0.06274475616189501 200
1694436629300 0.0760170426529797 201
1694436629335 0.06374461729731129 202
1694436629370 0.0644682571732832 203
1694436629402 0.07028106535590473 204
1694436629435 0.0687425938120867 205
1694436629471 0.06845983753221307 206
1694436629502 0.06435669389659271 207
1694436629536 0.0646151841858067 208
