1694444565173 -0.002227885964694254 0
1694444565208 -0.0022257996696279925 1
1694444565253 -0.002223704897207801 2
1694444565295 -0.0022216016268528094 3
1694444565328 -0.0022194898379401806 4
1694444565366 -0.002217369509802669 5
1694444565422 -0.002215240621727732 6
1694444565473 -0.002213103152959306 7
1694444565509 -0.0022109570826973624 8
1694444565547 -0.002208802390096576 9
1694444565580 -0.00220663905426588 10
1694444565616 -0.0022044670542731293 11
1694444565653 -0.0022022863691371075 12
1694444565693 -0.0022000969778350754 13
1694444565728 -0.0021978988592974424 14
1694444565760 -0.002195691992410209 15
1694444565794 -0.002193476356014523 16
1694444565830 -0.002191251928905791 17
1694444565862 -0.002189018689833677 18
1694444565895 -0.0021867766175038827 19
1694444565930 -0.0021845256905757005 20
1694444565965 -0.002182265887662016 21
1694444565995 -0.0021799971873317503 22
1694444566027 -0.002177719568107195 23
1694444566063 -0.0021754330084649 24
1694444566100 -0.0021731374868345643 25
1694444566142 -0.0021708329816017002 26
1694444566185 -0.00216851947110408 27
1694444566217 -0.002166196933633735 28
1694444566254 -0.002163865347436511 29
1694444566286 -0.002161524690712291 30
1694444566318 -0.002159174941613662 31
1694444566357 -0.0021568160782465817 32
1694444566403 -0.002154448078670379 33
1694444566436 -0.002152070920898641 34
1694444566474 -0.0021496845828969935 35
1694444566508 -0.0021472890425842106 36
1694444566549 -0.0021448842778322152 37
1694444566584 -0.002142470266466079 38
1694444566619 -0.0021400469862629112 39
1694444566662 -0.0021376144149529708 40
1694444566703 -0.0021351725302192204 41
1694444566733 -0.002132721309695995 42
1694444566765 -0.002130260730971667 43
1694444566797 -0.00212779077158598 44
1694444566830 -0.002125311409030717 45
1694444566862 -0.002122822620749698 46
1694444566895 -0.0021203243841398933 47
1694444566927 -0.002117816676547646 48
1694444566960 -0.0021152994752740018 49
1694444566996 -0.0021127727575702693 50
1694444567031 -0.002110236500640017 51
1694444567063 -0.0021076906816364094 52
1694444567095 -0.0021051352776666477 53
1694444567127 -0.002102570265787529 54
1694444567159 -0.0020999956230083328 55
1694444567191 -0.0020974113262872685 56
1694444567224 -0.002094817352536804 57
1694444567265 -0.0020922136786176715 58
1694444567298 -0.0020896002813419745 59
1694444567334 -0.0020869771374738555 60
1694444567375 -0.0020843442237268306 61
1694444567411 -0.002081701516765122 62
1694444567444 -0.002079048993203436 63
1694444567475 -0.0020763866296076294 64
1694444567515 -0.002073714402492266 65
1694444567555 -0.0020710322883239485 66
1694444567592 -0.002068340263517543 67
1694444567644 -0.0020656383044386217 68
1694444567680 -0.002062926387403463 69
1694444567725 -0.002060204488676609 70
1694444567761 -0.0020574725844724195 71
1694444567794 -0.0020547306509564045 72
1694444567842 -0.0020519786642416715 73
1694444567881 -0.0020492166003920342 74
1694444567922 -0.002046444435419126 75
1694444567968 -0.0020436621452850634 76
1694444568011 -0.002040869705900672 77
1694444568051 -0.002038067093125484 78
1694444568086 -0.00203525428276774 79
1694444568124 -0.002032431250585054 80
1694444568172 -0.0020295979722824153 81
1694444568211 -0.002026754423515964 82
1694444568255 -0.0020239005798867726 83
1694444568293 -0.00202103641694662 84
1694444568327 -0.0020181619101955484 85
1694444568368 -0.0020152770350805316 86
1694444568402 -0.002012381766997251 87
1694444568443 -0.0020094760812896517 88
1694444568476 -0.00200655995324861 89
1694444568511 -0.002003633358113488 90
1694444568547 -0.002000696271071023 91
1694444568598 -0.00199774866725555 92
1694444568644 -0.0019947905217487794 93
1694444568684 -0.0019918218095795748 94
1694444568723 -0.0019888425057241754 95
1694444568768 -0.001985852585105752 96
1694444568812 -0.00198285202259485 97
1694444568865 -0.0019798407930087247 98
1694444568901 -0.001976818871111341 99
1694444568944 -0.0019737862316131505 100
1694444568985 -0.001970742849171536 101
1694444569014 -0.0019676886983903685 102
1694444569055 -0.001964623753820005 103
1694444569090 -0.0019615479899564026 104
1694444569121 -0.001958461381242005 105
1694444569166 -0.0019553639020659652 106
1694444569219 -0.0019522555267623698 107
1694444569278 -0.001949136229611792 108
1694444569338 -0.0019460059848404043 109
1694444569377 -0.0019428647666202004 110
1694444569422 -0.0019397125490678846 111
1694444569461 -0.0019365493062466488 112
1694444569505 -0.0019333750121643956 113
1694444569539 -0.0019301896407739605 114
1694444569590 -0.0019269931659742223 115
1694444569640 -0.0019237855616081045 116
1694444569689 -0.0019205668014639077 117
1694444569733 -0.0019173368592746431 118
1694444569777 -0.0019140957087175892 119
1694444569823 -0.001910843323415401 120
1694444569868 -0.0019075796769336684 121
1694444569901 -0.0019043047427844684 122
1694444569941 -0.0019010184944223685 123
1694444569986 -0.001897720905246647 124
1694444570026 -0.0018944119486004052 125
1694444570067 -0.0018910915977712328 126
1694444570102 -0.0018877598259894324 127
1694444570160 -0.0018844166064302392 128
1694444570204 -0.0018810619122116012 129
1694444570254 -0.001877695716394845 130
1694444570305 -0.0018743179919851194 131
1694444570344 -0.0018709287119313966 132
1694444570388 -0.0018675278491238068 133
1694444570429 -0.0018641153763969687 134
1694444570466 -0.0018606912665282138 135
1694444570516 -0.0018572554922375861 136
1694444570551 -0.001853808026188064 137
1694444570590 -0.0018503488409848945 138
1694444570627 -0.0018468779091749266 139
1694444570661 -0.0018433952032490541 140
1694444570692 -0.0018399006956391073 141
1694444570767 -0.0018363943587194065 142
1694444570835 -0.0018328761648069847 143
1694444570890 -0.0018293460861589228 144
1694444570939 -0.0018258040949759025 145
1694444570977 -0.0018222501633997634 146
1694444571016 -0.0018186842635130596 147
1694444571058 -0.0018151063673410572 148
1694444571099 -0.0018115164468495148 149
1694444571140 -0.001807914473945349 150
1694444571190 -0.0018043004204768565 151
1694444571228 -0.0018006742582334923 152
1694444571264 -0.0017970359589449814 153
1694444571295 -0.001793385494282429 154
1694444571342 -0.0017897228358567663 155
1694444571400 -0.0017860479552203046 156
1694444571440 -0.0017823608238651811 157
1694444571475 -0.0017786614132240253 158
1694444571507 -0.0017749496946692922 159
1694444571540 -0.0017712256395141512 160
1694444571573 -0.0017674892190113756 161
1694444571606 -0.001763740404352676 162
1694444571644 -0.001759979166670922 163
1694444571682 -0.0017562054770374758 164
1694444571718 -0.0017524193064641924 165
1694444571760 -0.0017486206259011983 166
1694444571800 -0.0017448094062382236 167
1694444571836 -0.0017409856183039363 168
1694444571870 -0.0017371492328663862 169
1694444571904 -0.001733300220632561 170
1694444571938 -0.0017294385522477196 171
1694444571972 -0.001725564198295615 172
1694444572001 -0.0017216771292991595 173
1694444572033 -0.0017177773157195375 174
1694444572070 -0.0017138647279555386 175
1694444572107 -0.001709939336344224 176
1694444572142 -0.0017060011111618145 177
1694444572175 -0.0017020500226208046 178
1694444572209 -0.0016980860408735143 179
1694444572242 -0.0016941091360074267 180
1694444572282 -0.0016901192780491847 181
1694444572325 -0.0016861164369625925 182
1694444572371 -0.0016821005826488378 183
1694444572405 -0.0016780716849460475 184
1694444572441 -0.001674029713629066 185
1694444572475 -0.0016699746384105651 186
1694444572509 -0.0016659064289388237 187
1694444572541 -0.0016618250548006142 188
1694444572575 -0.001657730485517206 189
1694444572606 -0.0016536226905479179 190
1694444572643 -0.001649501639287232 191
1694444572678 -0.0016453673010665693 192
1694444572712 -0.0016412196451531802 193
1694444572745 -0.0016370586407503662 194
1694444572779 -0.001632884256997258 195
1694444572812 -0.001628696462968371 196
1694444572853 -0.001624495227674272 197
1694444572894 -0.0016202805200604686 198
1694444572932 -0.0016160523090082979 199
1694444572966 -0.0016118105633333712 200
1694444572998 -0.0016075552517877956 201
1694444573028 -0.0016032863430579525 202
1694444573060 -0.0015990038057644984 203
1694444573093 -0.0015947076084636969 204
1694444573127 -0.001590397719645642 205
1694444573167 -0.001586074107735369 206
1694444573199 -0.0015817367410919658 207
1694444573233 -0.001577385588008573 208
1694444573267 -0.0015730206167134941 209
1694444573298 -0.0015686417953670873 210
1694444573330 -0.0015642490920653174 211
1694444573365 -0.0015598424748362039 212
1694444573400 -0.001555421911642707 213
1694444573435 -0.0015509873703807298 214
1694444573467 -0.0015465388188791174 215
1694444573498 -0.001542076224900768 216
1694444573528 -0.001537599556139968 217
1694444573561 -0.0015331087802261667 218
1694444573599 -0.0015286038647197575 219
1694444573637 -0.0015240847771142985 220
1694444573675 -0.0015195514848365121 221
1694444573714 -0.0015150039552447314 222
1694444573752 -0.0015104421556295655 223
1694444573788 -0.0015058660532145662 224
1694444573828 -0.0015012756151542295 225
1694444573866 -0.0014966708085357716 226
1694444573903 -0.0014920516003777973 227
1694444573940 -0.0014874179576302993 228
1694444573977 -0.0014827698471751027 229
1694444574011 -0.001478107235825199 230
1694444574046 -0.0014734300903251896 231
1694444574085 -0.001468738377349732 232
1694444574127 -0.0014640320635055382 233
1694444574186 -0.001459311115329598 234
1694444574221 -0.0014545754992896232 235
1694444574272 -0.001449825181784714 236
1694444574305 -0.0014450601291422505 237
1694444574353 -0.0014402803076221105 238
1694444574390 -0.001435485683413562 239
1694444574423 -0.0014306762226352632 240
1694444574457 -0.0014258518913370377 241
1694444574499 -0.0014210126554969893 242
1694444574536 -0.0014161584810234995 243
1694444574580 -0.0014112893337547838 244
1694444574619 -0.0014064051794582255 245
1694444574681 -0.0014015059838299315 246
1694444574715 -0.0013965917124956206 247
1694444574756 -0.0013916623310097354 248
1694444574791 -0.0013867178048554418 249
1694444574823 -0.001381758099444852 250
1694444574859 -0.0013767831801179131 251
1694444574895 -0.0013717930121437405 252
1694444574926 -0.0013667875607197288 253
1694444574968 -0.0013617667909704423 254
1694444575000 -0.0013567306679496127 255
1694444575032 -0.0013516791566376973 256
1694444575063 -0.001346612221943877 257
1694444575094 -0.0013415298287040578 258
1694444575126 -0.0013364319416822035 259
1694444575170 -0.001331318525569225 260
1694444575207 -0.0013261895449829808 261
1694444575259 -0.0013210449644691646 262
1694444575295 -0.0013158847484988634 263
1694444575325 -0.0013107088614714435 264
1694444575364 -0.0013055172677121085 265
1694444575397 -0.0013003099314723432 266
1694444575430 -0.0012950868169308016 267
1694444575467 -0.001289847888191309 268
1694444575504 -0.0012845931092841933 269
1694444575548 -0.0012793224441653983 270
1694444575584 -0.0012740358567173704 271
1694444575615 -0.001268733310746839 272
1694444575649 -0.0012634147699870368 273
1694444575686 -0.0012580801980968115 274
1694444575723 -0.0012527295586588494 275
1694444575758 -0.001247362815181896 276
1694444575799 -0.001241979931099424 277
1694444575829 -0.0012365808697696323 278
1694444575859 -0.0012311655944747812 279
1694444575891 -0.0012257340684227458 280
1694444575922 -0.0012202862547443516 281
1694444575962 -0.0012148221164955952 282
1694444576002 -0.001209341616656534 283
1694444576041 -0.00120384471813062 284
1694444576082 -0.0011983313837444776 285
1694444576111 -0.0011928015762499022 286
1694444576150 -0.0011872552583207518 287
1694444576189 -0.001181692392555167 288
1694444576219 -0.0011761129414737947 289
1694444576260 -0.0011705168675204547 290
1694444576299 -0.001164904133062139 291
1694444576338 -0.0011592747003879023 292
1694444576382 -0.0011536285317104156 293
1694444576414 -0.0011479655891637464 294
1694444576449 -0.0011422858348044684 295
1694444576488 -0.0011365892306123282 296
1694444576516 -0.0011308757384864698 297
1694444576552 -0.0011251453202514305 298
1694444576590 -0.0011193979376511454 299
1694444576622 -0.0011136335523511676 300
1694444576669 -0.0011078521259395568 301
1694444576702 -0.0011020536199235487 302
1694444576742 -0.0010962379957344393 303
1694444576774 -0.0010904052147220344 304
1694444576811 -0.0010845552381577583 305
1694444576847 -0.0010786880272344312 306
1694444576875 -0.0010728035430638272 307
1694444576907 -0.0010669017466793385 308
1694444576945 -0.0010609825990341992 309
1694444576976 -0.0010550460610012635 310
1694444577006 -0.0010490920933734493 311
1694444577050 -0.0010431206568646267 312
1694444577079 -0.0010371317121065093 313
1694444577111 -0.0010311252196513188 314
1694444577149 -0.0010251011399695642 315
1694444577178 -0.0010190594334520409 316
1694444577211 -0.0010130000604076095 317
1694444577243 -0.0010069229810651947 318
1694444577276 -0.0010008281555715648 319
1694444577308 -0.0009947155439913313 320
1694444577351 -0.000988585106308948 321
1694444577402 -0.0009824368024264896 322
1694444577452 -0.0009762705921632087 323
1694444577484 -0.0009700864352573113 324
1694444577518 -0.000963884291364403 325
1694444577550 -0.0009576641200583769 326
1694444577578 -0.0009514258808294151 327
1694444577620 -0.0009451695330859877 328
1694444577660 -0.0009388950361528536 329
1694444577700 -0.0009326023492721713 330
1694444577736 -0.0009262914316037207 331
1694444577774 -0.0009199622422220166 332
1694444577814 -0.0009136147401200834 333
1694444577855 -0.0009072488842061244 334
1694444577891 -0.0009008646333050763 335
1694444577924 -0.0008944619461577208 336
1694444577960 -0.0008880407814204627 337
1694444577992 -0.000881601097665552 338
1694444578025 -0.0008751428533817496 339
1694444578060 -0.0008686660069718855 340
1694444578093 -0.0008621705167548566 341
1694444578125 -0.0008556563409638507 342
1694444578178 -0.0008491234377485668 343
1694444578225 -0.0008425717651712183 344
1694444578265 -0.000836001281210752 345
1694444578302 -0.0008294119437595171 346
1694444578339 -0.0008228037106243757 347
1694444578373 -0.0008161765395258147 348
1694444578407 -0.0008095303880997218 349
1694444578444 -0.0008028652138940551 350
1694444578478 -0.0007961809743717296 351
1694444578519 -0.000789477626908619 352
1694444578562 -0.0007827551287937773 353
1694444578594 -0.0007760134372294392 354
1694444578629 -0.0007692525093314639 355
1694444578664 -0.0007624723021282254 356
1694444578694 -0.0007556727725603896 357
1694444578732 -0.0007488538774815812 358
1694444578767 -0.0007420155736570511 359
1694444578805 -0.0007351578177661189 360
1694444578841 -0.00072828056639751 361
1694444578872 -0.0007213837760546848 362
1694444578909 -0.0007144674031493992 363
1694444578946 -0.0007075314040090319 364
1694444578979 -0.0007005757348679253 365
1694444579019 -0.0006936003518756007 366
1694444579052 -0.0006866052110903187 367
1694444579086 -0.0006795902684817445 368
1694444579120 -0.0006725554799302813 369
1694444579168 -0.0006655008012266261 370
1694444579207 -0.0006584261880728803 371
1694444579241 -0.0006513315960801069 372
1694444579277 -0.000644216980769885 373
1694444579315 -0.0006370822975743096 374
1694444579349 -0.0006299275018337713 375
1694444579390 -0.000622752548799621 376
1694444579428 -0.0006155573936317271 377
1694444579467 -0.0006083419914002519 378
1694444579507 -0.000601106297081877 379
1694444579544 -0.0005938502655655764 380
1694444579581 -0.0005865738516463992 381
1694444579618 -0.0005792770100299105 382
1694444579668 -0.0005719596953279726 383
1694444579705 -0.0005646218620620758 384
1694444579743 -0.0005572634646613395 385
1694444579780 -0.0005498844574625128 386
1694444579820 -0.0005424847947108624 387
1694444579859 -0.0005350644305581742 388
1694444579896 -0.0005276233190638635 389
1694444579930 -0.0005201614141954192 390
1694444579966 -0.000512678669825517 391
1694444580003 -0.0005051750397351285 392
1694444580059 -0.0004976504776117441 393
1694444580102 -0.0004901049370489297 394
1694444580158 -0.0004825383715465481 395
1694444580196 -0.0004749507345112036 396
1694444580231 -0.00046734197925468735 397
1694444580272 -0.0004597120589950876 398
1694444580306 -0.0004520609268559017 399
1694444580340 -0.000444388535866036 400
1694444580377 -0.00043669483896024985 401
1694444580414 -0.0004289797889767133 402
1694444580449 -0.00042124333866122576 403
1694444580484 -0.00041348544066210913 404
1694444580519 -0.0004057060475333163 405
1694444580551 -0.0003979051117328769 406
1694444580580 -0.00039008258562245324 407
1694444580611 -0.0003822384214691166 408
1694444580647 -0.0003743725714433488 409
1694444580685 -0.0003664849876177101 410
1694444580722 -0.00035857562197061377 411
1694444580763 -0.00035064442638299553 412
1694444580792 -0.0003426913526383135 413
1694444580828 -0.0003347163524232144 414
1694444580861 -0.0003267193773279775 415
1694444580904 -0.00031870037884518254 416
1694444580943 -0.0003106593083688214 417
1694444580981 -0.0003025961171967406 418
1694444581021 -0.000294510756527977 419
1694444581058 -0.0002864031774629794 420
1694444581090 -0.00027827333100605145 421
1694444581123 -0.00027012116805980035 422
1694444581158 -0.00026194663943113206 423
1694444581193 -0.0002537496958268104 424
1694444581224 -0.0002455302878550114 425
1694444581261 -0.00023728836602376902 426
1694444581294 -0.00022902388074363955 427
1694444581328 -0.00022073678232414906 428
1694444581361 -0.0002124270209753476 429
1694444581395 -0.0002040945468075872 430
1694444581428 -0.00019573930983196597 431
1694444581473 -0.00018736125995721942 432
1694444581524 -0.0001789603469941614 433
1694444581563 -0.0001705365206510212 434
1694444581602 -0.00016208973053610798 435
1694444581653 -0.00015361992615692266 436
1694444581706 -0.00014512705691993588 437
1694444581740 -0.0001366110721281455 438
1694444581786 -0.00012807192098618359 439
1694444581826 -0.00011950955259498741 440
1694444581861 -0.00011092391595424189 441
1694444581910 -0.00010231495996104734 442
1694444581942 -9.368263341080763e-05 443
1694444581985 -8.502688499611999e-05 444
1694444582024 -7.634766330744114e-05 445
1694444582059 -6.764491683064477e-05 446
1694444582103 -5.8918593951018394e-05 447
1694444582143 -5.0168642949266484e-05 448
1694444582191 -4.139501200328688e-05 449
1694444582237 -3.259764918595032e-05 450
1694444582281 -2.3776502468431104e-05 451
1694444582325 -1.4931519716654407e-05 452
1694444582369 -6.0626486928505585e-06 453
1694444582415 2.830162945555159e-06 454
1694444582450 1.1746967644943318e-05 455
1694444582486 2.0687817956610566e-05 456
1694444582527 2.9652766538323938e-05 457
1694444582563 3.864186615010201e-05 458
1694444582600 4.765516965909988e-05 459
1694444582643 5.669273003783282e-05 460
1694444582690 6.575460036417624e-05 461
1694444582728 7.484083382169882e-05 462
1694444582769 8.395148370021754e-05 463
1694444582820 9.308660339601982e-05 464
1694444582854 0.0001022462464113083 465
1694444582891 0.00011143046635553322 466
1694444582932 0.00012063931694439312 467
1694444582972 0.0001298728520008341 468
1694444583016 0.00013913112545471673 469
1694444583055 0.00014841419134403733 470
1694444583108 0.00015772210381326257 471
1694444583153 0.000167054917115661 472
1694444583207 0.00017641268561241485 473
1694444583245 0.0001857954637720649 474
1694444583293 0.00019520330617206483 475
1694444583332 0.000204636267498004 476
1694444583366 0.00021409440254516188 477
1694444583414 0.00022357776621673153 478
1694444583448 0.00023308641352570714 479
1694444583486 0.00024262039959377368 480
1694444583523 0.00025217977965297234 481
1694444583559 0.00026176460904436816 482
1694444583618 0.00027137494321982647 483
1694444583681 0.00028101083773990343 484
1694444583720 0.0002906723482766216 485
1694444583770 0.0003003595306122486 486
1694444583828 0.00031007244063996353 487
1694444583871 0.0003198111343629684 488
1694444583921 0.0003295756678967088 489
1694444583959 0.0003393660974673196 490
1694444584004 0.00034918247941218006 491
1694444584045 0.0003590248701820231 492
1694444584077 0.0003688933263368277 493
1694444584136 0.00037878790455059264 494
1694444584178 0.0003887086616086721 495
1694444584239 0.0003986556544101072 496
1694444584289 0.0004086289399660714 497
1694444584355 0.00041862857539975984 498
1694444584398 0.00042865461794805437 499
