1694444334935 162.4679270483137 0
1694444334972 162.79633386895028 1
1694444335008 162.00877762302184 2
1694444335042 163.26206950270782 3
1694444335073 160.31482675296482 4
1694444335106 160.54734066159517 5
1694444335141 161.8642350273381 6
1694444335177 161.38624065603548 7
1694444335221 161.87553340003404 8
1694444335255 161.76794226519334 9
1694444335287 160.89391588906705 10
1694444335323 160.4817900603635 11
1694444335363 161.20806414652566 12
1694444335401 162.16603028982573 13
1694444335438 160.4526717915708 14
1694444335471 159.51059129591735 15
1694444335504 161.33282463354982 16
1694444335538 161.53626976999985 17
1694444335572 161.35133526967363 18
1694444335605 159.93952397383384 19
1694444335637 159.76480873292502 20
1694444335672 160.95271973483372 21
1694444335705 162.10673386037598 22
1694444335739 160.32274265724112 23
1694444335770 159.7131088491361 24
1694444335802 159.73201940444446 25
1694444335833 158.72914014513904 26
1694444335868 159.73827473671554 27
1694444335905 159.26073759098188 28
1694444335945 159.52619262785745 29
1694444335984 159.6903079682353 30
1694444336019 157.64318904506675 31
1694444336051 158.1259414573782 32
1694444336085 157.08754396923865 33
1694444336120 158.13609403048173 34
1694444336152 157.0593731882144 35
1694444336190 158.42461923243272 36
1694444336224 158.05613326594417 37
1694444336255 157.26537628895449 38
1694444336291 157.93977499784725 39
1694444336322 157.37943680452202 40
1694444336354 157.89546490530932 41
1694444336386 157.22044633302286 42
1694444336417 157.3888166740611 43
1694444336448 157.5100761389002 44
1694444336479 156.96177985034274 45
1694444336512 156.1707196335192 46
1694444336542 157.95749601884793 47
1694444336573 156.3416416041 48
1694444336606 156.6368160843517 49
1694444336636 157.6704655362455 50
1694444336670 156.9916517288698 51
1694444336703 156.37208801245248 52
1694444336736 156.76399363874617 53
1694444336770 156.39509249050252 54
1694444336800 155.8830750638238 55
1694444336833 158.10397709752849 56
1694444336867 155.06928289607418 57
1694444336899 154.85828019212417 58
1694444336930 156.76467468645944 59
1694444336961 155.39938355030802 60
1694444336993 154.86765770152158 61
1694444337026 154.99389819422262 62
1694444337057 155.01965754374098 63
1694444337092 153.59182555512956 64
1694444337124 154.27218367092672 65
1694444337159 153.99650810679938 66
1694444337192 154.4816984675336 67
1694444337223 153.51280740301422 68
1694444337255 154.37258580111782 69
1694444337285 154.58708889414154 70
1694444337317 153.09229725086797 71
1694444337348 153.77961054563738 72
1694444337381 153.9391042199106 73
1694444337414 153.64161520860267 74
1694444337444 153.0162007417203 75
1694444337476 152.66065021703238 76
1694444337506 154.22163217825127 77
1694444337539 151.24036207483834 78
1694444337570 151.850436967641 79
1694444337602 152.90685812931375 80
1694444337633 152.9499406963589 81
1694444337665 153.49977854238992 82
1694444337698 152.41833355667674 83
1694444337731 151.0097081317301 84
1694444337763 151.51913053842293 85
1694444337795 152.57289486894814 86
1694444337827 153.0609656768172 87
1694444337860 153.20526170526736 88
1694444337890 152.28137730961262 89
1694444337923 150.583711738791 90
1694444337953 152.47774581258827 91
1694444337986 151.28311617319184 92
1694444338019 151.38600242695622 93
1694444338050 151.67903199159417 94
1694444338081 151.11360833641135 95
1694444338114 152.49685852980943 96
1694444338146 150.75049044262377 97
1694444338178 150.84719903000754 98
1694444338210 151.31089413818438 99
1694444338241 150.01300124085654 100
1694444338272 151.44576578744127 101
1694444338304 149.16168477246902 102
1694444338335 149.38519156437138 103
1694444338368 150.4269796965423 104
1694444338401 149.42271305170567 105
1694444338436 150.49091228932002 106
1694444338470 148.87186263183114 107
1694444338502 148.8308707092871 108
1694444338533 147.61031300108522 109
1694444338566 150.09968903810264 110
1694444338596 147.64154788267376 111
1694444338629 147.0675135475817 112
1694444338660 149.00071433492843 113
1694444338694 148.86545478521433 114
1694444338727 149.49481095334798 115
1694444338761 148.69193169317924 116
1694444338798 147.46608338393287 117
1694444338838 147.77861506759473 118
1694444338873 148.03813268289986 119
1694444338905 147.92710562280104 120
1694444338937 146.72455677688285 121
1694444338968 147.67857689278242 122
1694444339001 147.629474484843 123
1694444339033 148.30921209876445 124
1694444339065 147.6197808253914 125
1694444339098 147.47776334773752 126
1694444339131 147.52200829647097 127
1694444339163 146.91229517291276 128
1694444339196 147.75623968201495 129
1694444339230 147.33643368287028 130
1694444339262 146.72600376395323 131
1694444339292 146.43059577541212 132
1694444339322 146.810715765074 133
1694444339355 146.2096248039245 134
1694444339388 145.9731833117734 135
1694444339421 145.15680092126354 136
1694444339453 145.76702381053622 137
1694444339484 144.89972537913673 138
1694444339518 147.80504591803282 139
1694444339548 145.79754096973573 140
1694444339577 145.17124669946767 141
1694444339609 145.3585205899506 142
1694444339643 146.34472418442544 143
1694444339677 146.2351153714645 144
1694444339711 145.80836090205688 145
1694444339744 146.42840705667794 146
1694444339774 145.43591115445233 147
1694444339806 144.9119436046997 148
1694444339837 143.5761363728116 149
1694444339868 143.5200101833656 150
1694444339901 142.8649756857745 151
1694444339933 144.76567511172453 152
1694444339964 144.68044318093064 153
1694444339997 143.97335427981403 154
1694444340033 144.30931166773075 155
1694444340064 143.61818684084386 156
1694444340098 142.8918639220425 157
1694444340129 143.09969628931177 158
1694444340160 142.9744696067786 159
1694444340195 142.40246973836958 160
1694444340228 142.81143902199403 161
1694444340259 142.03872388151706 162
1694444340290 142.57350506708806 163
1694444340321 142.30015507281146 164
1694444340353 142.83500760018987 165
1694444340385 142.21822835940117 166
1694444340418 141.68819024428424 167
1694444340449 141.44532999046461 168
1694444340484 141.2076478125794 169
1694444340515 142.1116907014197 170
1694444340548 142.19632984020575 171
1694444340580 142.14643386484724 172
1694444340622 141.60322718451252 173
1694444340653 141.71755380037592 174
1694444340687 142.8712465874762 175
1694444340721 141.19683680004286 176
1694444340752 141.3613991508645 177
1694444340784 141.23753898852246 178
1694444340815 140.37902859816174 179
1694444340847 141.3214036978312 180
1694444340880 140.77481249616926 181
1694444340912 140.58598449219411 182
1694444340944 139.09967388730473 183
1694444340976 139.98971232987407 184
1694444341011 140.0166221225425 185
1694444341043 140.03815915555637 186
1694444341076 140.54114016526592 187
1694444341110 140.8658325300205 188
1694444341140 139.85864746886318 189
1694444341173 140.2987216226909 190
1694444341206 139.76492042632995 191
1694444341238 139.92399377771272 192
1694444341271 139.78004646501176 193
1694444341306 139.679668548382 194
1694444341339 137.7279705885424 195
1694444341371 139.80948975300396 196
1694444341404 138.37414274822234 197
1694444341437 137.40252289419087 198
1694444341470 137.588434568255 199
1694444341504 138.9828355677355 200
1694444341543 139.53088250291296 201
1694444341572 138.47263405999146 202
1694444341607 138.58506126721127 203
1694444341641 137.0604862069667 204
1694444341673 138.252606391317 205
1694444341707 138.39848001874208 206
1694444341740 138.51961188209108 207
1694444341770 137.76564304899762 208
1694444341804 137.28239445953918 209
1694444341839 137.77726471125652 210
1694444341870 137.0105528206757 211
1694444341903 138.06636633841796 212
1694444341935 137.61764036272456 213
1694444341966 137.78582793526218 214
1694444342002 136.90419289459615 215
1694444342040 138.28323292375632 216
1694444342081 136.2250229670535 217
1694444342112 137.28809968518266 218
1694444342146 136.45786826661117 219
1694444342177 135.75239059577774 220
1694444342207 136.8223497612358 221
1694444342239 136.3537846463172 222
1694444342271 136.83938571689006 223
1694444342302 136.1039142046608 224
1694444342336 135.25432920264794 225
1694444342370 134.78622568238626 226
1694444342401 136.09559349900096 227
1694444342433 136.40509053009572 228
1694444342466 134.2462016092024 229
1694444342497 135.80064917260722 230
1694444342533 135.93957236133105 231
1694444342566 134.72048707749462 232
1694444342597 136.18902827865514 233
1694444342630 135.64600858619633 234
1694444342660 134.75602652293546 235
1694444342695 136.37381847387235 236
1694444342727 134.83835233965723 237
1694444342757 134.38334632387912 238
1694444342790 134.64134992065777 239
1694444342824 135.11034997112745 240
1694444342858 133.15850955367054 241
1694444342889 134.36551036077034 242
1694444342921 134.2793027615595 243
1694444342953 133.401136546612 244
1694444342986 134.36259828936954 245
1694444343021 133.43123523526432 246
1694444343053 133.68948982327765 247
1694444343087 134.18498043735087 248
1694444343121 133.20226053166186 249
1694444343153 132.43366622824297 250
1694444343186 133.30395443810914 251
1694444343218 133.24692223918785 252
1694444343250 133.89073359004357 253
1694444343280 132.18946101357247 254
1694444343312 132.80399857671563 255
1694444343344 133.58966833659898 256
1694444343375 132.18742467580034 257
1694444343405 131.88002951805674 258
1694444343436 133.2764872398257 259
1694444343468 131.2960804684273 260
1694444343501 131.08485103428535 261
1694444343534 131.87140852636833 262
1694444343565 132.31023146687608 263
1694444343598 132.22746621397235 264
1694444343630 131.01586111907926 265
1694444343667 130.99524326813366 266
1694444343705 131.9637410079515 267
1694444343738 131.16755000767583 268
1694444343771 131.1455121713439 269
1694444343804 131.4743945872447 270
1694444343835 130.62522635550937 271
1694444343869 131.34791596264463 272
1694444343902 130.43772484569814 273
1694444343936 131.02752513184817 274
1694444343973 130.00724810833563 275
1694444344012 131.11543701347816 276
1694444344046 131.37390985106558 277
1694444344079 129.93624467903544 278
1694444344112 129.53805471632992 279
1694444344146 130.44297471153516 280
1694444344184 130.17919890120285 281
1694444344220 130.2344520371172 282
1694444344256 130.44978017951104 283
1694444344291 129.22495776120735 284
1694444344326 130.28897115106284 285
1694444344360 130.03310654081656 286
1694444344393 130.13807628042082 287
1694444344428 129.79688398454857 288
1694444344459 129.42720981731716 289
1694444344493 128.5641219326589 290
1694444344529 129.9184125807963 291
1694444344564 128.72638453629517 292
1694444344599 128.8925586782968 293
1694444344632 128.504877775899 294
1694444344665 128.0743944243347 295
1694444344700 129.15401463768947 296
1694444344734 128.97281918138896 297
1694444344770 128.37257995687207 298
1694444344809 127.96960256933652 299
1694444344847 128.62408293600262 300
1694444344884 128.07848044298973 301
1694444344914 127.14197710436184 302
1694444344946 126.7872344881034 303
1694444344979 127.67854639136831 304
1694444345012 128.05306391081885 305
1694444345044 128.13547052130522 306
1694444345075 127.11931549288927 307
1694444345109 127.33423575695574 308
1694444345140 127.5732714045525 309
1694444345174 128.1626196943183 310
1694444345211 126.90574870844641 311
1694444345242 126.91102204886306 312
1694444345273 127.83170120337853 313
1694444345303 127.54686800651028 314
1694444345336 126.57809039850294 315
1694444345368 125.92544146062131 316
1694444345400 126.51328538918396 317
1694444345432 125.48924147233909 318
1694444345464 126.3793307397891 319
1694444345495 125.5599393950951 320
1694444345527 126.10295496321616 321
1694444345557 125.61276598072222 322
1694444345589 125.96919342815008 323
1694444345622 126.6080562214997 324
1694444345654 125.59574526265418 325
1694444345686 124.6918952055148 326
1694444345719 125.22939250935597 327
1694444345751 124.62456683770411 328
1694444345784 124.81999028132023 329
1694444345816 124.89127136508696 330
1694444345847 125.20233601643781 331
1694444345877 124.42144994982748 332
1694444345908 125.34659638114694 333
1694444345939 123.93183185705433 334
1694444345970 124.18561239008041 335
1694444346003 123.24110332756027 336
1694444346036 125.27399991198158 337
1694444346069 123.31253760594126 338
1694444346100 123.11412585009217 339
1694444346132 124.26213383024059 340
1694444346166 124.123497141941 341
1694444346199 123.94053151089204 342
1694444346232 124.0763483674688 343
1694444346263 124.23863014585405 344
1694444346295 123.32766533001656 345
1694444346328 122.66320601340811 346
1694444346363 122.31473357715082 347
1694444346394 123.64678486412403 348
1694444346426 123.61077388614464 349
1694444346456 122.72941369030193 350
1694444346488 123.27511714337687 351
1694444346519 123.09386216928655 352
1694444346550 122.87550934799813 353
1694444346582 122.90566393591156 354
1694444346614 122.53275638709421 355
1694444346648 123.08322186835157 356
1694444346680 123.18585946080142 357
1694444346712 122.71670763766176 358
1694444346742 121.1087441749436 359
1694444346772 123.52996971437294 360
1694444346803 121.89481430958855 361
1694444346836 123.09308352621139 362
1694444346868 122.35022752521449 363
1694444346899 120.63390015848215 364
1694444346930 121.78398673855165 365
1694444346962 121.97283049043132 366
1694444346993 121.4429063402005 367
1694444347027 122.11359327950225 368
1694444347059 121.22820020832513 369
1694444347091 120.89074874147406 370
1694444347122 121.05321493247638 371
1694444347155 121.1268736120353 372
1694444347188 120.83959315975095 373
1694444347222 120.17594420566336 374
1694444347255 119.61600146236854 375
1694444347287 120.14137392170379 376
1694444347319 119.92897541522149 377
1694444347353 120.3517954341367 378
1694444347382 119.93053674085074 379
1694444347412 120.37464706990859 380
1694444347444 121.24812068764439 381
1694444347478 121.8224123284443 382
1694444347510 120.10080362261641 383
1694444347543 120.05374030781826 384
1694444347574 119.76391123483654 385
1694444347606 119.45551313747713 386
1694444347638 119.08485634575499 387
1694444347673 118.74193556979758 388
1694444347707 118.541226165186 389
1694444347738 119.20314136481457 390
1694444347769 119.16004446689936 391
1694444347800 118.66458573279202 392
1694444347831 118.83092743023367 393
1694444347863 118.96222790158849 394
1694444347892 118.70857166567934 395
1694444347923 118.76238861349401 396
1694444347955 119.03706686249396 397
1694444347987 117.8617908293049 398
1694444348020 117.74660087171497 399
1694444348051 119.76086266145823 400
1694444348082 118.44119493534645 401
1694444348113 117.8882464047782 402
1694444348145 117.21763477631173 403
1694444348178 117.89792931127084 404
1694444348211 118.18187111465325 405
1694444348240 118.80822475881641 406
1694444348272 116.61838049747045 407
1694444348304 118.12568692330969 408
1694444348335 117.5266461035356 409
1694444348368 117.00371842370362 410
1694444348400 117.45009868213732 411
1694444348430 117.7030349720131 412
1694444348461 116.19934201975191 413
1694444348493 117.56959548000292 414
1694444348524 117.1892668360708 415
1694444348556 116.8739678227227 416
1694444348588 116.28292558716969 417
1694444348622 118.00557745208936 418
1694444348655 116.44599728091538 419
1694444348686 116.59302195430408 420
1694444348719 116.24968902131742 421
1694444348752 116.3087347738498 422
1694444348783 116.97372273923689 423
1694444348816 116.22629207404154 424
1694444348851 116.36160070653429 425
1694444348889 115.46966485003003 426
1694444348929 114.9431627881638 427
1694444348965 115.78712263526609 428
1694444348998 115.83275702534652 429
1694444349033 115.51815846696569 430
1694444349065 115.09694004717262 431
1694444349098 114.56922200647313 432
1694444349129 115.05874366988031 433
1694444349162 113.84079235616758 434
1694444349194 114.14056259118858 435
1694444349226 114.1419183010614 436
1694444349260 115.0631666338016 437
1694444349292 115.2192917572868 438
1694444349325 114.36261168640077 439
1694444349359 113.70551399944148 440
1694444349389 113.82563911013311 441
1694444349420 114.67075303445846 442
1694444349452 114.64874935198975 443
1694444349482 114.10288368551558 444
1694444349514 113.7356282380276 445
1694444349547 114.32922845592064 446
1694444349584 113.95317097019026 447
1694444349620 114.69726070760979 448
1694444349654 113.47605394952862 449
1694444349686 113.86009933762234 450
1694444349718 113.280416219169 451
1694444349750 113.1348757313427 452
1694444349782 114.00022522578465 453
1694444349815 114.151119285416 454
1694444349847 113.03141055729003 455
1694444349879 113.40617546615262 456
1694444349911 112.51642147357663 457
1694444349944 113.22765496196396 458
1694444349978 113.09726927089086 459
1694444350009 112.4893813076295 460
1694444350040 112.96340178796505 461
1694444350072 112.448029986296 462
1694444350102 112.76287135950946 463
1694444350135 111.82452731869611 464
1694444350169 113.1722989546214 465
1694444350201 112.07192098263732 466
1694444350232 112.7443462117544 467
1694444350263 112.12947535068342 468
1694444350296 112.13410870439624 469
1694444350331 112.40311292669998 470
1694444350362 110.98337620986904 471
1694444350394 111.3315904662044 472
1694444350428 111.84875589937023 473
1694444350461 112.49926667097735 474
1694444350494 111.84021240885897 475
1694444350524 111.66605318000161 476
1694444350555 110.93097183971456 477
1694444350588 111.56574345005744 478
1694444350619 111.22188086292167 479
1694444350652 112.19653652622236 480
1694444350686 110.75653482436108 481
1694444350716 110.44747315354265 482
1694444350745 111.1709673252169 483
1694444350776 110.62698396950815 484
1694444350806 110.51785609975259 485
1694444350837 110.48775879565876 486
1694444350868 110.08777405225327 487
1694444350899 110.89075723632024 488
1694444350931 109.95663425392942 489
1694444350962 109.68649566094095 490
1694444350993 110.30613422652793 491
1694444351024 110.44619118313368 492
1694444351055 110.30586084822305 493
1694444351086 110.12410273612248 494
1694444351118 109.45414626438031 495
1694444351149 109.9913035006002 496
1694444351183 109.33674298532299 497
1694444351216 110.02838572224547 498
1694444351247 108.86856700561903 499
