1694444604090 158.02508523398654 0
1694444604123 157.70853427571785 1
1694444604167 157.39261964922338 2
1694444604218 157.0773400696736 3
1694444604277 156.76269425485256 4
1694444604317 156.44868092515202 5
1694444604370 156.13529880356646 6
1694444604411 155.82254661568754 7
1694444604459 155.51042308969872 8
1694444604502 155.19892695637006 9
1694444604556 154.8880569490528 10
1694444604592 154.57781180367408 11
1694444604651 154.26819025873158 12
1694444604684 153.95919105528836 13
1694444604721 153.65081293696744 14
1694444604756 153.34305464994657 15
1694444604787 153.03591494295313 16
1694444604823 152.72939256725854 17
1694444604855 152.42348627667334 18
1694444604888 152.11819482754188 19
1694444604922 151.81351697873708 20
1694444604957 151.50945149165517 21
1694444604990 151.2059971302106 22
1694444605023 150.90315266083078 23
1694444605056 150.60091685245098 24
1694444605089 150.2992884765092 25
1694444605119 149.99826630694076 26
1694444605154 149.69784912017357 27
1694444605185 149.39803569512276 28
1694444605219 149.09882481318544 29
1694444605259 148.80021525823597 30
1694444605300 148.5022058166205 31
1694444605331 148.20479527715204 32
1694444605370 147.9079824311055 33
1694444605404 147.61176607221242 34
1694444605436 147.31614499665594 35
1694444605469 147.02111800306605 36
1694444605502 146.72668389251405 37
1694444605540 146.43284146850803 38
1694444605576 146.1395895369875 39
1694444605615 145.84692690631869 40
1694444605650 145.5548523872893 41
1694444605687 145.26336479310365 42
1694444605719 144.97246293937764 43
1694444605753 144.68214564413395 44
1694444605786 144.39241172779688 45
1694444605820 144.10326001318765 46
1694444605862 143.81468932551917 47
1694444605903 143.52669849239143 48
1694444605943 143.23928634378638 49
1694444605983 142.95245171206324 50
1694444606017 142.6661934319533 51
1694444606061 142.38051034055542 52
1694444606095 142.09540127733084 53
1694444606138 141.81086508409857 54
1694444606185 141.52690060503033 55
1694444606229 141.243506686646 56
1694444606267 140.96068217780837 57
1694444606302 140.67842592971883 58
1694444606337 140.39673679591215 59
1694444606372 140.11561363225192 60
1694444606403 139.8350552969257 61
1694444606443 139.5550606504402 62
1694444606473 139.2756285556166 63
1694444606502 138.99675787758565 64
1694444606533 138.71844748378322 65
1694444606573 138.44069624394524 66
1694444606606 138.16350303010313 67
1694444606659 137.88686671657908 68
1694444606694 137.61078617998135 69
1694444606728 137.3352602991995 70
1694444606777 137.06028795539982 71
1694444606810 136.78586803202057 72
1694444606845 136.51199941476742 73
1694444606878 136.23868099160856 74
1694444606914 135.9659116527704 75
1694444606954 135.69369029073255 76
1694444606986 135.42201580022356 77
1694444607019 135.15088707821602 78
1694444607055 134.88030302392212 79
1694444607087 134.61026253878902 80
1694444607120 134.34076452649416 81
1694444607157 134.07180789294083 82
1694444607194 133.8033915462535 83
1694444607228 133.5355143967733 84
1694444607268 133.2681753570535 85
1694444607300 133.00137334185487 86
1694444607340 132.7351072681413 87
1694444607374 132.4693760550751 88
1694444607404 132.2041786240126 89
1694444607439 131.9395138984997 90
1694444607468 131.6753808042673 91
1694444607498 131.4117782692267 92
1694444607528 131.14870522346533 93
1694444607562 130.8861605992423 94
1694444607599 130.62414333098369 95
1694444607639 130.36265235527833 96
1694444607675 130.1016866108733 97
1694444607705 129.84124503866948 98
1694444607737 129.5813265817172 99
1694444607773 129.3219301852117 100
1694444607805 129.0630547964889 101
1694444607838 128.80469936502084 102
1694444607873 128.54686284241143 103
1694444607903 128.28954418239198 104
1694444607939 128.03274234081695 105
1694444607975 127.77645627565948 106
1694444608008 127.52068494700711 107
1694444608042 127.26542731705744 108
1694444608076 127.01068235011373 109
1694444608107 126.7564490125807 110
1694444608152 126.5027262729602 111
1694444608193 126.24951310184677 112
1694444608228 125.99680847192356 113
1694444608275 125.74461135795785 114
1694444608310 125.49292073679689 115
1694444608344 125.2417355873637 116
1694444608380 124.99105489065262 117
1694444608410 124.7408776297252 118
1694444608442 124.491202789706 119
1694444608473 124.24202935777821 120
1694444608503 123.99335632317954 121
1694444608540 123.74518267719802 122
1694444608572 123.49750741316775 123
1694444608601 123.2503295264647 124
1694444608639 123.00364801450253 125
1694444608674 122.75746187672848 126
1694444608707 122.51177011461911 127
1694444608743 122.2665717316762 128
1694444608777 122.02186573342259 129
1694444608808 121.77765112739797 130
1694444608838 121.53392692315491 131
1694444608869 121.29069213225459 132
1694444608899 121.04794576826268 133
1694444608933 120.80568684674535 134
1694444608973 120.56391438526505 135
1694444609006 120.3226274033765 136
1694444609041 120.08182492262263 137
1694444609078 119.84150596653035 138
1694444609109 119.60166956060671 139
1694444609145 119.36231473233462 140
1694444609188 119.12344051116901 141
1694444609220 118.88504592853263 142
1694444609269 118.64713001781209 143
1694444609311 118.40969181435386 144
1694444609358 118.17273035546022 145
1694444609401 117.93624468038522 146
1694444609433 117.70023383033076 147
1694444609471 117.46469684844257 148
1694444609505 117.22963277980617 149
1694444609541 116.99504067144305 150
1694444609570 116.76091957230649 151
1694444609601 116.52726853327786 152
1694444609638 116.29408660716236 153
1694444609674 116.06137284868542 154
1694444609707 115.82912631448855 155
1694444609737 115.5973460631254 156
1694444609778 115.36603115505801 157
1694444609815 115.13518065265279 158
1694444609856 114.9047936201766 159
1694444609926 114.67486912379294 160
1694444609982 114.44540623155804 161
1694444610032 114.21640401341692 162
1694444610072 113.98786154119965 163
1694444610108 113.75977788861738 164
1694444610142 113.5321521312585 165
1694444610176 113.30498334658492 166
1694444610212 113.07827061392805 167
1694444610242 112.85201301448514 168
1694444610277 112.62620963131536 169
1694444610312 112.40085954933602 170
1694444610345 112.17596185531873 171
1694444610389 111.95151563788575 172
1694444610423 111.72751998750603 173
1694444610455 111.50397399649147 174
1694444610488 111.28087675899323 175
1694444610523 111.0582273709979 176
1694444610555 110.83602493032375 177
1694444610588 110.614268536617 178
1694444610624 110.3929572913481 179
1694444610669 110.17209029780794 180
1694444610706 109.95166666110416 181
1694444610739 109.73168548815745 182
1694444610771 109.51214588769783 183
1694444610808 109.29304697026087 184
1694444610842 109.07438784818419 185
1694444610876 108.85616763560358 186
1694444610908 108.63838544844938 187
1694444610939 108.4210404044429 188
1694444610969 108.20413162309262 189
1694444611004 107.98765822569064 190
1694444611036 107.77161933530894 191
1694444611069 107.55601407679585 192
1694444611105 107.34084157677235 193
1694444611136 107.1261009636284 194
1694444611170 106.91179136751948 195
1694444611206 106.69791192036277 196
1694444611238 106.4844617558337 197
1694444611275 106.2714400093624 198
1694444611308 106.05884581812985 199
1694444611339 105.84667832106466 200
1694444611371 105.63493665883918 201
1694444611404 105.42361997386612 202
1694444611434 105.21272741029493 203
1694444611465 105.00225811400828 204
1694444611502 104.79221123261851 205
1694444611535 104.58258591546404 206
1694444611567 104.37338131360589 207
1694444611606 104.16459657982419 208
1694444611638 103.95623086861463 209
1694444611677 103.74828333618491 210
1694444611709 103.54075314045132 211
1694444611742 103.33363944103523 212
1694444611790 103.12694139925955 213
1694444611839 102.92065817814533 214
1694444611882 102.71478894240822 215
1694444611928 102.50933285845508 216
1694444611970 102.30428909438047 217
1694444612009 102.09965681996322 218
1694444612048 101.89543520666294 219
1694444612088 101.69162342761673 220
1694444612122 101.48822065763558 221
1694444612157 101.28522607320102 222
1694444612191 101.08263885246176 223
1694444612237 100.88045817523022 224
1694444612288 100.67868322297917 225
1694444612336 100.47731317883823 226
1694444612376 100.2763472275907 227
1694444612422 100.07578455566994 228
1694444612457 99.87562435115623 229
1694444612493 99.67586580377315 230
1694444612528 99.47650810488453 231
1694444612566 99.27755044749078 232
1694444612595 99.07899202622583 233
1694444612626 98.88083203735356 234
1694444612670 98.68306967876468 235
1694444612748 98.48570414997323 236
1694444612815 98.28873465211339 237
1694444612899 98.09216038793609 238
1694444612942 97.89598056180576 239
1694444612985 97.700194379697 240
1694444613022 97.50480104919133 241
1694444613069 97.30979977947392 242
1694444613101 97.11518978133023 243
1694444613140 96.92097026714282 244
1694444613182 96.72714045088807 245
1694444613216 96.53369954813294 246
1694444613260 96.34064677603169 247
1694444613292 96.14798135332263 248
1694444613324 95.95570250032499 249
1694444613371 95.76380943893554 250
1694444613408 95.57230139262548 251
1694444613441 95.38117758643722 252
1694444613475 95.19043724698112 253
1694444613509 95.00007960243231 254
1694444613541 94.8101038825275 255
1694444613573 94.6205093185618 256
1694444613628 94.43129514338558 257
1694444613694 94.2424605914012 258
1694444613737 94.05400489855994 259
1694444613780 93.86592730235873 260
1694444613812 93.67822704183712 261
1694444613844 93.49090335757404 262
1694444613882 93.3039554916847 263
1694444613911 93.11738268781748 264
1694444613943 92.93118419115075 265
1694444613974 92.74535924838969 266
1694444614003 92.55990710776341 267
1694444614039 92.37482701902155 268
1694444614072 92.19011823343138 269
1694444614110 92.00578000377462 270
1694444614154 91.82181158434433 271
1694444614192 91.63821223094192 272
1694444614226 91.45498120087404 273
1694444614268 91.27211775294937 274
1694444614332 91.0896211474758 275
1694444614390 90.90749064625714 276
1694444614426 90.72572551259029 277
1694444614458 90.54432501126198 278
1694444614490 90.36328840854586 279
1694444614521 90.18261497219946 280
1694444614552 90.00230397146115 281
1694444614584 89.82235467704706 282
1694444614616 89.64276636114813 283
1694444614655 89.46353829742719 284
1694444614687 89.28466976101569 285
1694444614718 89.10616002851101 286
1694444614750 88.92800837797331 287
1694444614787 88.75021408892255 288
1694444614818 88.57277644233555 289
1694444614851 88.39569472064298 290
1694444614888 88.21896820772648 291
1694444614920 88.04259618891558 292
1694444614955 87.86657795098492 293
1694444614993 87.69091278215102 294
1694444615038 87.51559997206971 295
1694444615076 87.34063881183289 296
1694444615110 87.16602859396575 297
1694444615143 86.9917686124238 298
1694444615178 86.81785816258999 299
1694444615208 86.64429654127176 300
1694444615242 86.47108304669821 301
1694444615283 86.29821697851709 302
1694444615316 86.12569763779196 303
1694444615350 85.95352432699939 304
1694444615388 85.78169635002592 305
1694444615421 85.61021301216535 306
1694444615455 85.43907362011568 307
1694444615486 85.2682774819765 308
1694444615519 85.0978239072459 309
1694444615559 84.9277122068177 310
1694444615599 84.75794169297869 311
1694444615638 84.58851167940571 312
1694444615676 84.41942148116281 313
1694444615706 84.25067041469842 314
1694444615742 84.0822577978426 315
1694444615779 83.91418294980414 316
1694444615811 83.74644519116787 317
1694444615845 83.57904384389163 318
1694444615885 83.41197823130378 319
1694444615916 83.24524767810013 320
1694444615950 83.07885151034134 321
1694444615984 82.91278905545003 322
1694444616019 82.74705964220807 323
1694444616056 82.5816626007538 324
1694444616092 82.41659726257922 325
1694444616128 82.25186296052728 326
1694444616174 82.08745902878914 327
1694444616208 81.92338480290142 328
1694444616241 81.75963961974337 329
1694444616285 81.59622281753424 330
1694444616325 81.43313373583054 331
1694444616362 81.27037171552327 332
1694444616399 81.10793609883525 333
1694444616432 80.94582622931833 334
1694444616466 80.78404145185084 335
1694444616500 80.62258111263468 336
1694444616540 80.46144455919277 337
1694444616573 80.30063114036639 338
1694444616601 80.14014020631228 339
1694444616638 79.9799711085003 340
1694444616676 79.82012319971037 341
1694444616707 79.66059583403015 342
1694444616741 79.50138836685215 343
1694444616778 79.34250015487119 344
1694444616816 79.1839305560817 345
1694444616851 79.02567892977504 346
1694444616891 78.86774463653695 347
1694444616925 78.71012703824489 348
1694444616960 78.55282549806533 349
1694444616994 78.39583938045122 350
1694444617026 78.2391680511393 351
1694444617059 78.08281087714761 352
1694444617092 77.9267672267727 353
1694444617128 77.77103646958713 354
1694444617174 77.61561797643698 355
1694444617209 77.460511119439 356
1694444617244 77.30571527197826 357
1694444617294 77.15122980870544 358
1694444617337 76.99705410553432 359
1694444617394 76.84318753963915 360
1694444617434 76.68962948945212 361
1694444617478 76.53637933466085 362
1694444617517 76.38343645620573 363
1694444617554 76.23080023627742 364
1694444617589 76.07847005831431 365
1694444617627 75.92644530700002 366
1694444617673 75.7747253682608 367
1694444617706 75.62330962926305 368
1694444617739 75.4721974784107 369
1694444617792 75.3213883053429 370
1694444617835 75.17088150093127 371
1694444617875 75.02067645727749 372
1694444617916 74.8707725677109 373
1694444617954 74.72116922678583 374
1694444617990 74.57186583027924 375
1694444618028 74.42286177518808 376
1694444618066 74.27415645972705 377
1694444618106 74.12574928332583 378
1694444618141 73.97763964662691 379
1694444618174 73.82982695148284 380
1694444618209 73.682310600954 381
1694444618240 73.535089999306 382
1694444618279 73.38816455200725 383
1694444618317 73.24153366572659 384
1694444618357 73.09519674833075 385
1694444618391 72.94915320888202 386
1694444618422 72.80340245763571 387
1694444618457 72.65794390603776 388
1694444618490 72.51277696672236 389
1694444618523 72.36790105350951 390
1694444618561 72.2233155814026 391
1694444618591 72.079019966586 392
1694444618622 71.93501362642267 393
1694444618659 71.79129597945176 394
1694444618693 71.64786644538617 395
1694444618727 71.50472444511034 396
1694444618761 71.3618694006776 397
1694444618806 71.21930073530802 398
1694444618841 71.07701787338591 399
1694444618877 70.93502024045755 400
1694444618915 70.79330726322868 401
1694444618953 70.65187836956233 402
1694444618990 70.51073298847629 403
1694444619025 70.36987055014093 404
1694444619057 70.22929048587672 405
1694444619093 70.08899222815195 406
1694444619125 69.94897521058043 407
1694444619156 69.80923886791905 408
1694444619190 69.66978263606559 409
1694444619225 69.53060595205635 410
1694444619271 69.39170825406377 411
1694444619307 69.25308898139421 412
1694444619345 69.11474757448566 413
1694444619383 68.97668347490531 414
1694444619418 68.8388961253474 415
1694444619453 68.70138496963085 416
1694444619487 68.564149452697 417
1694444619519 68.42718902060729 418
1694444619551 68.29050312054105 419
1694444619584 68.15409120079319 420
1694444619616 68.01795271077198 421
1694444619647 67.88208710099666 422
1694444619682 67.74649382309529 423
1694444619715 67.61117232980256 424
1694444619744 67.47612207495736 425
1694444619776 67.34134251350068 426
1694444619809 67.2068331014733 427
1694444619839 67.0725932960136 428
1694444619871 66.93862255535532 429
1694444619906 66.80492033882531 430
1694444619938 66.67148610684133 431
1694444619971 66.53831932090982 432
1694444620006 66.40541944362371 433
1694444620039 66.27278593866019 434
1694444620072 66.14041827077851 435
1694444620106 66.00831590581784 436
1694444620139 65.87647831069494 437
1694444620173 65.74490495340214 438
1694444620206 65.61359530300504 439
1694444620237 65.48254882964035 440
1694444620271 65.35176500451375 441
1694444620307 65.22124329989768 442
1694444620336 65.09098318912922 443
1694444620368 64.96098414660786 444
1694444620404 64.8312456477934 445
1694444620432 64.70176716920378 446
1694444620463 64.57254818841291 447
1694444620505 64.44358818404856 448
1694444620539 64.31488663579023 449
1694444620575 64.18644302436692 450
1694444620607 64.05825683155517 451
1694444620640 63.930327540176705 452
1694444620674 63.80265463409653 453
1694444620707 63.675237598220704 454
1694444620740 63.5480759184942 455
1694444620775 63.42116908189891 456
1694444620808 63.29451657645139 457
1694444620842 63.16811789120091 458
1694444620878 63.04197251622725 459
1694444620919 62.916079942638596 460
1694444620953 62.790439662569604 461
1694444620988 62.665051169179094 462
1694444621024 62.539913956648185 463
1694444621059 62.415027520178086 464
1694444621095 62.29039135598804 465
1694444621136 62.16600496131333 466
1694444621173 62.041867834403085 467
1694444621204 61.917979474518404 468
1694444621238 61.794339381930136 469
1694444621272 61.67094705791691 470
1694444621304 61.547802004763064 471
1694444621334 61.42490372575666 472
1694444621367 61.30225172518735 473
1694444621402 61.17984550834441 474
1694444621434 61.057684581514735 475
1694444621467 60.935768451980714 476
1694444621508 60.814096628018305 477
1694444621551 60.69266861889499 478
1694444621588 60.571483934867764 479
1694444621628 60.45054208718109 480
1694444621672 60.32984258806496 481
1694444621705 60.20938495073284 482
1694444621737 60.08916868937971 483
1694444621767 59.96919331918006 484
1694444621808 59.84945835628589 485
1694444621838 59.72996331782473 486
1694444621870 59.61070772189771 487
1694444621911 59.4916910875775 488
1694444621954 59.37291293490638 489
1694444622003 59.25437278489433 490
1694444622042 59.136070159516954 491
1694444622082 59.018004581713605 492
1694444622123 58.90017557538541 493
1694444622156 58.782582665393285 494
1694444622193 58.665225377556034 495
1694444622233 58.54810323864839 496
1694444622267 58.43121577639909 497
1694444622312 58.31456251948889 498
1694444622355 58.19814299754868 499
