1694444164972 166.59842446692804 0
1694444165005 152.30123850185115 1
1694444165036 140.7732009807836 2
1694444165068 129.90464848855538 3
1694444165102 119.72479749200937 4
1694444165132 109.6326559651122 5
1694444165168 101.7674469094056 6
1694444165205 94.86758378395474 7
1694444165238 86.22881638338843 8
1694444165274 79.95106584214155 9
1694444165313 73.60713567880578 10
1694444165345 68.39783783096124 11
1694444165384 62.36142814456854 12
1694444165416 58.73564973014652 13
1694444165446 53.02560330704818 14
1694444165480 49.43694185460381 15
1694444165514 45.75977221358712 16
1694444165544 42.41177032340284 17
1694444165577 38.90432374065896 18
1694444165611 36.06375914300984 19
1694444165643 33.12026609306886 20
1694444165676 30.47063287614136 21
1694444165709 28.016583899245955 22
1694444165738 26.240091136449497 23
1694444165768 24.040769807288314 24
1694444165799 22.268381832017617 25
1694444165830 20.324720208129328 26
1694444165864 18.64891925848695 27
1694444165895 17.553571269571687 28
1694444165929 16.102158809276354 29
1694444165961 14.747858989597903 30
1694444165994 13.660309657540214 31
1694444166027 12.793517087805464 32
1694444166058 11.7188274520213 33
1694444166088 10.754454914181116 34
1694444166119 9.90613723922205 35
1694444166151 9.255819943923045 36
1694444166191 8.755588072816671 37
1694444166224 7.948522718718424 38
1694444166254 7.299780353848973 39
1694444166288 6.6585693890496005 40
1694444166319 6.148062548562543 41
1694444166350 5.679291833967963 42
1694444166383 5.269399293191315 43
1694444166415 4.904207514902501 44
1694444166446 4.558107584873666 45
1694444166478 4.1552863765531365 46
1694444166510 3.8999981516155326 47
1694444166541 3.579121039770396 48
1694444166574 3.2318482794782937 49
1694444166605 3.148738897032656 50
1694444166636 2.863694943548199 51
1694444166669 2.6652195359555626 52
1694444166702 2.511059010276172 53
1694444166733 2.29059598620593 54
1694444166764 2.0727518279045447 55
1694444166794 1.9342021076422886 56
1694444166823 1.7824383874660412 57
1694444166856 1.6627551073851883 58
1694444166888 1.5819544231162608 59
1694444166920 1.4119710235158514 60
1694444166953 1.3960965145167816 61
1694444166983 1.2277020845344213 62
1694444167015 1.2245632735488026 63
1694444167050 1.0700134242304653 64
1694444167085 1.0217362491682753 65
1694444167124 0.9522581611807339 66
1694444167161 0.880436031144268 67
1694444167196 0.8217574347391616 68
1694444167229 0.7796196428078258 69
1694444167262 0.6848947701270581 70
1694444167295 0.6125010130430388 71
1694444167329 0.6432913853050833 72
1694444167362 0.5804398480944195 73
1694444167395 0.5225520702643144 74
1694444167428 0.5154869648836579 75
1694444167458 0.48362915083597585 76
1694444167491 0.4523813704056301 77
1694444167522 0.4593344092693005 78
1694444167552 0.4410638002878662 79
1694444167585 0.3730880699109681 80
1694444167616 0.3641565386839356 81
1694444167649 0.3454958769407696 82
1694444167683 0.34031546258200496 83
1694444167714 0.29745519293699285 84
1694444167745 0.27782478580473097 85
1694444167777 0.28355164263281846 86
1694444167808 0.25825006393998123 87
1694444167841 0.23889361724614677 88
1694444167880 0.2659221708356057 89
1694444167910 0.23448801774940617 90
1694444167943 0.2178084543038215 91
1694444167975 0.2394202471527703 92
1694444168007 0.22588068957251578 93
1694444168038 0.2021932180974462 94
1694444168070 0.19754376538559246 95
1694444168102 0.1944876902657994 96
1694444168134 0.17969557959096982 97
1694444168169 0.18092768234555875 98
1694444168203 0.19209648073772426 99
1694444168235 0.1663780524723446 100
1694444168267 0.16608002456333706 101
1694444168298 0.17496755996314414 102
1694444168329 0.1805772832299679 103
1694444168362 0.14335501398203018 104
1694444168395 0.1637211372075883 105
1694444168427 0.13891342040302268 106
1694444168460 0.14214339469466952 107
1694444168490 0.14261632435189886 108
1694444168521 0.13275769919966451 109
1694444168552 0.13526115628832425 110
1694444168583 0.13181945589497632 111
1694444168618 0.12632862727274627 112
1694444168651 0.13453320081852557 113
1694444168683 0.13267937122622245 114
1694444168715 0.12510985916203557 115
1694444168746 0.10986904128110328 116
1694444168779 0.12689197624870985 117
1694444168812 0.11376283083421121 118
1694444168844 0.1288097086955094 119
1694444168875 0.1151324269050011 120
1694444168908 0.12833396599208158 121
1694444168938 0.1543382548016935 122
1694444168967 0.11814962130893074 123
1694444168997 0.11588673653746316 124
1694444169029 0.1306369999609722 125
1694444169060 0.13278699726214557 126
1694444169091 0.11453576155558985 127
1694444169120 0.12122059488459636 128
1694444169153 0.12428283480802561 129
1694444169186 0.1096258080268983 130
1694444169217 0.1187030935967375 131
1694444169248 0.1149974842279453 132
1694444169279 0.10522745436860464 133
1694444169311 0.1346759881642236 134
1694444169342 0.11117367718286389 135
1694444169375 0.10385609011457207 136
1694444169407 0.10919029167344038 137
1694444169436 0.11211771222644804 138
1694444169466 0.12690465641599552 139
1694444169498 0.1167798073687842 140
1694444169530 0.11954066839594843 141
1694444169562 0.10774655781574044 142
1694444169595 0.10158716067937405 143
1694444169626 0.10761737083963491 144
1694444169660 0.10023766905619588 145
1694444169690 0.10599097496619014 146
1694444169719 0.12132352558058375 147
1694444169751 0.11748812087059175 148
1694444169781 0.09825304190341082 149
1694444169813 0.11723100240746165 150
1694444169844 0.10916941458850342 151
1694444169875 0.11755174406317045 152
1694444169906 0.1077523499914229 153
1694444169937 0.09882746750256236 154
1694444169969 0.10458521828350953 155
1694444170000 0.1312123979776453 156
1694444170032 0.11642237755761059 157
1694444170064 0.10697843609268183 158
1694444170095 0.11074484021626103 159
1694444170125 0.11137188914977228 160
1694444170154 0.13321235147018104 161
1694444170190 0.1118583022223506 162
1694444170220 0.10030962362273192 163
1694444170253 0.10300176384831845 164
1694444170285 0.11358296545199227 165
1694444170317 0.10897355100103888 166
1694444170350 0.1199628664752448 167
1694444170386 0.11390168603250769 168
1694444170424 0.09964249561128749 169
1694444170467 0.10241890563248042 170
1694444170507 0.12022137590437794 171
1694444170552 0.10467182271765545 172
1694444170598 0.09854271896162127 173
1694444170632 0.1097750457195527 174
1694444170674 0.11047735968244195 175
1694444170710 0.1273773465156405 176
1694444170747 0.10744287782415034 177
1694444170785 0.09972312692744907 178
1694444170822 0.1252362140915325 179
1694444170865 0.10449751110097517 180
1694444170901 0.10117982757270841 181
1694444170940 0.12609100212195642 182
1694444170976 0.09679702748442563 183
1694444171015 0.11294000316267556 184
1694444171047 0.13048123451779653 185
1694444171082 0.10093865346693706 186
1694444171115 0.10632644755070951 187
1694444171146 0.10126401947627152 188
1694444171180 0.10738766604167703 189
1694444171215 0.09464676446668875 190
1694444171247 0.10911204604344019 191
1694444171278 0.11526140553988588 192
1694444171309 0.10130735443744168 193
1694444171340 0.12875654213858434 194
1694444171371 0.12107718623901424 195
1694444171403 0.10594396026071608 196
1694444171433 0.1034510040178423 197
1694444171464 0.11188778232940684 198
1694444171494 0.11588188908996366 199
1694444171525 0.10821678651966807 200
1694444171558 0.11154892849721118 201
1694444171589 0.1019473734181726 202
1694444171624 0.09277090900733417 203
1694444171656 0.11162568100731181 204
1694444171690 0.10399463536422178 205
1694444171720 0.10532630531524462 206
1694444171751 0.11018831897692218 207
1694444171779 0.11454725536052728 208
1694444171808 0.11148985442712243 209
1694444171839 0.10537480964297358 210
1694444171871 0.10437083686609508 211
1694444171901 0.09956183447125391 212
1694444171932 0.09778095375813071 213
1694444171966 0.13195396559072967 214
1694444171997 0.126074949050498 215
1694444172029 0.10505389367928841 216
1694444172061 0.10945344448056545 217
1694444172094 0.10096434766827955 218
1694444172128 0.10691497058271972 219
1694444172162 0.09886634434069032 220
1694444172196 0.09242397379306277 221
1694444172228 0.10517235593765903 222
1694444172260 0.11103495373929863 223
1694444172293 0.10735803126632497 224
1694444172326 0.10884195384527072 225
1694444172357 0.11521209971357986 226
1694444172392 0.09737296041178656 227
1694444172423 0.09287247986060507 228
1694444172453 0.09601935169305201 229
1694444172483 0.1007871762986538 230
1694444172515 0.10250574942437599 231
1694444172548 0.10713479211308721 232
1694444172579 0.09581600875752008 233
1694444172610 0.10521029896488729 234
1694444172641 0.10842315618962241 235
1694444172675 0.09921235035283316 236
1694444172707 0.09755826634557788 237
1694444172737 0.1103440636217147 238
1694444172770 0.09526580402844934 239
1694444172802 0.11704507677248382 240
