1694446074809 0.34449906908097533 0
1694446075089 0.07026432007501514 1
1694446075361 0.001190856885674381 2
1694446075656 0.15994895182014013 3
1694446075929 0.1468333129533473 4
1694446076211 0.0009114295784999047 5
1694446076459 0.267093261993587 6
1694446076721 0.002554766895399364 7
1694446076998 0.1622549593399957 8
1694446077257 0.03240450543156569 9
1694446077521 0.008651834363823439 10
1694446077779 0.05395759970344891 11
1694446078031 0.013237585842793954 12
1694446078288 0.07864916677106484 13
1694446078544 0.0367156897895495 14
1694446078800 0.127790774688536 15
1694446079068 0.006014395916778317 16
1694446079338 0.013917419418203517 17
1694446079603 0.03511783074928986 18
1694446079866 0.6287920767799787 19
1694446080129 0.006739698424845586 20
1694446080404 0.2523030007321706 21
1694446080664 0.1260764743270632 22
1694446080919 0.11851630472677795 23
1694446081189 0.09080556307506325 24
1694446081455 0.007614383951760967 25
1694446081714 0.9011050888812661 26
1694446081988 0.015591443655795309 27
1694446082273 0.09053139015851033 28
1694446082527 0.10466623576759755 29
1694446082790 0.06239280880924021 30
1694446083034 0.06978654990515352 31
1694446083291 0.4599422635745863 32
1694446083589 0.05051446586512479 33
1694446083899 0.9124391148754083 34
1694446084153 0.02664695743837199 35
1694446084412 0.0010259231483525878 36
1694446084674 0.0012870483110970804 37
1694446084941 0.12459531036003717 38
1694446085204 0.000583125973850905 39
1694446085458 4.763225299499094e-07 40
1694446085726 0.00032865107151705303 41
1694446085983 0.0037718655961197526 42
1694446086231 0.16862503913085203 43
1694446086470 0.98739629239378 44
1694446086740 0.06128446520109688 45
1694446087010 0.02035496936585364 46
1694446087305 0.015162200672491388 47
1694446087571 0.04897758022078239 48
1694446087813 0.2043891768873435 49
1694446088060 0.07088871276706785 50
1694446088327 0.002914192458893881 51
1694446088457 0.002399468310564107 52
1694446088846 0.0054517429123368865 53
1694446089116 0.004407578602457443 54
1694446089383 0.05122030411216765 55
1694446089659 0.03805686166111763 56
1694446089930 0.11280196632628646 57
1694446090177 0.00033994723420185393 58
1694446090435 0.009431427447120425 59
1694446090690 0.007274342885406008 60
1694446090965 0.19077009865655278 61
1694446091231 0.004758277429090478 62
1694446091478 0.17584681884455253 63
1694446091758 3.0365827533251178e-05 64
1694446091941 0.02419920479820655 65
1694446092267 0.4158647644772687 66
1694446092541 0.43536335176831287 67
1694446092816 0.045902195208595904 68
1694446093090 0.19998166573347237 69
1694446093359 0.007579693160510731 70
1694446093637 0.2955289082015681 71
1694446093897 0.0023486073593037993 72
1694446094141 0.019350057462314323 73
1694446094404 0.039216480836829486 74
1694446094669 0.01260279260723269 75
1694446094927 0.02766503074187458 76
1694446095202 2.2751931794685396e-05 77
1694446095424 0.19593657944791035 78
1694446095718 0.006212534916296652 79
1694446096006 0.07590465470753972 80
1694446096268 0.0013334135513851154 81
1694446096539 0.08826871447366981 82
1694446096803 0.09530136673056125 83
1694446097083 0.1793797316192666 84
1694446097374 0.2712473512289922 85
1694446097654 0.18347945884570754 86
1694446097916 0.015152933512258462 87
1694446098155 0.002052507585973582 88
1694446098426 0.0018315934811830626 89
1694446098674 0.0005419839731507467 90
1694446098929 0.06797196488642755 91
1694446099189 0.015604092992106775 92
1694446099444 0.12922732944381618 93
1694446099702 0.04120720610496976 94
1694446099938 0.0022081634688322716 95
1694446100191 0.11672104397095456 96
1694446100468 0.2030951313040044 97
1694446100736 0.4269300756332757 98
1694446100991 0.002219364786479996 99
1694446101248 0.04327319331777332 100
1694446101504 0.8783435145046593 101
1694446101777 0.14950174804922128 102
1694446102027 0.20096900206718815 103
1694446102286 0.8398069062422333 104
1694446102547 0.00045641222406229916 105
1694446102770 0.14702660998723346 106
1694446103007 0.00922934161526848 107
1694446103256 0.06248752407424308 108
1694446103507 0.450400051168846 109
1694446103764 0.09488692518600106 110
1694446104007 0.05924721778461516 111
1694446104276 0.14639260172365906 112
1694446104523 0.06650013952452612 113
1694446104790 0.014647981027755923 114
1694446105063 0.1960895926847439 115
1694446105335 0.03795806703447209 116
1694446105586 0.09204268663073994 117
1694446105835 0.1398958491734455 118
1694446106110 0.019808466957755917 119
1694446106366 0.0022038767926646874 120
1694446106614 0.0006292241434872097 121
1694446106862 0.014648696102945726 122
1694446107109 0.00018255565382771573 123
1694446107424 0.025763429570023817 124
1694446107681 0.128911383400721 125
1694446107916 0.18349971680641788 126
1694446108180 0.030155725996566567 127
1694446108435 0.0014992289914849337 128
1694446108669 0.11180579892345553 129
1694446108909 0.18956020251932465 130
1694446109170 0.08868486170492433 131
1694446109414 0.13264903005877468 132
1694446109657 0.0021374048413501747 133
1694446109903 0.005663049341858896 134
1694446110168 0.016877158423979716 135
1694446110424 0.6725411606664728 136
1694446110671 0.1877510539299198 137
1694446110914 0.07644331514933433 138
1694446111205 0.029649303846118427 139
1694446111447 0.133345710734839 140
1694446111737 0.06383508770351826 141
1694446112010 0.06784610951280996 142
1694446112286 0.009668642228952794 143
1694446112564 0.020867053134426796 144
1694446112819 0.32967724790408 145
1694446113101 1.756382541620473e-05 146
1694446113363 0.16050093085007977 147
1694446113605 0.1742792221724301 148
1694446113868 0.0639402448588578 149
1694446114164 0.013951524859434647 150
1694446114433 0.18156965618833407 151
1694446114698 0.15184186087473137 152
1694446114966 0.12108408348128703 153
1694446115284 0.015091720884289108 154
1694446115566 0.2793950968049155 155
1694446115833 0.07459096907733358 156
1694446116025 0.029181286855673845 157
1694446116348 0.012393825141836132 158
1694446116608 0.16346598308978555 159
1694446116856 0.009503949700586255 160
1694446117118 0.13112022947249796 161
1694446117387 0.0011973324570228184 162
1694446117645 0.0017875362509916942 163
1694446117893 0.0016761065843215453 164
1694446118141 0.07842474032403517 165
1694446118409 0.001399748651019154 166
1694446118676 0.05445866976084948 167
1694446118934 0.02475066054664036 168
1694446119185 0.8069546179240356 169
1694446119478 0.13056666707111658 170
1694446119752 0.15015197157983343 171
1694446120018 0.09970306958037052 172
1694446120269 0.10431310200545031 173
1694446120526 0.0452612434093878 174
1694446120779 0.07868584793251336 175
1694446121030 0.17037037937709582 176
1694446121286 0.0014347622258079331 177
1694446121524 0.029801655043084487 178
1694446121779 0.05112963921703308 179
1694446122026 0.009790911867456746 180
1694446122267 0.011672086337240692 181
1694446122493 0.011227095356168374 182
1694446122723 0.0024260968207896823 183
1694446122948 0.13554366092324732 184
1694446123190 0.02310912199690859 185
1694446123442 0.003575250155734095 186
1694446123694 0.1815980605035062 187
1694446123944 0.07320036996701447 188
1694446124188 0.04699738545484488 189
1694446124448 0.02310108554409881 190
1694446124711 0.02254189348152488 191
1694446124976 0.03772280226936387 192
1694446125238 0.0793770983391081 193
1694446125508 0.03476845921917878 194
1694446125768 0.03450017030907396 195
1694446126025 0.012634373832968733 196
1694446126290 0.38047477969461424 197
1694446126554 0.026570219003100137 198
1694446126813 0.008601207660585355 199
1694446127084 0.33204972891091317 200
1694446127343 0.004536330802662931 201
1694446127631 0.0012606284689562056 202
1694446127910 0.2965605081933893 203
1694446128173 0.39688349800345546 204
1694446128452 0.004717141537882523 205
1694446128733 0.0021039297589698965 206
1694446128997 0.16530728256916802 207
1694446129258 0.029531542937754413 208
1694446129525 0.07822418076292897 209
1694446129777 0.5022119366891554 210
1694446130009 0.00031380154101754733 211
1694446130242 0.1561778246248893 212
1694446130490 0.47330966190073964 213
1694446130740 0.04664574104231507 214
1694446130989 0.027261515599478002 215
1694446131241 0.00215005942729018 216
1694446131516 0.014851244846318537 217
1694446131794 0.1475811441153439 218
1694446132056 0.0009570447671253824 219
1694446132312 0.06077098238235671 220
1694446132580 0.14070660137829158 221
1694446132835 0.025430204050934848 222
1694446133083 0.1859143286044973 223
1694446133339 0.04419504852348864 224
1694446133608 0.0730796157098381 225
1694446133871 0.15776880547680824 226
1694446134135 0.15773667315710688 227
1694446134383 0.39796781468182324 228
1694446134624 0.12250786747020197 229
1694446134877 0.003980113555150239 230
1694446135128 0.06047523090088796 231
1694446135381 0.06857524832739079 232
1694446135618 0.1611160901899069 233
1694446135864 0.0011956662152465725 234
1694446136111 0.05783999128862313 235
1694446136393 0.12500613944597255 236
1694446136640 0.0975716302879905 237
1694446136918 0.00834171043791391 238
1694446137187 0.005563082342535693 239
1694446137416 0.0007377346362813037 240
1694446137660 0.002571133248768662 241
1694446137915 0.012376995049193058 242
1694446138176 0.021234674920300272 243
1694446138430 0.0813036795664273 244
1694446138683 2.4937731135426783e-06 245
1694446138971 0.02518937925677829 246
1694446139228 0.15433326817085333 247
1694446139483 0.1287222623824365 248
1694446139750 0.02044895383555762 249
1694446140028 0.06504795067881669 250
1694446140292 0.009225829614236819 251
1694446140584 0.26733579786169265 252
1694446140849 0.07327320043904859 253
1694446141107 0.008220843281123352 254
1694446141389 0.015604717265525871 255
1694446141660 0.020972550521304537 256
1694446141919 0.29881529439960935 257
1694446142173 0.015342801600437862 258
1694446142439 0.11017219894834343 259
1694446142703 0.006737129557322968 260
1694446142976 0.06824731478310497 261
1694446143252 0.5368270317487762 262
1694446143519 0.01604777433615491 263
1694446143779 0.004611392950152908 264
1694446144042 0.24436219239138082 265
1694446144310 0.09201497019127741 266
1694446144572 0.0645138981197939 267
1694446144838 0.21429313579298265 268
1694446145105 0.0035163483136545722 269
1694446145386 0.03741521883997288 270
1694446145638 0.00030295928447385745 271
1694446145886 0.004493265940139634 272
1694446146135 0.048447017812420945 273
1694446146387 0.10686121835791433 274
1694446146651 0.4967920760104701 275
1694446146926 0.030014123059837652 276
1694446147184 0.27633456604023615 277
1694446147433 0.005590657932079568 278
1694446147681 0.20747682076229756 279
1694446147940 0.06601847796752229 280
1694446148204 0.01130125009632117 281
1694446148462 0.04004518526950633 282
1694446148734 0.10424755662385653 283
1694446148985 0.007533690199001635 284
1694446149244 8.18313353339625e-05 285
1694446149502 0.0018710169466162963 286
1694446149733 2.1329140062678345e-06 287
1694446149973 0.08794256806231826 288
1694446150208 0.05453079003838811 289
1694446150448 0.12250535843206574 290
1694446150684 0.1635827789961721 291
1694446150911 0.24575452294761496 292
1694446151130 0.06205000199812249 293
1694446151363 0.007447996287046865 294
1694446151615 0.011213996262115285 295
1694446151856 0.28731870446092994 296
1694446152100 0.08230822220801907 297
1694446152355 0.007509540897230221 298
1694446152603 0.26583951954021773 299
1694446152849 0.08370085703748201 300
1694446153124 0.004579067898381045 301
1694446153391 0.12005066917882183 302
1694446153640 0.014033259980424921 303
1694446153889 0.0019290428631046658 304
1694446154154 0.0029041923147355977 305
1694446154360 0.07547604709398958 306
1694446154635 0.021669257843175742 307
1694446154889 0.023052517451159524 308
1694446155154 0.24653041343662738 309
1694446155410 0.03561354937518391 310
1694446155672 0.036046829063887655 311
1694446155944 0.3193352265641247 312
1694446156205 0.025657110388771207 313
1694446156464 0.0014146277165578635 314
1694446156713 0.004135224889811898 315
1694446156986 0.46571942622512463 316
1694446157259 0.008895167347943695 317
1694446157538 0.08593907698931204 318
1694446157817 0.028619053227285123 319
1694446158102 0.17932410530652063 320
1694446158352 0.04322471367905909 321
1694446158615 0.46790812092592166 322
1694446158873 0.5622114450747134 323
1694446159159 0.003543731746282356 324
1694446159434 8.915240533139252e-07 325
1694446159684 0.005593488808638762 326
1694446159937 0.026480243194762672 327
1694446160209 1.783028266241337 328
1694446160475 0.4303989437442798 329
1694446160727 0.06633828276764825 330
1694446160979 0.0026265834193195947 331
1694446161239 0.06203667472781138 332
1694446161536 0.14094306145993385 333
1694446161793 0.0026109444489662553 334
1694446162039 0.06264616846924051 335
1694446162281 0.0020007171003441704 336
1694446162540 0.13907426039731957 337
1694446162709 0.13085746508791898 338
1694446163037 0.10923016695979874 339
1694446163281 0.11375423744735794 340
1694446163535 0.017450310629085017 341
1694446163805 0.005284203234880966 342
1694446164088 0.0029949320116029765 343
1694446164339 0.012921350409841898 344
1694446164603 0.001681894499470958 345
1694446164857 0.02082973887731561 346
1694446165119 0.00019066014661496 347
1694446165394 0.021489257008084253 348
1694446165645 0.19343829783425864 349
1694446165894 0.0010009179379126688 350
1694446166149 0.022858988891599718 351
1694446166405 0.0037032171801618906 352
1694446166687 0.22185819849109178 353
1694446166942 0.15743402396303893 354
1694446167196 0.017487157016237938 355
1694446167456 0.011961331456052935 356
1694446167723 0.0006295434120043124 357
1694446168057 0.0018739267677971422 358
1694446168317 0.03775008468582857 359
1694446168567 0.008279773552366894 360
1694446168832 0.11141662841107791 361
1694446169087 0.04138033728110091 362
1694446169308 0.7174703982954354 363
1694446169600 0.013518233676103312 364
1694446169867 4.222586592383732e-06 365
1694446170143 0.02993269157071671 366
1694446170411 0.2114178339352252 367
1694446170689 0.007268938332139165 368
1694446170946 0.44576191556374983 369
1694446171213 0.07002670116844907 370
1694446171491 0.11794485653145183 371
1694446171761 0.006632834427922422 372
1694446172081 0.002174644301408523 373
1694446172348 0.9183397516131152 374
1694446172626 0.01612312126959539 375
1694446172908 0.006689579175394783 376
1694446173170 0.062119938077575536 377
1694446173446 0.002625072401145366 378
1694446173694 0.07278980530425962 379
1694446173954 0.05814940831278696 380
1694446174206 0.011165637816549537 381
1694446174448 0.00028417413285689453 382
1694446174710 0.07975734582968837 383
1694446174965 0.11651519897700316 384
1694446175229 0.18382124514514134 385
1694446175476 0.00198716019485155 386
1694446175732 0.07519615497373393 387
1694446175975 0.003908674006542157 388
1694446176212 0.21089357021442104 389
1694446176459 0.012482050459910837 390
1694446176762 0.002128582772026045 391
1694446177016 0.00019619924889568855 392
1694446177307 0.0007633940465881433 393
1694446177551 0.006783115787166678 394
1694446177865 0.07393104401292092 395
1694446178161 4.71987810678046e-10 396
1694446178432 0.006140245630590774 397
1694446178715 0.06408370456145647 398
1694446178951 0.11802953589740019 399
1694446179203 0.27122299597231503 400
1694446179483 0.037267490626507756 401
1694446179770 0.013345032950074711 402
1694446180016 0.012944427711375188 403
1694446180263 0.1983161324657044 404
1694446180505 0.006778431356954989 405
1694446180778 0.17068877119321998 406
1694446181045 0.009959911727880964 407
1694446181311 0.04823852260293485 408
1694446181581 0.012201672584726793 409
1694446181863 0.025141961685514958 410
1694446182129 0.0018751686354124657 411
1694446182375 0.0004436090978305728 412
1694446182628 0.259922102568718 413
1694446182876 0.03227735849357796 414
1694446183148 0.004483734848888385 415
1694446183385 0.2237988964978399 416
1694446183645 0.04683375642108659 417
1694446183912 0.0009638785341160953 418
1694446184162 0.10205502209454224 419
1694446184436 0.0643890555191571 420
1694446184717 0.06648915631497099 421
1694446184980 0.11693809639920477 422
1694446185242 0.013322351480681754 423
1694446185498 0.16391726550596045 424
1694446185756 1.681787715415756e-07 425
1694446186018 0.14576969876928092 426
1694446186290 0.0003540349657345881 427
1694446186559 0.20889498088975442 428
1694446186823 0.043285566445896234 429
1694446187095 0.04868088392336691 430
1694446187362 0.005535095802766891 431
1694446187601 0.10295568914500855 432
1694446187875 0.000468765317055654 433
1694446188194 0.31225631095046325 434
1694446188448 0.013542214282774032 435
1694446188718 0.14246394963455725 436
1694446188975 0.035025041703718014 437
1694446189238 0.18675736017289482 438
1694446189495 0.0001133503565501893 439
1694446189748 0.01032498578781404 440
1694446189996 0.03414213754340922 441
1694446190221 0.17712728438798125 442
1694446190461 0.0032532621113601917 443
1694446190701 0.10045974516767373 444
1694446190954 0.007207539844596576 445
1694446191201 0.00871960410014604 446
1694446191448 0.09222835361451978 447
1694446191689 0.0391548531263274 448
1694446191944 0.042557992904054806 449
1694446192206 0.000223641079049214 450
1694446192492 0.055644488853487224 451
1694446192752 0.023745108833774183 452
1694446193011 0.014931845166027542 453
1694446193245 0.00017928866261086857 454
1694446193497 0.053713769303834404 455
1694446193728 0.08707691218668945 456
1694446193976 0.1797003705203411 457
1694446194216 0.011893476694356135 458
1694446194473 0.24854890615597944 459
1694446194716 0.002612574358047192 460
1694446194958 0.032626950969964916 461
1694446195205 0.0006135662701789872 462
1694446195447 0.055736845197070777 463
1694446195713 0.1289716115567203 464
1694446195969 0.07914714073724002 465
1694446196232 0.9667793983603534 466
1694446196476 0.08711915467653428 467
1694446196722 0.00034411363671608643 468
1694446196958 1.6685100028765514e-05 469
1694446197217 0.4608852275413945 470
1694446197427 0.4933202498660523 471
1694446197723 0.001793968027087221 472
1694446197975 0.1520206259860192 473
1694446198254 0.10270010847647755 474
1694446198484 0.00021375612466478647 475
1694446198731 0.2093798106645375 476
1694446198974 0.0035365461093213044 477
1694446199219 0.0003956810822285671 478
1694446199479 0.047415428927095764 479
1694446199735 4.1477022244339254e-05 480
1694446199975 0.12070305045873297 481
1694446200215 0.08853520154453189 482
1694446200455 0.015346890768319429 483
1694446200702 0.120925138887256 484
1694446200953 0.01102013732039238 485
1694446201179 0.5324602701444269 486
1694446201418 0.04853045349181505 487
1694446201658 0.0009949475957113099 488
1694446201920 9.349352254535915e-07 489
1694446202207 0.38613346459356274 490
1694446202490 0.05678627542830985 491
1694446202756 0.30997183932216243 492
1694446203044 0.12198158716568193 493
1694446203311 0.015478558949375776 494
1694446203573 0.36485333522117674 495
1694446203839 0.13594274959624822 496
1694446204089 0.00015302705727650079 497
1694446204351 0.01358262793972937 498
1694446204610 0.004434515386361238 499
