1694439181896 176.07756188357533 0
1694439181927 175.72237320934548 1
1694439181961 175.3678995522702 2
1694439181992 175.01413947272624 3
1694439182024 174.6610915339969 4
1694439182052 174.30875430226595 5
1694439182093 173.9571263466118 6
1694439182137 173.60620623900152 7
1694439182185 173.25599255428514 8
1694439182220 172.90648387018973 9
1694439182266 172.55767876731355 10
1694439182298 172.20957582912013 11
1694439182334 171.86217364193257 12
1694439182369 171.51547079492786 13
1694439182398 171.16946588013073 14
1694439182428 170.82415749240812 15
1694439182465 170.4795442294635 16
1694439182493 170.13562469183074 17
1694439182527 169.79239748286875 18
1694439182566 169.44986120875564 19
1694439182596 169.11319782809187 20
1694439182632 168.77720705570778 21
1694439182682 168.44188754247702 22
1694439182715 168.10723794199194 23
1694439182763 167.77325691055796 24
1694439182799 167.43994310718804 25
1694439182851 167.1072951935973 26
1694439182895 166.7753118341975 27
1694439182931 166.44399169609136 28
1694439182967 166.11333344906754 29
1694439183002 165.7833357655948 30
1694439183050 165.45399732081665 31
1694439183097 165.1253167925461 32
1694439183149 164.79729286126002 33
1694439183195 164.46992421009392 34
1694439183232 164.14320952483635 35
1694439183273 163.8171474939238 36
1694439183329 163.49173680843506 37
1694439183402 163.16697616208606 38
1694439183458 162.8428642512243 39
1694439183495 162.5193997748238 40
1694439183531 162.19658143447955 41
1694439183564 161.87440793440223 42
1694439183595 161.55287798141302 43
1694439183628 161.23199028493815 44
1694439183661 160.91174355700383 45
1694439183693 160.59213651223072 46
1694439183724 160.2731678678288 47
1694439183774 159.9548363435921 48
1694439183809 159.63714066189362 49
1694439183851 159.3200795476798 50
1694439183892 159.00365172846546 51
1694439183924 158.68785593432872 52
1694439183953 158.37269089790553 53
1694439183990 158.05815535438467 54
1694439184026 157.74424804150254 55
1694439184058 157.43096769953806 56
1694439184089 157.11831307130728 57
1694439184123 156.80628290215856 58
1694439184160 156.49487593996713 59
1694439184194 156.18409093513029 60
1694439184223 155.87392664056188 61
1694439184257 155.5643818116876 62
1694439184285 155.25545520643973 63
1694439184315 154.947145585252 64
1694439184349 154.63945171105453 65
1694439184391 154.3323723492689 66
1694439184429 154.025906267803 67
1694439184467 153.72005223704602 68
1694439184500 153.41480902986328 69
1694439184531 153.11017542159155 70
1694439184561 152.80615019003366 71
1694439184591 152.50273211545374 72
1694439184624 152.19991998057216 73
1694439184657 151.89771257056051 74
1694439184690 151.59610867303678 75
1694439184724 151.29510707806017 76
1694439184758 150.9947065781264 77
1694439184793 150.69490596816254 78
1694439184825 150.3957040455223 79
1694439184862 150.09709960998086 80
1694439184899 149.79909146373024 81
1694439184943 149.50167841137417 82
1694439184992 149.20485925992338 83
1694439185028 148.90863281879058 84
1694439185067 148.6129978997857 85
1694439185107 148.317953317111 86
1694439185145 148.0234978873562 87
1694439185183 147.7296304294936 88
1694439185217 147.4363497648734 89
1694439185251 147.14365471721874 90
1694439185285 146.8515441126209 91
1694439185316 146.56001677953475 92
1694439185357 146.2690715487735 93
1694439185393 145.97870725350433 94
1694439185425 145.68892272924344 95
1694439185464 145.39971681385134 96
1694439185500 145.11108834752807 97
1694439185530 144.82303617280854 98
1694439185567 144.5355591345576 99
1694439185606 144.24865607996557 100
1694439185636 143.96232585854338 101
1694439185678 143.676567322118 102
1694439185708 143.39137932482748 103
1694439185736 143.10676072311665 104
1694439185766 142.82271037573202 105
1694439185803 142.53922714371754 106
1694439185834 142.25630989040968 107
1694439185867 141.97395748143288 108
1694439185898 141.69216878469481 109
1694439185930 141.41094267038193 110
1694439185962 141.1302780109547 111
1694439185994 140.85017368114316 112
1694439186027 140.5706285579421 113
1694439186064 140.29164152060667 114
1694439186115 140.01321145064773 115
1694439186157 139.7353372318273 116
1694439186203 139.45801775015389 117
1694439186252 139.1812518938782 118
1694439186296 138.90503855348825 119
1694439186333 138.62937662170526 120
1694439186390 138.35426499347864 121
1694439186432 138.07970256598196 122
1694439186483 137.805688238608 123
1694439186544 137.53222091296476 124
1694439186578 137.2592994928704 125
1694439186611 136.98692288434927 126
1694439186647 136.71508999562715 127
1694439186680 136.44379973712688 128
1694439186724 136.17305102146392 129
1694439186757 135.90284276344192 130
1694439186790 135.63317388004825 131
1694439186824 135.3640432904496 132
1694439186857 135.09544991598753 133
1694439186890 134.82739268017428 134
1694439186923 134.55987050868796 135
1694439186960 134.29288232936858 136
1694439186994 134.02642707221347 137
1694439187027 133.7605036693729 138
1694439187071 133.49511105514586 139
1694439187100 133.23024816597547 140
1694439187131 132.96591394044498 141
1694439187165 132.70210731927313 142
1694439187193 132.43882724530997 143
1694439187224 132.17607266353252 144
1694439187264 131.91384252104052 145
1694439187294 131.65213576705207 146
1694439187326 131.39095135289932 147
1694439187360 131.13028823202424 148
1694439187395 130.87014535997434 149
1694439187425 130.61052169439847 150
1694439187453 130.35141619504248 151
1694439187484 130.09282782374493 152
1694439187516 129.83475554443302 153
1694439187548 129.57719832311827 154
1694439187580 129.32015512789226 155
1694439187611 129.06362492892248 156
1694439187644 128.80760669844815 157
1694439187678 128.55209941077604 158
1694439187709 128.29710204227607 159
1694439187745 128.0426135713775 160
1694439187783 127.7886329785645 161
1694439187823 127.53515924637202 162
1694439187853 127.28219135938178 163
1694439187901 127.02972830421795 164
1694439187934 126.77776906954321 165
1694439187977 126.52631264605435 166
1694439188012 126.27535802647854 167
1694439188049 126.02490420556884 168
1694439188084 125.77495018010035 169
1694439188115 125.52549494886603 170
1694439188148 125.27653751267262 171
1694439188181 125.02807687433658 172
1694439188215 124.78011203868002 173
1694439188244 124.53264201252665 174
1694439188281 124.28566580469771 175
1694439188316 124.039182426008 176
1694439188349 123.79319088926168 177
1694439188401 123.5476902092485 178
1694439188431 123.30267940273951 179
1694439188461 123.05815748848332 180
1694439188495 122.81412348720185 181
1694439188526 122.57057642158657 182
1694439188555 122.32751531629425 183
1694439188598 122.0849391979433 184
1694439188636 121.84284709510955 185
1694439188683 121.6012380383224 186
1694439188715 121.36011106006089 187
1694439188750 121.1194651947497 188
1694439188784 120.87929947875519 189
1694439188814 120.63961295038158 190
1694439188844 120.40040464986697 191
1694439188885 120.16167361937941 192
1694439188918 119.923418903013 193
1694439188948 119.68563954678409 194
1694439188985 119.44833459862726 195
1694439189018 119.21150310839147 196
1694439189051 118.97514412783629 197
1694439189094 118.73925671062796 198
1694439189124 118.50383991233548 199
1694439189163 118.2688927904269 200
1694439189194 118.03441440426538 201
1694439189226 117.80040381510534 202
1694439189260 117.56686008608874 203
1694439189294 117.33378228224117 204
1694439189502 117.10116947046815 205
1694439189535 116.86902071955114 206
1694439189567 116.63733510014396 207
1694439189602 116.40611168476885 208
1694439189632 116.1753495478128 209
1694439189664 115.94504776552374 210
1694439189698 115.7152054160067 211
1694439189729 115.4858215792202 212
1694439189760 115.25689533697242 213
1694439189794 115.02842577291743 214
1694439189825 114.8004119725516 215
1694439189861 114.57285302320967 216
1694439189894 114.34574801406119 217
1694439189929 114.1190960361068 218
1694439189962 113.89289618217444 219
1694439189994 113.66714754691574 220
1694439190026 113.44184922680229 221
1694439190061 113.21700032012203 222
1694439190095 112.99259992697544 223
1694439190125 112.76864714927204 224
1694439190159 112.54514109072659 225
1694439190193 112.32208085685564 226
1694439190229 112.09946555497356 227
1694439190266 111.87729429418933 228
1694439190299 111.65556618540249 229
1694439190331 111.43428034129983 230
1694439190368 111.2134358763517 231
1694439190407 110.99303190680827 232
1694439190440 110.77306755069617 233
1694439190477 110.55354192781463 234
1694439190508 110.33445415973213 235
1694439190544 110.11580336978277 236
1694439190579 109.89758868306252 237
1694439190611 109.67980922642599 238
1694439190644 109.46246412848258 239
1694439190679 109.24555251959306 240
1694439190713 109.02907353186608 241
1694439190746 108.81302629915447 242
1694439190781 108.59740995705195 243
1694439190823 108.38222364288944 244
1694439190856 108.16746649573157 245
1694439190907 107.95313765637323 246
1694439190940 107.73923626733608 247
1694439190979 107.52576147286499 248
1694439191013 107.31271241892462 249
1694439191045 107.10008825319595 250
1694439191078 106.88788812507276 251
1694439191115 106.67611118565824 252
1694439191147 106.46475658776147 253
1694439191180 106.25382348589399 254
1694439191213 106.04331103626643 255
1694439191247 105.83321839678494 256
1694439191283 105.62354472704794 257
1694439191317 105.41428918834258 258
1694439191357 105.20545094364132 259
1694439191397 104.99702915759863 260
1694439191432 104.78902299654746 261
1694439191465 104.58143162849596 262
1694439191500 104.3742542231241 263
1694439191533 104.16748995178015 264
1694439191566 103.96113798747749 265
1694439191614 103.75519750489111 266
1694439191647 103.54966768035442 267
1694439191685 103.34454769185562 268
1694439191730 103.13983671903469 269
1694439191761 102.93553394317982 270
1694439191798 102.7316385472242 271
1694439191829 102.5281497157426 272
1694439191866 102.32506663494812 273
1694439191914 102.12238849268894 274
1694439191958 101.9201144784449 275
1694439191996 101.71824378332425 276
1694439192029 101.51677560006038 277
1694439192058 101.31570912300856 278
1694439192086 101.11504354814258 279
1694439192118 100.91477807305158 280
1694439192151 100.71491189693671 281
1694439192186 100.51544422060793 282
1694439192223 100.31637424648076 283
1694439192258 100.11770117857294 284
1694439192291 99.91942422250138 285
1694439192326 99.72154258547873 286
1694439192359 99.52405547631034 287
1694439192395 99.32696210539092 288
1694439192428 99.13026168470135 289
1694439192460 98.93395342780558 290
1694439192493 98.73803654984721 291
1694439192536 98.54251026754662 292
1694439192581 98.34737379919744 293
1694439192630 98.15262636466367 294
1694439192663 97.95826718537637 295
1694439192711 97.76429548433046 296
1694439192742 97.57071048608164 297
1694439192779 97.37751141674326 298
1694439192814 97.18469750398303 299
1694439192844 96.99226797702008 300
1694439192886 96.8002220666217 301
1694439192922 96.60855900510026 302
1694439192954 96.41727802631006 303
1694439192995 96.22637836564425 304
1694439193032 96.03585926003169 305
1694439193080 95.8457199479339 306
1694439193126 95.65595966934197 307
1694439193164 95.46657766577334 308
1694439193212 95.27757318026894 309
1694439193253 95.08894545738993 310
1694439193284 94.9006937432147 311
1694439193329 94.71281728533582 312
1694439193365 94.52531533285702 313
1694439193398 94.33818713638999 314
1694439193432 94.15143194805154 315
1694439193475 93.96504902146037 316
1694439193519 93.77903761173422 317
1694439193570 93.59339697548671 318
1694439193616 93.40812637082439 319
1694439193658 93.22322505734367 320
1694439193699 93.0386922961279 321
1694439193749 92.85452734974426 322
1694439193798 92.67072948224087 323
1694439193844 92.48729795914379 324
1694439193877 92.30423204745391 325
1694439193915 92.12153101564411 326
1694439193952 91.93919413365633 327
1694439193984 91.75722067289841 328
1694439194028 91.57560990624131 329
1694439194064 91.39436110801607 330
1694439194098 91.21347355401095 331
1694439194137 91.03294652146833 332
1694439194177 90.85277928908197 333
1694439194219 90.67297113699397 334
1694439194261 90.49352134679181 335
1694439194296 90.31442920150556 336
1694439194334 90.13569398560489 337
1694439194375 89.95731498499617 338
1694439194411 89.77929148701953 339
1694439194450 89.60162278044609 340
1694439194485 89.42430815547499 341
1694439194518 89.2473469037305 342
1694439194558 89.07073831825915 343
1694439194593 88.89448169352693 344
1694439194628 88.7185763254163 345
1694439194660 88.5430215112235 346
1694439194698 88.36781654965553 347
1694439194736 88.1929607408274 348
1694439194778 88.01845338625927 349
1694439194825 87.84429378887361 350
1694439194867 87.67048125299243 351
1694439194910 87.49701508433432 352
1694439194953 87.32389459001179 353
1694439194987 87.15111907852835 354
1694439195031 86.97868785977575 355
1694439195066 86.80660024503116 356
1694439195110 86.63485554695441 357
1694439195142 86.46345307958516 358
1694439195174 86.29239215834016 359
1694439195207 86.12167210001044 360
1694439195242 85.9512922227585 361
1694439195278 85.78125184611567 362
1694439195308 85.61155029097924 363
1694439195337 85.44218687960976 364
1694439195370 85.27316093562818 365
1694439195403 85.10447178401334 366
1694439195441 84.93611875109895 367
1694439195495 84.76810116457108 368
1694439195548 84.60041835346532 369
1694439195586 84.43306964816408 370
1694439195634 84.2660543803939 371
1694439195670 84.09937188322273 372
1694439195699 83.93302149105719 373
1694439195730 83.76724987936245 374
1694439195763 83.60180818649955 375
1694439195796 83.43669575325922 376
1694439195836 83.27191192175366 377
1694439195869 83.10745603541392 378
1694439195907 82.94332743898727 379
1694439195949 82.77952547853448 380
1694439195980 82.61604950142727 381
1694439196014 82.45289885634556 382
1694439196044 82.29007289327495 383
1694439196079 82.12757096350403 384
1694439196127 81.96539241962172 385
1694439196160 81.80353661551476 386
1694439196199 81.64200290636505 387
1694439196238 81.48079064864697 388
1694439196272 81.3198992001249 389
1694439196309 81.15932791985051 390
1694439196344 80.99907616816036 391
1694439196378 80.839143306673 392
1694439196473 80.67952869828673 393
1694439196538 80.52023170717678 394
1694439196596 80.36125169879284 395
1694439196637 80.20258803985656 396
1694439196669 80.04424009835878 397
1694439196703 79.88620724355728 398
1694439196731 79.72848884597389 399
1694439196762 79.57108427739229 400
1694439196792 79.41399291085519 401
1694439196826 79.25721412066194 402
1694439196859 79.100747282366 403
1694439196896 78.94459177277233 404
1694439196934 78.788746969935 405
1694439196968 78.63321225315457 406
1694439197012 78.47798700297558 407
1694439197049 78.32307060118418 408
1694439197081 78.16846243080552 409
1694439197120 78.0141618761012 410
1694439197157 77.86016832256692 411
1694439197191 77.70648115692998 412
1694439197221 77.55309976714669 413
1694439197259 77.40002354239998 414
1694439197297 77.24725187309697 415
1694439197333 77.0947841508664 416
1694439197372 76.9426197685563 417
1694439197403 76.79075812023136 418
1694439197437 76.63919860117073 419
1694439197474 76.48794060786533 420
1694439197502 76.33698353801557 421
1694439197536 76.1863267905289 422
1694439197575 76.03608471487094 423
1694439197612 75.88614132258598 424
1694439197660 75.73649601785884 425
1694439197700 75.58714820606546 426
1694439197737 75.43809729377043 427
1694439197777 75.28934268872467 428
1694439197814 75.14088379986308 429
1694439197858 74.99272003730206 430
1694439197891 74.84485081233731 431
1694439197929 74.6972755374413 432
1694439197969 74.549993626261 433
1694439198002 74.40300449361553 434
1694439198046 74.25630755549378 435
1694439198081 74.10990222905212 436
1694439198114 73.96378793261195 437
1694439198149 73.81796408565752 438
1694439198181 73.67243010883348 439
1694439198214 73.52718542394263 440
1694439198252 73.38222945394351 441
1694439198292 73.23756162294825 442
1694439198327 73.09318135622001 443
1694439198359 72.94908808017101 444
1694439198389 72.80528122235987 445
1694439198429 72.66176021148954 446
1694439198459 72.518524477405 447
1694439198487 72.37557345109086 448
1694439198520 72.23290656466918 449
1694439198550 72.09052325139712 450
1694439198583 71.94842294566476 451
1694439198615 71.80660508299275 452
1694439198652 71.66506910003002 453
1694439198682 71.52381443455161 454
1694439198710 71.38284052545642 455
1694439198757 71.24214681276483 456
1694439198795 71.10173273761659 457
1694439198834 70.9615977422685 458
1694439198865 70.82174127009225 459
1694439198897 70.68216276557207 460
1694439198925 70.54286167430263 461
1694439198959 70.4038374429867 462
1694439198993 70.26508951943305 463
1694439199030 70.12661735255415 464
1694439199064 69.9884203923639 465
1694439199099 69.85049808997567 466
1694439199135 69.71284989759981 467
1694439199168 69.57547526854161 468
1694439199199 69.43837365719908 469
1694439199231 69.30154451906078 470
1694439199268 69.16498731070358 471
1694439199301 69.02870148979055 472
1694439199334 68.89268651506872 473
1694439199369 68.75694184636694 474
1694439199399 68.62146694459378 475
1694439199431 68.48626127173519 476
1694439199467 68.35132429085255 477
1694439199503 68.21665546608037 478
1694439199542 68.08225426262422 479
1694439199574 67.94812014675855 480
1694439199603 67.81425258582455 481
1694439199633 67.68065104822804 482
1694439199666 67.5473150034373 483
1694439199696 67.41424392198097 484
1694439199726 67.28143727544594 485
1694439199759 67.14889453647517 486
1694439199792 67.01661517876566 487
1694439199827 66.88459867706626 488
1694439199864 66.75284450717562 489
1694439199895 66.62135214594011 490
1694439199926 66.4901210712516 491
1694439199957 66.35915076204549 492
1694439199991 66.22844069829856 493
1694439200027 66.09799036102693 494
1694439200059 65.96779923228394 495
1694439200093 65.83786679515809 496
1694439200126 65.70819253377094 497
1694439200159 65.57877593327511 498
1694439200190 65.44961647985212 499
