1694440936412 0.0 0
1694440936752 0.0 1
1694440937053 0.0 2
1694440937370 0.0 3
1694440937717 0.0 4
1694440938015 0.0 5
1694440938269 0.0 6
1694440938594 0.0 7
1694440938866 0.0 8
1694440939173 0.0 9
1694440939457 0.0 10
1694440939780 0.0 11
1694440940051 0.0 12
1694440940365 0.0 13
1694440940704 0.0 14
1694440941029 0.0 15
1694440941348 0.0 16
1694440941650 0.0 17
1694440941953 0.0 18
1694440942289 0.0 19
1694440942615 0.0 20
1694440942927 0.0 21
1694440943214 0.0 22
1694440943536 0.0 23
1694440943860 0.0 24
1694440944120 0.0 25
1694440944399 0.0 26
1694440944725 0.0 27
1694440945055 0.0 28
1694440945341 0.0 29
1694440945666 0.0 30
1694440945946 0.0 31
1694440946238 0.0 32
1694440946519 0.0 33
1694440946799 0.0 34
1694440947110 0.0 35
1694440947431 0.0 36
1694440947732 0.0 37
1694440948052 0.0 38
1694440948334 0.0 39
1694440948649 0.0 40
1694440948961 0.0 41
1694440949267 0.0 42
1694440949536 0.0 43
1694440949813 0.0 44
1694440950137 0.0 45
1694440950454 0.0 46
1694440950776 0.0 47
1694440951094 0.0 48
1694440951398 0.0 49
1694440951695 0.0 50
1694440951991 0.0 51
1694440952306 0.0 52
1694440952573 0.0 53
1694440952898 0.0 54
1694440953213 0.0 55
1694440953553 0.0 56
1694440953879 0.0 57
1694440954198 0.0 58
1694440954507 0.0 59
1694440954805 0.0 60
1694440955135 0.0 61
1694440955409 0.0 62
1694440955746 0.0 63
1694440956068 0.0 64
1694440956354 0.0 65
1694440956699 0.0 66
1694440956982 0.0 67
1694440957287 0.0 68
1694440957614 0.0 69
1694440957964 0.0 70
1694440958288 0.0 71
1694440958568 0.0 72
1694440958889 0.0 73
1694440959168 0.0 74
1694440959485 0.0 75
1694440959805 0.0 76
1694440960121 0.0 77
1694440960437 0.0 78
1694440960741 0.0 79
1694440961053 0.0 80
1694440961395 0.0 81
1694440961687 0.0 82
1694440961938 0.0 83
1694440962250 0.0 84
1694440962566 0.0 85
1694440962838 0.0 86
1694440963150 0.0 87
1694440963451 0.0 88
1694440963780 0.0 89
1694440964107 0.0 90
1694440964429 0.0 91
1694440964764 0.0 92
1694440965077 0.0 93
1694440965394 0.0 94
1694440965673 0.0 95
1694440965998 0.0 96
1694440966301 0.0 97
1694440966629 0.0 98
1694440966915 0.0 99
1694440967200 0.0 100
1694440967509 0.0 101
1694440967770 0.0 102
1694440968033 0.0 103
1694440968318 0.0 104
1694440968643 0.0 105
1694440968942 0.0 106
1694440969263 0.0 107
1694440969594 0.0 108
1694440969867 0.0 109
1694440970149 0.0 110
1694440970464 0.0 111
1694440970797 0.0 112
1694440971118 0.0 113
1694440971436 0.0 114
1694440971771 0.0 115
1694440972061 0.0 116
1694440972348 0.0 117
1694440972661 0.0 118
1694440973019 0.0 119
1694440973334 0.0 120
1694440973663 0.0 121
1694440973957 0.0 122
1694440974252 0.0 123
1694440974576 0.0 124
1694440974915 0.0 125
1694440975179 0.0 126
1694440975527 0.0 127
1694440975827 0.0 128
1694440976102 0.0 129
1694440976414 0.0 130
1694440976711 0.0 131
1694440977013 0.0 132
1694440977347 0.0 133
1694440977651 0.0 134
1694440977973 0.0 135
1694440978295 0.0 136
1694440978615 0.0 137
1694440978894 0.0 138
1694440979214 0.0 139
1694440979480 0.0 140
1694440979744 0.0 141
1694440980037 0.0 142
1694440980356 0.0 143
1694440980659 0.0 144
1694440980996 0.0 145
1694440981313 0.0 146
1694440981634 0.0 147
1694440981962 0.0 148
1694440982282 0.0 149
1694440982584 0.0 150
1694440982911 0.0 151
1694440983192 0.0 152
1694440983503 0.0 153
1694440983799 0.0 154
1694440984108 0.0 155
1694440984410 0.0 156
1694440984719 0.0 157
1694440985030 0.0 158
1694440985339 0.0 159
1694440985670 0.0 160
1694440985974 0.0 161
1694440986290 0.0 162
1694440986566 0.0 163
1694440986856 0.0 164
1694440987210 0.0 165
1694440987512 0.0 166
1694440987795 0.0 167
1694440988082 0.0 168
1694440988404 0.0 169
1694440988668 0.0 170
1694440988979 0.0 171
1694440989287 0.0 172
1694440989567 0.0 173
1694440989821 0.0 174
1694440990088 0.0 175
1694440990354 0.0 176
1694440990665 0.0 177
1694440990933 0.0 178
1694440991220 0.0 179
1694440991505 0.0 180
1694440991796 0.0 181
1694440992101 0.0 182
1694440992369 0.0 183
1694440992703 0.0 184
1694440992978 0.0 185
1694440993278 0.0 186
1694440993550 0.0 187
1694440993858 0.0 188
1694440994153 0.0 189
1694440994476 0.0 190
1694440994752 0.0 191
1694440995028 0.0 192
1694440995344 0.0 193
1694440995626 0.0 194
1694440995908 0.0 195
1694440996208 0.0 196
1694440996533 0.0 197
1694440996831 0.0 198
1694440997155 0.0 199
1694440997455 0.0 200
1694440997775 0.0 201
1694440998084 0.0 202
1694440998354 0.0 203
1694440998623 0.0 204
1694440998920 0.0 205
1694440999237 0.0 206
1694440999556 0.0 207
1694440999883 0.0 208
1694441000171 0.0 209
1694441000476 0.0 210
1694441000776 0.0 211
1694441001055 0.0 212
1694441001362 0.0 213
1694441001663 0.0 214
1694441002025 0.0 215
1694441002304 0.0 216
1694441002573 0.0 217
1694441002878 0.0 218
1694441003149 0.0 219
1694441003433 0.0 220
1694441003727 0.0 221
1694441004037 0.0 222
1694441004367 0.0 223
1694441004669 0.0 224
1694441004935 0.0 225
1694441005218 0.0 226
1694441005512 0.0 227
1694441005820 0.0 228
1694441006077 0.0 229
1694441006393 0.0 230
1694441006707 0.0 231
1694441006956 0.0 232
1694441007211 0.0 233
1694441007525 0.0 234
1694441007804 0.0 235
1694441008099 0.0 236
1694441008407 0.0 237
1694441008723 0.0 238
1694441009035 0.0 239
1694441009353 0.0 240
1694441009666 0.0 241
1694441009970 0.0 242
1694441010300 0.0 243
1694441010618 0.0 244
1694441010924 0.0 245
1694441011217 0.0 246
1694441011513 0.0 247
1694441011849 0.0 248
1694441012154 0.0 249
1694441012456 0.0 250
1694441012779 0.0 251
1694441013074 0.0 252
1694441013388 0.0 253
1694441013699 0.0 254
1694441013998 0.0 255
1694441014274 0.0 256
1694441014586 0.0 257
1694441014912 0.0 258
1694441015207 0.0 259
1694441015522 0.0 260
1694441015815 0.0 261
1694441016104 0.0 262
1694441016394 0.0 263
1694441016678 0.0 264
1694441016971 0.0 265
1694441017286 0.0 266
1694441017558 0.0 267
1694441017870 0.0 268
1694441018220 0.0 269
1694441018597 0.0 270
1694441018895 0.0 271
1694441019224 0.0 272
1694441019548 0.0 273
1694441019870 0.0 274
1694441020179 0.0 275
1694441020467 0.0 276
1694441020779 0.0 277
1694441021101 0.0 278
1694441021432 0.0 279
1694441021775 0.0 280
1694441022089 0.0 281
1694441022389 0.0 282
1694441022683 0.0 283
1694441022976 0.0 284
1694441023319 0.0 285
1694441023580 0.0 286
1694441023836 0.0 287
1694441024136 0.0 288
1694441024450 0.0 289
1694441024778 0.0 290
1694441025115 0.0 291
1694441025433 0.0 292
1694441025784 0.0 293
1694441026070 0.0 294
1694441026344 0.0 295
1694441026668 0.0 296
1694441026939 0.0 297
1694441027259 0.0 298
1694441027577 0.0 299
1694441027903 0.0 300
1694441028225 0.0 301
1694441028520 0.0 302
1694441028844 0.0 303
1694441029153 0.0 304
1694441029480 0.0 305
1694441029775 0.0 306
1694441030083 0.0 307
1694441030368 0.0 308
1694441030678 0.0 309
1694441030935 0.0 310
1694441031204 0.0 311
1694441031506 0.0 312
1694441031830 0.0 313
1694441032150 0.0 314
1694441032450 0.0 315
1694441032728 0.0 316
1694441033021 0.0 317
1694441033326 0.0 318
1694441033638 0.0 319
1694441033958 0.0 320
1694441034284 0.0 321
1694441034591 0.0 322
1694441034898 0.0 323
1694441035180 0.0 324
1694441035445 0.0 325
1694441035755 0.0 326
1694441036029 0.0 327
1694441036267 0.0 328
1694441036540 0.0 329
1694441036843 0.0 330
1694441037157 0.0 331
1694441037467 0.0 332
1694441037783 0.0 333
1694441038105 0.0 334
1694441038431 0.0 335
1694441038757 0.0 336
1694441039083 0.0 337
1694441039405 0.0 338
1694441039736 0.0 339
1694441040038 0.0 340
1694441040367 0.0 341
1694441040673 0.0 342
1694441040985 0.0 343
1694441041338 0.0 344
1694441041600 0.0 345
1694441041886 0.0 346
1694441042190 0.0 347
1694441042488 0.0 348
1694441042812 0.0 349
1694441043104 0.0 350
1694441043433 0.0 351
1694441043765 0.0 352
1694441044070 0.0 353
1694441044394 0.0 354
1694441044690 0.0 355
1694441044985 0.0 356
1694441045289 0.0 357
1694441045551 0.0 358
1694441045889 0.0 359
1694441046226 0.0 360
1694441046534 0.0 361
1694441046817 0.0 362
1694441047120 0.0 363
1694441047443 0.0 364
1694441047761 0.0 365
1694441048055 0.0 366
1694441048382 0.0 367
1694441048701 0.0 368
1694441049020 0.0 369
1694441049352 0.0 370
1694441049602 0.0 371
1694441049856 0.0 372
1694441050162 0.0 373
1694441050454 0.0 374
1694441050753 0.0 375
1694441051060 0.0 376
1694441051379 0.0 377
1694441051664 0.0 378
1694441051926 0.0 379
1694441052220 0.0 380
1694441052539 0.0 381
1694441052838 0.0 382
1694441053143 0.0 383
1694441053449 0.0 384
1694441053767 0.0 385
1694441054097 0.0 386
1694441054399 0.0 387
1694441054708 0.0 388
1694441055009 0.0 389
1694441055329 0.0 390
1694441055646 0.0 391
1694441055922 0.0 392
1694441056169 0.0 393
1694441056438 0.0 394
1694441056742 0.0 395
1694441057038 0.0 396
1694441057302 0.0 397
1694441057574 0.0 398
1694441057856 0.0 399
1694441058154 0.0 400
1694441058449 0.0 401
1694441058757 0.0 402
1694441059037 0.0 403
1694441059320 0.0 404
1694441059625 0.0 405
1694441059943 0.0 406
1694441060272 0.0 407
1694441060525 0.0 408
1694441060838 0.0 409
1694441061140 0.0 410
1694441061451 0.0 411
1694441061750 0.0 412
1694441062046 0.0 413
1694441062328 0.0 414
1694441062637 0.0 415
1694441062938 0.0 416
1694441063271 0.0 417
1694441063565 0.0 418
1694441063878 0.0 419
1694441064182 0.0 420
1694441064461 0.0 421
1694441064773 0.0 422
1694441065092 0.0 423
1694441065419 0.0 424
1694441065701 0.0 425
1694441066030 0.0 426
1694441066305 0.0 427
1694441066604 0.0 428
1694441066941 0.0 429
1694441067250 0.0 430
1694441067566 0.0 431
1694441067855 0.0 432
1694441068162 0.0 433
1694441068473 0.0 434
1694441068777 0.0 435
1694441069098 0.0 436
1694441069428 0.0 437
1694441069705 0.0 438
1694441070012 0.0 439
1694441070283 0.0 440
1694441070558 0.0 441
1694441070822 0.0 442
1694441071075 0.0 443
1694441071346 0.0 444
1694441071650 0.0 445
1694441071953 0.0 446
1694441072240 0.0 447
1694441072533 0.0 448
1694441072820 0.0 449
1694441073092 0.0 450
1694441073394 0.0 451
1694441073706 0.0 452
1694441074004 0.0 453
1694441074295 0.0 454
1694441074565 0.0 455
1694441074843 0.0 456
1694441075140 0.0 457
1694441075432 0.0 458
1694441075755 0.0 459
1694441076051 0.0 460
1694441076365 0.0 461
1694441076674 0.0 462
1694441076960 0.0 463
1694441077273 0.0 464
1694441077549 0.0 465
1694441077803 0.0 466
1694441078108 0.0 467
1694441078427 0.0 468
1694441078735 0.0 469
1694441079064 0.0 470
1694441079383 0.0 471
1694441079706 0.0 472
1694441080007 0.0 473
1694441080342 0.0 474
1694441080649 0.0 475
1694441080956 0.0 476
1694441081218 0.0 477
1694441081520 0.0 478
1694441081814 0.0 479
1694441082106 0.0 480
1694441082406 0.0 481
1694441082729 0.0 482
1694441083058 0.0 483
1694441083372 0.0 484
1694441083666 0.0 485
1694441083971 0.0 486
1694441084285 0.0 487
1694441084580 0.0 488
1694441084892 0.0 489
1694441085157 0.0 490
1694441085430 0.0 491
1694441085725 0.0 492
1694441086040 0.0 493
1694441086353 0.0 494
1694441086653 0.0 495
1694441086971 0.0 496
1694441087254 0.0 497
1694441087556 0.0 498
1694441087859 0.0 499
