1694439294522 -0.011767272948818741 0
1694439294562 -0.011767143235709154 1
1694439294599 -0.011767013393392922 2
1694439294637 -0.011766883421839847 3
1694439294677 -0.011766753321021062 4
1694439294741 -0.011766623090905481 5
1694439294804 -0.011766492731464018 6
1694439294885 -0.011766362242666029 7
1694439294930 -0.011766231624483092 8
1694439294964 -0.011766100876883456 9
1694439294996 -0.011765969999838921 10
1694439295032 -0.011765838993318622 11
1694439295067 -0.011765707857292806 12
1694439295099 -0.011765576591731719 13
1694439295140 -0.011765445196605384 14
1694439295170 -0.011765313671883826 15
1694439295210 -0.01176518201753729 16
1694439295247 -0.011765050233536023 17
1694439295292 -0.01176491831984916 18
1694439295330 -0.011764786276447614 19
1694439295371 -0.011764654103301408 20
1694439295450 -0.011764521800379901 21
1694439295503 -0.011764389367653783 22
1694439295593 -0.011764256805092854 23
1694439295629 -0.011764124112667362 24
1694439295669 -0.011763991290347109 25
1694439295717 -0.011763858338101674 26
1694439295769 -0.011763725255901969 27
1694439295802 -0.011763592043717574 28
1694439295858 -0.011763458701518292 29
1694439295897 -0.011763325229274368 30
1694439295953 -0.011763191626955383 31
1694439295987 -0.011763057894531803 32
1694439296028 -0.011762924031973654 33
1694439296069 -0.01176279003925007 34
1694439296107 -0.011762655916332188 35
1694439296141 -0.011762521663188918 36
1694439296176 -0.01176238727979051 37
1694439296212 -0.011762252766107428 38
1694439296251 -0.011762118122109033 39
1694439296294 -0.011761983347765348 40
1694439296335 -0.011761848443046397 41
1694439296386 -0.011761713407921981 42
1694439296430 -0.011761578242362125 43
1694439296476 -0.011761442946336631 44
1694439296506 -0.0117613075198153 45
1694439296539 -0.011761171962768602 46
1694439296573 -0.01176103627516567 47
1694439296602 -0.01176090045697653 48
1694439296636 -0.011760764508171206 49
1694439296670 -0.011760628428719277 50
1694439296701 -0.011760492218591656 51
1694439296737 -0.01176035587775659 52
1694439296771 -0.011760219406184769 53
1694439296800 -0.011760082803846439 54
1694439296839 -0.011759946070710736 55
1694439296871 -0.011759809206747907 56
1694439296902 -0.011759672211927086 57
1694439296937 -0.011759535086219186 58
1694439296969 -0.011759397829593121 59
1694439297000 -0.011759260442018915 60
1694439297031 -0.011759122923466592 61
1694439297065 -0.011758985273905509 62
1694439297095 -0.01175884749330569 63
1694439297128 -0.011758709581637383 64
1694439297159 -0.011758571538869278 65
1694439297193 -0.011758433364972065 66
1694439297222 -0.011758295059915547 67
1694439297254 -0.011758156623668858 68
1694439297291 -0.01175801805620158 69
1694439297324 -0.01175787935748418 70
1694439297360 -0.011757740527486238 71
1694439297392 -0.01175760156617689 72
1694439297422 -0.011757462473526603 73
1694439297455 -0.011757323249504514 74
1694439297487 -0.01175718389408087 75
1694439297520 -0.011757044407224804 76
1694439297564 -0.011756904788906342 77
1694439297600 -0.011756765039095285 78
1694439297636 -0.01175662515776077 79
1694439297671 -0.011756485144873263 80
1694439297705 -0.011756345000401902 81
1694439297739 -0.011756204724316044 82
1694439297773 -0.011756064316585935 83
1694439297804 -0.011755923777181154 84
1694439297839 -0.011755783106071283 85
1694439297870 -0.011755642303225455 86
1694439297900 -0.01175550136861414 87
1694439297936 -0.011755360302206697 88
1694439297967 -0.011755219103972259 89
1694439298001 -0.011755077773880407 90
1694439298037 -0.011754936311902053 91
1694439298086 -0.011754794718005668 92
1694439298132 -0.011754652992160386 93
1694439298196 -0.011754511134336898 94
1694439298232 -0.011754369144504118 95
1694439298282 -0.011754227022632291 96
1694439298331 -0.011754084768690554 97
1694439298377 -0.011753942382647597 98
1694439298415 -0.01175379986447389 99
1694439298450 -0.011753657214139679 100
1694439298484 -0.011753514431613432 101
1694439298518 -0.011753371516864952 102
1694439298550 -0.011753228469863597 103
1694439298584 -0.011753085290579168 104
1694439298617 -0.011752941978981246 105
1694439298652 -0.011752798535038966 106
1694439298685 -0.01175265495872213 107
1694439298717 -0.01175251125000032 108
1694439298752 -0.011752367408843112 109
1694439298787 -0.0117522234352192 110
1694439298820 -0.011752079329099052 111
1694439298854 -0.011751935090451138 112
1694439298889 -0.011751790719246369 113
1694439298922 -0.01175164621545255 114
1694439298956 -0.011751501579040369 115
1694439298986 -0.01175135680997852 116
1694439299019 -0.011751211908237025 117
1694439299055 -0.011751066873784799 118
1694439299088 -0.011750921706591422 119
1694439299122 -0.011750776406626917 120
1694439299160 -0.01175063097385931 121
1694439299195 -0.011750485408259292 122
1694439299230 -0.01175033970979622 123
1694439299276 -0.011750193878438786 124
1694439299308 -0.011750047914156792 125
1694439299341 -0.011749901816919817 126
1694439299375 -0.011749755586696775 127
1694439299405 -0.01174960922345658 128
1694439299440 -0.011749462727169924 129
1694439299476 -0.011749316097805051 130
1694439299510 -0.011749169335332432 131
1694439299540 -0.01174902243971987 132
1694439299570 -0.011748875410938053 133
1694439299614 -0.011748728248955898 134
1694439299647 -0.011748580953742316 135
1694439299680 -0.011748433525267332 136
1694439299715 -0.01174828596349986 137
1694439299746 -0.011748138268409036 138
1694439299788 -0.011747990439964662 139
1694439299825 -0.011747842478135428 140
1694439299862 -0.011747694382890916 141
1694439299897 -0.011747546154200483 142
1694439299934 -0.011747397792033265 143
1694439299966 -0.011747249296359064 144
1694439299997 -0.011747100667146348 145
1694439300039 -0.0117469519043647 146
1694439300076 -0.011746803007983475 147
1694439300116 -0.011746653977972032 148
1694439300155 -0.011746504814299286 149
1694439300188 -0.01174635551693437 150
1694439300227 -0.011746206085846866 151
1694439300260 -0.011746056521005688 152
1694439300293 -0.011745906822380636 153
1694439300323 -0.011745756989940626 154
1694439300366 -0.011745607023653681 155
1694439300411 -0.01174545692349116 156
1694439300453 -0.011745306689420199 157
1694439300497 -0.011745156321411931 158
1694439300532 -0.011745005819433496 159
1694439300570 -0.011744855183456027 160
1694439300612 -0.011744704413447327 161
1694439300651 -0.011744553509376754 162
1694439300689 -0.011744402471213888 163
1694439300721 -0.011744251298927644 164
1694439300760 -0.011744099992487156 165
1694439300796 -0.01174394855186156 166
1694439300829 -0.011743796977019771 167
1694439300869 -0.011743645267931369 168
1694439300904 -0.011743493424565044 169
1694439300938 -0.011743341446890598 170
1694439300981 -0.011743189334875836 171
1694439301010 -0.011743037088491226 172
1694439301048 -0.011742884707705015 173
1694439301084 -0.011742732192486338 174
1694439301117 -0.011742579542804554 175
1694439301154 -0.011742426758628355 176
1694439301189 -0.01174227383992732 177
1694439301220 -0.01174212078667014 178
1694439301253 -0.011741967598826175 179
1694439301293 -0.011741814276364115 180
1694439301327 -0.011741660819253097 181
1694439301378 -0.011741507227462256 182
1694439301409 -0.011741353500960727 183
1694439301447 -0.01174119963971676 184
1694439301486 -0.011741045643700376 185
1694439301518 -0.01174089151288027 186
1694439301553 -0.011740737247224908 187
1694439301592 -0.011740582846703873 188
1694439301629 -0.011740428311285855 189
1694439301667 -0.011740273640940213 190
1694439301705 -0.011740118835635416 191
1694439301737 -0.011739963895341043 192
1694439301784 -0.0117398088200249 193
1694439301815 -0.011739653609657452 194
1694439301850 -0.01173949826420606 195
1694439301889 -0.011739342783640971 196
1694439301922 -0.011739187167930432 197
1694439301954 -0.011739031417044243 198
1694439301988 -0.011738875530949766 199
1694439302020 -0.011738719509617246 200
1694439302055 -0.011738563353014708 201
1694439302087 -0.011738407061112177 202
1694439302124 -0.011738250633877456 203
1694439302156 -0.011738094071279903 204
1694439302192 -0.01173793737328821 205
1694439302225 -0.011737780539871512 206
1694439302259 -0.011737623570998279 207
1694439302297 -0.011737466466638313 208
1694439302335 -0.011737309226759196 209
1694439302370 -0.011737151851330285 210
1694439302406 -0.011736994340320495 211
1694439302441 -0.01173683669369896 212
1694439302472 -0.011736678911433929 213
1694439302508 -0.011736520993494981 214
1694439302540 -0.01173636293984992 215
1694439302572 -0.011736204750468548 216
1694439302603 -0.011736046425318891 217
1694439302632 -0.011735887964370084 218
1694439302662 -0.01173572936759082 219
1694439302693 -0.01173557063495001 220
1694439302722 -0.011735411766416348 221
1694439302755 -0.011735252761959414 222
1694439302787 -0.011735093621546122 223
1694439302818 -0.01173493434514672 224
1694439302849 -0.011734774932729675 225
1694439302883 -0.01173461538426368 226
1694439302913 -0.011734455699716762 227
1694439302945 -0.011734295879059164 228
1694439302976 -0.011734135922258249 229
1694439303005 -0.011733975829283372 230
1694439303037 -0.011733815600103004 231
1694439303072 -0.011733655234686058 232
1694439303121 -0.011733494733001226 233
1694439303177 -0.011733334095016978 234
1694439303225 -0.011733173320702006 235
1694439303266 -0.011733012410025001 236
1694439303308 -0.011732851362955099 237
1694439303343 -0.011732690179460326 238
1694439303387 -0.011732528859510039 239
1694439303425 -0.011732367403072486 240
1694439303463 -0.011732205810115692 241
1694439303500 -0.011732044080609239 242
1694439303533 -0.011731882214521816 243
1694439303572 -0.01173172021182145 244
1694439303615 -0.011731558072476611 245
1694439303647 -0.011731395796456656 246
1694439303684 -0.011731233383729611 247
1694439303721 -0.011731070834264612 248
1694439303755 -0.011730908148029906 249
1694439303799 -0.011730745324994407 250
1694439303831 -0.011730582365125697 251
1694439303871 -0.011730419268393577 252
1694439303906 -0.011730256034766295 253
1694439303937 -0.011730092664211877 254
1694439303980 -0.011729929156699459 255
1694439304020 -0.011729765512197066 256
1694439304063 -0.011729601730673833 257
1694439304100 -0.01172943781209801 258
1694439304136 -0.011729273756438063 259
1694439304172 -0.011729109563662687 260
1694439304205 -0.011728945233740351 261
1694439304238 -0.01172878076663908 262
1694439304273 -0.011728616162328453 263
1694439304305 -0.011728451420775832 264
1694439304339 -0.011728286541950794 265
1694439304379 -0.0117281215258207 266
1694439304412 -0.01172795637235513 267
1694439304444 -0.011727791081521444 268
1694439304476 -0.011727625653288998 269
1694439304507 -0.011727460087625596 270
1694439304537 -0.011727294384500375 271
1694439304570 -0.011727128543881582 272
1694439304604 -0.011726962565737464 273
1694439304637 -0.011726796450036492 274
1694439304673 -0.011726630196746468 275
1694439304705 -0.011726463805837195 276
1694439304740 -0.011726297277276032 277
1694439304776 -0.011726130611031893 278
1694439304808 -0.011725963807072581 279
1694439304842 -0.011725796865367233 280
1694439304872 -0.011725629785884095 281
1694439304902 -0.011725462568591194 282
1694439304934 -0.011725295213456999 283
1694439304970 -0.01172512772044998 284
1694439305005 -0.011724960089538605 285
1694439305038 -0.011724792320690902 286
1694439305075 -0.011724624413875562 287
1694439305103 -0.01172445636906061 288
1694439305137 -0.011724288186214737 289
1694439305170 -0.01172411986530597 290
1694439305201 -0.011723951406303001 291
1694439305234 -0.011723782809173633 292
1694439305270 -0.011723614073886557 293
1694439305300 -0.011723445200410021 294
1694439305335 -0.011723276188712495 295
1694439305376 -0.01172310703876156 296
1694439305412 -0.011722937750526352 297
1694439305444 -0.011722768323974453 298
1694439305478 -0.011722598759074776 299
1694439305515 -0.011722429055795347 300
1694439305547 -0.01172225921410397 301
1694439305583 -0.011722089233969557 302
1694439305624 -0.011721919115360135 303
1694439305652 -0.01172174885824373 304
1694439305687 -0.01172157846258881 305
1694439305720 -0.011721407928363403 306
1694439305759 -0.011721237255536199 307
1694439305793 -0.01172106644407478 308
1694439305825 -0.011720895493947614 309
1694439305856 -0.011720724405122951 310
1694439305898 -0.011720553177569482 311
1694439305938 -0.011720381811254121 312
1694439305970 -0.011720210306146006 313
1694439306005 -0.011720038662213383 314
1694439306069 -0.011719866879424057 315
1694439306106 -0.011719694957746052 316
1694439306153 -0.01171952289714806 317
1694439306189 -0.011719350697597664 318
1694439306221 -0.011719178359062887 319
1694439306255 -0.011719005881512867 320
1694439306286 -0.01171883326491474 321
1694439306317 -0.011718660509237422 322
1694439306345 -0.01171848761444827 323
1694439306381 -0.011718314580515754 324
1694439306412 -0.0117181414074079 325
1694439306447 -0.011717968095092735 326
1694439306483 -0.011717794643538504 327
1694439306529 -0.011717621052713456 328
1694439306574 -0.01171744732258495 329
1694439306622 -0.011717273453122123 330
1694439306666 -0.011717099444292556 331
1694439306706 -0.01171692529606383 332
1694439306750 -0.011716751008404191 333
1694439306792 -0.011716576581282112 334
1694439306834 -0.011716402014665617 335
1694439306871 -0.011716227308522287 336
1694439306912 -0.011716052462820592 337
1694439306953 -0.011715877477527892 338
1694439307002 -0.011715702352612656 339
1694439307044 -0.011715527088043132 340
1694439307078 -0.011715351683786679 341
1694439307120 -0.011715176139811989 342
1694439307160 -0.011715000456086422 343
1694439307197 -0.011714824632578447 344
1694439307236 -0.011714648669256311 345
1694439307280 -0.011714472566086709 346
1694439307322 -0.011714296323038553 347
1694439307359 -0.01171411994007987 348
1694439307392 -0.011713943417178019 349
1694439307425 -0.011713766754301691 350
1694439307461 -0.011713589951417802 351
1694439307489 -0.011713413008495488 352
1694439307521 -0.011713235925502108 353
1694439307552 -0.011713058702405021 354
1694439307582 -0.011712881339172476 355
1694439307620 -0.011712703835773164 356
1694439307654 -0.011712526192174 357
1694439307689 -0.011712348408343232 358
1694439307722 -0.011712170484248885 359
1694439307754 -0.011711992419858541 360
1694439307787 -0.011711814215140226 361
1694439307823 -0.01171163587006152 362
1694439307868 -0.011711457384590673 363
1694439307904 -0.011711278758695487 364
1694439307941 -0.011711099992343765 365
1694439307971 -0.011710921085502646 366
1694439308004 -0.011710742038141042 367
1694439308040 -0.011710562850226314 368
1694439308074 -0.011710383521726486 369
1694439308104 -0.011710204052608475 370
1694439308136 -0.011710024442841194 371
1694439308189 -0.011709844692392002 372
1694439308224 -0.011709664801228259 373
1694439308289 -0.011709484769318435 374
1694439308342 -0.011709304596629888 375
1694439308377 -0.011709124283130423 376
1694439308413 -0.011708943828788287 377
1694439308446 -0.011708763233570618 378
1694439308479 -0.011708582497445219 379
1694439308514 -0.011708401620380116 380
1694439308549 -0.011708220602343111 381
1694439308584 -0.011708039443301788 382
1694439308618 -0.011707858143223504 383
1694439308659 -0.011707676702076286 384
1694439308698 -0.011707495119827716 385
1694439308735 -0.011707313396445373 386
1694439308772 -0.01170713153189773 387
1694439308811 -0.011706949526151478 388
1694439308849 -0.011706767379175087 389
1694439308882 -0.011706585090935917 390
1694439308917 -0.011706402661401993 391
1694439308953 -0.011706220090539343 392
1694439308988 -0.01170603737831799 393
1694439309028 -0.011705854524704185 394
1694439309061 -0.011705671529665507 395
1694439309096 -0.011705488393169983 396
1694439309130 -0.011705305115185194 397
1694439309167 -0.011705121695679166 398
1694439309204 -0.011704938134618592 399
1694439309234 -0.01170475443197172 400
1694439309267 -0.01170457058770591 401
1694439309303 -0.011704386601788963 402
1694439309335 -0.011704202474188463 403
1694439309369 -0.011704018204871991 404
1694439309404 -0.011703833793806462 405
1694439309435 -0.011703649240960345 406
1694439309467 -0.011703464546301001 407
1694439309511 -0.011703279709795789 408
1694439309552 -0.011703094731412289 409
1694439309588 -0.011702909611117418 410
1694439309626 -0.011702724348879645 411
1694439309666 -0.011702538944666774 412
1694439309706 -0.011702353398445053 413
1694439309743 -0.011702167710182954 414
1694439309776 -0.011701981879847612 415
1694439309808 -0.011701795907406831 416
1694439309839 -0.011701609792827528 417
1694439309870 -0.011701423536077948 418
1694439309907 -0.011701237137125009 419
1694439309939 -0.011701050595936069 420
1694439309972 -0.011700863912479376 421
1694439310008 -0.011700677086722067 422
1694439310038 -0.011700490118630835 423
1694439310068 -0.011700303008173707 424
1694439310104 -0.011700115755318485 425
1694439310136 -0.011699928360031864 426
1694439310168 -0.01169974082228209 427
1694439310222 -0.011699553142035857 428
1694439310262 -0.011699365319260968 429
1694439310296 -0.011699177353925005 430
1694439310329 -0.011698989245994662 431
1694439310371 -0.011698800995437741 432
1694439310404 -0.011698612602221825 433
1694439310444 -0.01169842406631405 434
1694439310480 -0.011698235387681999 435
1694439310517 -0.011698046566292808 436
1694439310553 -0.011697857602114059 437
1694439310593 -0.011697668495112667 438
1694439310630 -0.011697479245256659 439
1694439310665 -0.01169728985251317 440
1694439310699 -0.011697100316848452 441
1694439310735 -0.011696910638231417 442
1694439310772 -0.011696720816628536 443
1694439310810 -0.01169653085200717 444
1694439310844 -0.01169634074433512 445
1694439310880 -0.01169615049357886 446
1694439310917 -0.011695960099706415 447
1694439310954 -0.0116957695626847 448
1694439310987 -0.011695578882481295 449
1694439311022 -0.011695388059063117 450
1694439311058 -0.011695197092397525 451
1694439311098 -0.011695005982451878 452
1694439311138 -0.011694814729193093 453
1694439311175 -0.01169462333258875 454
1694439311211 -0.01169443179260643 455
1694439311240 -0.011694240109212828 456
1694439311281 -0.011694048282375524 457
1694439311314 -0.011693856312061435 458
1694439311345 -0.01169366419823703 459
1694439311380 -0.011693471940871225 460
1694439311415 -0.011693279539930046 461
1694439311446 -0.011693086995381075 462
1694439311475 -0.011692894307191448 463
1694439311505 -0.011692701475328304 464
1694439311535 -0.011692508499759002 465
1694439311566 -0.011692315380450236 466
1694439311597 -0.011692122117369363 467
1694439311630 -0.011691928710483745 468
1694439311661 -0.011691735159760519 469
1694439311695 -0.011691541465166821 470
1694439311733 -0.011691347626669124 471
1694439311767 -0.011691153644235452 472
1694439311805 -0.0116909595178325 473
1694439311834 -0.011690765247427182 474
1694439311866 -0.01169057083298708 475
1694439311903 -0.011690376274479108 476
1694439311935 -0.011690181571870628 477
1694439311970 -0.01168998672512811 478
1694439312005 -0.011689791734218469 479
1694439312039 -0.011689596599110175 480
1694439312076 -0.01168940131976881 481
1694439312115 -0.011689205896162402 482
1694439312150 -0.011689010328256533 483
1694439312185 -0.011688814616020338 484
1694439312221 -0.011688618759419178 485
1694439312254 -0.011688422758421302 486
1694439312290 -0.011688226612992514 487
1694439312328 -0.011688030323101062 488
1694439312371 -0.011687833888713195 489
1694439312406 -0.01168763730979605 490
1694439312441 -0.011687440586316322 491
1694439312474 -0.011687243718242035 492
1694439312505 -0.01168704670553855 493
1694439312541 -0.011686849548174338 494
1694439312575 -0.011686652246115425 495
1694439312607 -0.011686454799329393 496
1694439312644 -0.011686257207783157 497
1694439312679 -0.011686059471442967 498
1694439312714 -0.011685861590276403 499
