1694436644475 153.9153675887395 0
1694436644503 139.7701498695719 1
1694436644536 130.84806579323637 2
1694436644571 120.95394609082861 3
1694436644602 111.87194886868309 4
1694436644634 102.22355830592873 5
1694436644669 95.09315926115089 6
1694436644710 89.03991454587221 7
1694436644743 82.283127276704 8
1694436644778 76.90188788752886 9
1694436644822 72.01458702781213 10
1694436644854 65.96883910499422 11
1694436644884 62.85022551530842 12
1694436644917 57.45479647881601 13
1694436644947 54.18665813613604 14
1694436644980 50.71966371676888 15
1694436645009 47.2305521277566 16
1694436645041 44.67987342429765 17
1694436645071 41.277447490541384 18
1694436645102 38.79696224169039 19
1694436645135 36.625523966811606 20
1694436645164 34.51443759692303 21
1694436645196 32.28286198702008 22
1694436645226 30.822697197342038 23
1694436645257 28.58481246671301 24
1694436645290 27.059612132036154 25
1694436645320 25.73375616101083 26
1694436645351 24.420899154917365 27
1694436645382 23.265691223666987 28
1694436645414 22.00622907993755 29
1694436645443 20.64937914462352 30
1694436645473 19.731545355397362 31
1694436645500 18.743733218636358 32
1694436645530 18.05497266221879 33
1694436645568 17.186614355199843 34
1694436645602 16.406524234039363 35
1694436645638 15.800902252684105 36
1694436645682 15.114047058114283 37
1694436645722 14.383869852676925 38
1694436645754 13.882038058044763 39
1694436645785 13.439008712965812 40
1694436645819 12.779012772571553 41
1694436645850 12.380736355316063 42
1694436645884 11.960361707880827 43
1694436645916 11.606870122928344 44
1694436645945 10.995792433869083 45
1694436645977 10.775965472922387 46
1694436646006 10.583402215203188 47
1694436646040 10.150060850660733 48
1694436646071 9.832594444063732 49
1694436646102 9.5036729279453 50
1694436646133 9.35667529470065 51
1694436646163 9.206276187506845 52
1694436646195 8.869508704784229 53
1694436646226 8.485013841480635 54
1694436646266 8.258971367812867 55
1694436646298 8.39086211883139 56
1694436646331 8.051759078921194 57
1694436646361 7.988632531445501 58
1694436646394 7.6735920152064985 59
1694436646423 7.4950700304207185 60
1694436646452 7.479353777846598 61
1694436646481 7.286823716360368 62
1694436646517 7.205056376708304 63
1694436646551 7.014659090593553 64
1694436646585 6.961194064357577 65
1694436646615 6.7149552399865176 66
1694436646646 6.756974862548095 67
1694436646677 6.670608376538195 68
1694436646707 6.54855680076952 69
1694436646739 6.415356664730766 70
1694436646770 6.366969808435043 71
1694436646812 6.166601878848389 72
1694436646866 6.068951636850703 73
1694436646914 6.080860225880747 74
1694436646964 6.0700909501342135 75
1694436647001 6.022240124794344 76
1694436647041 5.894160305715591 77
1694436647076 5.995843480215336 78
1694436647109 5.737479960605822 79
1694436647141 5.7309622933329525 80
1694436647172 5.763439581066383 81
1694436647203 5.669444315800699 82
1694436647233 5.640821724891374 83
1694436647264 5.508468912115573 84
1694436647294 5.536288870703821 85
1694436647325 5.480985384634463 86
1694436647354 5.455303100619708 87
1694436647383 5.514304023830034 88
1694436647414 5.429752196484889 89
1694436647443 5.376163220380759 90
1694436647472 5.322250123329276 91
1694436647503 5.31527304897657 92
1694436647537 5.302539931028527 93
1694436647578 5.363554087004146 94
1694436647624 5.212796202920187 95
1694436647660 5.202236239675096 96
1694436647695 5.204498726777708 97
1694436647728 5.135072301339735 98
1694436647760 5.215493475470918 99
1694436647795 5.164453369095783 100
1694436647825 5.125180218751479 101
1694436647853 5.053346447107534 102
1694436647882 5.115591649317348 103
1694436647911 5.008357619735534 104
1694436647943 5.125433514036377 105
1694436647972 5.082521166739144 106
1694436648002 5.043657284069908 107
1694436648031 5.204045570330836 108
1694436648061 4.931094914689946 109
1694436648096 5.089171784847057 110
1694436648126 4.977748108728372 111
1694436648152 4.935398912627268 112
1694436648186 5.0793532057586335 113
1694436648216 4.893608156066124 114
1694436648249 5.009813964738046 115
1694436648277 5.00259093347086 116
1694436648312 5.025894168787739 117
1694436648346 5.0258502290916915 118
1694436648383 4.985778162869756 119
1694436648420 5.028704246116077 120
1694436648448 4.978408859119798 121
1694436648476 4.892382942750691 122
1694436648507 4.968337139503914 123
1694436648537 4.933945997052539 124
1694436648567 4.859520610022088 125
1694436648600 4.916646841926166 126
1694436648633 4.821636898246519 127
1694436648663 4.823621662242467 128
1694436648694 4.914348463466041 129
1694436648726 4.881185098106601 130
1694436648756 4.800995119144003 131
1694436648786 4.837011336745989 132
1694436648816 4.888122639025614 133
1694436648846 4.902338860530016 134
1694436648878 4.874744347915055 135
1694436648911 4.878858388662132 136
1694436648938 4.87761342090545 137
1694436648967 4.857620339996751 138
1694436648999 4.907060854739603 139
1694436649029 4.913129110725754 140
1694436649058 4.849067246079172 141
1694436649090 4.784498645666679 142
1694436649122 4.825232615216376 143
1694436649151 4.921366154445081 144
1694436649182 4.8269172383553105 145
1694436649215 4.81587363232183 146
1694436649246 4.878517403455979 147
1694436649277 4.7766191651396515 148
1694436649308 4.821896914089715 149
1694436649340 4.827522246670898 150
1694436649371 4.919741048589261 151
1694436649403 4.783621361155074 152
1694436649434 4.8516608556272685 153
1694436649465 4.762328712574547 154
1694436649497 4.884428256126339 155
1694436649530 4.830388696815251 156
1694436649560 4.844025074234233 157
1694436649591 4.831045404566725 158
1694436649622 4.751748223058905 159
1694436649649 4.805511310117739 160
1694436649682 4.867868561387059 161
1694436649713 4.84356703304431 162
1694436649743 4.83106969295088 163
1694436649774 4.915855232383427 164
1694436649805 4.758228144491465 165
1694436649837 4.70533381708368 166
1694436649870 4.824936616542085 167
1694436649900 4.804871859582373 168
1694436649932 4.7939547775554345 169
1694436649962 4.867688085529774 170
1694436649989 4.814175767673993 171
1694436650022 4.801045337601032 172
1694436650052 4.863739747379861 173
1694436650084 4.73662533875917 174
1694436650116 4.69740831049533 175
1694436650144 4.731893807022821 176
1694436650174 4.687656961828982 177
1694436650203 4.815296269732818 178
1694436650235 4.779610542058919 179
1694436650265 4.7838176676235244 180
1694436650293 4.772859470698979 181
1694436650328 4.778090211873834 182
1694436650359 4.815601906762405 183
1694436650388 4.819307238642069 184
1694436650423 4.801569192173615 185
1694436650452 4.838602337491735 186
1694436650481 4.712509924135883 187
