1694440192747 0.2215515442872315 0
1694440193049 0.05315457563692157 1
1694440193322 0.3477827066598298 2
1694440193640 0.5318249804798079 3
1694440193971 0.010002810008930581 4
1694440194241 0.10167136480546929 5
1694440194529 0.006534056454272693 6
1694440194795 0.0032356280693210176 7
1694440195048 0.26712089342044126 8
1694440195297 0.17457189019076244 9
1694440195560 0.029351807566092736 10
1694440195810 0.06067407749964547 11
1694440196077 0.03300333802987331 12
1694440196340 0.0984876508778647 13
1694440196619 0.11047752821146456 14
1694440196891 0.3516623907568696 15
1694440197150 0.11138419218273735 16
1694440197416 0.4629464682136513 17
1694440197654 0.00798673904307286 18
1694440197947 0.07241998153084622 19
1694440198220 0.02540747776938171 20
1694440198493 0.05302740007236848 21
1694440198758 0.014412784552878371 22
1694440199011 0.033319015657167224 23
1694440199273 0.2770856089981877 24
1694440199547 0.08139250257641346 25
1694440199832 0.3661373624447514 26
1694440200114 0.21965730332000177 27
1694440200380 0.10337430974143344 28
1694440200635 0.028072358764831485 29
1694440200903 0.5935528077987644 30
1694440201145 0.014929087707132312 31
1694440201451 0.016044004120169122 32
1694440201716 0.000991561952282007 33
1694440201955 0.004297030568804023 34
1694440202194 0.07130062966858386 35
1694440202484 0.08566739756553869 36
1694440202736 0.0892546306317794 37
1694440202973 0.002683724087443664 38
1694440203207 0.06672238658828462 39
1694440203466 0.047366628754765105 40
1694440203727 0.09155508789488066 41
1694440203981 0.051465434487374055 42
1694440204240 0.15978882675159636 43
1694440204501 0.0033716955684403227 44
1694440204749 0.07757500379300028 45
1694440204998 0.0007731370257085459 46
1694440205250 0.035693209504687476 47
1694440205531 0.08116022342764316 48
1694440205796 0.022614624418686315 49
1694440206050 0.09875272121481769 50
1694440206319 0.40595945060790833 51
1694440206620 0.00695687965557927 52
1694440206901 0.13127758633976758 53
1694440207173 0.07351202103376983 54
1694440207436 0.014278034261656651 55
1694440207696 0.1086069721775996 56
1694440207957 0.06842205427761608 57
1694440208246 0.02502483136546568 58
1694440208520 0.0011872015567243016 59
1694440208784 0.179796776103612 60
1694440209037 0.09426226597647265 61
1694440209301 0.0048182139022929565 62
1694440209571 0.5008269663389532 63
1694440209835 0.11947969059904257 64
1694440210104 0.0009523032851030322 65
1694440210352 0.058376341005033895 66
1694440210615 0.42532802647822665 67
1694440210894 1.087297503823033 68
1694440211146 1.1034434068985437 69
1694440211421 0.047796413361202564 70
1694440211689 0.06896574379000119 71
1694440211955 0.038488989619607464 72
1694440212211 0.06980690353635285 73
1694440212490 0.012598152093443287 74
1694440212739 0.006701071417547401 75
1694440213018 0.30426566403058036 76
1694440213274 0.002364366534374141 77
1694440213542 0.01858479329114448 78
1694440213783 0.42629510783588126 79
1694440214071 0.59893540184946 80
1694440214340 0.0010649264210468548 81
1694440214611 0.04095102732644281 82
1694440214878 0.0003848963534954729 83
1694440215141 0.15553001911335074 84
1694440215414 0.07732082184443172 85
1694440215674 0.004319502809605005 86
1694440215933 0.08060278736276479 87
1694440216230 0.11060356067518416 88
1694440216513 0.08318777735830193 89
1694440216800 0.2203992720780972 90
1694440217053 0.01632440808268421 91
1694440217306 0.4292151897175502 92
1694440217538 0.03297006065456589 93
1694440217836 0.00011072944768754276 94
1694440218090 0.18696361253462335 95
1694440218334 0.004687723090543315 96
1694440218601 0.02193824184770497 97
1694440218863 0.06853755299394004 98
1694440219114 0.47132242551622616 99
1694440219387 0.02208664676552782 100
1694440219658 0.0014542606286462676 101
1694440219930 0.11160757173196562 102
1694440220185 0.05427467990989362 103
1694440220434 0.015385827061703676 104
1694440220684 0.09794647247247179 105
1694440220937 0.0169904167929321 106
1694440221199 0.01925442908248872 107
1694440221467 0.09187243326133433 108
1694440221783 0.2614032156016144 109
1694440222063 0.014342691605717127 110
1694440222335 0.036008996932020976 111
1694440222627 0.008234558929770543 112
1694440222888 0.15997489319559707 113
1694440223150 0.1335328195539381 114
1694440223415 0.13948854304754385 115
1694440223667 0.06405581878811252 116
1694440223929 0.012568103875443128 117
1694440224208 0.24153632641314468 118
1694440224477 0.3864441291408393 119
1694440224736 0.08025626488559555 120
1694440224987 0.010800431912989033 121
1694440225250 0.027958213740450134 122
1694440225515 0.0397443221276604 123
1694440225788 0.0009419574681734836 124
1694440226039 0.05384168526598152 125
1694440226301 0.006187913712664605 126
1694440226553 0.011633371940043156 127
1694440226823 0.08585535660433001 128
1694440227082 0.059071854826247924 129
1694440227348 0.15482413456673047 130
1694440227613 0.16926531281202742 131
1694440227879 0.038625390352203644 132
1694440228132 0.0048747419306561825 133
1694440228406 0.031260792379226 134
1694440228684 0.3091979515469064 135
1694440228952 0.08225901370895163 136
1694440229239 0.059504048584558655 137
1694440229563 0.16216426044091867 138
1694440229818 0.02146736429761387 139
1694440230071 0.07756257093196017 140
1694440230345 0.211290133928565 141
1694440230597 0.0013489820888922277 142
1694440230843 0.007910822807060857 143
1694440231089 0.0791825358065742 144
1694440231325 0.010062623565119113 145
1694440231587 0.039902716035916136 146
1694440231858 0.02203313373256374 147
1694440232139 0.006642576485868257 148
1694440232410 0.21968608347196805 149
1694440232681 0.010977749911750007 150
1694440232958 0.05483196325069819 151
1694440233226 0.0002500629044642862 152
1694440233487 0.01664042355933528 153
1694440233747 0.6259463056937794 154
1694440234006 0.08468117020051685 155
1694440234262 0.03814301250772584 156
1694440234524 0.16331758319939388 157
1694440234779 0.2495466928894686 158
1694440235027 0.028665562852427735 159
1694440235291 0.01086623989357796 160
1694440235568 1.1239421567324608 161
1694440235830 0.09294990217948303 162
1694440236089 0.22835058353969315 163
1694440236379 0.014332128814155087 164
1694440236654 0.06636089083639739 165
1694440236917 0.04495305425695124 166
1694440237169 0.05695890577250886 167
1694440237427 0.06234275455552146 168
1694440237679 0.18166651907443446 169
1694440237929 0.05177146526091103 170
1694440238199 0.22868857323809788 171
1694440238471 0.021159710193053467 172
1694440238708 0.09445318003056945 173
1694440238976 0.24590879763465712 174
1694440239239 0.07937548180016987 175
1694440239516 1.0609685564524725 176
1694440239778 0.005728232071956153 177
1694440240031 0.059900494860612434 178
1694440240297 0.15342954295582473 179
1694440240584 0.363588344111228 180
1694440240842 0.13151158145534306 181
1694440241102 0.016479203451383078 182
1694440241366 0.026686769983465964 183
1694440241663 0.04849495440801467 184
1694440241920 0.04203539210785588 185
1694440242176 0.13708747207900818 186
1694440242466 0.05379146212151887 187
1694440242732 0.023864038287124346 188
1694440242992 5.631031133173796e-07 189
1694440243243 0.06670844730575169 190
1694440243532 0.4935973318109255 191
1694440243824 0.03112827429811956 192
1694440244091 0.027520780884426256 193
1694440244380 0.017751031717588052 194
1694440244628 0.07093983737674266 195
1694440244888 0.0003897446299910147 196
1694440245155 0.2665368704619659 197
1694440245403 0.0015766007140238798 198
1694440245672 0.1400615852824641 199
1694440245922 0.02051127635139492 200
1694440246158 0.010493296483602465 201
1694440246413 0.031598075796527646 202
1694440246678 0.003157631891494214 203
1694440246928 0.21791209746865386 204
1694440247198 0.1351883107568407 205
1694440247476 0.006471087099280004 206
1694440247743 0.3747970492929463 207
1694440248016 0.007193901483777811 208
1694440248288 1.1037672574686133 209
1694440248591 0.6707560797904089 210
1694440248894 0.02509642352344726 211
1694440249191 0.10026052116562964 212
1694440249446 1.1256892449189932 213
1694440249750 0.9949676350668357 214
1694440249994 0.0039127509359690995 215
1694440250269 0.009087411187986344 216
1694440250560 0.03503461618993386 217
1694440250821 0.08162380123507795 218
1694440251090 0.3365111157536414 219
1694440251404 0.0049329534620852055 220
1694440251701 0.2545877879244688 221
1694440251971 0.054534848803436585 222
1694440252264 9.938527619501397e-05 223
1694440252552 0.0323482276096705 224
1694440252853 0.035982911661774204 225
1694440253163 0.12158130746950671 226
1694440253453 0.0386919201079818 227
1694440253754 0.023594397070027834 228
1694440254122 0.6591092559779548 229
1694440254404 0.06514860584476044 230
1694440254675 0.01419579616421026 231
1694440254953 0.005024442650242813 232
1694440255215 0.05620284233158989 233
1694440255499 0.13169779357117042 234
1694440255772 0.08105128837439912 235
1694440256057 0.05373818639626474 236
1694440256335 0.0149646716305373 237
1694440256623 0.11063055105671657 238
1694440256877 0.0317566397228961 239
1694440257152 0.09230061752853684 240
1694440257460 0.11111738828488331 241
1694440257796 0.0006486831016013252 242
1694440258078 0.00629411563670198 243
1694440258336 0.345854280311437 244
1694440258599 0.02583817396330483 245
1694440258875 0.021492892239854247 246
1694440259141 0.5371382938685907 247
1694440259443 6.493569982478992e-05 248
1694440259755 0.11108339419656231 249
1694440260064 0.004338525662802321 250
1694440260354 5.0077867517487874e-05 251
1694440260624 0.026158904579051692 252
1694440260884 0.02641987962397096 253
1694440261143 0.0051740566989815755 254
1694440261404 0.7203444433523825 255
1694440261663 0.017904831831266475 256
1694440261902 0.09506342966839187 257
1694440262164 0.09044181772156838 258
1694440262417 0.1349300220361017 259
1694440262675 0.020711559819171495 260
1694440262938 0.26379868617893487 261
1694440263196 0.0052156231691560615 262
1694440263460 0.0003887665707799482 263
1694440263716 0.005203526599448412 264
1694440263962 0.33817941211999414 265
1694440264208 0.05837247092593823 266
1694440264468 0.024159925410252497 267
1694440264725 0.005698932146684493 268
1694440264959 0.00857743119186035 269
1694440265212 0.18198463095745812 270
1694440265445 0.08166087324731802 271
1694440265685 0.0026412770602159707 272
1694440265933 0.01373587384637403 273
1694440266176 0.032507093808971155 274
1694440266445 0.0018623955161277857 275
1694440266696 0.0028782524870795446 276
1694440266945 0.04085693615124514 277
1694440267194 0.05569353440040808 278
1694440267444 0.01615083500352614 279
1694440267692 0.0015394338714458883 280
1694440267938 0.33488458523931336 281
1694440268205 0.12859974982115108 282
1694440268456 0.12330619033055815 283
1694440268703 0.00045030666508442263 284
1694440268953 0.15747181590865145 285
1694440269196 0.6393671570720237 286
1694440269473 0.018355981981304573 287
1694440269756 0.017853543867179744 288
1694440270022 0.44386726275472593 289
1694440270285 0.0047671987152188115 290
1694440270547 0.07144043099703759 291
1694440270790 0.015606098422801546 292
1694440271061 0.7392582814422723 293
1694440271327 0.18210683980980152 294
1694440271605 0.05252742220106063 295
1694440271867 0.42729097366664287 296
1694440272119 0.051862262781590764 297
1694440272381 0.023564112440627387 298
1694440272627 0.6797975379887163 299
1694440272882 0.2487242853360029 300
1694440273159 0.46063392742777914 301
1694440273403 0.09062064796546715 302
1694440273641 0.0337458710593309 303
1694440273881 0.13109626720860493 304
1694440274118 0.05597557155761109 305
1694440274352 0.0037177256209898553 306
1694440274604 0.02191399322883586 307
1694440274851 0.007377219322010219 308
1694440275103 0.021246119853135893 309
1694440275373 0.2123171913422797 310
1694440275641 0.15100875501970315 311
1694440275905 0.6316571250905749 312
1694440276170 0.0004326011732680882 313
1694440276443 0.048428253715419166 314
1694440276588 0.08122978018147473 315
1694440276931 0.008775221407707657 316
1694440277186 0.1847235971452427 317
1694440277429 0.40115845046541343 318
1694440277674 0.08975387061508779 319
1694440277929 0.00013792343187171162 320
1694440278190 0.00012876063302322087 321
1694440278471 0.0627780479007089 322
1694440278731 0.017689429606884716 323
1694440278980 0.10040413326519752 324
1694440279223 0.14478042081853923 325
1694440279465 0.017809321938064126 326
1694440279733 0.6604482043497152 327
1694440279984 0.06597082881795305 328
1694440280238 0.0012477200332456323 329
1694440280512 0.02828136344314244 330
1694440280767 0.0009639712987610377 331
1694440281042 0.011227110191466647 332
1694440281298 0.001296967277262434 333
1694440281562 0.2935468422618185 334
1694440281822 0.27270921617606014 335
1694440282076 0.06211457738604048 336
1694440282321 0.041126881662061465 337
1694440282599 0.06189827340249872 338
1694440282890 0.011167322033814016 339
1694440283161 0.03226827994220612 340
1694440283423 0.02694523195702712 341
1694440283676 0.305248075830175 342
1694440283926 0.005513005112818176 343
1694440284172 0.13588929148340276 344
1694440284428 0.06377296870706098 345
1694440284683 0.08235859732751032 346
1694440284945 0.15340957502284383 347
1694440285235 0.6552467691587731 348
1694440285510 0.014939523158283062 349
1694440285760 0.17423798351629222 350
1694440286007 0.17364442077640035 351
1694440286257 0.059925942829255584 352
1694440286525 2.5925534399788645e-05 353
1694440286810 0.2193377328298857 354
1694440287065 0.0006775318753099314 355
1694440287311 0.07514020913665176 356
1694440287573 0.008868329744171153 357
1694440287818 0.16273357526120522 358
1694440288100 0.01201827607588007 359
1694440288333 0.17033804272535533 360
1694440288590 0.13562512825020667 361
1694440288832 0.12742030865808646 362
1694440289105 0.05281867450036807 363
1694440289375 0.04778284758286073 364
1694440289664 0.008734517497742747 365
1694440289963 0.46762305124445414 366
1694440290236 0.13964648633053567 367
1694440290486 0.0027640220812990184 368
1694440290740 0.028699184117670418 369
1694440290995 0.36459701684515583 370
1694440291262 0.05892252885855969 371
1694440291517 0.07587187120492916 372
1694440291766 0.20685023720061535 373
1694440292009 0.40750253870157066 374
1694440292261 0.002735115880478855 375
1694440292528 0.23310305646942006 376
1694440292777 0.09891132400221854 377
1694440293025 0.06029865399052114 378
1694440293273 0.008219596703793727 379
1694440293519 0.0030622066776579368 380
1694440293754 0.2718017891662473 381
1694440294002 0.11546281143365254 382
1694440294264 0.005360555109978851 383
1694440294535 0.05834236478700516 384
1694440294800 0.10894030096851041 385
1694440295045 0.00641183049131941 386
1694440295323 0.0032148228473906798 387
1694440295594 0.9029496091046828 388
1694440295851 0.23709731653071744 389
1694440296096 0.002883059754093253 390
1694440296367 0.10453621697907324 391
1694440296659 0.0633953689868948 392
1694440296923 0.04932325814889078 393
1694440297174 0.09263011425235224 394
1694440297438 0.04080793809817391 395
1694440297682 0.06536756131646597 396
1694440297947 0.16297785080746702 397
1694440298207 0.3605794083181377 398
1694440298473 0.004408655262202032 399
1694440298734 0.002405415076244527 400
1694440299003 0.050919981357002354 401
1694440299255 1.5589883856920221 402
1694440299514 0.06498666979493231 403
1694440299768 0.014861814434898696 404
1694440300031 0.07071016110034606 405
1694440300283 0.05610510035461443 406
1694440300537 0.07336507029019776 407
1694440300782 0.006368560195933658 408
1694440301038 0.008278962918134142 409
1694440301279 0.1987198734453832 410
1694440301522 0.3510635159416717 411
1694440301744 0.24558031743498376 412
1694440301979 0.6529483056564874 413
1694440302239 0.02259660479224801 414
1694440302492 0.07682213838006581 415
1694440302726 0.10964548031491736 416
1694440302960 0.020561445121926307 417
1694440303194 0.09059414923291723 418
1694440303467 0.0816190288741261 419
1694440303729 0.007820291147834179 420
1694440303974 0.0002204436545142067 421
1694440304223 0.10532246722052513 422
1694440304482 0.14679687909454256 423
1694440304744 0.03174844171375898 424
1694440304999 0.00011946143124607906 425
1694440305240 0.21269827306814032 426
1694440305512 0.2567821735587069 427
1694440305760 0.0021684442914866892 428
1694440306007 0.018105492350860276 429
1694440306253 0.010854352027747488 430
1694440306500 0.0014234490060131661 431
1694440306760 0.09781119939288925 432
1694440306994 1.137285897478692e-05 433
1694440307269 0.12216885073178162 434
1694440307543 0.024398807265254223 435
1694440307813 0.08140617191714561 436
1694440308075 0.0029195291966086414 437
1694440308330 0.06437175608453452 438
1694440308610 0.18357209809928496 439
1694440308858 0.13510355899101292 440
1694440309111 0.07682552107022678 441
1694440309368 0.011603525873912815 442
1694440309638 0.41100214289659753 443
1694440309902 0.021734693236066714 444
1694440310144 0.0843835550373125 445
1694440310404 0.08743957743205041 446
1694440310635 0.08325816424625576 447
1694440310872 0.8173441560073083 448
1694440311136 0.055773406782946594 449
1694440311408 0.2617261152221422 450
1694440311668 0.019632277198315288 451
1694440311944 0.40692439560125204 452
1694440312214 0.029172947147580272 453
1694440312474 0.2563238865051723 454
1694440312739 0.008241887330117367 455
1694440313007 0.08472935567541492 456
1694440313274 0.0001722421876297988 457
1694440313585 0.10339135702134657 458
1694440313842 0.0224327591414613 459
1694440314150 4.597310588225876e-05 460
1694440314459 0.02328129747319999 461
1694440314716 0.6781549301151264 462
1694440314990 0.002503973590738329 463
1694440315257 0.11470441248966098 464
1694440315527 0.002068527632353953 465
1694440315834 0.471952461740726 466
1694440316092 0.10966828793304788 467
1694440316354 0.23085158704858255 468
1694440316621 0.4110207436845716 469
1694440316917 0.06397543852278763 470
1694440317156 0.13468881717656492 471
1694440317408 0.11381923506020483 472
1694440317671 0.27454610780990524 473
1694440317966 0.1582060259178501 474
1694440318223 0.2021057141674328 475
1694440318487 0.1109718645710857 476
1694440318746 2.9044044317605936e-05 477
1694440318996 0.031887785300525426 478
1694440319234 0.18478214559383005 479
1694440319497 0.007972206416030157 480
1694440319746 0.018632519166634533 481
1694440319996 0.034930770826920574 482
1694440320249 0.042510241014354556 483
1694440320495 0.07942618347544339 484
1694440320740 0.12817831976878946 485
1694440320971 0.05284698966067164 486
1694440321223 0.26499129388579645 487
1694440321448 0.6579898625381574 488
1694440321715 0.017529683527281275 489
1694440322041 0.062071047216669444 490
1694440322289 0.1926080475079316 491
1694440322545 0.020364529811134 492
1694440322806 0.0011546678489412594 493
1694440323073 0.006183303721632137 494
1694440323344 0.09475184609141125 495
1694440323627 0.009667733226928923 496
1694440323902 0.29960796472494683 497
1694440324173 0.007820035357580028 498
1694440324445 0.06322524100278179 499
