1694440192756 0.0 0
1694440193057 0.0 1
1694440193332 0.0 2
1694440193650 0.0 3
1694440193980 0.0 4
1694440194250 0.0 5
1694440194535 0.0 6
1694440194802 0.0 7
1694440195055 0.0 8
1694440195305 0.0 9
1694440195567 0.0 10
1694440195818 0.0 11
1694440196084 0.0 12
1694440196349 0.0 13
1694440196626 0.0 14
1694440196899 0.0 15
1694440197158 0.0 16
1694440197422 0.0 17
1694440197680 0.0 18
1694440197954 0.0 19
1694440198227 0.0 20
1694440198501 0.0 21
1694440198767 0.0 22
1694440199019 0.0 23
1694440199284 0.0 24
1694440199554 0.0 25
1694440199841 0.0 26
1694440200120 0.0 27
1694440200387 0.0 28
1694440200643 0.0 29
1694440200910 0.0 30
1694440201152 0.0 31
1694440201462 0.0 32
1694440201722 0.0 33
1694440201962 0.0 34
1694440202201 0.0 35
1694440202491 0.0 36
1694440202745 0.0 37
1694440202982 0.0 38
1694440203215 0.0 39
1694440203474 0.0 40
1694440203735 0.0 41
1694440203988 0.0 42
1694440204249 0.0 43
1694440204508 0.0 44
1694440204756 0.0 45
1694440205005 0.0 46
1694440205265 0.0 47
1694440205539 0.0 48
1694440205803 0.0 49
1694440206058 0.0 50
1694440206328 0.0 51
1694440206630 0.0 52
1694440206908 0.0 53
1694440207181 0.0 54
1694440207444 0.0 55
1694440207703 0.0 56
1694440207969 0.0 57
1694440208255 0.0 58
1694440208529 0.0 59
1694440208791 0.0 60
1694440209045 0.0 61
1694440209308 0.0 62
1694440209580 0.0 63
1694440209841 0.0 64
1694440210112 0.0 65
1694440210361 0.0 66
1694440210621 0.0 67
1694440210901 0.0 68
1694440211152 0.0 69
1694440211429 0.0 70
1694440211696 0.0 71
1694440211963 0.0 72
1694440212218 0.0 73
1694440212498 0.0 74
1694440212746 0.0 75
1694440213026 0.0 76
1694440213284 0.0 77
1694440213550 0.0 78
1694440213790 0.0 79
1694440214079 0.0 80
1694440214348 0.0 81
1694440214618 0.0 82
1694440214886 0.0 83
1694440215148 0.0 84
1694440215421 0.0 85
1694440215681 0.0 86
1694440215939 0.0 87
1694440216237 0.0 88
1694440216521 0.0 89
1694440216806 0.0 90
1694440217060 0.0 91
1694440217314 0.0 92
1694440217568 0.0 93
1694440217846 0.0 94
1694440218097 0.0 95
1694440218340 0.0 96
1694440218609 0.0 97
1694440218871 0.0 98
1694440219121 0.0 99
1694440219396 0.0 100
1694440219666 0.0 101
1694440219937 0.0 102
1694440220193 0.0 103
1694440220441 0.0 104
1694440220693 0.0 105
1694440220944 0.0 106
1694440221206 0.0 107
1694440221474 0.0 108
1694440221793 0.0 109
1694440222070 0.0 110
1694440222341 0.0 111
1694440222633 0.0 112
1694440222896 0.0 113
1694440223156 0.0 114
1694440223422 0.0 115
1694440223674 0.0 116
1694440223936 0.0 117
1694440224216 0.0 118
1694440224485 0.0 119
1694440224745 0.0 120
1694440224995 0.0 121
1694440225258 0.0 122
1694440225522 0.0 123
1694440225796 0.0 124
1694440226048 0.0 125
1694440226309 0.0 126
1694440226562 0.0 127
1694440226830 0.0 128
1694440227089 0.0 129
1694440227355 0.0 130
1694440227620 0.0 131
1694440227886 0.0 132
1694440228139 0.0 133
1694440228414 0.0 134
1694440228690 0.0 135
1694440228958 0.0 136
1694440229248 0.0 137
1694440229570 0.0 138
1694440229823 0.0 139
1694440230079 0.0 140
1694440230353 0.0 141
1694440230603 0.0 142
1694440230849 0.0 143
1694440231096 0.0 144
1694440231332 0.0 145
1694440231594 0.0 146
1694440231866 0.0 147
1694440232147 0.0 148
1694440232418 0.0 149
1694440232688 0.0 150
1694440232966 0.0 151
1694440233234 0.0 152
1694440233495 0.0 153
1694440233754 0.0 154
1694440234014 0.0 155
1694440234270 0.0 156
1694440234531 0.0 157
1694440234786 0.0 158
1694440235034 0.0 159
1694440235298 0.0 160
1694440235574 0.0 161
1694440235837 0.0 162
1694440236096 0.0 163
1694440236387 0.0 164
1694440236663 0.0 165
1694440236924 0.0 166
1694440237175 0.0 167
1694440237434 0.0 168
1694440237686 0.0 169
1694440237937 0.0 170
1694440238205 0.0 171
1694440238480 0.0 172
1694440238734 0.0 173
1694440238983 0.0 174
1694440239247 0.0 175
1694440239524 0.0 176
1694440239786 0.0 177
1694440240037 0.0 178
1694440240306 0.0 179
1694440240592 0.0 180
1694440240850 0.0 181
1694440241109 0.0 182
1694440241374 0.0 183
1694440241670 0.0 184
1694440241927 0.0 185
1694440242184 0.0 186
1694440242474 0.0 187
1694440242741 0.0 188
1694440243000 0.0 189
1694440243251 0.0 190
1694440243539 0.0 191
1694440243833 0.0 192
1694440244100 0.0 193
1694440244387 0.0 194
1694440244636 0.0 195
1694440244895 0.0 196
1694440245166 0.0 197
1694440245410 0.0 198
1694440245681 0.0 199
1694440245930 0.0 200
1694440246166 0.0 201
1694440246420 0.0 202
1694440246686 0.0 203
1694440246935 0.0 204
1694440247205 0.0 205
1694440247484 0.0 206
1694440247751 0.0 207
1694440248024 0.0 208
1694440248300 0.0 209
1694440248598 0.0 210
1694440248901 0.0 211
1694440249200 0.0 212
1694440249452 0.0 213
1694440249756 0.0 214
1694440250002 0.0 215
1694440250279 0.0 216
1694440250566 0.0 217
1694440250829 0.0 218
1694440251098 0.0 219
1694440251410 0.0 220
1694440251710 0.0 221
1694440251979 0.0 222
1694440252273 0.0 223
1694440252559 0.0 224
1694440252865 0.0 225
1694440253170 0.0 226
1694440253464 0.0 227
1694440253764 0.0 228
1694440254134 0.0 229
1694440254412 0.0 230
1694440254681 0.0 231
1694440254960 0.0 232
1694440255223 0.0 233
1694440255506 0.0 234
1694440255782 0.0 235
1694440256065 0.0 236
1694440256344 0.0 237
1694440256634 0.0 238
1694440256883 0.0 239
1694440257165 0.0 240
1694440257471 0.0 241
1694440257803 0.0 242
1694440258084 0.0 243
1694440258343 0.0 244
1694440258606 0.0 245
1694440258882 0.0 246
1694440259154 0.0 247
1694440259452 0.0 248
1694440259765 0.0 249
1694440260072 0.0 250
1694440260363 0.0 251
1694440260630 0.0 252
1694440260893 0.0 253
1694440261150 0.0 254
1694440261411 0.0 255
1694440261670 0.0 256
1694440261915 0.0 257
1694440262170 0.0 258
1694440262424 0.0 259
1694440262682 0.0 260
1694440262948 0.0 261
1694440263204 0.0 262
1694440263468 0.0 263
1694440263723 0.0 264
1694440263969 0.0 265
1694440264216 0.0 266
1694440264475 0.0 267
1694440264733 0.0 268
1694440264966 0.0 269
1694440265219 0.0 270
1694440265453 0.0 271
1694440265692 0.0 272
1694440265941 0.0 273
1694440266185 0.0 274
1694440266452 0.0 275
1694440266703 0.0 276
1694440266952 0.0 277
1694440267201 0.0 278
1694440267452 0.0 279
1694440267700 0.0 280
1694440267946 0.0 281
1694440268213 0.0 282
1694440268465 0.0 283
1694440268710 0.0 284
1694440268959 0.0 285
1694440269203 0.0 286
1694440269481 0.0 287
1694440269763 0.0 288
1694440270029 0.0 289
1694440270293 0.0 290
1694440270554 0.0 291
1694440270798 0.0 292
1694440271068 0.0 293
1694440271336 0.0 294
1694440271613 0.0 295
1694440271875 0.0 296
1694440272126 0.0 297
1694440272387 0.0 298
1694440272636 0.0 299
1694440272888 0.0 300
1694440273166 0.0 301
1694440273409 0.0 302
1694440273648 0.0 303
1694440273887 0.0 304
1694440274125 0.0 305
1694440274359 0.0 306
1694440274612 0.0 307
1694440274859 0.0 308
1694440275110 0.0 309
1694440275381 0.0 310
1694440275647 0.0 311
1694440275912 0.0 312
1694440276178 0.0 313
1694440276450 0.0 314
1694440276684 0.0 315
1694440276940 0.0 316
1694440277193 0.0 317
1694440277437 0.0 318
1694440277681 0.0 319
1694440277937 0.0 320
1694440278199 0.0 321
1694440278478 0.0 322
1694440278738 0.0 323
1694440278986 0.0 324
1694440279229 0.0 325
1694440279472 0.0 326
1694440279740 0.0 327
1694440279990 0.0 328
1694440280247 0.0 329
1694440280520 0.0 330
1694440280774 0.0 331
1694440281049 0.0 332
1694440281305 0.0 333
1694440281569 0.0 334
1694440281830 0.0 335
1694440282084 0.0 336
1694440282329 0.0 337
1694440282606 0.0 338
1694440282897 0.0 339
1694440283169 0.0 340
1694440283431 0.0 341
1694440283683 0.0 342
1694440283934 0.0 343
1694440284179 0.0 344
1694440284435 0.0 345
1694440284691 0.0 346
1694440284953 0.0 347
1694440285242 0.0 348
1694440285518 0.0 349
1694440285765 0.0 350
1694440286015 0.0 351
1694440286264 0.0 352
1694440286532 0.0 353
1694440286818 0.0 354
1694440287072 0.0 355
1694440287319 0.0 356
1694440287579 0.0 357
1694440287825 0.0 358
1694440288106 0.0 359
1694440288340 0.0 360
1694440288596 0.0 361
1694440288839 0.0 362
1694440289114 0.0 363
1694440289382 0.0 364
1694440289672 0.0 365
1694440289970 0.0 366
1694440290244 0.0 367
1694440290493 0.0 368
1694440290748 0.0 369
1694440291003 0.0 370
1694440291269 0.0 371
1694440291524 0.0 372
1694440291774 0.0 373
1694440292018 0.0 374
1694440292268 0.0 375
1694440292536 0.0 376
1694440292784 0.0 377
1694440293032 0.0 378
1694440293280 0.0 379
1694440293525 0.0 380
1694440293766 0.0 381
1694440294010 0.0 382
1694440294271 0.0 383
1694440294543 0.0 384
1694440294806 0.0 385
1694440295053 0.0 386
1694440295332 0.0 387
1694440295601 0.0 388
1694440295861 0.0 389
1694440296103 0.0 390
1694440296375 0.0 391
1694440296669 0.0 392
1694440296930 0.0 393
1694440297182 0.0 394
1694440297446 0.0 395
1694440297689 0.0 396
1694440297955 0.0 397
1694440298216 0.0 398
1694440298482 0.0 399
1694440298742 0.0 400
1694440299012 0.0 401
1694440299262 0.0 402
1694440299522 0.0 403
1694440299775 0.0 404
1694440300037 0.0 405
1694440300290 0.0 406
1694440300545 0.0 407
1694440300788 0.0 408
1694440301044 0.0 409
1694440301286 0.0 410
1694440301528 0.0 411
1694440301750 0.0 412
1694440301985 0.0 413
1694440302247 0.0 414
1694440302499 0.0 415
1694440302734 0.0 416
1694440302967 0.0 417
1694440303201 0.0 418
1694440303474 0.0 419
1694440303736 0.0 420
1694440303981 0.0 421
1694440304231 0.0 422
1694440304489 0.0 423
1694440304752 0.0 424
1694440305005 0.0 425
1694440305246 0.0 426
1694440305519 0.0 427
1694440305768 0.0 428
1694440306013 0.0 429
1694440306261 0.0 430
1694440306508 0.0 431
1694440306767 0.0 432
1694440307002 0.0 433
1694440307275 0.0 434
1694440307551 0.0 435
1694440307821 0.0 436
1694440308083 0.0 437
1694440308338 0.0 438
1694440308618 0.0 439
1694440308865 0.0 440
1694440309120 0.0 441
1694440309375 0.0 442
1694440309644 0.0 443
1694440309909 0.0 444
1694440310152 0.0 445
1694440310412 0.0 446
1694440310642 0.0 447
1694440310880 0.0 448
1694440311145 0.0 449
1694440311415 0.0 450
1694440311674 0.0 451
1694440311951 0.0 452
1694440312222 0.0 453
1694440312482 0.0 454
1694440312746 0.0 455
1694440313013 0.0 456
1694440313283 0.0 457
1694440313592 0.0 458
1694440313852 0.0 459
1694440314158 0.0 460
1694440314468 0.0 461
1694440314722 0.0 462
1694440314998 0.0 463
1694440315264 0.0 464
1694440315536 0.0 465
1694440315841 0.0 466
1694440316099 0.0 467
1694440316363 0.0 468
1694440316630 0.0 469
1694440316925 0.0 470
1694440317163 0.0 471
1694440317416 0.0 472
1694440317677 0.0 473
1694440317972 0.0 474
1694440318231 0.0 475
1694440318493 0.0 476
1694440318754 0.0 477
1694440319003 0.0 478
1694440319242 0.0 479
1694440319505 0.0 480
1694440319753 0.0 481
1694440320007 0.0 482
1694440320257 0.0 483
1694440320502 0.0 484
1694440320747 0.0 485
1694440320979 0.0 486
1694440321230 0.0 487
1694440321456 0.0 488
1694440321721 0.0 489
1694440322048 0.0 490
1694440322296 0.0 491
1694440322553 0.0 492
1694440322813 0.0 493
1694440323081 0.0 494
1694440323351 0.0 495
1694440323635 0.0 496
1694440323909 0.0 497
1694440324181 0.0 498
1694440324453 0.0 499
