1694444685126 163.5845269845491 0
1694444685161 163.55172865085007 1
1694444685193 163.51893691460765 2
1694444685226 163.48615177448912 3
1694444685277 163.45337322916203 4
1694444685347 163.42060127729428 5
1694444685444 163.38783591755393 6
1694444685490 163.35507714860933 7
1694444685522 163.32232496912923 8
1694444685558 163.2895793777825 9
1694444685591 163.25684037323825 10
1694444685630 163.22410795416607 11
1694444685670 163.19138211923567 12
1694444685706 163.15866286711696 13
1694444685744 163.12595019648035 14
1694444685774 163.09324410599632 15
1694444685806 163.06054459433568 16
1694444685843 163.02785166016952 17
1694444685875 162.99516530216923 18
1694444685908 162.9624855190064 19
1694444685951 162.92981230935294 20
1694444685985 162.89714567188102 21
1694444686024 162.8644856052631 22
1694444686060 162.83183210817182 23
1694444686093 162.79918517928024 24
1694444686145 162.76654481726155 25
1694444686178 162.7339110207893 26
1694444686210 162.70128378853732 27
1694444686258 162.66866311917957 28
1694444686293 162.6360490113904 29
1694444686342 162.60344146384452 30
1694444686387 162.57084047521664 31
1694444686427 162.538246044182 32
1694444686459 162.50565816941597 33
1694444686506 162.47307684959424 34
1694444686542 162.44050208339274 35
1694444686577 162.4079338694877 36
1694444686610 162.37537220655554 37
1694444686646 162.34281709327314 38
1694444686694 162.31026852831744 39
1694444686729 162.2777265103657 40
1694444686762 162.24519103809553 41
1694444686804 162.21266211018477 42
1694444686844 162.18013972531148 43
1694444686884 162.14762388215402 44
1694444686922 162.1151145793911 45
1694444686963 162.08261181570157 46
1694444686996 162.0501155897646 47
1694444687030 162.01762590025965 48
1694444687069 161.98514274586643 49
1694444687103 161.95266612526487 50
1694444687141 161.9201960371353 51
1694444687175 161.88773248015818 52
1694444687207 161.85527545301431 53
1694444687243 161.82282495438474 54
1694444687280 161.79038098295084 55
1694444687310 161.7579435373941 56
1694444687345 161.7255126163965 57
1694444687379 161.69308821864 58
1694444687424 161.6606703428072 59
1694444687460 161.6282589875806 60
1694444687495 161.5958541516432 61
1694444687527 161.5634558336782 62
1694444687559 161.53106403236904 63
1694444687590 161.49867874639946 64
1694444687624 161.4662999744535 65
1694444687658 161.43392771521536 66
1694444687693 161.40156196736962 67
1694444687727 161.36920272960106 68
1694444687760 161.33685000059484 69
1694444687791 161.30450377903617 70
1694444687824 161.27216406361072 71
1694444687860 161.23983085300435 72
1694444687895 161.2075041459032 73
1694444687929 161.17518394099372 74
1694444687961 161.14287023696258 75
1694444687994 161.11056303249666 76
1694444688026 161.07826232628324 77
1694444688060 161.04596811700972 78
1694444688092 161.01368040336394 79
1694444688136 160.98139918403382 80
1694444688176 160.9491244577077 81
1694444688213 160.91685622307406 82
1694444688258 160.88459447882184 83
1694444688295 160.85233922364 84
1694444688356 160.82009045621786 85
1694444688408 160.78784817524513 86
1694444688459 160.75561237941167 87
1694444688496 160.7233830674076 88
1694444688530 160.69116023792336 89
1694444688577 160.65894388964952 90
1694444688666 160.6267340212772 91
1694444688701 160.5945306314974 92
1694444688759 160.56233371900177 93
1694444688806 160.53014328248202 94
1694444688844 160.49795932063012 95
1694444688885 160.46578183213833 96
1694444688955 160.43361081569927 97
1694444689025 160.40144627000564 98
1694444689078 160.36928819375055 99
1694444689124 160.33713658562738 100
1694444689174 160.3049914443297 101
1694444689234 160.2728527685514 102
1694444689296 160.24072055698662 103
1694444689356 160.20859480832965 104
1694444689437 160.17647552127534 105
1694444689487 160.1443626945185 106
1694444689522 160.11225632675436 107
1694444689562 160.08015641667834 108
1694444689602 160.04806296298625 109
1694444689638 160.01597596437404 110
1694444689689 159.98389541953796 111
1694444689725 159.95182132717454 112
1694444689760 159.91975368598057 113
1694444689796 159.8876924946531 114
1694444689835 159.85563775188945 115
1694444689869 159.82358945638723 116
1694444689908 159.79154760684426 117
1694444689942 159.75951220195861 118
1694444689977 159.72748324042882 119
1694444690012 159.69546072095332 120
1694444690052 159.66344464223113 121
1694444690087 159.63143500296147 122
1694444690123 159.59943180184365 123
1694444690162 159.56743503757747 124
1694444690204 159.53544470886288 125
1694444690241 159.5034608144001 126
1694444690290 159.47148335288958 127
1694444690328 159.43951232303215 128
1694444690371 159.40754772352875 129
1694444690410 159.37558955308077 130
1694444690451 159.34363781038974 131
1694444690494 159.31169249415737 132
1694444690539 159.27975360308585 133
1694444690575 159.24782113587753 134
1694444690618 159.21589509123493 135
1694444690662 159.183975467861 136
1694444690708 159.15206226445878 137
1694444690741 159.12015547973178 138
1694444690775 159.08825511238356 139
1694444690804 159.05636116111816 140
1694444690843 159.0244736246397 141
1694444690883 158.99259250165267 142
1694444690913 158.9607177908617 143
1694444690952 158.92884949097188 144
1694444690984 158.89698760068836 145
1694444691017 158.86513211871676 146
1694444691064 158.8332830437627 147
1694444691105 158.80144037453235 148
1694444691146 158.76960410973192 149
1694444691193 158.737774248068 150
1694444691243 158.70595078824746 151
1694444691297 158.6741337289773 152
1694444691340 158.64232306896494 153
1694444691376 158.61051880691795 154
1694444691411 158.5787209415442 155
1694444691443 158.54692947155183 156
1694444691475 158.5151443956493 157
1694444691505 158.48336571254518 158
1694444691543 158.45159342094846 159
1694444691575 158.41982751956832 160
1694444691604 158.38806800711419 161
1694444691640 158.35631488229578 162
1694444691679 158.32456814382306 163
1694444691708 158.2928277904063 164
1694444691743 158.26109382075597 165
1694444691776 158.22936623358285 166
1694444691811 158.19764502759796 167
1694444691851 158.16593020151262 168
1694444691890 158.13422175403826 169
1694444691928 158.10251968388684 170
1694444691974 158.07082398977036 171
1694444692009 158.03913467040118 172
1694444692044 158.00745172449183 173
1694444692085 157.97577515075523 174
1694444692122 157.94410494790446 175
1694444692164 157.91244111465298 176
1694444692207 157.88078364971435 177
1694444692241 157.8491325518025 178
1694444692278 157.81748781963165 179
1694444692313 157.7858494519161 180
1694444692355 157.75421744737068 181
1694444692394 157.72259180471022 182
1694444692423 157.69097252265001 183
1694444692458 157.6593595999055 184
1694444692495 157.62775303519246 185
1694444692525 157.59615282722677 186
1694444692567 157.56455897472483 187
1694444692607 157.5329714764031 188
1694444692645 157.50139033097838 189
1694444692692 157.46981553716762 190
1694444692740 157.4382470936882 191
1694444692804 157.4066849992577 192
1694444692845 157.37512925259387 193
1694444692895 157.34357985241485 194
1694444692929 157.31203679743896 195
1694444692974 157.28050008638476 196
1694444693013 157.24896971797122 197
1694444693046 157.21744569091737 198
1694444693093 157.18592800394268 199
1694444693123 157.1544166557667 200
1694444693167 157.1229116451094 201
1694444693204 157.09141297069098 202
1694444693236 157.05992063123176 203
1694444693279 157.0284346254525 204
1694444693323 156.9969549520742 205
1694444693442 156.9654816098179 206
1694444693517 156.9340145974052 207
1694444693561 156.90255391355782 208
1694444693627 156.8710995569977 209
1694444693673 156.8396515264471 210
1694444693704 156.80820982062858 211
1694444693755 156.77677443826488 212
1694444693789 156.74534537807895 213
1694444693823 156.71392263879414 214
1694444693868 156.68250621913404 215
1694444693907 156.65109611782236 216
1694444693947 156.61969233358323 217
1694444693986 156.588294865141 218
1694444694023 156.55690371122014 219
1694444694061 156.5255188705456 220
1694444694101 156.49414034184247 221
1694444694160 156.46276812383607 222
1694444694209 156.431402215252 223
1694444694245 156.40004261481621 224
1694444694291 156.36868932125483 225
1694444694328 156.3373423332942 226
1694444694375 156.30600164966103 227
1694444694412 156.27466726908224 228
1694444694454 156.24333919028493 229
1694444694492 156.2120174119966 230
1694444694530 156.18070193294497 231
1694444694573 156.14939275185787 232
1694444694609 156.11808986746368 233
1694444694661 156.08679327849077 234
1694444694709 156.05550298366782 235
1694444694755 156.02421898172386 236
1694444694804 155.9929412713882 237
1694444694853 155.96166985139024 238
1694444694896 155.93040472045982 239
1694444694937 155.8991458773269 240
1694444694975 155.8678933207218 241
1694444695010 155.83664704937502 242
1694444695054 155.8054070620174 243
1694444695091 155.7741733573799 244
1694444695124 155.74294593419393 245
1694444695159 155.71172479119102 246
1694444695194 155.68050992710295 247
1694444695229 155.64930134066188 248
1694444695263 155.61809903060012 249
1694444695307 155.58690299565026 250
1694444695342 155.55571323454518 251
1694444695383 155.52452974601795 252
1694444695423 155.49335252880195 253
1694444695458 155.46218158163086 254
1694444695491 155.4310169032385 255
1694444695524 155.39985849235904 256
1694444695560 155.3687063477269 257
1694444695591 155.33756046807676 258
1694444695624 155.30642085214345 259
1694444695659 155.2752874986622 260
1694444695702 155.24416040636845 261
1694444695741 155.2130395739979 262
1694444695776 155.1819250002864 263
1694444695811 155.15081668397025 264
1694444695856 155.11971462378588 265
1694444695896 155.08861881847 266
1694444695938 155.05752926675956 267
1694444695978 155.02644596739182 268
1694444696011 154.99536891910427 269
1694444696051 154.96429812063465 270
1694444696088 154.93323357072092 271
1694444696123 154.90217526810136 272
1694444696157 154.87112321151452 273
1694444696192 154.8400773996991 274
1694444696224 154.8090378313942 275
1694444696258 154.77800450533903 276
1694444696295 154.74697742027317 277
1694444696334 154.71595657493634 278
1694444696374 154.68494196806873 279
1694444696411 154.6539335984105 280
1694444696452 154.62293146470233 281
1694444696492 154.59193556568502 282
1694444696533 154.56094590009954 283
1694444696572 154.52996246668735 284
1694444696605 154.49898526418997 285
1694444696641 154.4680142913492 286
1694444696677 154.43704954690725 287
1694444696728 154.40609102960636 288
1694444696792 154.37513873818924 289
1694444696847 154.34419267139867 290
1694444696897 154.31325282797786 291
1694444696949 154.28231920667008 292
1694444696996 154.25139180621903 293
1694444697057 154.2204706253686 294
1694444697105 154.18955566286292 295
1694444697147 154.15864691744633 296
1694444697186 154.1277443878636 297
1694444697228 154.09684807285953 298
1694444697277 154.06595797117936 299
1694444697321 154.03507408156847 300
1694444697372 154.00419640277255 301
1694444697419 153.97332493353747 302
1694444697463 153.94245967260946 303
1694444697528 153.911600618735 304
1694444697589 153.88074777066075 305
1694444697627 153.8499011271336 306
1694444697668 153.81906068690083 307
1694444697707 153.78822644870988 308
1694444697742 153.75739841130843 309
1694444697787 153.72657657344448 310
1694444697823 153.69576093386627 311
1694444697859 153.6649514913222 312
1694444697893 153.63414824456106 313
1694444697930 153.60335119233181 314
1694444697971 153.5725603333837 315
1694444698010 153.54177566646626 316
1694444698055 153.51099719032916 317
1694444698096 153.48022490372244 318
1694444698146 153.44945880539635 319
1694444698196 153.41869889410145 320
1694444698242 153.3879451685884 321
1694444698288 153.35719762760831 322
1694444698329 153.32645626991246 323
1694444698379 153.29572109425226 324
1694444698424 153.26499209937958 325
1694444698469 153.23426928404646 326
1694444698504 153.20355264700513 327
1694444698539 153.1728421870082 328
1694444698568 153.14213790280837 329
1694444698596 153.1114397931588 330
1694444698627 153.0807478568127 331
1694444698661 153.05006209252366 332
1694444698696 153.01938249904552 333
1694444698730 152.98870907513228 334
1694444698771 152.95804181953827 335
1694444698808 152.9273807310181 336
1694444698843 152.8967258083265 337
1694444698889 152.86607705021868 338
1694444698927 152.83543445544984 339
1694444698973 152.8047980227756 340
1694444699018 152.77416775095182 341
1694444699068 152.74354363873456 342
1694444699118 152.71292568488016 343
1694444699163 152.6823138881452 344
1694444699227 152.6517082472866 345
1694444699288 152.62110876106138 346
1694444699331 152.59051542822687 347
1694444699386 152.55992824754077 348
1694444699443 152.52934721776086 349
1694444699495 152.49877233764522 350
1694444699541 152.46820360595223 351
1694444699590 152.4376410214406 352
1694444699640 152.40708458286912 353
1694444699691 152.37653428899685 354
1694444699743 152.3459901385832 355
1694444699775 152.31545213038785 356
1694444699808 152.28492026317062 357
1694444699845 152.2543945356916 358
1694444699890 152.22387494671128 359
1694444699924 152.1933614949902 360
1694444699958 152.1628541792892 361
1694444699994 152.13235299836953 362
1694444700045 152.10185795099252 363
1694444700084 152.0713690359198 364
1694444700126 152.04088625191324 365
1694444700178 152.01040959773502 366
1694444700218 151.9799390721475 367
1694444700256 151.94947467391336 368
1694444700290 151.9190164017955 369
1694444700326 151.888564254557 370
1694444700360 151.85811823096128 371
1694444700396 151.827678329772 372
1694444700429 151.7972445497531 373
1694444700468 151.76681688966872 374
1694444700506 151.7363953482832 375
1694444700539 151.70597992436126 376
1694444700571 151.67557061666778 377
1694444700606 151.64516742396788 378
1694444700645 151.614770345027 379
1694444700687 151.58437937861086 380
1694444700728 151.55399452348524 381
1694444700771 151.52361577841646 382
1694444700813 151.49324314217077 383
1694444700859 151.46287661351488 384
1694444700906 151.4325161912158 385
1694444700947 151.4021618740406 386
1694444700990 151.3718136607567 387
1694444701038 151.34147155013176 388
1694444701089 151.3111355409337 389
1694444701142 151.28080563193066 390
1694444701194 151.25048182189113 391
1694444701259 151.22016410958372 392
1694444701311 151.18985249377738 393
1694444701350 151.15954697324122 394
1694444701387 151.1292475467447 395
1694444701430 151.0989542130575 396
1694444701475 151.0686669709495 397
1694444701512 151.03838581919084 398
1694444701558 151.008110756552 399
1694444701607 150.97784178180365 400
1694444701659 150.9475788937167 401
1694444701696 150.91732209106218 402
1694444701735 150.8870713726117 403
1694444701774 150.85682673713683 404
1694444701807 150.8265881834095 405
1694444701844 150.79635571020188 406
1694444701883 150.76612931628634 407
1694444701924 150.7359090004356 408
1694444701960 150.70569476142256 409
1694444702005 150.6754865980204 410
1694444702039 150.64528450900247 411
1694444702080 150.61508849314248 412
1694444702121 150.5848985492143 413
1694444702160 150.55471467599216 414
1694444702209 150.52453687225045 415
1694444702241 150.49436513676372 416
1694444702292 150.46419946830704 417
1694444702335 150.43403986565545 418
1694444702376 150.40388632758436 419
1694444702424 150.3737388528695 420
1694444702475 150.34359744028677 421
1694444702513 150.31346208861223 422
1694444702558 150.2833327966223 423
1694444702594 150.2532095630937 424
1694444702637 150.22309238680327 425
1694444702687 150.19298126652822 426
1694444702728 150.16287620104586 427
1694444702763 150.1327771891338 428
1694444702810 150.10268422957012 429
1694444702855 150.07259732113278 430
1694444702903 150.04251646260022 431
1694444702939 150.0124416527511 432
1694444702974 149.98237289036433 433
1694444703011 149.95231017421892 434
1694444703050 149.9222535030944 435
1694444703093 149.8922028757703 436
1694444703129 149.86215829102653 437
1694444703163 149.83211974764322 438
1694444703219 149.80208724440075 439
1694444703259 149.77206078007973 440
1694444703297 149.742040353461 441
1694444703334 149.71202596332571 442
1694444703377 149.68201760845525 443
1694444703412 149.65201528763114 444
1694444703454 149.62201899963532 445
1694444703492 149.59202874324987 446
1694444703527 149.5620445172572 447
1694444703560 149.5320663204398 448
1694444703627 149.5020941515806 449
1694444703675 149.4721280094627 450
1694444703723 149.4421678928694 451
1694444703773 149.41221380058434 452
1694444703811 149.38226573139127 453
1694444703846 149.35232368407438 454
1694444703884 149.32238765741795 455
1694444703925 149.29245765020656 456
1694444703959 149.26253366122504 457
1694444703994 149.23261568925852 458
1694444704028 149.20270373309222 459
1694444704077 149.17279779151173 460
1694444704111 149.14289786330295 461
1694444704147 149.11300394725188 462
1694444704189 149.08311604214478 463
1694444704226 149.05323414676832 464
1694444704278 149.02335825990914 465
1694444704326 148.99348838035448 466
1694444704373 148.9636245068915 467
1694444704411 148.9337666383078 468
1694444704453 148.9039147733911 469
1694444704495 148.8740689109295 470
1694444704545 148.8442290497113 471
1694444704591 148.8143951885249 472
1694444704647 148.7845673261592 473
1694444704697 148.75474546140316 474
1694444704751 148.72492959304608 475
1694444704813 148.69511971987743 476
1694444704869 148.66531584068696 477
1694444704914 148.6355179542647 478
1694444704958 148.60572605940095 479
1694444705004 148.57594015488613 480
1694444705050 148.54616023951093 481
1694444705091 148.5163863120665 482
1694444705128 148.4866183713439 483
1694444705162 148.45685641613468 484
1694444705194 148.4271004452306 485
1694444705225 148.39735045742358 486
1694444705257 148.36760645150585 487
1694444705292 148.33786842626984 488
1694444705328 148.30813638050827 489
1694444705361 148.27841031301412 490
1694444705395 148.2486902225806 491
1694444705438 148.21897610800104 492
1694444705477 148.1892679680692 493
1694444705522 148.15956580157902 494
1694444705560 148.1298696073247 495
1694444705601 148.10017938410058 496
1694444705642 148.0704951307014 497
1694444705680 148.04081684592202 498
1694444705723 148.01114452855762 499
