1694441890874 -0.001792438836847321 0
1694441890952 -0.0017888952573656969 1
1694441891001 -0.001785342410671742 2
1694441891046 -0.0017817802786725956 3
1694441891129 -0.001778208843244533 4
1694441891190 -0.0017746280862309671 5
1694441891239 -0.0017710379894444461 6
1694441891281 -0.001767438534664434 7
1694441891353 -0.0017638297036399742 8
1694441891418 -0.0017602114780879141 9
1694441891503 -0.0017565838396926825 10
1694441891564 -0.0017529467701062895 11
1694441891626 -0.0017493002509501032 12
1694441891701 -0.001745644263812185 13
1694441891784 -0.001741978790249732 14
1694441891852 -0.0017383038117861904 15
1694441891980 -0.0017346193099143647 16
1694441892054 -0.0017309252660935304 17
1694441892155 -0.0017272216617512104 18
1694441892215 -0.0017235084782825094 19
1694441892296 -0.0017197856970503356 20
1694441892399 -0.0017160532993849564 21
1694441892477 -0.0017123112665833329 22
1694441892529 -0.00170853322295339 23
1694441892568 -0.0017047455963343783 24
1694441892613 -0.0017009483685108684 25
1694441892662 -0.0016971415212378993 26
1694441892718 -0.0016933250362396457 27
1694441892756 -0.001689498895208974 28
1694441892815 -0.0016856630798089967 29
1694441892905 -0.0016818175716704076 30
1694441892987 -0.001677962352395479 31
1694441893121 -0.0016740974035542866 32
1694441893227 -0.001670222706685598 33
1694441893286 -0.0016663382432986484 34
1694441893332 -0.0016624439948711434 35
1694441893385 -0.0016585399428485914 36
1694441893438 -0.0016546260686478576 37
1694441893490 -0.0016507023536529442 38
1694441893541 -0.0016467687792178776 39
1694441893598 -0.0016428253266640436 40
1694441893664 -0.0016388719772837401 41
1694441893719 -0.0016349087123352923 42
1694441893780 -0.0016309355130486036 43
1694441893826 -0.0016269523606207148 44
1694441893877 -0.0016229592362178025 45
1694441893915 -0.0016189561209738468 46
1694441893964 -0.0016149429959924078 47
1694441894006 -0.0016109198423457372 48
1694441894070 -0.001606886641072336 49
1694441894107 -0.0016028433731822833 50
1694441894187 -0.001598790019652352 51
1694441894259 -0.0015947265614273398 52
1694441894303 -0.001590652979421181 53
1694441894372 -0.001586569254515835 54
1694441894424 -0.0015824753675610648 55
1694441894464 -0.0015783712993757693 56
1694441894517 -0.0015742570307459847 57
1694441894563 -0.001570132542427105 58
1694441894598 -0.0015659978151407739 59
1694441894644 -0.001561852829577104 60
1694441894700 -0.0015576975663962322 61
1694441894737 -0.0015535320062236568 62
1694441894783 -0.0015493561296544556 63
1694441894833 -0.0015451699172501776 64
1694441894883 -0.001540973349541952 65
1694441894925 -0.0015367664070260467 66
1694441894975 -0.001532549070169198 67
1694441895019 -0.001528321319404391 68
1694441895067 -0.0015240831351324147 69
1694441895111 -0.0015198344977211953 70
1694441895168 -0.0015155753875073508 71
1694441895219 -0.0015113057847944145 72
1694441895273 -0.001507025669853057 73
1694441895320 -0.0015027350229213088 74
1694441895397 -0.0014984338242056694 75
1694441895499 -0.0014941220538782218 76
1694441895545 -0.0014897996920801848 77
1694441895579 -0.0014854667189190263 78
1694441895633 -0.0014811231144691295 79
1694441895686 -0.0014767688587726813 80
1694441895728 -0.0014724039318387838 81
1694441895791 -0.0014680283136438987 82
1694441895838 -0.0014636419841302928 83
1694441895885 -0.0014592449232091464 84
1694441895931 -0.0014548371107567792 85
1694441895976 -0.0014504185266182024 86
1694441896025 -0.001445989150603566 87
1694441896079 -0.00144154896249038 88
1694441896121 -0.001437097942023735 89
1694441896160 -0.0014326360689143058 90
1694441896212 -0.0014281633228403479 91
1694441896253 -0.001423679683446366 92
1694441896337 -0.0014191851303433367 93
1694441896419 -0.0014146796431093733 94
1694441896480 -0.0014101632012877285 95
1694441896532 -0.0014056357843901246 96
1694441896585 -0.0014010973718929787 97
1694441896633 -0.0013965479432402894 98
1694441896675 -0.0013919874778416386 99
1694441896714 -0.0013874159550733012 100
1694441896757 -0.0013828333542775795 101
1694441896820 -0.0013782396547625808 102
1694441896869 -0.001373634835803994 103
1694441896920 -0.001369018876642203 104
1694441896973 -0.0013643917564842845 105
1694441897026 -0.001359753454503787 106
1694441897114 -0.0013551039498385098 107
1694441897204 -0.0013504432215940554 108
1694441897248 -0.0013457712488420537 109
1694441897315 -0.0013410880106177192 110
1694441897368 -0.0013363934859251803 111
1694441897429 -0.0013316876537317057 112
1694441897494 -0.001326970492972368 113
1694441897539 -0.0013222419825453802 114
1694441897581 -0.0013175021013172028 115
1694441897630 -0.0013127508281192135 116
1694441897702 -0.0013079881417474848 117
1694441897751 -0.0013032140209638943 118
1694441897819 -0.0012984284444963468 119
1694441897865 -0.001293631391038108 120
1694441897934 -0.001288822839246917 121
1694441898014 -0.0012840027677469834 122
1694441898070 -0.0012791711551269902 123
1694441898132 -0.0012743279799414253 124
1694441898188 -0.0012694732207099158 125
1694441898238 -0.0012646068559170054 126
1694441898303 -0.0012597288640123772 127
1694441898368 -0.001254839223411075 128
1694441898427 -0.0012499379124930599 129
1694441898474 -0.0012450249096029875 130
1694441898521 -0.0012401001930508748 131
1694441898575 -0.0012351637411114336 132
1694441898619 -0.0012302155320242925 133
1694441898663 -0.0012252555439939972 134
1694441898697 -0.0012202837551897883 135
1694441898741 -0.0012153001437449351 136
1694441898786 -0.0012103046877589563 137
1694441898833 -0.001205297365294511 138
1694441898880 -0.0012002781543800634 139
1694441898920 -0.0011952470330074405 140
1694441898974 -0.0011902039791342744 141
1694441899065 -0.0011851489706811158 142
1694441899184 -0.0011800819855343203 143
1694441899223 -0.0011750030015440505 144
1694441899264 -0.0011699119965244975 145
1694441899302 -0.0011648089482552137 146
1694441899353 -0.001159693834478448 147
1694441899434 -0.001154566632902032 148
1694441899495 -0.0011494273211971606 149
1694441899541 -0.001144275876999501 150
1694441899601 -0.0011391122779087492 151
1694441899648 -0.0011339365014884084 152
1694441899686 -0.0011287485252662321 153
1694441899757 -0.0011235483267335589 154
1694441899815 -0.0011183358833459778 155
1694441899862 -0.001113111172523551 156
1694441899911 -0.0011078741716481488 157
1694441899979 -0.0011026248580670028 158
1694441900034 -0.0010973632090911511 159
1694441900077 -0.0010920892019947726 160
1694441900126 -0.0010868028140156305 161
1694441900175 -0.0010815040223552952 162
1694441900235 -0.0010761928041791435 163
1694441900273 -0.001070869136615027 164
1694441900313 -0.0010655329967554916 165
1694441900361 -0.0010601843616557804 166
1694441900404 -0.0010548232083344988 167
1694441900508 -0.001049449513774059 168
1694441900568 -0.0010440632549197915 169
1694441900623 -0.0010386644086797236 170
1694441900681 -0.0010332529519263556 171
1694441900750 -0.0010278288614946618 172
1694441900839 -0.0010223921141818693 173
1694441900905 -0.0010169426867498998 174
1694441900947 -0.0010114805559227058 175
1694441900996 -0.001006005698387158 176
1694441901054 -0.0010005180907932676 177
1694441901096 -0.0009950177097537427 178
1694441901136 -0.0009895045318446538 179
1694441901190 -0.000983978533604546 180
1694441901247 -0.0009784396915346605 181
1694441901314 -0.0009728879820984915 182
1694441901412 -0.0009673233817228954 183
1694441901495 -0.0009617458667972034 184
1694441901550 -0.000956155413673665 185
1694441901604 -0.0009505519986652278 186
1694441901696 -0.0009449355980502006 187
1694441901745 -0.000939306188067146 188
1694441901796 -0.0009336637449173235 189
1694441901894 -0.0009280082447655769 190
1694441901970 -0.0009223396637376702 191
1694441902036 -0.000916657977922064 192
1694441902088 -0.0009109631633699156 193
1694441902147 -0.000905255196093746 194
1694441902203 -0.0008995340520687733 195
1694441902267 -0.0008937997072324677 196
1694441902327 -0.0008880521374832195 197
1694441902397 -0.0008822913186827819 198
1694441902450 -0.000876517226654494 199
1694441902512 -0.0008707298371828376 200
1694441902566 -0.0008649291260149905 201
1694441902620 -0.000859115068859273 202
1694441902666 -0.0008532876413867019 203
1694441902757 -0.0008474468192292139 204
1694441902835 -0.0008415925779807765 205
1694441902887 -0.0008357248931967209 206
1694441902958 -0.0008298437403944092 207
1694441903006 -0.0008239490950525674 208
1694441903065 -0.0008180409326110638 209
1694441903135 -0.000812119228471575 210
1694441903227 -0.0008061839579966978 211
1694441903294 -0.0008002350965121696 212
1694441903373 -0.0007942726193028715 213
1694441903442 -0.0007882965016157151 214
1694441903493 -0.0007823067186594201 215
1694441903557 -0.0007763032456029606 216
1694441903609 -0.0007702860575780068 217
1694441903643 -0.0007642551296749289 218
1694441903690 -0.0007582104369474596 219
1694441903739 -0.0007521519544086974 220
1694441903782 -0.0007460796570344375 221
1694441903831 -0.0007399935197598406 222
1694441903873 -0.0007338935174807659 223
1694441903940 -0.0007277796250557689 224
1694441904003 -0.0007216518173027708 225
1694441904065 -0.0007155100690006133 226
1694441904123 -0.000709354354889058 227
1694441904165 -0.0007031846496685645 228
1694441904207 -0.0006970009280002909 229
1694441904256 -0.0006908031645052048 230
1694441904299 -0.0006845913337656384 231
1694441904344 -0.0006783654103248438 232
1694441904387 -0.0006721253686849948 233
1694441904435 -0.0006658711833096298 234
1694441904486 -0.0006596028286229849 235
1694441904530 -0.0006533202790093284 236
1694441904572 -0.0006470235088116283 237
1694441904620 -0.0006407124923362151 238
1694441904657 -0.0006343872038461207 239
1694441904700 -0.0006280476175679617 240
1694441904740 -0.0006216937076855 241
1694441904797 -0.0006153254483445281 242
1694441904833 -0.0006089428136490938 243
1694441904881 -0.0006025457776652754 244
1694441904925 -0.0005961343144171849 245
1694441904962 -0.0005897083978902984 246
1694441905014 -0.0005832680020279035 247
1694441905089 -0.0005768131007355404 248
1694441905153 -0.0005703436678770046 249
1694441905196 -0.000563859677276124 250
1694441905250 -0.0005573611027165359 251
1694441905296 -0.0005508479179401338 252
1694441905335 -0.000544320096650841 253
1694441905381 -0.0005377776125101708 254
1694441905435 -0.0005312204391401121 255
1694441905485 -0.0005246485501209097 256
1694441905531 -0.0005180619189939506 257
1694441905584 -0.000511460519257767 258
1694441905626 -0.0005048443243724776 259
1694441905672 -0.0004982133077557904 260
1694441905727 -0.0004915674427856676 261
1694441905778 -0.0004849067027978826 262
1694441905826 -0.00047823106108890734 263
1694441905873 -0.000471540490913247 264
1694441905918 -0.00046483496548521686 265
1694441905960 -0.00045811445797716566 266
1694441906035 -0.00045137894152125213 267
1694441906085 -0.00044462838920766856 268
1694441906137 -0.00043786277408641716 269
1694441906186 -0.00043108206916575575 270
1694441906230 -0.00042428624741308596 271
1694441906299 -0.00041747528175384296 272
1694441906354 -0.0004106491450723837 273
1694441906414 -0.0004038078102122089 274
1694441906479 -0.0003969512499750749 275
1694441906522 -0.00039007943712121573 276
1694441906572 -0.0003831923443697871 277
1694441906619 -0.00037628994439753427 278
1694441906668 -0.00036937220984034624 279
1694441906741 -0.00036243911329236767 280
1694441906813 -0.00035549062730577674 281
1694441906860 -0.00034852672439122934 282
1694441906904 -0.000341547377018081 283
1694441906960 -0.0003345525576130548 284
1694441907006 -0.0003275422385615734 285
1694441907065 -0.00032051639220664896 286
1694441907130 -0.00031347499085021546 287
1694441907162 -0.00030641800675201836 288
1694441907197 -0.00029934541212872645 289
1694441907239 -0.00029225717915570826 290
1694441907277 -0.000285153279967032 291
1694441907315 -0.0002780336866532451 292
1694441907357 -0.00027089837126315075 293
1694441907395 -0.0002637473058040296 294
1694441907442 -0.0002565804622400858 295
1694441907481 -0.0002493978124931129 296
1694441907519 -0.000242199328442938 297
1694441907570 -0.00023498498192764394 298
1694441907613 -0.00022775474474068247 299
1694441907675 -0.0002205085886357594 300
1694441907714 -0.00021324648532172752 301
1694441907758 -0.0002059684064659173 302
1694441907805 -0.0001986743236934707 303
1694441907844 -0.00019136420858623104 304
1694441907885 -0.00018403803268318697 305
1694441907923 -0.00017669576748091664 306
1694441907957 -0.0001693373844331436 307
1694441908052 -0.00016196285495029272 308
1694441908092 -0.00015457215040060035 309
1694441908141 -0.00014716524210944826 310
1694441908204 -0.00013974210135825338 311
1694441908247 -0.00013230269938646622 312
1694441908306 -0.00012484700738979448 313
1694441908350 -0.00011737499652131334 314
1694441908406 -0.00010988663789035513 315
1694441908451 -0.00010238190256361968 316
1694441908490 -9.486076156495216e-05 317
1694441908527 -8.732318587334476e-05 318
1694441908572 -7.97691464267114e-05 319
1694441908617 -7.219861411678075e-05 320
1694441908676 -6.461155979531341e-05 321
1694441908737 -5.700795426721861e-05 322
1694441908790 -4.938776829654934e-05 323
1694441908835 -4.175097260317173e-05 324
1694441908883 -3.409753786143277e-05 325
1694441908920 -2.6427434704601183e-05 326
1694441908958 -1.874063372198087e-05 327
1694441909012 -1.1037105456690455e-05 328
1694441909048 -3.316820411214394e-06 329
1694441909085 4.4202509569268855e-06 330
1694441909131 1.2174138234510856e-05 331
1694441909167 1.9944871051946755e-05 332
1694441909223 2.7732479083275585e-05 333
1694441909265 3.5536992046836247e-05 334
1694441909318 4.335843970437736e-05 335
1694441909380 5.119685186250056e-05 336
1694441909425 5.905225837143924e-05 337
1694441909479 6.692468912550265e-05 338
1694441909525 7.481417406307589e-05 339
1694441909571 8.272074316728606e-05 340
1694441909612 9.064442646500304e-05 341
1694441909648 9.858525402717255e-05 342
1694441909682 0.00010654325596970438 343
1694441909731 0.00011451846245369435 344
1694441909776 0.0001225109036819827 345
1694441909817 0.00013052060990415004 346
1694441909862 0.00013854761141385286 347
1694441909911 0.0001465919385484904 348
1694441909957 0.00015465362169120311 349
1694441910022 0.00016273269126887424 350
1694441910082 0.00017082917775290696 351
1694441910170 0.00017894311166100074 352
1694441910219 0.00018707452355370968 353
1694441910257 0.00019522344403688496 354
1694441910299 0.00020338990376200794 355
1694441910347 0.00021157393342485786 356
1694441910396 0.00021977556376528984 357
1694441910456 0.00022799482557067652 358
1694441910501 0.00023623174967080107 359
1694441910557 0.00024448636694107684 360
1694441910598 0.0002527587083024363 361
1694441910660 0.00026104880472166414 362
1694441910700 0.00026935668720839967 363
1694441910773 0.00027768238682079893 364
1694441910865 0.0002860259346595395 365
1694441910911 0.0002943873618710402 366
1694441910984 0.0003027666996482381 367
1694441911037 0.00031116397922847927 368
1694441911081 0.00031957923189440685 369
1694441911126 0.0003280124889757374 370
1694441911171 0.0003364637818449312 371
1694441911211 0.00034493314192229896 372
1694441911254 0.0003534206006725604 373
1694441911298 0.00036192618960684264 374
1694441911343 0.00037044994028101463 375
1694441911413 0.0003789918842974638 376
1694441911473 0.00038755205330387454 377
1694441911518 0.0003961304789932285 378
1694441911563 0.00040472719310635785 379
1694441911603 0.00041334222742772653 380
1694441911648 0.00042197561378787274 381
1694441911689 0.00043062738406496326 382
1694441911753 0.00043929757018146276 383
1694441911834 0.0004479862041065763 384
1694441911876 0.0004566933178556942 385
1694441911932 0.000465418943489726 386
1694441912001 0.00047416311311643256 387
1694441912065 0.00048292585888942696 388
1694441912111 0.0004917072130090627 389
1694441912157 0.0005005072077203243 390
1694441912205 0.0005093258753157137 391
1694441912246 0.0005181632481354725 392
1694441912297 0.0005270193585633631 393
1694441912349 0.0005358942390311094 394
1694441912441 0.0005447879220168428 395
1694441912506 0.0005537004400453238 396
1694441912555 0.0005626318256870544 397
1694441912630 0.0005715821115609421 398
1694441912708 0.0005805513303301924 399
1694441912804 0.0005895395147054172 400
1694441912867 0.0005985466974458564 401
1694441912919 0.0006075729113547146 402
1694441912969 0.0006166181892829359 403
1694441913019 0.000625682564128982 404
1694441913097 0.0006347660688375001 405
1694441913182 0.0006438687364010987 406
1694441913258 0.0006529905998566843 407
1694441913319 0.0006621316922912346 408
1694441913383 0.0006712920468378014 409
1694441913448 0.0006804716966748448 410
1694441913518 0.0006896706750296744 411
1694441913560 0.0006988890151764515 412
1694441913600 0.0007081267504360778 413
1694441913646 0.0007173839141770832 414
1694441913703 0.0007266605398144055 415
1694441913746 0.0007359566608110546 416
1694441913815 0.0007452723106783354 417
1694441913873 0.0007546075229726279 418
1694441913916 0.0007639623312990507 419
1694441913978 0.000773336769310462 420
1694441914041 0.0007827308707051284 421
1694441914118 0.0007921446692329415 422
1694441914157 0.0008015781986867587 423
1694441914195 0.0008110314929098417 424
1694441914248 0.0008205045857921922 425
1694441914306 0.0008299975112711078 426
1694441914371 0.0008395103033336238 427
1694441914414 0.0008490429960116286 428
1694441914471 0.0008585956233861936 429
1694441914522 0.0008681682195862406 430
1694441914588 0.0008777608187886532 431
1694441914650 0.0008873734552186097 432
1694441914687 0.0008970061631468074 433
1694441914724 0.000906658976895347 434
1694441914774 0.0009163319308326257 435
1694441914815 0.0009260250593745578 436
1694441914860 0.0009357383969859079 437
1694441914896 0.0009454719781791798 438
1694441914950 0.0009552258375157274 439
1694441915000 0.0009650000096038669 440
1694441915046 0.0009747945291013194 441
1694441915091 0.0009846094307134345 442
1694441915132 0.000994444749194301 443
1694441915180 0.0010043005193457466 444
1694441915234 0.0010141767760183384 445
1694441915300 0.001024073554110938 446
1694441915355 0.0010339908885710347 447
1694441915404 0.0010439288143948566 448
1694441915445 0.0010538873666263715 449
1694441915533 0.00106386658035873 450
1694441915603 0.0010738664907326 451
1694441915719 0.0010838871329393873 452
1694441915779 0.0010939285422166822 453
1694441915828 0.0011039907538529237 454
1694441915881 0.001114073803183957 455
1694441915927 0.0011241777255935892 456
1694441915991 0.0011343025565181408 457
1694441916060 0.0011444483314380083 458
1694441916113 0.0011546150858856574 459
1694441916159 0.0011648028554414047 460
1694441916255 0.0011750116757341944 461
1694441916291 0.0011852415824427087 462
1694441916348 0.0011954926112941466 463
1694441916401 0.001205764798065112 464
1694441916458 0.0012160581785806146 465
1694441916508 0.001226372788715624 466
1694441916556 0.0012367086643935155 467
1694441916607 0.0012470658415877356 468
1694441916670 0.0012574443563195814 469
1694441916717 0.0012678442446615312 470
1694441916756 0.0012782655427329148 471
1694441916795 0.0012887082867052424 472
1694441916850 0.0012991725127968756 473
1694441916896 0.0013096582572768023 474
1694441916947 0.001320165556463082 475
1694441917021 0.0013306944467237347 476
1694441917080 0.0013412449644752966 477
1694441917148 0.0013518171461852635 478
1694441917214 0.0013624110283689816 479
1694441917278 0.0013730266475927566 480
1694441917374 0.0013836640404718548 481
1694441917436 0.0013943232436716135 482
1694441917486 0.0014050042939065532 483
1694441917560 0.0014157072279413763 484
1694441917608 0.001426432082590412 485
1694441917658 0.0014371788947176167 486
1694441917699 0.0014479477012365738 487
1694441917738 0.0014587385391116037 488
1694441917790 0.0014695514453566538 489
1694441917862 0.0014803864570344105 490
1694441917904 0.0014912436112586303 491
1694441917955 0.0015021229451935847 492
1694441917998 0.0015130244960523953 493
1694441918041 0.0015239483010983657 494
1694441918086 0.0015348943976448703 495
1694441918146 0.0015458628230571314 496
1694441918219 0.0015568536147477774 497
1694441918285 0.0015678668101813953 498
1694441918332 0.00157890244687231 499
