1694437165761 181.01552616009425 0
1694437165796 180.9789814058072 1
1694437165832 180.9424447687108 2
1694437165878 180.9059162469211 3
1694437165909 180.8693958385546 4
1694437165945 180.83288354172825 5
1694437165977 180.7963793545594 6
1694437166012 180.75988327516592 7
1694437166050 180.72339530166607 8
1694437166084 180.68691543217855 9
1694437166115 180.65044366482263 10
1694437166144 180.61397999771785 11
1694437166181 180.5775244289843 12
1694437166217 180.54107695674261 13
1694437166268 180.50463757911362 14
1694437166304 180.46820629421887 15
1694437166347 180.43178310018016 16
1694437166420 180.39536799511984 17
1694437166478 180.3589609771607 18
1694437166561 180.32256204442595 19
1694437166595 180.28617119503926 20
1694437166669 180.24978842712477 21
1694437166755 180.21341373880696 22
1694437166842 180.17704712821094 23
1694437166913 180.1406885934621 24
1694437166964 180.10433813268645 25
1694437167020 180.0679957440103 26
1694437167174 180.03166142556037 27
1694437167293 179.995335175464 28
1694437167376 179.95901699184893 29
1694437167430 179.92270687284318 30
1694437167488 179.88640481657546 31
1694437167541 179.85011082117475 32
1694437167590 179.81382488477055 33
1694437167651 179.7775470054928 34
1694437167722 179.74127718147187 35
1694437167774 179.70501541083863 36
1694437167836 179.6687616917243 37
1694437167899 179.63251602226066 38
1694437167990 179.59627840057976 39
1694437168112 179.56004882481437 40
1694437168189 179.52382729309747 41
1694437168254 179.48761380356254 42
1694437168311 179.4514083543436 43
1694437168362 179.415210943575 44
1694437168440 179.3790215693916 45
1694437168543 179.34284022992864 46
1694437168613 179.30666692332193 47
1694437168671 179.27050164770756 48
1694437168794 179.23434440122224 49
1694437168870 179.19819518200302 50
1694437168961 179.16205398818735 51
1694437169009 179.12592081791328 52
1694437169040 179.0897956693192 53
1694437169083 179.05367854054384 54
1694437169135 179.01756942972662 55
1694437169172 178.98146833500726 56
1694437169210 178.9453752545259 57
1694437169245 178.90929018642316 58
1694437169276 178.87321312884018 59
1694437169304 178.83714407991837 60
1694437169346 178.8010830377998 61
1694437169407 178.7650300006268 62
1694437169471 178.72898496654224 63
1694437169534 178.69294793368934 64
1694437169587 178.65691890021193 65
1694437169643 178.62089786425415 66
1694437169689 178.5848848239606 67
1694437169731 178.54887977747637 68
1694437169783 178.51288272294696 69
1694437169818 178.47689365851826 70
1694437169860 178.44091258233672 71
1694437169917 178.40493949254915 72
1694437169994 178.36897438730284 73
1694437170056 178.3330172647455 74
1694437170108 178.29706812302533 75
1694437170165 178.26112696029082 76
1694437170234 178.22519377469112 77
1694437170305 178.1892685643757 78
1694437170377 178.15335132749448 79
1694437170412 178.11744206219777 80
1694437170488 178.08154076663646 81
1694437170576 178.04564743896177 82
1694437170634 178.00976207732538 83
1694437170685 177.97388467987952 84
1694437170731 177.93801524477664 85
1694437170786 177.9021537701698 86
1694437170816 177.86630025421246 87
1694437170848 177.8304546950586 88
1694437170877 177.79461709086243 89
1694437170904 177.75878743977879 90
1694437170933 177.72296573996297 91
1694437170966 177.6871519895705 92
1694437171010 177.6513461867576 93
1694437171039 177.61554832968073 94
1694437171082 177.57975841649696 95
1694437171139 177.54397644536363 96
1694437171190 177.50820241443867 97
1694437171216 177.47243632188037 98
1694437171244 177.43667816584738 99
1694437171270 177.40092794449905 100
1694437171297 177.36518565599488 101
1694437171323 177.32945129849492 102
1694437171359 177.2937248701598 103
1694437171385 177.25800636915028 104
1694437171424 177.22229579362792 105
1694437171452 177.18659314175443 106
1694437171479 177.15089841169214 107
1694437171511 177.11521160160362 108
1694437171543 177.07953270965214 109
1694437171575 177.0438617340012 110
1694437171624 177.00819867281487 111
1694437171678 176.97254352425753 112
1694437171754 176.93689628649415 113
1694437171819 176.90125695768995 114
1694437171902 176.86562553601078 115
1694437171956 176.83000201962287 116
1694437172038 176.79438640669275 117
1694437172114 176.75877869538758 118
1694437172218 176.72317888387485 119
1694437172272 176.68758697032249 120
1694437172318 176.65200295289895 121
1694437172377 176.61642682977305 122
1694437172430 176.58085859911404 123
1694437172461 176.5452982590916 124
1694437172497 176.50974580787585 125
1694437172538 176.47420124363745 126
1694437172568 176.43866456454734 127
1694437172597 176.403135768777 128
1694437172645 176.3676148544983 129
1694437172689 176.33210181988363 130
1694437172723 176.29659666310567 131
1694437172773 176.26109938233762 132
1694437172806 176.22560997575317 133
1694437172859 176.19012844152633 134
1694437172919 176.15465477783158 135
1694437173004 176.119188982844 136
1694437173047 176.08373105473876 137
1694437173109 176.04828099169188 138
1694437173172 176.01283879187946 139
1694437173232 175.97740445347821 140
1694437173287 175.94197797466526 141
1694437173328 175.9065593536182 142
1694437173365 175.87114858851498 143
1694437173410 175.83574567753405 144
1694437173460 175.8003506188542 145
1694437173504 175.76496341065476 146
1694437173537 175.72958405111544 147
1694437173575 175.6942125384165 148
1694437173616 175.6588488707384 149
1694437173678 175.62349304626218 150
1694437173754 175.5881450631694 151
1694437173817 175.55280491964191 152
1694437173851 175.51747261386203 153
1694437173889 175.4821481440125 154
1694437173930 175.44683150827663 155
1694437173976 175.4115227048379 156
1694437174026 175.37622173188052 157
1694437174066 175.34092858758885 158
1694437174111 175.30564327014793 159
1694437174177 175.27036577774314 160
1694437174229 175.23509610856016 161
1694437174275 175.19983426078528 162
1694437174323 175.16458023260523 163
1694437174364 175.12933402220708 164
1694437174406 175.09409562777827 165
1694437174444 175.05886504750686 166
1694437174487 175.02364227958125 167
1694437174529 174.98842732219023 168
1694437174569 174.95322017352308 169
1694437174610 174.9180208317695 170
1694437174660 174.88282929511956 171
1694437174698 174.84764556176384 172
1694437174733 174.81246962989334 173
1694437174771 174.77730149769954 174
1694437174801 174.74214116337424 175
1694437174849 174.7069886251097 176
1694437174894 174.6718438810987 177
1694437174987 174.6367069295343 178
1694437175047 174.60157776861013 179
1694437175108 174.5664563965202 180
1694437175162 174.53134281145898 181
1694437175209 174.49623701162128 182
1694437175251 174.46113899520242 183
1694437175291 174.4260487603982 184
1694437175328 174.39096630540465 185
1694437175364 174.35589162841848 186
1694437175404 174.3208247276367 187
1694437175441 174.2857656012567 188
1694437175478 174.2507142474764 189
1694437175516 174.21567066449418 190
1694437175554 174.18063485050868 191
1694437175589 174.14560680371915 192
1694437175622 174.11058652232515 193
1694437175687 174.07557400452674 194
1694437175765 174.04056924852435 195
1694437175815 174.00557225251896 196
1694437175859 173.97058301471176 197
1694437175901 173.9356015333046 198
1694437175935 173.90062780649964 199
1694437175970 173.86566183249948 200
1694437176008 173.8307036095072 201
1694437176048 173.79575313572613 202
1694437176097 173.7608104093604 203
1694437176172 173.72587542861413 204
1694437176211 173.69094819169214 205
1694437176275 173.6560286967997 206
1694437176317 173.6211169421423 207
1694437176354 173.58621292592596 208
1694437176385 173.55131664635726 209
1694437176435 173.51642810164307 210
1694437176468 173.48154728999063 211
1694437176535 173.44667420960778 212
1694437176567 173.41180885870267 213
1694437176630 173.37695123548392 214
1694437176686 173.3421013381605 215
1694437176728 173.3072591649419 216
1694437176781 173.27242471403812 217
1694437176833 173.23759798365927 218
1694437176861 173.2027789720163 219
1694437176888 173.16796767732015 220
1694437176916 173.13316409778267 221
1694437176955 173.09836823161572 222
1694437176985 173.0635800770318 223
1694437177020 173.02879963224373 224
1694437177054 172.99402689546486 225
1694437177102 172.95926186490897 226
1694437177144 172.92450453879013 227
1694437177184 172.88975491532292 228
1694437177211 172.85501299272244 229
1694437177249 172.82027876920404 230
1694437177284 172.78555224298356 231
1694437177312 172.7508334122774 232
1694437177342 172.71612227530215 233
1694437177373 172.68141883027496 234
1694437177400 172.6467230754135 235
1694437177426 172.61203500893566 236
1694437177458 172.5773546290598 237
1694437177489 172.54268193400492 238
1694437177520 172.50801692199013 239
1694437177555 172.4733595912352 240
1694437177582 172.43870993996018 241
1694437177609 172.40406796638567 242
1694437177635 172.3694336687326 243
1694437177661 172.33480704522236 244
1694437177687 172.30018809407673 245
1694437177719 172.265576813518 246
1694437177748 172.23097320176882 247
1694437177774 172.19637725705223 248
1694437177807 172.16178897759173 249
1694437177836 172.1272083616113 250
1694437177861 172.09263540733528 251
1694437177887 172.05807011298842 252
1694437177928 172.0235124767959 253
1694437177969 171.98896249698342 254
1694437178024 171.95442017177695 255
1694437178072 171.91988549940302 256
1694437178109 171.88535847808853 257
1694437178138 171.8508391060607 258
1694437178179 171.81632738154738 259
1694437178239 171.7818233027767 260
1694437178268 171.7473268679772 261
1694437178326 171.71283807537793 262
1694437178391 171.67835692320833 263
1694437178451 171.6438834096982 264
1694437178514 171.60941753307787 265
1694437178570 171.57495929157798 266
1694437178598 171.5405086834297 267
1694437178624 171.5060657068646 268
1694437178651 171.47163036011455 269
1694437178681 171.43720264141197 270
1694437178708 171.40278254898968 271
1694437178736 171.36837008108094 272
1694437178769 171.33396523591938 273
1694437178795 171.299568011739 274
1694437178820 171.26517840677437 275
1694437178847 171.23079641926034 276
1694437178882 171.19642204743235 277
1694437178910 171.16205528952608 278
1694437178935 171.12769614377768 279
1694437178972 171.09334460842382 280
1694437179000 171.05900068170146 281
1694437179029 171.02466436184804 282
1694437179055 170.9903356471014 283
1694437179090 170.95601453569992 284
1694437179117 170.92170102588224 285
1694437179142 170.88739511588741 286
1694437179169 170.8530968039551 287
1694437179194 170.81880608832515 288
1694437179219 170.784522967238 289
1694437179246 170.75024743893445 290
1694437179274 170.7159795016557 291
1694437179302 170.6817191536434 292
1694437179328 170.64746639313958 293
1694437179355 170.61322121838674 294
1694437179386 170.57898362762776 295
1694437179412 170.544753619106 296
1694437179444 170.51053119106513 297
1694437179471 170.47631634174934 298
1694437179499 170.4421090694032 299
1694437179526 170.4079093722717 300
1694437179553 170.3737172486002 301
1694437179579 170.3395326966346 302
1694437179606 170.30535571462113 303
1694437179634 170.2711863008064 304
1694437179677 170.23702445343756 305
1694437179713 170.20287017076205 306
1694437179741 170.16872345102786 307
1694437179772 170.13458429248328 308
1694437179798 170.10045269337706 309
1694437179824 170.0663286519584 310
1694437179852 170.03221216647682 311
1694437179884 169.9981032351824 312
1694437179910 169.96400185632552 313
1694437179971 169.92990802815706 314
1694437180009 169.89582174892828 315
1694437180041 169.8617430168908 316
1694437180085 169.82767183029677 317
1694437180146 169.79360818739866 318
1694437180181 169.75955208644942 319
1694437180218 169.72550352570235 320
1694437180255 169.6914625034113 321
1694437180318 169.65742901783034 322
1694437180350 169.6234030672141 323
1694437180379 169.5893846498177 324
1694437180405 169.55537376389634 325
1694437180431 169.52137040770606 326
1694437180464 169.487374579503 327
1694437180492 169.4533862775439 328
1694437180519 169.41940550008582 329
1694437180549 169.38543224538623 330
1694437180578 169.3514665117031 331
1694437180612 169.31750829729478 332
1694437180637 169.28355760041995 333
1694437180673 169.24961441933783 334
1694437180700 169.215678752308 335
1694437180736 169.18175059759037 336
1694437180762 169.1478299534455 337
1694437180794 169.11391681813407 338
1694437180830 169.0800111899174 339
1694437180856 169.04611306705718 340
1694437180881 169.01222244781536 341
1694437180915 168.97833933045453 342
1694437180940 168.94446371323752 343
1694437180965 168.91059559442772 344
1694437181008 168.87673497228877 345
1694437181035 168.84288184508483 346
1694437181065 168.80903621108052 347
1694437181109 168.77519806854067 348
1694437181161 168.74136741573088 349
1694437181205 168.70754425091673 350
1694437181252 168.67372857236452 351
1694437181286 168.63992037834092 352
1694437181333 168.60611966711284 353
1694437181364 168.57232643694783 354
1694437181391 168.53854068611372 355
1694437181423 168.5047624128788 356
1694437181449 168.47099161551174 357
1694437181477 168.43722829228162 358
1694437181528 168.403472441458 359
1694437181571 168.36972406131085 360
1694437181602 168.33598315011034 361
1694437181629 168.30224970612738 362
1694437181654 168.2685237276331 363
1694437181680 168.234805212899 364
1694437181707 168.20109416019716 365
1694437181739 168.16739056779994 366
1694437181776 168.1336944339801 367
1694437181826 168.10000575701093 368
1694437181874 168.06632453516607 369
1694437181911 168.03265076671957 370
1694437181956 167.9989844499458 371
1694437182003 167.96532558311978 372
1694437182053 167.93167416451664 373
1694437182088 167.89803019241216 374
1694437182117 167.86439366508242 375
1694437182150 167.83076458080393 376
1694437182175 167.79714293785358 377
1694437182215 167.76352873450878 378
1694437182260 167.72992196904727 379
1694437182289 167.69632263974717 380
1694437182319 167.662730744887 381
1694437182350 167.62914628274586 382
1694437182379 167.59556925160305 383
1694437182404 167.5619996497384 384
1694437182430 167.52843747543207 385
1694437182458 167.49488272696476 386
1694437182494 167.46133540261746 387
1694437182528 167.42779550067158 388
1694437182558 167.39426301940898 389
1694437182585 167.36073795711195 390
1694437182611 167.32722031206313 391
1694437182636 167.29371008254563 392
1694437182664 167.2602072668429 393
1694437182690 167.22671186323885 394
1694437182714 167.1932238700178 395
1694437182739 167.1597432854644 396
1694437182768 167.12627010786383 397
1694437182793 167.0928043355016 398
1694437182822 167.05934596666367 399
1694437182853 167.02589499963636 400
1694437182880 166.99245143270647 401
1694437182924 166.9590152641611 402
1694437182959 166.9255864922879 403
1694437182985 166.89216511537478 404
1694437183013 166.85875113171016 405
1694437183038 166.8253445395829 406
1694437183072 166.79194533728204 407
1694437183097 166.75855352309736 408
1694437183122 166.72516909531885 409
1694437183188 166.69179205223688 410
1694437183234 166.65842239214228 411
1694437183284 166.62506011332638 412
1694437183319 166.5917052140808 413
1694437183351 166.55835769269748 414
1694437183378 166.52501754746908 415
1694437183403 166.49168477668834 416
1694437183428 166.4583593786486 417
1694437183453 166.42504135164347 418
1694437183479 166.3917306939671 419
1694437183514 166.35842740391402 420
1694437183558 166.32513147977912 421
1694437183590 166.29184291985763 422
1694437183621 166.25856172244536 423
1694437183646 166.22528788583844 424
1694437183672 166.19202140833332 425
1694437183697 166.15876228822705 426
1694437183731 166.1255105238169 427
1694437183756 166.0922661134005 428
1694437183783 166.05902905527626 429
1694437183807 166.02579934774258 430
1694437183836 165.99257698909847 431
1694437183860 165.95936197764328 432
1694437183886 165.9261543116768 433
1694437183911 165.8929539894992 434
1694437183942 165.85976100941107 435
1694437183970 165.82657536971342 436
1694437183996 165.79339706870763 437
1694437184023 165.76022610469553 438
1694437184049 165.7270624759793 439
1694437184073 165.69390618086152 440
1694437184099 165.66075721764525 441
1694437184125 165.6276155846339 442
1694437184150 165.5944812801313 443
1694437184175 165.56135430244174 444
1694437184202 165.5282346498697 445
1694437184230 165.4951223207203 446
1694437184260 165.46201731329904 447
1694437184291 165.42891962591167 448
1694437184341 165.3958292568645 449
1694437184378 165.36274620446414 450
1694437184407 165.32967046701768 451
1694437184439 165.29660204283252 452
1694437184465 165.26354093021666 453
1694437184489 165.23048712747823 454
1694437184515 165.19744063292592 455
1694437184544 165.16440144486884 456
1694437184594 165.13136956161645 457
1694437184640 165.0983449814786 458
1694437184685 165.06532770276567 459
1694437184733 165.03231772378817 460
1694437184773 164.99931504285738 461
1694437184800 164.96631965828468 462
1694437184830 164.93333156838196 463
1694437184856 164.90035077146155 464
1694437184883 164.86737726583604 465
1694437184916 164.8344110498187 466
1694437184942 164.80145212172292 467
1694437184968 164.76850047986264 468
1694437184993 164.7355561225521 469
1694437185020 164.70261904810613 470
1694437185046 164.66968925483968 471
1694437185071 164.63676674106839 472
1694437185096 164.60385150510808 473
1694437185122 164.5709435452751 474
1694437185152 164.5380428598862 475
1694437185180 164.50514944725842 476
1694437185206 164.47226330570928 477
1694437185233 164.43938443355674 478
1694437185261 164.40651282911912 479
1694437185290 164.37364849071508 480
1694437185323 164.34079141666376 481
1694437185360 164.30794160528467 482
1694437185408 164.27509905489782 483
1694437185442 164.24226376382336 484
1694437185485 164.20943573038215 485
1694437185525 164.17661495289528 486
1694437185572 164.14380142968417 487
1694437185618 164.11099515907088 488
1694437185651 164.0781961393777 489
1694437185692 164.04540436892722 490
1694437185740 164.01261984604272 491
1694437185770 163.9798425690476 492
1694437185800 163.94707253626584 493
1694437185829 163.91430974602176 494
1694437185855 163.88155419664 495
1694437185882 163.84880588644575 496
1694437185908 163.81606481376454 497
1694437185933 163.78333097692223 498
1694437185957 163.75060437424517 499
