1694441677596 184.53783064108853 0
1694441677631 183.51016309637816 1
1694441677669 183.0158545022188 2
1694441677704 181.70604722916343 3
1694441677741 183.03965774869175 4
1694441677787 182.4499240628511 5
1694441677833 182.0322052570003 6
1694441677890 183.02290019174333 7
1694441677954 182.02342267513512 8
1694441678013 178.83376721889994 9
1694441678054 181.36624290955302 10
1694441678091 182.7150331712535 11
1694441678128 182.14349839834702 12
1694441678170 180.1873093366085 13
1694441678205 180.1166549862694 14
1694441678242 180.75070152386084 15
1694441678281 180.07719993702165 16
1694441678318 177.53317623015084 17
1694441678364 179.45638091243256 18
1694441678412 179.0485406298449 19
1694441678467 179.9774849244224 20
1694441678527 179.59176967917952 21
1694441678578 178.79847993756883 22
1694441678626 178.0407052696416 23
1694441678672 178.53999937841036 24
1694441678716 181.43192538977496 25
1694441678762 180.78141891150128 26
1694441678820 180.0168537274628 27
1694441678870 179.04110203755863 28
1694441678920 178.24798028414153 29
1694441678972 178.84365432628167 30
1694441679032 178.90379378487478 31
1694441679083 179.13141541098693 32
1694441679132 178.96805459781427 33
1694441679176 178.63142166519685 34
1694441679210 178.3126581691042 35
1694441679249 178.93837603999873 36
1694441679288 177.9938939092069 37
1694441679335 175.61342641844595 38
1694441679379 177.9616771518517 39
1694441679419 176.9928245547884 40
1694441679460 176.58127296298042 41
1694441679500 176.01818249461348 42
1694441679539 176.53714566410164 43
1694441679581 176.15623351993068 44
1694441679621 175.6837652492565 45
1694441679664 176.47708914045393 46
1694441679700 174.93269857642565 47
1694441679742 173.6027952701893 48
1694441679783 175.03965868250813 49
1694441679823 173.0479760868678 50
1694441679859 173.83137658673004 51
1694441679896 177.5555576996887 52
1694441679936 176.2700920343673 53
1694441679978 175.14301203117193 54
1694441680018 174.18235914170208 55
1694441680061 174.41342788593388 56
1694441680098 174.78342303414345 57
1694441680135 175.44455054206347 58
1694441680173 174.30979035367304 59
1694441680212 175.67034665199913 60
1694441680255 174.27627668101044 61
1694441680299 174.6525248418695 62
1694441680339 173.03790146735577 63
1694441680383 173.06647176686891 64
1694441680423 172.61357170709405 65
1694441680464 172.93203907462004 66
1694441680507 173.0001449658654 67
1694441680545 170.72321111194984 68
1694441680583 172.45667559588662 69
1694441680622 172.5270911233417 70
1694441680658 172.0807322997245 71
1694441680699 173.92735937867437 72
1694441680742 172.37951910718374 73
1694441680781 174.17684508471967 74
1694441680823 171.04492604440588 75
1694441680861 170.54336100927577 76
1694441680896 173.06549622360262 77
1694441680933 170.86419491595842 78
1694441680970 171.540422764989 79
1694441681008 171.5499573461074 80
1694441681065 170.52556858542675 81
1694441681104 171.11071656435337 82
1694441681144 171.50910401916406 83
1694441681180 171.71834699301536 84
1694441681218 169.5109763259928 85
1694441681258 168.87689084328335 86
1694441681297 168.37085529821817 87
1694441681335 170.60378225936137 88
1694441681379 171.19308163857613 89
1694441681415 171.35452530118812 90
1694441681455 169.73338479057605 91
1694441681494 167.66067254299313 92
1694441681534 171.1823262088772 93
1694441681570 170.31760315557895 94
1694441681612 169.9356910832788 95
1694441681656 169.22164374787383 96
1694441681704 166.95610011542823 97
1694441681752 169.78649327593652 98
1694441681790 170.13257270171022 99
1694441681826 169.01289378963372 100
1694441681872 166.13156062197237 101
1694441681913 169.248218934471 102
1694441681959 168.84371457481436 103
1694441682003 166.98720291936317 104
1694441682042 166.84622443172245 105
1694441682084 167.69295366124422 106
1694441682120 168.11455673415 107
1694441682156 167.19466030233426 108
1694441682198 166.40326128207198 109
1694441682239 167.77675318207616 110
1694441682279 167.79738900921748 111
1694441682319 166.68986991312903 112
1694441682360 166.55378133518562 113
1694441682400 168.0915724172924 114
1694441682443 167.61894858899763 115
1694441682481 167.24157029873328 116
1694441682519 166.95737871924325 117
1694441682559 168.96905968269954 118
1694441682599 167.56583721542322 119
1694441682636 166.2082851782568 120
1694441682674 164.200744289114 121
1694441682712 165.96081266727302 122
1694441682752 164.12510541788112 123
1694441682793 163.35267453810138 124
1694441682830 165.30774842396212 125
1694441682866 166.44171546379573 126
1694441682910 164.97152584894792 127
1694441682947 166.10298301093576 128
1694441682985 165.93260628784532 129
1694441683020 166.18116168094974 130
1694441683061 162.55572869266226 131
1694441683098 163.55070995624862 132
1694441683135 165.25609228312894 133
1694441683173 164.44736661787374 134
1694441683210 163.89506311340344 135
1694441683250 163.27653031759823 136
1694441683286 164.49233743554757 137
1694441683323 163.65894957514365 138
1694441683361 162.69318021254347 139
1694441683402 162.78350488296766 140
1694441683439 163.47427963590079 141
1694441683480 163.43965566265578 142
1694441683517 163.44240524391907 143
1694441683562 163.72447460050586 144
1694441683596 161.93077758076907 145
1694441683640 163.66468493565264 146
1694441683678 163.44246218883495 147
1694441683715 162.17383391486518 148
1694441683758 162.93469564987933 149
1694441683795 162.92101665774214 150
1694441683833 162.6924833337252 151
1694441683875 163.68557664781645 152
1694441683910 161.64294846957594 153
1694441683951 160.30041379896213 154
1694441683988 161.60787812272784 155
1694441684030 161.46116552789258 156
1694441684068 160.1432679945451 157
1694441684109 161.29610062347464 158
1694441684148 161.3593460461002 159
1694441684187 160.35357442055707 160
1694441684223 161.65041667852861 161
1694441684266 160.94272576591052 162
1694441684300 160.7869817382364 163
1694441684345 160.09794839120616 164
1694441684387 159.51938474870676 165
1694441684422 158.9704771050484 166
1694441684461 160.37248451860435 167
1694441684499 159.4037368747047 168
1694441684539 159.0411637698067 169
1694441684576 158.4774208929328 170
1694441684611 160.90459022070598 171
1694441684648 159.28677308634465 172
1694441684686 159.50182693483137 173
1694441684723 157.9600894510503 174
1694441684763 158.2026347587044 175
1694441684802 158.78527671703011 176
1694441684839 158.64569800963682 177
1694441684878 158.53291802929033 178
1694441684913 160.8210197881266 179
1694441684950 158.9257369613313 180
1694441684986 156.72766085048062 181
1694441685021 157.1903838683721 182
1694441685061 157.91615669520345 183
1694441685098 157.2828338458331 184
1694441685136 156.72121941217836 185
1694441685180 156.45882428413958 186
1694441685216 155.58462243945215 187
1694441685255 158.0715271296056 188
1694441685296 157.17275668549476 189
1694441685334 156.64830607144535 190
1694441685377 158.3024156960541 191
1694441685419 157.96579869688014 192
1694441685457 154.96562423854155 193
1694441685498 157.24710450469948 194
1694441685533 155.15299423156046 195
1694441685571 156.7577418545289 196
1694441685615 156.05972477068553 197
1694441685653 155.68559307848253 198
1694441685693 155.33739536481997 199
1694441685730 154.77866808339633 200
1694441685772 153.0413335530424 201
1694441685810 156.19776178933046 202
1694441685847 154.33470438499032 203
1694441685883 153.70232506575135 204
1694441685923 153.03328903699332 205
1694441685962 154.08539264946677 206
1694441686000 154.33570958498737 207
1694441686040 154.50161775866823 208
1694441686078 153.43162278290313 209
1694441686119 154.98615304149646 210
1694441686160 152.0267149886635 211
1694441686197 154.96755396408946 212
1694441686236 155.68082346108653 213
1694441686275 154.19163700637884 214
1694441686317 153.43962898756044 215
1694441686359 155.1837837821465 216
1694441686397 153.8275888582997 217
1694441686438 153.52500833098068 218
1694441686478 153.6794236778354 219
1694441686528 154.08711122135614 220
1694441686576 153.82117947988726 221
1694441686619 152.17523749392814 222
1694441686661 151.41826343243372 223
1694441686700 151.55651024050323 224
1694441686745 152.75071924568124 225
1694441686786 151.78277956737918 226
1694441686830 152.65054606803827 227
1694441686888 153.6995633084668 228
1694441686941 151.9851209407149 229
1694441686986 151.7136980703651 230
1694441687031 152.95424237851742 231
1694441687078 152.97321777505996 232
1694441687120 153.72641334342006 233
1694441687160 150.40189243505742 234
1694441687202 150.11973838357474 235
1694441687244 152.10888943022465 236
1694441687282 150.29429178669164 237
1694441687321 152.67840254253124 238
1694441687360 150.8390146946619 239
1694441687402 150.07030826045767 240
1694441687442 151.1421532258887 241
1694441687480 151.22949377907483 242
1694441687523 150.87372392618894 243
1694441687561 149.63652398791967 244
1694441687594 150.18513437989216 245
1694441687634 150.9856848331921 246
1694441687671 150.4248428379105 247
1694441687711 150.55223213267433 248
1694441687751 150.07838741649215 249
1694441687796 148.92529360748802 250
1694441687841 148.9084304787997 251
1694441687878 149.76753699695297 252
1694441687919 149.8757445821484 253
1694441687960 148.55786057473975 254
1694441688000 150.35665763467676 255
1694441688040 149.41439126249026 256
1694441688078 148.74363521509235 257
1694441688117 147.33891046657916 258
1694441688156 150.08609468646995 259
1694441688200 148.45437777819635 260
1694441688235 148.39408740919694 261
1694441688275 147.98387751463827 262
1694441688314 147.8733996323375 263
1694441688353 147.04465884358467 264
1694441688395 147.42319191796622 265
1694441688438 146.07372525452837 266
1694441688477 148.121453045502 267
1694441688515 147.7253494204778 268
1694441688556 146.9296503683153 269
1694441688596 147.21101545225957 270
1694441688636 147.45815363969 271
1694441688673 145.8844274235657 272
1694441688715 145.8521209434185 273
1694441688757 147.43968827461825 274
1694441688795 146.9754796949652 275
1694441688835 146.47551968829663 276
1694441688874 146.7156502330958 277
1694441688912 144.65940599728359 278
1694441688953 147.5785554818386 279
1694441688993 146.06323186821515 280
1694441689034 147.2816834034748 281
1694441689079 145.37491333966133 282
1694441689121 145.94314832763632 283
1694441689159 145.60165817812418 284
1694441689196 143.68125051870305 285
1694441689237 146.33925339247105 286
1694441689274 144.69011075959315 287
1694441689316 144.6881274287309 288
1694441689357 144.8816000517349 289
1694441689397 144.91017362639334 290
1694441689431 145.41212784731448 291
1694441689468 144.05032614170887 292
1694441689507 142.51532984681958 293
1694441689544 144.4224474404641 294
1694441689581 144.7604903650675 295
1694441689624 145.17122472030067 296
1694441689662 143.5333066396651 297
1694441689704 145.0749982365374 298
1694441689743 142.65895543910827 299
1694441689783 141.93515755443266 300
1694441689828 144.9227455025981 301
1694441689874 143.06194948183355 302
1694441689914 143.48228361625664 303
1694441689955 143.7900538213563 304
1694441689991 142.892242578218 305
1694441690031 142.79673172789552 306
1694441690068 143.08186916740385 307
1694441690108 142.01528206851194 308
1694441690147 141.26201327926498 309
1694441690186 141.027778085474 310
1694441690224 141.81896096066282 311
1694441690267 142.10000169093894 312
1694441690302 140.2768891097559 313
1694441690344 140.00915165507817 314
1694441690386 143.7326122529588 315
1694441690429 142.44190270256442 316
1694441690469 141.30153846539707 317
1694441690512 141.5282002040735 318
1694441690555 141.70576115505446 319
1694441690595 142.2620881067984 320
1694441690635 142.57462000446583 321
1694441690676 141.23691065204818 322
1694441690715 141.73936631466273 323
1694441690749 141.3308609052833 324
1694441690787 141.32477589268973 325
1694441690824 140.49547027892376 326
1694441690863 140.74098388371715 327
1694441690900 140.91527243622411 328
1694441690940 140.15063157266061 329
1694441690980 140.4520086507556 330
1694441691022 141.41213240861842 331
1694441691060 139.2745479833987 332
1694441691102 139.31992940439724 333
1694441691137 139.8543656493897 334
1694441691178 140.242373576275 335
1694441691224 139.96578170170008 336
1694441691269 139.12887575352315 337
1694441691316 139.07086112842148 338
1694441691364 140.4211478351801 339
1694441691411 139.81273757848032 340
1694441691455 139.3674474504878 341
1694441691494 139.2573016344075 342
1694441691540 139.48475886000384 343
1694441691580 139.29988189851755 344
1694441691619 139.55864446522378 345
1694441691660 138.43021476033914 346
1694441691698 138.09269651958056 347
1694441691744 138.3143701971367 348
1694441691789 138.03127485361088 349
1694441691829 138.0629086039338 350
1694441691870 137.30147186156742 351
1694441691918 138.05916053436826 352
1694441691955 136.6499894078084 353
1694441691995 138.0239681257446 354
1694441692034 136.4857858821092 355
1694441692075 139.16554847802155 356
1694441692119 137.5116397425683 357
1694441692160 136.39663152754034 358
1694441692194 137.2952805826224 359
1694441692235 137.00365793351222 360
1694441692272 136.54699005926972 361
1694441692311 136.29855714028722 362
1694441692350 136.78184743342527 363
1694441692391 136.02289037716645 364
1694441692429 135.4203690714774 365
1694441692466 136.14252293645805 366
1694441692505 135.25261071993793 367
1694441692543 134.18214287187635 368
1694441692583 136.20966619937954 369
1694441692623 135.03376305530267 370
1694441692660 134.091442865324 371
1694441692701 135.96255401229155 372
1694441692740 136.02222991240475 373
1694441692795 135.3256822333952 374
1694441692844 136.14303528822413 375
1694441692906 135.1195051282111 376
1694441692945 135.0585036468683 377
1694441692984 135.90000890656816 378
1694441693023 135.21598469638073 379
1694441693062 135.94359935851978 380
1694441693099 135.40678756206916 381
1694441693138 136.7233010332829 382
1694441693174 133.45286053818342 383
1694441693212 133.13723928130344 384
1694441693249 134.38257887911504 385
1694441693286 133.98161998421372 386
1694441693324 133.92721982627035 387
1694441693364 134.51750280261953 388
1694441693402 134.03075033215887 389
1694441693443 133.0074818029941 390
1694441693479 134.12272428065282 391
1694441693519 133.14073121873722 392
1694441693558 133.7817944264682 393
1694441693597 133.96966756140185 394
1694441693633 131.60340306458096 395
1694441693668 133.17327793952097 396
1694441693706 133.5158459654639 397
1694441693742 133.26028188168115 398
1694441693781 132.85502990363292 399
1694441693818 132.50430514710797 400
1694441693861 131.70826872141933 401
1694441693899 133.27048466891696 402
1694441693937 132.44964733485185 403
1694441693975 132.81909234628804 404
1694441694012 132.3178899028697 405
1694441694051 132.33236963399227 406
1694441694088 131.9218250559747 407
1694441694125 130.60658954963526 408
1694441694163 130.67334463764746 409
1694441694201 131.5580195959519 410
1694441694243 131.44917776073814 411
1694441694281 132.4540365685142 412
1694441694328 129.30937479199986 413
1694441694373 131.04661221485995 414
1694441694423 131.7653023367272 415
1694441694465 131.4295148770395 416
1694441694508 130.33598209811245 417
1694441694548 130.26697897738723 418
1694441694584 131.30285306230186 419
1694441694619 129.7166538522465 420
1694441694658 130.18557921683202 421
1694441694693 130.07913048317855 422
1694441694732 131.99652889872948 423
1694441694772 129.95864551054368 424
1694441694813 130.08393029137446 425
1694441694853 129.46029744314117 426
1694441694890 128.77057481708383 427
1694441694932 131.17177277396607 428
1694441694971 129.59948830424807 429
1694441695016 130.49571300492812 430
1694441695054 129.23778901129717 431
1694441695090 128.49854569870448 432
1694441695124 128.22279606279787 433
1694441695160 129.8413676484547 434
1694441695192 130.46270467094791 435
1694441695232 128.99839218449821 436
1694441695272 129.27544787386736 437
1694441695312 127.66607406156905 438
1694441695351 129.58314479274478 439
1694441695390 130.17117213105635 440
1694441695428 128.3960447903132 441
1694441695467 128.70449999976861 442
1694441695503 129.73593862045166 443
1694441695540 128.2729895469006 444
1694441695578 127.20779227001742 445
1694441695618 127.22902015169518 446
1694441695655 129.47064202569354 447
1694441695698 127.59967609283322 448
1694441695737 127.75133554770966 449
1694441695781 127.66464494866392 450
1694441695815 126.50404370138047 451
1694441695855 128.87746112361404 452
1694441695892 127.66549357270532 453
1694441695929 127.83968133120464 454
1694441695967 127.61066854548073 455
1694441696006 125.90475749987515 456
1694441696042 126.95338376270344 457
1694441696082 125.86498268919182 458
1694441696120 126.71218636680054 459
1694441696161 126.00415989532534 460
1694441696198 127.58192656544766 461
1694441696236 125.5139813620279 462
1694441696273 126.60763562829868 463
1694441696315 126.13761896345207 464
1694441696364 126.24333858641235 465
1694441696405 125.46359814829152 466
1694441696444 125.81243489418904 467
1694441696481 124.74063208050383 468
1694441696521 125.76986327978841 469
1694441696561 124.68502180234813 470
1694441696598 125.88365333994933 471
1694441696639 126.22171873407558 472
1694441696683 124.69112643970595 473
1694441696721 122.33887531232659 474
1694441696767 124.40300484568598 475
1694441696805 125.67541505807452 476
1694441696843 123.81741077929316 477
1694441696884 124.54113085603332 478
1694441696921 124.46404007926108 479
1694441696958 123.95056912184916 480
1694441696997 124.055436043688 481
1694441697034 124.76032522294962 482
1694441697070 122.91872705795463 483
1694441697108 123.47664602164937 484
1694441697146 123.82581296253842 485
1694441697182 123.85375182056865 486
1694441697222 123.58454823479994 487
1694441697259 124.53114807957594 488
1694441697295 124.03929337249433 489
1694441697334 123.99052641076794 490
1694441697382 123.6229278156834 491
1694441697427 123.36157330038276 492
1694441697471 123.53185688475564 493
1694441697513 123.30788616094607 494
1694441697551 123.15152839336739 495
1694441697588 123.03780770223457 496
1694441697625 122.98930268355316 497
1694441697664 122.7255251324594 498
1694441697701 122.36661182785801 499
