1694444445337 -0.0035665158855942014 0
1694444445374 -0.003549396185714704 1
1694444445407 -0.0035314241289956527 2
1694444445442 -0.00351257849526343 3
1694444445480 -0.0034928376030627373 4
1694444445515 -0.0034721793003225088 5
1694444445568 -0.003450580954846627 6
1694444445619 -0.003428019444625452 7
1694444445661 -0.0034044711479717105 8
1694444445704 -0.0033799119334663175 9
1694444445738 -0.003354317149727226 10
1694444445770 -0.00332766161498399 11
1694444445807 -0.0032999196064618097 12
1694444445851 -0.003271064849573735 13
1694444445883 -0.0032410705069145784 14
1694444445928 -0.0032099091670536595 15
1694444445969 -0.0031775528331272618 16
1694444446011 -0.0031439729112230363 17
1694444446052 -0.0031091401985581246 18
1694444446095 -0.0030730248714432307 19
1694444446127 -0.003035596473034863 20
1694444446167 -0.002996823900867307 21
1694444446204 -0.0029566753941674406 22
1694444446240 -0.002915118520944171 23
1694444446275 -0.0028721201648513883 24
1694444446320 -0.0028276465118248773 25
1694444446371 -0.002781663036482307 26
1694444446418 -0.0027341344882956253 27
1694444446470 -0.0026850248775165397 28
1694444446516 -0.002634297460870405 29
1694444446557 -0.002581914727000756 30
1694444446592 -0.0025278383816704775 31
1694444446629 -0.0024720293327145093 32
1694444446678 -0.0024144476747356425 33
1694444446713 -0.0023550526735565125 34
1694444446748 -0.002293802750403584 35
1694444446780 -0.002230655465838227 36
1694444446817 -0.002165567503424448 37
1694444446849 -0.0020984946531299453 38
1694444446879 -0.0020293917944642637 39
1694444446909 -0.0019582128793436127 40
1694444446946 -0.0018849109146872323 41
1694444446984 -0.0018094379447373132 42
1694444447030 -0.001731745033107135 43
1694444447065 -0.00165178224454543 44
1694444447095 -0.0015694986264285227 45
1694444447128 -0.0014848421899644748 46
1694444447196 -0.0013977598911179001 47
1694444447255 -0.0013081976112476745 48
1694444447306 -0.0012161001374635383 49
1694444447355 -0.0011214111426878226 50
1694444447397 -0.0010240731654349577 51
1694444447434 -0.0009240275893003247 52
1694444447465 -0.000821214622156452 53
1694444447496 -0.0007155732750618871 54
1694444447532 -0.000607041340876302 55
1694444447566 -0.0004955553725864981 56
1694444447599 -0.000381050661341531 57
1694444447633 -0.0002634612141927395 58
1694444447669 -0.00014271973154822426 59
1694444447705 -1.875758433533825e-05 60
1694444447742 0.0001084952091262581 61
1694444447774 0.0002391100065365359 62
1694444447807 0.0003731595653145847 63
1694444447842 0.0005107180665829825 64
1694444447879 0.0006518611394298324 65
1694444447912 0.0007966658854571262 66
1694444447948 0.000945210903593563 67
1694444447981 0.001097576315196469 68
1694444448011 0.0012538437894051846 69
1694444448047 0.0014140965687727824 70
1694444448075 0.0015784194951544706 71
1694444448104 0.001746899035846794 72
1694444448149 0.0019196233099845195 73
1694444448186 0.002096682115174997 74
1694444448224 0.0022781669543745497 75
1694444448266 0.0024641710629932367 76
1694444448301 0.0026547894362217717 77
1694444448352 0.0028501188565783764 78
1694444448391 0.0030502579216538095 79
1694444448423 0.0032553070720587884 80
1694444448463 0.003465368619557707 81
1694444448492 0.003680546775374438 82
1694444448527 0.0039009476786672215 83
1694444448563 0.004126679425151436 84
1694444448600 0.004357852095864367 85
1694444448634 0.0045945777860552095 86
1694444448665 0.004836970634183424 87
1694444448693 0.005085146851015021 88
1694444448744 0.005339224748796556 89
1694444448786 0.0055993247704914095 90
1694444448828 0.00586556951905659 91
1694444448883 0.006138083786750292 92
1694444448921 0.006416994584432678 93
1694444448966 0.006702431170859446 94
1694444449042 0.006994525081929548 95
1694444449090 0.007293410159871283 96
1694444449123 0.0075992225823372506 97
1694444449155 0.007912100891388607 98
1694444449188 0.008232186022334331 99
1694444449230 0.008559621332402956 100
1694444449281 0.008894552629210795 101
1694444449334 0.009237128199002909 102
1694444449391 0.009587498834624397 103
1694444449443 0.009945817863200146 104
1694444449487 0.010312241173473957 105
1694444449529 0.010686927242783417 106
1694444449570 0.011070037163615432 107
1694444449602 0.011461734669725221 108
1694444449642 0.011862186161750055 109
1694444449685 0.01227156073229041 110
1694444449724 0.012690030190421142 111
1694444449760 0.013117769085551845 112
1694444449796 0.013554954730630953 113
1694444449830 0.014001767224608108 114
1694444449863 0.014458389474120814 115
1694444449913 0.014925007214339647 116
1694444449974 0.015401809028924629 117
1694444450050 0.015888986369027136 118
1694444450103 0.016386733571277512 119
1694444450146 0.016895247874703645 120
1694444450196 0.017414729436492138 121
1694444450248 0.01794538134656043 122
1694444450296 0.01848740964084028 123
1694444450370 0.019041023313205452 124
1694444450403 0.019606434325994293 125
1694444450437 0.020183857619008316 126
1694444450473 0.02077351111695447 127
1694444450507 0.021375615735213183 128
1694444450543 0.021990395383870043 129
1694444450576 0.022618076969917467 130
1694444450609 0.023258890397542697 131
1694444450642 0.023913068566407625 132
1694444450679 0.024580847367829506 133
1694444450716 0.02526246567877577 134
1694444450752 0.025958165353554108 135
1694444450791 0.0266681912131298 136
1694444450827 0.027392791031939256 137
1694444450863 0.02813221552211509 138
1694444450897 0.028886718315006665 139
1694444450929 0.02965655593989247 140
1694444450963 0.030441987799772807 141
1694444450996 0.03124327614413458 142
1694444451029 0.032060686038554276 143
1694444451065 0.032894485331062207 144
1694444451101 0.03374494461510513 145
1694444451140 0.03461233718902146 146
1694444451186 0.035496939011886885 147
1694444451224 0.0363990286556215 148
1694444451267 0.03731888725322352 149
1694444451304 0.038256798443012996 150
1694444451341 0.039213048308752496 151
1694444451385 0.0401879253155214 152
1694444451421 0.04118172024121303 153
1694444451464 0.04219472610353425 154
1694444451509 0.04322723808235429 155
1694444451562 0.044279553437319596 156
1694444451621 0.04535197142054659 157
1694444451675 0.046444793184321265 158
1694444451720 0.04755832168363627 159
1694444451760 0.048692861573459534 160
1694444451793 0.049848719100601846 161
1694444451834 0.051026201990061915 162
1694444451873 0.05222561932573011 163
1694444451915 0.0534472814253103 164
1694444451955 0.05469149970938281 165
1694444451987 0.0559585865644503 166
1694444452032 0.05724885519988432 167
1694444452067 0.058562619498656265 168
1694444452100 0.059900193861743056 169
1694444452135 0.06126189304613194 170
1694444452173 0.06264803199628843 171
1694444452206 0.06405892566905946 172
1694444452246 0.0654948888518726 173
1694444452286 0.06695623597419598 174
1694444452329 0.06844328091217022 175
1694444452368 0.06995633678636592 176
1694444452400 0.07149571575260505 177
1694444452434 0.0730617287858113 178
1694444452470 0.07465468545685372 179
1694444452504 0.07627489370235752 180
1694444452536 0.07792265958747824 181
1694444452570 0.07959828706163274 182
1694444452605 0.08130207770718745 183
1694444452642 0.08303433048115982 184
1694444452679 0.08479534144993872 185
1694444452713 0.08658540351707444 186
1694444452745 0.08840480614423707 187
1694444452774 0.09025383506539286 188
1694444452807 0.09213277199428893 189
1694444452858 0.09404189432540189 190
1694444452890 0.09598147482843256 191
1694444452933 0.09795178133652194 192
1694444452972 0.09995307642834839 193
1694444453009 0.10198561710428655 194
1694444453051 0.10404965445683878 195
1694444453085 0.10614543333555737 196
1694444453118 0.1082731920067066 197
1694444453157 0.11043316180792684 198
1694444453190 0.11262556679818969 199
1694444453230 0.1148506234033494 200
1694444453266 0.11710854005763405 201
1694444453303 0.11939951684139383 202
1694444453350 0.12172374511554007 203
1694444453383 0.12408140715301375 204
1694444453425 0.12647267576774623 205
1694444453471 0.12889771394153193 206
1694444453505 0.1313566744492981 207
1694444453546 0.1338496994832471 208
1694444453581 0.13637692027639503 209
1694444453623 0.13893845672603478 210
1694444453675 0.14153441701768776 211
1694444453705 0.14416489725011694 212
1694444453736 0.14682998106201073 213
1694444453767 0.14952973926094937 214
1694444453797 0.1522642294553055 215
1694444453828 0.15503349568973457 216
1694444453858 0.15783756808493488 217
1694444453897 0.16067646248237666 218
1694444453927 0.1635501800947129 219
1694444453956 0.16645870716259914 220
1694444453990 0.16940201461866544 221
1694444454024 0.1723800577593977 222
1694444454055 0.1753927759256909 223
1694444454086 0.1784400921928505 224
1694444454118 0.18152191307082544 225
1694444454150 0.18463812821546255 226
1694444454180 0.18778861015156756 227
1694444454215 0.19097321400858613 228
1694444454248 0.19419177726965575 229
1694444454281 0.1974441195348855 230
1694444454311 0.20073004229958458 231
1694444454341 0.20404932874825843 232
1694444454382 0.20740174356512986 233
1694444454415 0.21078703276193866 234
1694444454449 0.21420492352377163 235
1694444454483 0.21765512407363752 236
1694444454515 0.22113732355650018 237
1694444454547 0.22465119194344907 238
1694444454585 0.22819637995666042 239
1694444454629 0.23177251901579432 240
1694444454672 0.235379221206387 241
1694444454709 0.23901607927086532 242
1694444454749 0.24268266662264992 243
1694444454786 0.24637853738387328 244
1694444454826 0.250103226447155 245
1694444454860 0.2538562495618334 246
1694444454896 0.2576371034450198 247
1694444454927 0.2614452659177826 248
1694444454958 0.2652801960667245 249
1694444454989 0.2691413344311564 250
1694444455025 0.27302810321603843 251
1694444455056 0.2769399065307445 252
1694444455095 0.28087613065375505 253
1694444455133 0.2848361443231976 254
1694444455166 0.28881929905318526 255
1694444455203 0.2928249294758136 256
1694444455255 0.29685235370860075 257
1694444455305 0.3009008737471107 258
1694444455356 0.304969775882432 259
1694444455402 0.30905833114311265 260
1694444455441 0.3131657957611035 261
1694444455474 0.31729141166117725 262
1694444455507 0.3214344069732611 263
1694444455541 0.32559399656701626 264
1694444455574 0.32976938260797717 265
1694444455610 0.33395975513448106 266
1694444455641 0.33816429265456005 267
1694444455678 0.34238216276192945 268
1694444455711 0.3466125227701332 269
1694444455749 0.3508545203638598 270
1694444455789 0.35510729426640764 271
1694444455819 0.3593699749222038 272
1694444455855 0.3636416851932729 273
1694444455888 0.3679215410684704 274
1694444455923 0.372208652384297 275
1694444455957 0.3765021235560496 276
1694444455990 0.38080105431804445 277
1694444456023 0.385104540471625 278
1694444456056 0.38941167463963255 279
1694444456087 0.3937215470260108 280
1694444456120 0.39803324617919467 281
1694444456156 0.40234585975793036 282
1694444456187 0.4066584752981368 283
1694444456217 0.4109701809794838 284
1694444456250 0.4152800663902758 285
1694444456281 0.4195872232893122 286
1694444456313 0.42389074636335566 287
1694444456346 0.42818973397889115 288
1694444456382 0.43248328892682997 289
1694444456415 0.43677051915890075 290
1694444456447 0.44105053851442644 291
1694444456477 0.44532246743626447 292
1694444456507 0.4495854336746986 293
1694444456542 0.4538385729781137 294
1694444456577 0.4580810297693332 295
1694444456613 0.46231195780650314 296
1694444456651 0.4665305208275403 297
1694444456684 0.47073589317707387 298
1694444456718 0.4749272604150222 299
1694444456754 0.4791038199058495 300
1694444456790 0.48326478138771545 301
1694444456824 0.4874093675207213 302
1694444456858 0.49153681441353203 303
1694444456890 0.495646372127746 304
1694444456922 0.49973730515937953 305
1694444456953 0.5038088928969582 306
1694444456981 0.5078604300557346 307
1694444457014 0.5118912270876205 308
1694444457045 0.5159006105664885 309
1694444457073 0.5198879235485729 310
1694444457106 0.523852525907706 311
1694444457141 0.5277937946452895 312
1694444457173 0.5317111241748482 313
1694444457203 0.5356039265811519 314
1694444457240 0.539471631853915 315
1694444457270 0.543313688096152 316
1694444457300 0.5471295617073162 317
1694444457332 0.5509187375414064 318
1694444457365 0.5546807190402739 319
1694444457397 0.5584150283424264 320
1694444457430 0.5621212063676435 321
1694444457463 0.5657988128777987 322
1694444457494 0.5694474265143048 323
1694444457526 0.5730666448126378 324
1694444457560 0.5766560841944497 325
1694444457594 0.5802153799378047 326
1694444457626 0.5837441861261017 327
1694444457659 0.5872421755762931 328
1694444457691 0.5907090397470198 329
1694444457726 0.5941444886273239 330
1694444457760 0.5975482506066029 331
1694444457794 0.6009200723265202 332
1694444457827 0.6042597185155667 333
1694444457862 0.6075669718070191 334
1694444457893 0.610841632541014 335
1694444457925 0.6140835185515259 336
1694444457957 0.6172924649389673 337
1694444457990 0.620468323829203 338
1694444458020 0.6236109641197388 339
1694444458049 0.6267202712138487 340
1694444458079 0.6297961467434133 341
1694444458109 0.6328385082812351 342
1694444458143 0.6358472890435919 343
1694444458175 0.6388224375837663 344
1694444458207 0.6417639174773232 345
1694444458243 0.6446717069998396 346
1694444458273 0.647545798797843 347
1694444458303 0.6503861995536266 348
1694444458333 0.6531929296446871 349
1694444458367 0.655966022798423 350
1694444458404 0.6587055257427843 351
1694444458448 0.6614114978535051 352
1694444458483 0.6640840107985619 353
1694444458522 0.6667231481804599 354
1694444458566 0.6693290051769318 355
1694444458606 0.6719016881806351 356
1694444458652 0.6744413144383781 357
1694444458695 0.6769480116904214 358
1694444458735 0.6794219178103471 359
1694444458764 0.6818631804459845 360
1694444458795 0.6842719566618645 361
1694444458826 0.6866484125836275 362
1694444458859 0.6889927230448187 363
1694444458893 0.6913050712364599 364
1694444458924 0.6935856483597703 365
1694444458959 0.6958346532824045 366
1694444458993 0.6980522921985226 367
1694444459026 0.7002387782930061 368
1694444459062 0.7023943314101293 369
1694444459094 0.7045191777269268 370
1694444459130 0.7066135494315235 371
1694444459177 0.7086776844066585 372
1694444459212 0.7107118259186063 373
1694444459258 0.7127162223116834 374
1694444459303 0.7146911267085336 375
1694444459352 0.7166367967163174 376
1694444459402 0.7185534941389772 377
1694444459438 0.7204414846956686 378
1694444459483 0.7223010377454961 379
1694444459516 0.7241324260186145 380
1694444459554 0.7259359253537913 381
1694444459598 0.7277118144424857 382
1694444459632 0.7294603745794923 383
1694444459683 0.7311818894201864 384
1694444459716 0.7328766447443871 385
1694444459747 0.7345449282268641 386
1694444459776 0.7361870292144721 387
1694444459808 0.7378032385099134 388
1694444459844 0.739393848162103 389
1694444459874 0.7409591512631062 390
1694444459913 0.7424994417516158 391
1694444459955 0.7440150142229089 392
1694444459992 0.7455061637452496 393
1694444460031 0.7469731856826501 394
1694444460063 0.7484163755239441 395
1694444460107 0.7498360287180823 396
1694444460167 0.7512324405155787 397
1694444460206 0.7526059058160126 398
1694444460240 0.7539567190215086 399
1694444460277 0.7552851738960854 400
1694444460308 0.7565915634307856 401
1694444460340 0.7578761797144737 402
1694444460377 0.759139313810208 403
1694444460411 0.760381255637067 404
1694444460440 0.761602293857326 405
1694444460477 0.7628027157688697 406
1694444460509 0.7639828072027244 407
1694444460541 0.7651428524255917 408
1694444460578 0.7662831340472742 409
1694444460610 0.7674039329328617 410
1694444460645 0.7685055281195735 411
1694444460679 0.7695881967381265 412
1694444460719 0.770652213938511 413
1694444460751 0.7716978528200623 414
1694444460783 0.772725384365697 415
1694444460822 0.7737350773802061 416
1694444460855 0.7747271984324785 417
1694444460889 0.7757020118015426 418
1694444460920 0.7766597794263058 419
1694444460953 0.7776007608588782 420
1694444460987 0.7785252132213684 421
1694444461021 0.779433391166033 422
1694444461055 0.7803255468386743 423
1694444461088 0.7812019298451682 424
1694444461123 0.7820627872210281 425
1694444461157 0.7829083634038789 426
1694444461202 0.7837389002087547 427
1694444461238 0.7845546368061054 428
1694444461275 0.7853558097024133 429
1694444461310 0.7861426527233262 430
1694444461343 0.7869153969992035 431
1694444461378 0.7876742709529794 432
1694444461410 0.7884195002902601 433
1694444461442 0.7891513079915499 434
1694444461479 0.7898699143065299 435
1694444461514 0.7905755367502938 436
1694444461546 0.7912683901014609 437
1694444461582 0.7919486864020849 438
1694444461615 0.7926166349592703 439
1694444461652 0.7932724423484292 440
1694444461687 0.7939163124180946 441
1694444461719 0.7945484462962173 442
1694444461755 0.7951690423978799 443
1694444461789 0.7957782964343495 444
1694444461822 0.7963764014234077 445
1694444461856 0.7969635477008931 446
1694444461888 0.7975399229333858 447
1694444461924 0.7981057121319779 448
1694444461958 0.7986610976670703 449
1694444461992 0.7992062592841344 450
1694444462025 0.7997413741203856 451
1694444462056 0.8002666167223144 452
1694444462089 0.8007821590640227 453
1694444462121 0.8012881705663122 454
1694444462156 0.8017848181164822 455
1694444462188 0.8022722660887832 456
1694444462221 0.8027506763654867 457
1694444462256 0.8032202083585245 458
1694444462287 0.8036810190316548 459
1694444462323 0.8041332629231195 460
1694444462359 0.8045770921687475 461
1694444462401 0.8050126565254732 462
1694444462438 0.805440103395228 463
1694444462482 0.8058595778491754 464
1694444462522 0.8062712226522553 465
1694444462558 0.806675178288004 466
1694444462606 0.8070715829836232 467
1694444462648 0.8074605727352628 468
1694444462688 0.8078422813334993 469
1694444462724 0.808216840388973 470
1694444462761 0.8085843793581664 471
1694444462800 0.808945025569294 472
1694444462848 0.8092989042482853 473
1694444462894 0.8096461385448339 474
1694444462946 0.8099868495584956 475
1694444462991 0.8103211563648148 476
1694444463032 0.8106491760414564 477
1694444463069 0.8109710236943313 478
1694444463112 0.8112868124836924 479
1694444463152 0.8115966536501891 480
1694444463193 0.8119006565408619 481
1694444463232 0.8121989286350645 482
1694444463287 0.8124915755702959 483
1694444463345 0.8127787011679368 484
1694444463386 0.8130604074588667 485
1694444463436 0.8133367947089625 486
1694444463487 0.813607961444457 487
1694444463527 0.8138740044771531 488
1694444463558 0.8141350189294824 489
1694444463613 0.8143910982593976 490
1694444463666 0.8146423342850926 491
1694444463712 0.8148888172095412 492
1694444463756 0.8151306356448449 493
1694444463805 0.8153678766363872 494
1694444463863 0.8156006256867837 495
1694444463916 0.8158289667796255 496
1694444463969 0.8160529824030075 497
1694444464019 0.8162727535728378 498
1694444464063 0.8164883598559242 499
