1694445826390 0.0 0
1694445826680 0.0 1
1694445826972 0.0 2
1694445827240 0.0 3
1694445827561 0.0 4
1694445827820 0.0 5
1694445828086 0.0 6
1694445828337 0.0 7
1694445828703 0.0 8
1694445828964 0.0 9
1694445829224 0.0 10
1694445829482 0.0 11
1694445829737 0.0 12
1694445829993 0.0 13
1694445830250 0.0 14
1694445830510 0.0 15
1694445830761 0.0 16
1694445830997 0.0 17
1694445831251 0.0 18
1694445831526 0.0 19
1694445831775 0.0 20
1694445832023 0.0 21
1694445832263 0.0 22
1694445832541 0.0 23
1694445832802 0.0 24
1694445833047 0.0 25
1694445833302 0.0 26
1694445833568 0.0 27
1694445833812 0.0 28
1694445834056 0.0 29
1694445834293 0.0 30
1694445834566 0.0 31
1694445834851 0.0 32
1694445835107 0.0 33
1694445835368 0.0 34
1694445835638 0.0 35
1694445835900 0.0 36
1694445836165 0.0 37
1694445836425 0.0 38
1694445836709 0.0 39
1694445836948 0.0 40
1694445837197 0.0 41
1694445837451 0.0 42
1694445837693 0.0 43
1694445837925 0.0 44
1694445838162 0.0 45
1694445838415 0.0 46
1694445838671 0.0 47
1694445838924 0.0 48
1694445839164 0.0 49
1694445839413 0.0 50
1694445839660 0.0 51
1694445839896 0.0 52
1694445840150 0.0 53
1694445840412 0.0 54
1694445840647 0.0 55
1694445840908 0.0 56
1694445841176 0.0 57
1694445841443 0.0 58
1694445841685 0.0 59
1694445841945 0.0 60
1694445842214 0.0 61
1694445842465 0.0 62
1694445842757 0.0 63
1694445843014 0.0 64
1694445843255 0.0 65
1694445843517 0.0 66
1694445843760 0.0 67
1694445844000 0.0 68
1694445844239 0.0 69
1694445844509 0.0 70
1694445844778 0.0 71
1694445845016 0.0 72
1694445845276 0.0 73
1694445845538 0.0 74
1694445845775 0.0 75
1694445846018 0.0 76
1694445846269 0.0 77
1694445846535 0.0 78
1694445846799 0.0 79
1694445847065 0.0 80
1694445847325 0.0 81
1694445847646 0.0 82
1694445847939 0.0 83
1694445848200 0.0 84
1694445848498 0.0 85
1694445848762 0.0 86
1694445849027 0.0 87
1694445849321 0.0 88
1694445849582 0.0 89
1694445849839 0.0 90
1694445850111 0.0 91
1694445850351 0.0 92
1694445850632 0.0 93
1694445850883 0.0 94
1694445851171 0.0 95
1694445851419 0.0 96
1694445851670 0.0 97
1694445851919 0.0 98
1694445852172 0.0 99
1694445852434 0.0 100
1694445852691 0.0 101
1694445852949 0.0 102
1694445853200 0.0 103
1694445853444 0.0 104
1694445853672 0.0 105
1694445853896 0.0 106
1694445854130 0.0 107
1694445854387 0.0 108
1694445854645 0.0 109
1694445854929 0.0 110
1694445855178 0.0 111
1694445855414 0.0 112
1694445855662 0.0 113
1694445855900 0.0 114
1694445856150 0.0 115
1694445856407 0.0 116
1694445856667 0.0 117
1694445856931 0.0 118
1694445857178 0.0 119
1694445857439 0.0 120
1694445857691 0.0 121
1694445857931 0.0 122
1694445858171 0.0 123
1694445858411 0.0 124
1694445858659 0.0 125
1694445858910 0.0 126
1694445859181 0.0 127
1694445859446 0.0 128
1694445859704 0.0 129
1694445859951 0.0 130
1694445860195 0.0 131
1694445860452 0.0 132
1694445860720 0.0 133
1694445860986 0.0 134
1694445861233 0.0 135
1694445861489 0.0 136
1694445861760 0.0 137
1694445862005 0.0 138
1694445862233 0.0 139
1694445862484 0.0 140
1694445862727 0.0 141
1694445862994 0.0 142
1694445863258 0.0 143
1694445863519 0.0 144
1694445863764 0.0 145
1694445864004 0.0 146
1694445864272 0.0 147
1694445864542 0.0 148
1694445864794 0.0 149
1694445865054 0.0 150
1694445865298 0.0 151
1694445865560 0.0 152
1694445865810 0.0 153
1694445866047 0.0 154
1694445866285 0.0 155
1694445866518 0.0 156
1694445866754 0.0 157
1694445866990 0.0 158
1694445867216 0.0 159
1694445867452 0.0 160
1694445867693 0.0 161
1694445867942 0.0 162
1694445868216 0.0 163
1694445868469 0.0 164
1694445868727 0.0 165
1694445868976 0.0 166
1694445869236 0.0 167
1694445869505 0.0 168
1694445869760 0.0 169
1694445870019 0.0 170
1694445870291 0.0 171
1694445870561 0.0 172
1694445870828 0.0 173
1694445871071 0.0 174
1694445871350 0.0 175
1694445871612 0.0 176
1694445871842 0.0 177
1694445872083 0.0 178
1694445872326 0.0 179
1694445872560 0.0 180
1694445872794 0.0 181
1694445873049 0.0 182
1694445873301 0.0 183
1694445873553 0.0 184
1694445873810 0.0 185
1694445874075 0.0 186
1694445874324 0.0 187
1694445874578 0.0 188
1694445874838 0.0 189
1694445875122 0.0 190
1694445875378 0.0 191
1694445875631 0.0 192
1694445875883 0.0 193
1694445876130 0.0 194
1694445876395 0.0 195
1694445876653 0.0 196
1694445876913 0.0 197
1694445877173 0.0 198
1694445877441 0.0 199
1694445877698 0.0 200
1694445877953 0.0 201
1694445878209 0.0 202
1694445878476 0.0 203
1694445878733 0.0 204
1694445878998 0.0 205
1694445879261 0.0 206
1694445879528 0.0 207
1694445879790 0.0 208
1694445880032 0.0 209
1694445880258 0.0 210
1694445880519 0.0 211
1694445880766 0.0 212
1694445881003 0.0 213
1694445881263 0.0 214
1694445881522 0.0 215
1694445881772 0.0 216
1694445882032 0.0 217
1694445882277 0.0 218
1694445882526 0.0 219
1694445882770 0.0 220
1694445883004 0.0 221
1694445883259 0.0 222
1694445883496 0.0 223
1694445883721 0.0 224
1694445883952 0.0 225
1694445884179 0.0 226
1694445884434 0.0 227
1694445884697 0.0 228
1694445884961 0.0 229
1694445885228 0.0 230
1694445885493 0.0 231
1694445885751 0.0 232
1694445885997 0.0 233
1694445886233 0.0 234
1694445886484 0.0 235
1694445886735 0.0 236
1694445887003 0.0 237
1694445887289 0.0 238
1694445887556 0.0 239
1694445887827 0.0 240
1694445888096 0.0 241
1694445888363 0.0 242
1694445888605 0.0 243
1694445888868 0.0 244
1694445889122 0.0 245
1694445889387 0.0 246
1694445889625 0.0 247
1694445889880 0.0 248
1694445890128 0.0 249
1694445890382 0.0 250
1694445890656 0.0 251
1694445890925 0.0 252
1694445891179 0.0 253
1694445891436 0.0 254
1694445891696 0.0 255
1694445891938 0.0 256
1694445892179 0.0 257
1694445892436 0.0 258
1694445892684 0.0 259
1694445892930 0.0 260
1694445893178 0.0 261
1694445893438 0.0 262
1694445893681 0.0 263
1694445893924 0.0 264
1694445894168 0.0 265
1694445894419 0.0 266
1694445894679 0.0 267
1694445894933 0.0 268
1694445895210 0.0 269
1694445895471 0.0 270
1694445895725 0.0 271
1694445895995 0.0 272
1694445896249 0.0 273
1694445896521 0.0 274
1694445896780 0.0 275
1694445897044 0.0 276
1694445897310 0.0 277
1694445897578 0.0 278
1694445897862 0.0 279
1694445898109 0.0 280
1694445898344 0.0 281
1694445898596 0.0 282
1694445898866 0.0 283
1694445899111 0.0 284
1694445899380 0.0 285
1694445899627 0.0 286
1694445899879 0.0 287
1694445900150 0.0 288
1694445900437 0.0 289
1694445900692 0.0 290
1694445900937 0.0 291
1694445901206 0.0 292
1694445901475 0.0 293
1694445901753 0.0 294
1694445902021 0.0 295
1694445902295 0.0 296
1694445902555 0.0 297
1694445902788 0.0 298
1694445903025 0.0 299
1694445903266 0.0 300
1694445903513 0.0 301
1694445903783 0.0 302
1694445904054 0.0 303
1694445904302 0.0 304
1694445904563 0.0 305
1694445904826 0.0 306
1694445905083 0.0 307
1694445905346 0.0 308
1694445905595 0.0 309
1694445905835 0.0 310
1694445906082 0.0 311
1694445906349 0.0 312
1694445906619 0.0 313
1694445906874 0.0 314
1694445907134 0.0 315
1694445907405 0.0 316
1694445907645 0.0 317
1694445907897 0.0 318
1694445908160 0.0 319
1694445908422 0.0 320
1694445908690 0.0 321
1694445908936 0.0 322
1694445909170 0.0 323
1694445909397 0.0 324
1694445909667 0.0 325
1694445909917 0.0 326
1694445910141 0.0 327
1694445910382 0.0 328
1694445910624 0.0 329
1694445910860 0.0 330
1694445911101 0.0 331
1694445911341 0.0 332
1694445911586 0.0 333
1694445911812 0.0 334
1694445912056 0.0 335
1694445912321 0.0 336
1694445912583 0.0 337
1694445912846 0.0 338
1694445913098 0.0 339
1694445913377 0.0 340
1694445913660 0.0 341
1694445913954 0.0 342
1694445914216 0.0 343
1694445914502 0.0 344
1694445914750 0.0 345
1694445915008 0.0 346
1694445915281 0.0 347
1694445915565 0.0 348
1694445915828 0.0 349
1694445916089 0.0 350
1694445916361 0.0 351
1694445916625 0.0 352
1694445916915 0.0 353
1694445917167 0.0 354
1694445917430 0.0 355
1694445917690 0.0 356
1694445918020 0.0 357
1694445918252 0.0 358
1694445918490 0.0 359
1694445918715 0.0 360
1694445918967 0.0 361
1694445919218 0.0 362
1694445919486 0.0 363
1694445919738 0.0 364
1694445920015 0.0 365
1694445920264 0.0 366
1694445920528 0.0 367
1694445920792 0.0 368
1694445921051 0.0 369
1694445921294 0.0 370
1694445921541 0.0 371
1694445921788 0.0 372
1694445922036 0.0 373
1694445922290 0.0 374
1694445922542 0.0 375
1694445922789 0.0 376
1694445923054 0.0 377
1694445923326 0.0 378
1694445923581 0.0 379
1694445923829 0.0 380
1694445924079 0.0 381
1694445924344 0.0 382
1694445924619 0.0 383
1694445924878 0.0 384
1694445925129 0.0 385
1694445925389 0.0 386
1694445925664 0.0 387
1694445925992 0.0 388
1694445926253 0.0 389
1694445926484 0.0 390
1694445926730 0.0 391
1694445926983 0.0 392
1694445927227 0.0 393
1694445927501 0.0 394
1694445927752 0.0 395
1694445928024 0.0 396
1694445928280 0.0 397
1694445928543 0.0 398
1694445928796 0.0 399
1694445929067 0.0 400
1694445929327 0.0 401
1694445929594 0.0 402
1694445929841 0.0 403
1694445930093 0.0 404
1694445930339 0.0 405
1694445930596 0.0 406
1694445930867 0.0 407
1694445931124 0.0 408
1694445931381 0.0 409
1694445931660 0.0 410
1694445931926 0.0 411
1694445932190 0.0 412
1694445932440 0.0 413
1694445932690 0.0 414
1694445932996 0.0 415
1694445933234 0.0 416
1694445933501 0.0 417
1694445933762 0.0 418
1694445934030 0.0 419
1694445934301 0.0 420
1694445934552 0.0 421
1694445934815 0.0 422
1694445935077 0.0 423
1694445935351 0.0 424
1694445935629 0.0 425
1694445935884 0.0 426
1694445936139 0.0 427
1694445936405 0.0 428
1694445936655 0.0 429
1694445936907 0.0 430
1694445937142 0.0 431
1694445937410 0.0 432
1694445937682 0.0 433
1694445937947 0.0 434
1694445938203 0.0 435
1694445938469 0.0 436
1694445938746 0.0 437
1694445938991 0.0 438
1694445939245 0.0 439
1694445939516 0.0 440
1694445939781 0.0 441
1694445940043 0.0 442
1694445940295 0.0 443
1694445940559 0.0 444
1694445940829 0.0 445
1694445941100 0.0 446
