1694438721962 69.44842352790516 0
1694438722245 40.131573821060535 1
1694438722523 31.16229895713854 2
1694438722812 17.18719636875097 3
1694438723099 11.217448298711062 4
1694438723382 4.997603696078138 5
1694438723628 8.950428674801403 6
1694438723897 7.312048589549187 7
1694438724157 4.532528316143524 8
1694438724412 6.1364262163292365 9
1694438724628 2.87870865785859 10
1694438724917 9.679241839248933 11
1694438725173 4.055746652546774 12
1694438725430 3.5561864976565247 13
1694438725681 3.6423979156714634 14
1694438725939 4.174860355221516 15
1694438726181 6.41481717854244 16
1694438726430 5.182822051837769 17
1694438726676 4.729892345743354 18
1694438726931 4.957190350857068 19
1694438727200 4.596216372996964 20
1694438727467 4.0937143006872745 21
1694438727705 2.5340418256399877 22
1694438727955 2.0635990321661093 23
1694438728204 5.3564886780445615 24
1694438728455 5.426437829121856 25
1694438728712 4.986337116066683 26
1694438728965 6.950716584112069 27
1694438729235 3.7971498793334306 28
1694438729496 4.277899864429299 29
1694438729739 4.458957366455962 30
1694438729992 3.4184928383426243 31
1694438730221 6.939264352191774 32
1694438730476 3.9238520536882033 33
1694438730710 3.9865627595213544 34
1694438730995 5.466974292587633 35
1694438731268 4.3253980454166685 36
1694438731535 5.193313378730592 37
1694438731789 4.345372015504602 38
1694438732029 4.702234283822308 39
1694438732285 3.838478937049626 40
1694438732548 5.343689555946229 41
1694438732811 4.423971462281683 42
1694438733057 2.3207901155531867 43
1694438733326 3.261211643987638 44
1694438733585 3.7937999959459003 45
1694438733835 3.5449164217020495 46
1694438734107 4.269748774799722 47
1694438734354 3.6923507635975406 48
1694438734645 8.048749281587183 49
1694438734901 4.403571681679327 50
1694438735187 4.83823665890489 51
1694438735437 4.607819687711691 52
1694438735679 5.541130128029076 53
1694438735955 5.598064046617742 54
1694438736235 5.3455388622010105 55
1694438736504 6.300016623676223 56
1694438736875 5.189525763505757 57
1694438737119 6.023420952108725 58
1694438737403 6.096763082035689 59
1694438737653 4.299552000088331 60
1694438737885 4.558660217514895 61
1694438738116 5.564202665046306 62
1694438738380 4.366974472074835 63
1694438738648 2.7576397724654105 64
1694438738876 5.3019632337725096 65
1694438739104 5.594668754006541 66
1694438739344 5.046436471060203 67
1694438739580 7.1838261988871945 68
1694438739824 4.335377477188489 69
1694438740055 8.289445682414678 70
1694438740335 2.1318214010357983 71
1694438740585 4.384198518211954 72
1694438740842 4.280656638709329 73
