1694438721970 0.0 0
1694438722252 0.0 1
1694438722532 0.0 2
1694438722821 0.0 3
1694438723107 0.0 4
1694438723390 0.0 5
1694438723640 0.0 6
1694438723905 0.0 7
1694438724164 0.0 8
1694438724421 0.0 9
1694438724668 0.0 10
1694438724924 0.0 11
1694438725180 0.0 12
1694438725437 0.0 13
1694438725689 0.0 14
1694438725947 0.0 15
1694438726188 0.0 16
1694438726437 0.0 17
1694438726683 0.0 18
1694438726937 0.0 19
1694438727207 0.0 20
1694438727474 0.0 21
1694438727712 0.0 22
1694438727961 0.0 23
1694438728213 0.0 24
1694438728461 0.0 25
1694438728719 0.0 26
1694438728972 0.0 27
1694438729242 0.0 28
1694438729503 0.0 29
1694438729748 0.0 30
1694438730000 0.0 31
1694438730228 0.0 32
1694438730484 0.0 33
1694438730730 0.0 34
1694438731003 0.0 35
1694438731275 0.0 36
1694438731541 0.0 37
1694438731796 0.0 38
1694438732037 0.0 39
1694438732294 0.0 40
1694438732558 0.0 41
1694438732819 0.0 42
1694438733064 0.0 43
1694438733336 0.0 44
1694438733591 0.0 45
1694438733841 0.0 46
1694438734115 0.0 47
1694438734362 0.0 48
1694438734652 0.0 49
1694438734909 0.0 50
1694438735194 0.0 51
1694438735443 0.0 52
1694438735690 0.0 53
1694438735963 0.0 54
1694438736241 0.0 55
1694438736516 0.0 56
1694438736882 0.0 57
1694438737128 0.0 58
1694438737410 0.0 59
1694438737660 0.0 60
1694438737892 0.0 61
1694438738123 0.0 62
1694438738387 0.0 63
1694438738656 0.0 64
1694438738883 0.0 65
1694438739110 0.0 66
1694438739352 0.0 67
1694438739587 0.0 68
1694438739831 0.0 69
1694438740062 0.0 70
1694438740342 0.0 71
1694438740592 0.0 72
1694438740850 0.0 73
