1694438954222 174.2781718080161 0
1694438954253 172.3099015530645 1
1694438954283 171.03784412608272 2
1694438954312 170.37457791875184 3
1694438954342 168.79667961679058 4
1694438954372 166.47382122007164 5
1694438954403 165.75747589241158 6
1694438954435 164.48042753064695 7
1694438954469 163.29452497594582 8
1694438954508 161.9988829784456 9
1694438954545 161.4116042788213 10
1694438954587 159.33281848113717 11
1694438954616 158.4966804270952 12
1694438954645 157.19599897945182 13
1694438954674 155.79290646410044 14
1694438954704 154.58978704426633 15
1694438954735 152.8801457082446 16
1694438954764 152.2149919853554 17
1694438954794 150.41596378644095 18
1694438954825 149.8225697018708 19
1694438954855 148.34989379764787 20
1694438954885 147.63156494571456 21
1694438954914 145.83218185960288 22
1694438954944 144.74326572762766 23
1694438954982 143.74161684485378 24
1694438955014 143.00749597239582 25
1694438955048 141.3252616433944 26
1694438955081 140.5897578989247 27
1694438955115 139.5645660403079 28
1694438955149 138.23532635070273 29
1694438955181 137.44651636148637 30
1694438955216 136.29876380018572 31
1694438955254 135.0520125575696 32
1694438955288 134.07869560192026 33
1694438955320 132.77667060903264 34
1694438955355 132.02095065711467 35
1694438955389 131.15189465283683 36
1694438955423 129.79521681259243 37
1694438955462 128.7258842465321 38
1694438955496 128.09139407409967 39
1694438955531 126.20952957034228 40
1694438955565 125.49339712446246 41
1694438955596 124.85266669642745 42
1694438955632 124.01837333573472 43
1694438955667 122.55772267540299 44
1694438955697 121.4239351017396 45
1694438955739 120.40603310944063 46
1694438955777 119.8011905713525 47
1694438955808 119.22913282903735 48
1694438955838 117.88282567307152 49
1694438955866 117.55077070945089 50
1694438955896 115.82339275034454 51
1694438955927 115.13672298401077 52
1694438955957 114.60533559890565 53
1694438955987 113.47210479832208 54
1694438956019 112.61812852501875 55
1694438956048 111.22150152825084 56
1694438956080 111.04785680082527 57
1694438956110 109.83097257977768 58
1694438956140 108.98869770712028 59
1694438956170 108.46753634169248 60
1694438956198 108.17440231395237 61
1694438956230 106.50729871414455 62
1694438956260 105.47734404299676 63
1694438956290 105.09015429817399 64
1694438956320 104.07623625903005 65
1694438956353 103.38176731496404 66
1694438956381 102.03400733308675 67
1694438956411 101.53868778278651 68
1694438956442 100.6847944079747 69
1694438956471 100.5015207049639 70
1694438956501 99.28673997804822 71
1694438956531 98.38065848000501 72
1694438956561 97.35047000283544 73
1694438956592 97.32985142970973 74
1694438956621 95.89152237414642 75
1694438956649 95.57530152491073 76
1694438956679 94.4755974960137 77
1694438956715 93.77163055882154 78
1694438956748 93.07242898234267 79
1694438956782 91.81328959420001 80
1694438956814 91.72354093694062 81
1694438956844 90.67791923133267 82
1694438956877 90.03486776266749 83
1694438956906 89.3957863378827 84
1694438956936 88.94413812186492 85
1694438956965 88.37395962476491 86
1694438956995 87.65322254363807 87
1694438957026 86.84255457357963 88
1694438957055 86.14065171982297 89
1694438957084 85.44955231940045 90
1694438957114 84.61985224268618 91
1694438957145 83.92692841456669 92
1694438957174 83.32865543379134 93
1694438957204 82.52409405522165 94
1694438957233 82.05463564936545 95
1694438957263 81.39434316545317 96
1694438957293 80.44747876834293 97
1694438957324 80.15352236688105 98
1694438957357 79.39979404984247 99
1694438957386 78.89328097689653 100
1694438957416 77.8068411969169 101
1694438957446 77.05198992756118 102
1694438957477 76.83330938784306 103
1694438957505 76.32934322074816 104
1694438957534 76.22457486188048 105
1694438957563 75.44451789764322 106
1694438957592 74.93535254785571 107
1694438957624 73.66095896120125 108
1694438957653 73.13135118556647 109
1694438957682 72.49045734535558 110
1694438957712 72.0031680133954 111
1694438957744 71.73110729160581 112
1694438957774 70.97108308285362 113
1694438957804 70.74960758511294 114
1694438957834 70.24618214583984 115
1694438957863 69.53484354799714 116
1694438957893 68.79663620542789 117
1694438957923 68.55656694583762 118
1694438957954 67.54530949335508 119
1694438957983 67.68841401441541 120
1694438958014 66.68872510966635 121
1694438958043 66.14724361680332 122
1694438958075 65.38726779189845 123
1694438958105 65.21732141221497 124
1694438958137 65.12069653713321 125
1694438958171 64.1805613865525 126
1694438958207 64.01503468090432 127
1694438958242 63.4141511952189 128
1694438958274 62.71064990754576 129
1694438958307 62.28369026262754 130
1694438958345 61.816522624997006 131
1694438958385 60.976487175866026 132
1694438958419 60.83622924101047 133
1694438958453 60.415661058099374 134
1694438958487 59.676697066144904 135
1694438958520 59.42108816350777 136
1694438958549 59.19444138146877 137
1694438958579 58.560763482632794 138
1694438958610 57.75663376478389 139
1694438958642 57.64250923570383 140
1694438958673 57.45488182777974 141
1694438958704 56.707633920849965 142
1694438958733 55.97618468715328 143
1694438958762 55.812336701284586 144
1694438958792 55.11669020743718 145
1694438958823 55.019384953354404 146
1694438958855 54.31896401849451 147
1694438958883 53.63589374812048 148
1694438958913 53.77535268565439 149
1694438958944 53.03340504513652 150
1694438958975 52.40364655804018 151
1694438959004 52.14738816301138 152
1694438959036 52.15029984471082 153
1694438959065 51.58817387161902 154
1694438959093 50.96273227011905 155
1694438959124 50.76151011604874 156
1694438959154 50.18856442681177 157
1694438959183 49.77955256869114 158
1694438959214 49.30240522282595 159
1694438959245 49.11040120181341 160
1694438959277 48.77342062155807 161
1694438959307 48.189462910897646 162
1694438959337 48.32591853397913 163
1694438959371 47.52951794730586 164
1694438959402 47.145328504103496 165
1694438959438 46.90619542592381 166
1694438959475 46.31452312938082 167
1694438959507 46.08141681585379 168
1694438959537 45.7008259673016 169
1694438959566 45.42520889499209 170
1694438959597 44.796912677333864 171
1694438959628 44.70026290740445 172
1694438959657 44.49446410918521 173
1694438959687 43.84842391795633 174
1694438959717 43.5077670035394 175
1694438959745 43.56073781751032 176
1694438959776 43.012328767490345 177
1694438959807 42.5627267330564 178
1694438959837 42.33216747721053 179
1694438959866 41.865458672086696 180
1694438959896 41.74341259919632 181
1694438959927 41.322157907072764 182
1694438959959 41.39954466947817 183
1694438959990 40.80472518672132 184
1694438960020 40.29466292654007 185
1694438960049 40.23160231480926 186
1694438960080 39.64983227845663 187
1694438960112 39.516351383038774 188
1694438960142 38.761988487559506 189
1694438960174 38.78805466165448 190
1694438960205 38.717464781063065 191
1694438960235 38.0954163216855 192
1694438960266 38.053708685164 193
1694438960295 37.71650992318347 194
1694438960325 37.2465483833862 195
1694438960356 36.76563205904344 196
1694438960387 36.73565456470298 197
1694438960415 36.62346366040483 198
1694438960446 36.19603974267448 199
1694438960476 35.74171291404062 200
1694438960507 35.58988424282313 201
1694438960535 35.39876909794399 202
1694438960566 35.14125805222823 203
1694438960596 34.77210708077423 204
1694438960625 34.280050669479095 205
1694438960656 34.061707007103244 206
1694438960695 34.03588995881476 207
1694438960730 33.73308129214865 208
1694438960761 33.37486679640877 209
1694438960791 33.05338488934725 210
1694438960821 32.631978871575754 211
1694438960850 32.771744099089034 212
1694438960881 32.578661468896065 213
1694438960911 32.46213775297862 214
1694438960940 31.974695647030213 215
1694438960971 31.59397824595216 216
1694438961000 31.566541483483313 217
1694438961032 31.13827777458742 218
1694438961060 30.88993337078882 219
1694438961095 30.546352071563707 220
1694438961127 30.44090213049429 221
1694438961157 30.09227610670094 222
1694438961187 29.97244676995832 223
1694438961221 29.71624193017913 224
1694438961257 29.729560910825853 225
1694438961287 29.25594930671014 226
1694438961319 28.990458311741964 227
1694438961349 28.643185592864562 228
1694438961381 28.367958097013005 229
1694438961411 28.346928606894902 230
1694438961442 27.943456279667785 231
1694438961472 27.821596630726646 232
1694438961504 27.82557147085669 233
1694438961539 27.55156657972548 234
1694438961574 27.421285278015645 235
1694438961611 27.31579868487235 236
1694438961659 26.878765472837618 237
1694438961704 26.824305481215788 238
1694438961754 26.347488118628675 239
1694438961808 26.248112953323755 240
1694438961865 26.314396840221427 241
1694438961928 25.828457242341763 242
1694438961965 25.613184640202675 243
1694438961996 25.4066749108278 244
1694438962027 25.089961448695554 245
1694438962057 24.996852646235915 246
1694438962089 24.78223293299735 247
1694438962120 24.73477755924567 248
1694438962149 24.36620137760369 249
1694438962179 24.300479466032137 250
1694438962210 24.020167876971456 251
1694438962239 23.905297018160617 252
1694438962270 23.87511377958058 253
1694438962299 23.78496616266239 254
1694438962328 23.367688269062118 255
1694438962359 23.06115462193677 256
1694438962390 23.140187093277998 257
1694438962421 22.81817671771672 258
1694438962451 22.72317794660332 259
1694438962479 22.325604747192667 260
1694438962510 22.278780779756378 261
1694438962539 21.874216121137664 262
1694438962570 21.83304761280691 263
1694438962598 21.768676934886244 264
1694438962627 21.780016979943046 265
1694438962657 21.307384691048348 266
1694438962687 21.171354825260195 267
1694438962715 21.092514757388383 268
1694438962745 21.06581111404798 269
1694438962776 20.589488266601826 270
1694438962807 20.71301377106196 271
1694438962839 20.324005768560127 272
1694438962867 20.279242435213213 273
1694438962897 20.125948821256276 274
1694438962927 20.027123200318673 275
1694438962957 19.794066142193817 276
1694438962987 19.58794280923835 277
1694438963016 19.463394083773277 278
1694438963044 19.53064284292069 279
1694438963074 19.382132154977693 280
1694438963105 19.062990749621868 281
1694438963132 18.87842474007934 282
1694438963163 18.808434135286998 283
1694438963193 18.680971821529027 284
1694438963224 18.433179550428953 285
1694438963254 18.44656312183812 286
1694438963287 18.2838110953252 287
1694438963315 18.088210362586185 288
1694438963345 17.962923160752208 289
1694438963376 17.95897990095763 290
1694438963405 17.882309288468704 291
1694438963433 17.729760697312674 292
1694438963463 17.259821870686746 293
1694438963494 17.309521674204692 294
1694438963524 17.255643354409234 295
1694438963554 16.92820800039342 296
1694438963583 16.681292138693866 297
1694438963614 16.62757704445473 298
1694438963644 16.688299838539855 299
1694438963675 16.489148647075904 300
1694438963704 16.509305113269846 301
1694438963734 16.440998767644032 302
1694438963764 15.87900807150344 303
1694438963794 16.009657859994093 304
1694438963825 15.883062050550775 305
1694438963855 15.742656417295041 306
1694438963883 15.633855052305506 307
1694438963913 15.456779657183297 308
1694438963943 15.441197433207028 309
1694438963972 15.260712540917451 310
1694438964004 15.072334993297426 311
1694438964036 14.80430055676123 312
1694438964065 15.069656886816263 313
1694438964094 14.742001593902797 314
1694438964124 14.72788409311818 315
1694438964154 14.49372888948334 316
1694438964185 14.563911130709204 317
1694438964217 14.42174981627999 318
1694438964246 14.324961944763713 319
1694438964276 14.150193649648902 320
1694438964307 13.997970613982496 321
1694438964338 14.089459878029757 322
1694438964370 13.654055112557868 323
1694438964401 13.675729685433526 324
1694438964431 13.638982518093234 325
1694438964462 13.507498389482677 326
1694438964493 13.127418067511947 327
1694438964522 13.243630786338825 328
1694438964552 13.351026171212661 329
1694438964583 13.157860366552718 330
1694438964613 13.09463272047434 331
1694438964643 12.954965133391514 332
1694438964674 12.774171673315676 333
1694438964706 12.68172412563454 334
1694438964736 12.603624551206119 335
1694438964766 12.510601802742118 336
1694438964796 12.255764601183698 337
1694438964832 12.280924270725544 338
1694438964866 12.129394516194429 339
1694438964896 12.172467625826377 340
1694438964927 11.85316408526622 341
1694438964958 11.917428800851242 342
1694438964987 11.775438234686357 343
1694438965017 11.747628166682622 344
1694438965046 11.623969643920237 345
1694438965079 11.568490885759717 346
1694438965110 11.430856763826498 347
1694438965140 11.347843253954498 348
1694438965171 11.314689716032396 349
1694438965201 11.171681350681853 350
1694438965233 11.139655531396153 351
1694438965264 11.029898900257091 352
1694438965294 11.017443197132426 353
1694438965325 10.784100848572528 354
1694438965356 10.703928526746664 355
1694438965386 10.69023781408736 356
1694438965414 10.539383047354633 357
1694438965444 10.432867972255476 358
1694438965473 10.52843926338109 359
1694438965503 10.352944251568932 360
1694438965534 10.36468988069774 361
1694438965563 10.275002076649496 362
1694438965593 10.166788623962365 363
1694438965623 9.997053710401145 364
1694438965653 10.064546573288274 365
1694438965682 10.021783145555357 366
1694438965711 9.83793162448893 367
1694438965742 9.838506725405077 368
1694438965772 9.723768622208794 369
1694438965802 9.531806617549242 370
1694438965831 9.462643888136283 371
1694438965861 9.552547946905655 372
1694438965889 9.369713312713769 373
1694438965918 9.197916813170131 374
1694438965948 9.333830990382722 375
1694438965978 9.063810408498657 376
1694438966007 8.925596802836731 377
1694438966037 9.116743295515517 378
1694438966064 8.928919049564108 379
1694438966095 8.812701298495064 380
1694438966122 8.854101448712074 381
1694438966151 8.68280819371453 382
1694438966181 8.688028846961911 383
1694438966210 8.688324629032863 384
1694438966240 8.594562540557757 385
1694438966270 8.58208056272895 386
1694438966300 8.389765346204621 387
1694438966329 8.613180337927844 388
1694438966358 8.269766708147165 389
1694438966389 8.161013399831399 390
1694438966418 8.120995349708835 391
1694438966447 8.204334651862249 392
1694438966478 8.08233359361411 393
1694438966506 8.064920241704641 394
1694438966535 7.875547773162622 395
1694438966565 7.804646308096325 396
1694438966594 7.953657287422413 397
1694438966621 7.818300193520833 398
1694438966651 7.735249217150832 399
1694438966680 7.699787622187811 400
1694438966711 7.657355123265124 401
1694438966740 7.643178859879095 402
1694438966770 7.42757242982856 403
1694438966801 7.339277767959377 404
1694438966829 7.437089350585941 405
1694438966859 7.394076268053996 406
1694438966890 7.144218445626778 407
1694438966918 7.167615490439857 408
1694438966947 7.199693963587452 409
1694438966977 6.961388930628771 410
1694438967006 7.078247652708135 411
1694438967035 7.0558009626994505 412
1694438967065 7.046771719771544 413
1694438967097 6.729958485334766 414
1694438967126 6.741748566754098 415
1694438967157 6.786096816989253 416
1694438967187 6.735527754538756 417
1694438967216 6.628898152265495 418
1694438967246 6.572584126195711 419
1694438967276 6.5828647672869876 420
1694438967306 6.564222378809794 421
1694438967335 6.542446091863014 422
1694438967366 6.399485718224031 423
1694438967396 6.403688578139576 424
1694438967426 6.318808844389562 425
1694438967455 6.300235130939397 426
1694438967484 6.239243135048338 427
1694438967512 6.1679316933582475 428
1694438967542 6.240382607185095 429
1694438967571 6.084528113159447 430
1694438967600 6.08158717899834 431
1694438967628 5.954092137014471 432
1694438967660 5.963607494848832 433
1694438967690 5.847751552557112 434
1694438967719 5.809725400645377 435
1694438967748 5.834967289314184 436
1694438967777 5.753861986422964 437
1694438967807 5.70703494667556 438
1694438967836 5.72316144800753 439
1694438967867 5.732360128893046 440
1694438967898 5.661766346798383 441
1694438967928 5.593068329859435 442
1694438967960 5.5466907954082 443
1694438967989 5.420260590689093 444
1694438968019 5.503803212371648 445
1694438968048 5.389802409402564 446
1694438968079 5.4194024080476755 447
1694438968108 5.371402737663533 448
1694438968138 5.281395441413069 449
1694438968166 5.3299425092308015 450
1694438968198 5.234425358857934 451
1694438968227 5.103642544478364 452
1694438968256 5.075620723923303 453
1694438968288 5.12454636315614 454
1694438968317 5.05553261886834 455
1694438968348 5.027452353970075 456
1694438968379 5.028280730870065 457
1694438968408 4.905966114122872 458
1694438968438 4.889793233760821 459
1694438968467 4.875398497167031 460
1694438968496 4.79701959781368 461
1694438968524 4.850293055180084 462
1694438968554 4.85745217671782 463
1694438968583 4.7108645889490806 464
1694438968613 4.720597616437826 465
1694438968644 4.744684439651787 466
1694438968674 4.519860417871356 467
1694438968703 4.532978435338766 468
1694438968732 4.5539798271457625 469
1694438968761 4.532990810441536 470
1694438968791 4.588578499311162 471
1694438968822 4.507451728308739 472
1694438968850 4.51306271138802 473
1694438968879 4.377327225582916 474
1694438968908 4.384992920834383 475
1694438968937 4.283870962282125 476
1694438968966 4.367675500751505 477
1694438968995 4.257267003586719 478
1694438969023 4.239547637565348 479
1694438969051 4.261815716344323 480
1694438969080 4.120103881174356 481
1694438969110 4.136172910097343 482
1694438969139 4.119499842930226 483
1694438969168 4.083044582053971 484
1694438969198 4.107814078844252 485
1694438969229 4.015044560992124 486
1694438969259 4.105770316565737 487
1694438969288 4.004288159487391 488
1694438969318 3.8610931466693494 489
1694438969347 3.8984553676759752 490
1694438969377 3.914834413930698 491
1694438969406 3.9104639713855853 492
1694438969433 3.787342737866088 493
1694438969464 3.834079309833208 494
1694438969495 3.7691598380043496 495
1694438969531 3.747407021915816 496
1694438969571 3.66931840819623 497
1694438969602 3.7155264086415305 498
1694438969632 3.6453978210480846 499
