1694444644083 177.8499742193768 0
1694444644142 177.8143474078589 1
1694444644187 177.77872774321722 2
1694444644224 177.74311522401635 3
1694444644287 177.70750984882102 4
1694444644365 177.67191161619638 5
1694444644432 177.63632052470788 6
1694444644483 177.6007365729211 7
1694444644536 177.5651597594021 8
1694444644579 177.52959008271714 9
1694444644621 177.4940275414327 10
1694444644660 177.45847213411568 11
1694444644720 177.42292385933317 12
1694444644794 177.3873827156526 13
1694444644874 177.35184870164173 14
1694444644925 177.31632181586852 15
1694444644975 177.28080205690122 16
1694444645019 177.2452894233084 17
1694444645071 177.20978391365895 18
1694444645112 177.17428552652203 19
1694444645157 177.138794260467 20
1694444645200 177.10331011406367 21
1694444645281 177.06783308588203 22
1694444645349 177.0323631744923 23
1694444645402 176.99690037846517 24
1694444645459 176.96144469637147 25
1694444645500 176.92599612678234 26
1694444645541 176.89055466826923 27
1694444645575 176.85512031940388 28
1694444645616 176.81969307875838 29
1694444645652 176.78427294490496 30
1694444645689 176.74885991641622 31
1694444645724 176.71345399186507 32
1694444645757 176.67805516982472 33
1694444645793 176.64266344886857 34
1694444645827 176.60727882757038 35
1694444645872 176.57190130450417 36
1694444645919 176.5365308782443 37
1694444645952 176.50116754736533 38
1694444645992 176.4658113104422 39
1694444646041 176.43046216605003 40
1694444646083 176.3951201127644 41
1694444646123 176.35978514916098 42
1694444646160 176.32445727381577 43
1694444646205 176.28913648530522 44
1694444646241 176.2538227822058 45
1694444646279 176.21851616309453 46
1694444646323 176.18321662654856 47
1694444646375 176.1479241711453 48
1694444646425 176.1126387954626 49
1694444646476 176.0773604980785 50
1694444646511 176.0420892775713 51
1694444646543 176.00682513251957 52
1694444646577 175.97156806150227 53
1694444646609 175.93631806309864 54
1694444646654 175.90107513588802 55
1694444646691 175.86583927845032 56
1694444646734 175.8306104893655 57
1694444646778 175.79538876721392 58
1694444646822 175.7601741105762 59
1694444646860 175.7249665180332 60
1694444646907 175.6897659881662 61
1694444646952 175.65457251955658 62
1694444646991 175.6193861107862 63
1694444647026 175.58420676043698 64
1694444647071 175.54903446709136 65
1694444647103 175.51386922933187 66
1694444647156 175.47871104574156 67
1694444647194 175.44355991490346 68
1694444647239 175.40841583540112 69
1694444647278 175.37327880581827 70
1694444647323 175.338148824739 71
1694444647360 175.30302589074753 72
1694444647404 175.26791000242858 73
1694444647446 175.23280115836704 74
1694444647490 175.19769935714803 75
1694444647534 175.1626045973571 76
1694444647574 175.12751687757992 77
1694444647622 175.09243619640256 78
1694444647671 175.05736255241138 79
1694444647703 175.02229594419293 80
1694444647733 174.9872363703341 81
1694444647766 174.9521838294221 82
1694444647803 174.91713832004433 83
1694444647839 174.8820998407886 84
1694444647870 174.84706839024292 85
1694444647902 174.81204396699556 86
1694444647932 174.77702656963518 87
1694444647962 174.7420161967506 88
1694444647999 174.70701284693104 89
1694444648037 174.6720165187659 90
1694444648074 174.6370272108449 91
1694444648112 174.60204492175814 92
1694444648156 174.56706965009582 93
1694444648196 174.5321013944486 94
1694444648228 174.49714015340726 95
1694444648262 174.46218592556306 96
1694444648302 174.42723870950732 97
1694444648336 174.3922985038318 98
1694444648368 174.3573653071285 99
1694444648402 174.3224391179898 100
1694444648436 174.28751993500813 101
1694444648470 174.25260775677637 102
1694444648502 174.21770258188766 103
1694444648535 174.18280440893545 104
1694444648568 174.1479132365134 105
1694444648602 174.11302906321552 106
1694444648640 174.07815188763604 107
1694444648673 174.04328170836956 108
1694444648710 174.00841852401086 109
1694444648749 173.9735623331551 110
1694444648788 173.93871313439763 111
1694444648824 173.90387092633418 112
1694444648859 173.8690357075606 113
1694444648894 173.8342074766733 114
1694444648926 173.79938623226872 115
1694444648958 173.7645719729436 116
1694444648995 173.72976469729517 117
1694444649036 173.6949644039207 118
1694444649069 173.66017109141788 119
1694444649106 173.62538475838468 120
1694444649151 173.59060540341923 121
1694444649200 173.5558330251202 122
1694444649236 173.52106762208615 123
1694444649272 173.48630919291634 124
1694444649305 173.45155773621 125
1694444649340 173.4168132505668 126
1694444649378 173.3820757345867 127
1694444649410 173.3473451868698 128
1694444649444 173.31262160601665 129
1694444649475 173.27790499062795 130
1694444649508 173.24319533930475 131
1694444649539 173.20849265064842 132
1694444649569 173.17379692326054 133
1694444649602 173.13910815574295 134
1694444649638 173.10442634669784 135
1694444649671 173.0697514947277 136
1694444649701 173.03508359843522 137
1694444649736 173.00042265642338 138
1694444649768 172.96576866729552 139
1694444649811 172.93112162965514 140
1694444649846 172.89648154210622 141
1694444649878 172.86184840325274 142
1694444649929 172.82722221169917 143
1694444649967 172.79260296605023 144
1694444650013 172.75799066491092 145
1694444650051 172.72338530688643 146
1694444650085 172.6887868905823 147
1694444650121 172.6541954146044 148
1694444650155 172.61961087755878 149
1694444650191 172.58503327805184 150
1694444650224 172.55046261469025 151
1694444650258 172.5158988860809 152
1694444650290 172.48134209083102 153
1694444650323 172.44679222754817 154
1694444650360 172.41224929484005 155
1694444650394 172.37771329131482 156
1694444650436 172.3431842155807 157
1694444650468 172.3086620662464 158
1694444650507 172.27414684192075 159
1694444650562 172.23963854121297 160
1694444650610 172.20513716273254 161
1694444650656 172.17064270508914 162
1694444650691 172.13615516689285 163
1694444650728 172.10167454675394 164
1694444650766 172.067200843283 165
1694444650811 172.03273405509083 166
1694444650852 171.99827418078866 167
1694444650887 171.96382121898785 168
1694444650929 171.9293751683001 169
1694444650968 171.89493602733742 170
1694444651011 171.860503794712 171
1694444651044 171.82607846903642 172
1694444651077 171.79166004892352 173
1694444651120 171.75724853298638 174
1694444651174 171.72284391983828 175
1694444651219 171.68844620809296 176
1694444651258 171.65405539636433 177
1694444651297 171.61967148326667 178
1694444651339 171.58529446741434 179
1694444651376 171.55092434742215 180
1694444651408 171.51656112190517 181
1694444651446 171.48220478947871 182
1694444651478 171.44785534875842 183
1694444651519 171.4135127983601 184
1694444651558 171.37917713689995 185
1694444651590 171.3448483629944 186
1694444651625 171.31052647526022 187
1694444651678 171.27621147231432 188
1694444651719 171.241903352774 189
1694444651757 171.20760211525678 190
1694444651792 171.17330775838062 191
1694444651830 171.13902028076348 192
1694444651866 171.1047396810238 193
1694444651907 171.07046595778024 194
1694444651950 171.03619910965176 195
1694444651983 171.0019391352576 196
1694444652024 170.96768603321718 197
1694444652061 170.93343980215033 198
1694444652093 170.89920044067708 199
1694444652139 170.86496794741782 200
1694444652177 170.83074232099312 201
1694444652219 170.7965235600238 202
1694444652277 170.76231166313113 203
1694444652336 170.72810662893642 204
1694444652376 170.69390845606154 205
1694444652411 170.6597171431284 206
1694444652450 170.6255326887593 207
1694444652485 170.5913550915768 208
1694444652523 170.55718435020367 209
1694444652554 170.52302046326304 210
1694444652587 170.4888634293783 211
1694444652624 170.45471324717315 212
1694444652658 170.42056991527144 213
1694444652694 170.38643343229745 214
1694444652733 170.35230379687565 215
1694444652776 170.3181810076308 216
1694444652815 170.28406506318794 217
1694444652857 170.2499559621724 218
1694444652895 170.21585370320975 219
1694444652939 170.18175828492588 220
1694444652973 170.14766970594698 221
1694444653009 170.1135879648994 222
1694444653045 170.07951306040988 223
1694444653083 170.0454449911054 224
1694444653113 170.01138375561325 225
1694444653152 169.97732935256087 226
1694444653189 169.94328178057614 227
1694444653221 169.90924103828715 228
1694444653252 169.87520712432217 229
1694444653284 169.84118003730993 230
1694444653318 169.8071597758793 231
1694444653353 169.7731463386595 232
1694444653385 169.73913972427994 233
1694444653420 169.70513993137038 234
1694444653459 169.67114695856085 235
1694444653490 169.63716080448165 236
1694444653578 169.60318146776328 237
1694444653654 169.56920894703663 238
1694444653706 169.53524324093283 239
1694444653743 169.50128434808323 240
1694444653775 169.4673322671196 241
1694444653822 169.43338699667368 242
1694444653866 169.3994485353779 243
1694444653905 169.36551688186464 244
1694444653952 169.3315920347667 245
1694444653987 169.29767399271708 246
1694444654018 169.26376275434916 247
1694444654054 169.22985831829652 248
1694444654089 169.195960683193 249
1694444654126 169.16206984767277 250
1694444654166 169.12818581037024 251
1694444654208 169.09430856992012 252
1694444654240 169.06043812495736 253
1694444654275 169.02657447411715 254
1694444654308 168.99271761603512 255
1694444654342 168.95886754934693 256
1694444654377 168.92502427268877 257
1694444654411 168.8911877846969 258
1694444654443 168.85735808400798 259
1694444654477 168.82353516925892 260
1694444654509 168.78971903908678 261
1694444654538 168.75590969212908 262
1694444654570 168.7221071270235 263
1694444654611 168.68831134240807 264
1694444654670 168.65452233692105 265
1694444654710 168.62074010920088 266
1694444654743 168.58696465788648 267
1694444654778 168.55319598161685 268
1694444654818 168.51943407903138 269
1694444654855 168.48567894876973 270
1694444654891 168.45193058947174 271
1694444654927 168.41818899977767 272
1694444654961 168.38445417832787 273
1694444655007 168.35072612376314 274
1694444655044 168.31700483472446 275
1694444655079 168.28329030985307 276
1694444655109 168.24958254779054 277
1694444655141 168.2158815471787 278
1694444655177 168.18218730665964 279
1694444655211 168.14849982487573 280
1694444655244 168.11481910046956 281
1694444655285 168.08114513208403 282
1694444655328 168.04747791836243 283
1694444655374 168.01381745794814 284
1694444655412 167.98016374948486 285
1694444655458 167.94651679161663 286
1694444655509 167.9128765829878 287
1694444655568 167.87924312224277 288
1694444655608 167.8456164080265 289
1694444655660 167.81199643898398 290
1694444655706 167.77838321376063 291
1694444655743 167.74477673100205 292
1694444655782 167.71117698935424 293
1694444655827 167.6775839874633 294
1694444655872 167.64399772397567 295
1694444655907 167.61041819753817 296
1694444655954 167.57684540679773 297
1694444655989 167.54327935040163 298
1694444656023 167.5097200269974 299
1694444656061 167.4761674352329 300
1694444656105 167.44262157375624 301
1694444656145 167.4090824412157 302
1694444656189 167.37555003626 303
1694444656226 167.34202435753798 304
1694444656270 167.30850540369883 305
1694444656306 167.274993173392 306
1694444656340 167.24148766526727 307
1694444656378 167.20798887797457 308
1694444656411 167.1744968101642 309
1694444656446 167.14101146048662 310
1694444656484 167.10753282759268 311
1694444656522 167.0740609101335 312
1694444656557 167.0405957067604 313
1694444656590 167.007137216125 314
1694444656623 166.9736854368792 315
1694444656667 166.94024036767513 316
1694444656702 166.90680200716528 317
1694444656743 166.87337035400236 318
1694444656787 166.83994540683926 319
1694444656829 166.8065271643293 320
1694444656874 166.773115625126 321
1694444656910 166.73971078788313 322
1694444656954 166.7063126512548 323
1694444657024 166.67292121389522 324
1694444657058 166.6395364744591 325
1694444657093 166.6061584316013 326
1694444657125 166.57278708397695 327
1694444657173 166.53942243024144 328
1694444657207 166.50606446905053 329
1694444657243 166.4727131990601 330
1694444657277 166.4393686189264 331
1694444657311 166.40603072730593 332
1694444657349 166.37269952285544 333
1694444657384 166.339375004232 334
1694444657416 166.3060571700929 335
1694444657451 166.2727460190957 336
1694444657500 166.23944154989832 337
1694444657549 166.20614376115876 338
1694444657592 166.17285265153555 339
1694444657643 166.13956821968722 340
1694444657685 166.10629046427272 341
1694444657722 166.07301938395133 342
1694444657752 166.03975497738244 343
1694444657787 166.00649724322582 344
1694444657823 165.97324618014144 345
1694444657856 165.94000178678962 346
1694444657891 165.90676406183093 347
1694444657924 165.87353300392607 348
1694444657958 165.84030861173622 349
1694444658001 165.8070908839227 350
1694444658043 165.77387981914717 351
1694444658083 165.74067541607153 352
1694444658125 165.7074776733579 353
1694444658171 165.67428658966867 354
1694444658208 165.64110216366663 355
1694444658241 165.6079243940147 356
1694444658276 165.57475327937615 357
1694444658308 165.54158881841445 358
1694444658340 165.50843100979344 359
1694444658384 165.47527985217704 360
1694444658425 165.44213534422968 361
1694444658457 165.40899748461592 362
1694444658490 165.3758662720006 363
1694444658528 165.34274170504884 364
1694444658560 165.30962378242603 365
1694444658606 165.27651250279777 366
1694444658645 165.2434078648301 367
1694444658687 165.21030986718912 368
1694444658725 165.17721850854136 369
1694444658761 165.1441337875535 370
1694444658799 165.11105570289254 371
1694444658833 165.07798425322576 372
1694444658867 165.04491943722076 373
1694444658901 165.0118612535452 374
1694444658939 164.97880970086726 375
1694444658983 164.9457647778553 376
1694444659018 164.9127264831778 377
1694444659053 164.87969481550377 378
1694444659086 164.8466697735023 379
1694444659120 164.81365135584278 380
1694444659163 164.78063956119493 381
1694444659208 164.74763438822865 382
1694444659242 164.71463583561422 383
1694444659279 164.68164390202207 384
1694444659313 164.64865858612288 385
1694444659351 164.61567988658783 386
1694444659386 164.5827078020881 387
1694444659419 164.54974233129525 388
1694444659454 164.51678347288112 389
1694444659491 164.48383122551778 390
1694444659525 164.45088558787756 391
1694444659560 164.4179465586332 392
1694444659591 164.38501413645741 393
1694444659622 164.35208832002343 394
1694444659656 164.31916910800473 395
1694444659692 164.28625649907488 396
1694444659724 164.25335049190795 397
1694444659755 164.2204510851781 398
1694444659787 164.18755827755984 399
1694444659819 164.15467206772792 400
1694444659850 164.12179245435735 401
1694444659883 164.0889194361234 402
1694444659916 164.0560530117017 403
1694444659950 164.02319317976801 404
1694444659983 163.99033993899843 405
1694444660012 163.95749328806932 406
1694444660050 163.9246532256573 407
1694444660084 163.89181975043923 408
1694444660113 163.85899286109228 409
1694444660144 163.8261725562939 410
1694444660184 163.79335883472172 411
1694444660212 163.76055169505372 412
1694444660246 163.72775113596813 413
1694444660283 163.69495715614346 414
1694444660316 163.66216975425837 415
1694444660351 163.62938892899197 416
1694444660388 163.59661467902342 417
1694444660421 163.56384700303238 418
1694444660454 163.53108589969864 419
1694444660490 163.49833136770226 420
1694444660521 163.46558340572355 421
1694444660559 163.4328420124432 422
1694444660594 163.400107186542 423
1694444660626 163.36737892670115 424
1694444660670 163.33465723160202 425
1694444660704 163.30194209992626 426
1694444660738 163.26923353035588 427
1694444660777 163.23653152157306 428
1694444660823 163.2038360722602 429
1694444660869 163.17114718110005 430
1694444660917 163.13846484677566 431
1694444660955 163.10578906797028 432
1694444660993 163.0731198433674 433
1694444661027 163.0404571716508 434
1694444661061 163.0078010515046 435
1694444661096 162.9751514816131 436
1694444661129 162.94250846066083 437
1694444661167 162.90987198733268 438
1694444661208 162.87724206031376 439
1694444661252 162.84461867828946 440
1694444661295 162.8120018399454 441
1694444661335 162.7793915439675 442
1694444661370 162.74678778904192 443
1694444661401 162.71419057385518 444
1694444661430 162.6815998970939 445
1694444661461 162.649015757445 446
1694444661494 162.61643815359577 447
1694444661524 162.58386708423367 448
1694444661559 162.55130254804655 449
1694444661590 162.51874454372236 450
1694444661620 162.48619306994937 451
1694444661653 162.4536481254161 452
1694444661688 162.42110970881149 453
1694444661721 162.38857781882453 454
1694444661758 162.35605245414453 455
1694444661806 162.32353361346117 456
1694444661850 162.29102129546428 457
1694444661892 162.258515498844 458
1694444661927 162.22601622229067 459
1694444661961 162.19352346449506 460
1694444662000 162.161037224148 461
1694444662039 162.1285574999407 462
1694444662072 162.09608429056465 463
1694444662106 162.06361759471147 464
1694444662141 162.03115741107325 465
1694444662182 161.99870373834213 466
1694444662217 161.96625657521065 467
1694444662255 161.93381592037156 468
1694444662295 161.9013817725179 469
1694444662341 161.86895413034304 470
1694444662404 161.83653299254038 471
1694444662460 161.80411835780384 472
1694444662504 161.77171022482747 473
1694444662561 161.7393085923056 474
1694444662605 161.7069134589329 475
1694444662655 161.67452482340408 476
1694444662694 161.6421426844145 477
1694444662732 161.60976704065936 478
1694444662769 161.57739789083436 479
1694444662807 161.54503523363547 480
1694444662841 161.5126790677588 481
1694444662873 161.48032939190088 482
1694444662912 161.44798620475834 483
1694444662943 161.41564950502817 484
1694444662988 161.38331929140756 485
1694444663022 161.35099556259408 486
1694444663068 161.31867831728545 487
1694444663104 161.28636755417966 488
1694444663141 161.25406327197499 489
1694444663190 161.22176546936998 490
1694444663224 161.18947414506346 491
1694444663262 161.15718929775446 492
1694444663306 161.12491092614232 493
1694444663343 161.09263902892664 494
1694444663400 161.0603736048072 495
1694444663458 161.02811465248422 496
1694444663509 160.99586217065794 497
1694444663561 160.9636161580291 498
1694444663606 160.93137661329854 499
