1694444644091 -0.0046428079824112345 0
1694444644154 -0.004642667352201757 1
1694444644194 -0.004642526636382538 2
1694444644231 -0.004642385834931595 3
1694444644296 -0.004642244947827834 4
1694444644375 -0.004642103975052381 5
1694444644441 -0.004641962916582809 6
1694444644491 -0.004641821772399357 7
1694444644545 -0.0046416805424811525 8
1694444644593 -0.004641539226806435 9
1694444644629 -0.004641397825356108 10
1694444644678 -0.0046412563381077465 11
1694444644735 -0.004641114765042698 12
1694444644816 -0.004640973106137647 13
1694444644884 -0.004640831361374609 14
1694444644938 -0.004640689530730935 15
1694444644985 -0.004640547614186641 16
1694444645029 -0.0046404056117195225 17
1694444645079 -0.00464026352331115 18
1694444645125 -0.004640121348939985 19
1694444645167 -0.004639979088583601 20
1694444645211 -0.004639836742223125 21
1694444645296 -0.004639694309838349 22
1694444645358 -0.004639551791405294 23
1694444645418 -0.004639409186906196 24
1694444645471 -0.004639266496319294 25
1694444645511 -0.004639123719623939 26
1694444645550 -0.004638980856799035 27
1694444645585 -0.00463883790782349 28
1694444645623 -0.00463869487267643 29
1694444645662 -0.004638551751338094 30
1694444645699 -0.004638408543787165 31
1694444645734 -0.004638265250003215 32
1694444645767 -0.004638121869963818 33
1694444645803 -0.004637978403649878 34
1694444645837 -0.004637834851040079 35
1694444645883 -0.004637691212113326 36
1694444645926 -0.0046375474868480815 37
1694444645960 -0.004637403675225249 38
1694444646009 -0.004637259777222624 39
1694444646048 -0.004637115792819557 40
1694444646091 -0.0046369717219949536 41
1694444646132 -0.004636827564729051 42
1694444646171 -0.004636683320999868 43
1694444646212 -0.004636538990787864 44
1694444646251 -0.004636394574069946 45
1694444646289 -0.0046362500708276855 46
1694444646337 -0.004636105481038433 47
1694444646387 -0.004635960804681316 48
1694444646435 -0.004635816041736129 49
1694444646486 -0.0046356711921824445 50
1694444646519 -0.004635526255998945 51
1694444646552 -0.004635381233163871 52
1694444646585 -0.004635236123657238 53
1694444646619 -0.004635090927457508 54
1694444646661 -0.004634945644544475 55
1694444646702 -0.004634800274896822 56
1694444646741 -0.0046346548184936776 57
1694444646789 -0.004634509275313947 58
1694444646828 -0.004634363645336315 59
1694444646871 -0.004634217928540574 60
1694444646919 -0.004634072124906519 61
1694444646959 -0.0046339262344110566 62
1694444647000 -0.0046337802570342035 63
1694444647037 -0.0046336341927561975 64
1694444647078 -0.004633488041554168 65
1694444647110 -0.004633341803408353 66
1694444647171 -0.004633195478297214 67
1694444647204 -0.004633049066199435 68
1694444647245 -0.004632902567095254 69
1694444647289 -0.0046327559809631325 70
1694444647333 -0.004632609307782198 71
1694444647371 -0.004632462547530691 72
1694444647412 -0.004632315700187517 73
1694444647457 -0.00463216876573358 74
1694444647497 -0.004632021744146009 75
1694444647541 -0.004631874635404154 76
1694444647586 -0.004631727439486921 77
1694444647632 -0.004631580156374104 78
1694444647678 -0.004631432786043943 79
1694444647710 -0.004631285328475121 80
1694444647740 -0.004631137783647432 81
1694444647772 -0.004630990151539338 82
1694444647811 -0.004630842432129967 83
1694444647846 -0.004630694625398668 84
1694444647877 -0.004630546731323015 85
1694444647909 -0.004630398749883247 86
1694444647940 -0.004630250681058046 87
1694444647972 -0.004630102524826096 88
1694444648008 -0.004629954281166748 89
1694444648045 -0.004629805950058463 90
1694444648083 -0.004629657531479481 91
1694444648123 -0.004629509025410927 92
1694444648166 -0.004629360431828822 93
1694444648204 -0.0046292117507145125 94
1694444648236 -0.004629062982045795 95
1694444648272 -0.0046289141258022415 96
1694444648310 -0.004628765181961425 97
1694444648343 -0.004628616150502918 98
1694444648376 -0.0046284670314062915 99
1694444648409 -0.004628317824649786 100
1694444648444 -0.004628168530212751 101
1694444648477 -0.0046280191480727595 102
1694444648510 -0.004627869678210272 103
1694444648544 -0.004627720120602641 104
1694444648576 -0.004627570475230325 105
1694444648609 -0.004627420742070676 106
1694444648649 -0.004627270921103932 107
1694444648681 -0.004627121012307445 108
1694444648721 -0.004626971015661896 109
1694444648756 -0.004626820931143971 110
1694444648795 -0.0046266707587341305 111
1694444648834 -0.004626520498411502 112
1694444648868 -0.004626370150152992 113
1694444648903 -0.0046262197139388395 114
1694444648935 -0.004626069189747506 115
1694444648967 -0.004625918577557009 116
1694444649004 -0.0046257678773482525 117
1694444649042 -0.004625617089098144 118
1694444649076 -0.0046254662127855894 119
1694444649116 -0.004625315248390605 120
1694444649160 -0.004625164195891207 121
1694444649206 -0.004625013055266303 122
1694444649243 -0.004624861826493687 123
1694444649280 -0.004624710509553598 124
1694444649313 -0.004624559104424719 125
1694444649350 -0.004624407611084402 126
1694444649387 -0.0046242560295133295 127
1694444649419 -0.004624104359688408 128
1694444649452 -0.004623952601589654 129
1694444649485 -0.004623800755194418 130
1694444649515 -0.004623648820483828 131
1694444649546 -0.0046234967974345675 132
1694444649577 -0.0046233446860259875 133
1694444649610 -0.004623192486236327 134
1694444649644 -0.0046230401980451585 135
1694444649678 -0.004622887821431609 136
1694444649709 -0.004622735356373253 137
1694444649744 -0.0046225828028483296 138
1694444649777 -0.004622430160837743 139
1694444649823 -0.004622277430317734 140
1694444649855 -0.004622124611268541 141
1694444649892 -0.004621971703668848 142
1694444649940 -0.00462181870749645 143
1694444649975 -0.004621665622730475 144
1694444650028 -0.0046215124493500515 145
1694444650059 -0.004621359187332752 146
1694444650092 -0.004621205836659037 147
1694444650128 -0.0046210523973047035 148
1694444650162 -0.004620898869251544 149
1694444650200 -0.004620745252476688 150
1694444650232 -0.004620591546959263 151
1694444650267 -0.0046204377526763984 152
1694444650296 -0.004620283869609443 153
1694444650333 -0.004620129897734193 154
1694444650369 -0.004619975837031776 155
1694444650402 -0.004619821687479542 156
1694444650443 -0.004619667449055509 157
1694444650475 -0.004619513121739693 158
1694444650518 -0.004619358705509002 159
1694444650572 -0.004619204200344562 160
1694444650622 -0.004619049606222614 161
1694444650665 -0.004618894923122285 162
1694444650704 -0.004618740151024037 163
1694444650742 -0.004618585289903887 164
1694444650774 -0.0046184303397418525 165
1694444650821 -0.0046182753005159505 166
1694444650860 -0.004618120172205309 167
1694444650895 -0.004617964954787501 168
1694444650943 -0.004617809648242321 169
1694444650976 -0.004617654252548009 170
1694444651022 -0.004617498767682804 171
1694444651053 -0.0046173431936258336 172
1694444651087 -0.004617187530354672 173
1694444651128 -0.004617031777848668 174
1694444651186 -0.004616875936085618 175
1694444651226 -0.004616720005044428 176
1694444651271 -0.004616563984704225 177
1694444651307 -0.004616407875043027 178
1694444651346 -0.004616251676039962 179
1694444651385 -0.004616095387672603 180
1694444651418 -0.004615939009919634 181
1694444651455 -0.004615782542759961 182
1694444651488 -0.004615625986171823 183
1694444651527 -0.004615469340133682 184
1694444651567 -0.004615312604624666 185
1694444651598 -0.0046151557796221265 186
1694444651635 -0.004614998865106301 187
1694444651688 -0.0046148418610538755 188
1694444651726 -0.004614684767444199 189
1694444651768 -0.004614527584255512 190
1694444651803 -0.004614370311466276 191
1694444651841 -0.004614212949054952 192
1694444651875 -0.004614055497001113 193
1694444651913 -0.004613897955280999 194
1694444651958 -0.004613740323874849 195
1694444651992 -0.004613582602761346 196
1694444652031 -0.004613424791917176 197
1694444652070 -0.00461326689132191 198
1694444652108 -0.004613108900953122 199
1694444652148 -0.004612950820791495 200
1694444652188 -0.004612792650812825 201
1694444652228 -0.004612634390997572 202
1694444652293 -0.0046124760413222 203
1694444652346 -0.0046123176017669465 204
1694444652385 -0.004612159072308497 205
1694444652421 -0.004612000452927312 206
1694444652458 -0.004611841743600076 207
1694444652493 -0.004611682944306139 208
1694444652530 -0.004611524055023297 209
1694444652560 -0.004611365075730234 210
1694444652596 -0.004611206006404522 211
1694444652633 -0.004611046847026623 212
1694444652668 -0.004610887597572999 213
1694444652703 -0.004610728258021668 214
1694444652742 -0.004610568828352646 215
1694444652786 -0.004610409308544616 216
1694444652823 -0.004610249698574043 217
1694444652867 -0.004610089998419387 218
1694444652907 -0.004609930208061108 219
1694444652949 -0.0046097703274747825 220
1694444652980 -0.004609610356641314 221
1694444653017 -0.004609450295537609 222
1694444653056 -0.004609290144142131 223
1694444653089 -0.004609129902432674 224
1694444653124 -0.004608969570389476 225
1694444653162 -0.004608809147989001 226
1694444653196 -0.004608648635210377 227
1694444653228 -0.004608488032031621 228
1694444653261 -0.004608327338430529 229
1694444653291 -0.004608166554386006 230
1694444653326 -0.004608005679876737 231
1694444653362 -0.004607844714881182 232
1694444653392 -0.004607683659376027 233
1694444653427 -0.004607522513340845 234
1694444653469 -0.004607361276753874 235
1694444653503 -0.004607199949593355 236
1694444653588 -0.004607038531837526 237
1694444653665 -0.004606877023463962 238
1694444653714 -0.004606715424451124 239
1694444653751 -0.004606553734777918 240
1694444653784 -0.004606391954422584 241
1694444653838 -0.004606230083361806 242
1694444653874 -0.004606068121576046 243
1694444653912 -0.004605906069042431 244
1694444653961 -0.004605743925739869 245
1694444653994 -0.004605581691644822 246
1694444654025 -0.004605419366737751 247
1694444654062 -0.004605256950995118 248
1694444654096 -0.00460509444439583 249
1694444654136 -0.004604931846919014 250
1694444654173 -0.004604769158540911 251
1694444654217 -0.004604606379241316 252
1694444654247 -0.00460444350899758 253
1694444654283 -0.0046042805477888304 254
1694444654316 -0.004604117495591975 255
1694444654350 -0.0046039543523863635 256
1694444654386 -0.004603791118149569 257
1694444654419 -0.004603627792859388 258
1694444654452 -0.004603464376493838 259
1694444654484 -0.004603300869033378 260
1694444654517 -0.004603137270452695 261
1694444654545 -0.0046029735807331384 262
1694444654578 -0.004602809799850949 263
1694444654621 -0.00460264592778481 264
1694444654677 -0.004602481964512517 265
1694444654718 -0.004602317910012754 266
1694444654751 -0.004602153764262873 267
1694444654788 -0.004601989527242223 268
1694444654825 -0.0046018251989286 269
1694444654862 -0.004601660779298911 270
1694444654901 -0.0046014962683322835 271
1694444654936 -0.004601331666006292 272
1694444654971 -0.004601166972300064 273
1694444655018 -0.004601002187190284 274
1694444655055 -0.004600837310656747 275
1694444655087 -0.0046006723426761376 276
1694444655116 -0.004600507283226252 277
1694444655147 -0.004600342132286661 278
1694444655186 -0.004600176889834717 279
1694444655219 -0.004600011555849326 280
1694444655253 -0.004599846130306506 281
1694444655295 -0.00459968061318583 282
1694444655339 -0.004599515004464871 283
1694444655383 -0.004599349304122091 284
1694444655424 -0.004599183512135063 285
1694444655471 -0.004599017628482027 286
1694444655522 -0.004598851653140779 287
1694444655576 -0.004598685586090445 288
1694444655617 -0.004598519427307712 289
1694444655672 -0.00459835317677082 290
1694444655715 -0.004598186834458895 291
1694444655752 -0.0045980204003484015 292
1694444655789 -0.004597853874419133 293
1694444655836 -0.004597687256647109 294
1694444655880 -0.00459752054701168 295
1694444655923 -0.004597353745490862 296
1694444655961 -0.004597186852061785 297
1694444655996 -0.0045970198667022455 298
1694444656033 -0.004596852789392036 299
1694444656071 -0.004596685620106733 300
1694444656113 -0.0045965183588265734 301
1694444656156 -0.004596351005528687 302
1694444656196 -0.0045961835601906476 303
1694444656235 -0.004596016022790028 304
1694444656277 -0.004595848393305735 305
1694444656312 -0.004595680671716007 306
1694444656351 -0.004595512857997308 307
1694444656386 -0.004595344952129432 308
1694444656420 -0.004595176954087954 309
1694444656456 -0.004595008863853778 310
1694444656492 -0.004594840681401591 311
1694444656529 -0.004594672406711853 312
1694444656565 -0.004594504039761693 313
1694444656599 -0.004594335580528908 314
1694444656632 -0.004594167028991958 315
1694444656675 -0.004593998385126419 316
1694444656710 -0.004593829648913639 317
1694444656759 -0.004593660820329859 318
1694444656795 -0.004593491899351765 319
1694444656841 -0.004593322885959372 320
1694444656884 -0.004593153780129811 321
1694444656926 -0.004592984581840653 322
1694444656961 -0.004592815291069252 323
1694444657033 -0.004592645907795401 324
1694444657066 -0.004592476431995118 325
1694444657101 -0.0045923068636462006 326
1694444657137 -0.004592137202727997 327
1694444657183 -0.0045919674492169715 328
1694444657214 -0.004591797603091807 329
1694444657251 -0.0045916276643303 330
1694444657286 -0.004591457632910467 331
1694444657322 -0.00459128750880855 332
1694444657358 -0.004591117292004565 333
1694444657392 -0.004590946982475197 334
1694444657427 -0.0045907765801984635 335
1694444657460 -0.00459060608515105 336
1694444657510 -0.004590435497312528 337
1694444657558 -0.00459026481666025 338
1694444657603 -0.004590094043171344 339
1694444657652 -0.004589923176824273 340
1694444657691 -0.004589752217597054 341
1694444657729 -0.004589581165466372 342
1694444657759 -0.004589410020410689 343
1694444657795 -0.004589238782408245 344
1694444657829 -0.0045890674514361685 345
1694444657866 -0.004588896027471812 346
1694444657900 -0.004588724510493636 347
1694444657934 -0.004588552900480547 348
1694444657968 -0.00458838119740701 349
1694444658010 -0.004588209401253707 350
1694444658054 -0.004588037511997545 351
1694444658091 -0.0045878655296160975 352
1694444658134 -0.004587693454088049 353
1694444658181 -0.0045875212853887515 354
1694444658216 -0.004587349023498666 355
1694444658248 -0.004587176668393589 356
1694444658284 -0.00458700422005176 357
1694444658316 -0.004586831678451642 358
1694444658348 -0.004586659043569918 359
1694444658392 -0.004586486315385052 360
1694444658434 -0.004586313493874616 361
1694444658464 -0.004586140579015963 362
1694444658501 -0.004585967570786886 363
1694444658537 -0.004585794469164961 364
1694444658568 -0.004585621274127982 365
1694444658615 -0.004585447985654634 366
1694444658656 -0.004585274603720713 367
1694444658695 -0.004585101128304903 368
1694444658734 -0.004584927559384999 369
1694444658771 -0.004584753896938132 370
1694444658807 -0.004584580140942318 371
1694444658842 -0.004584406291375354 372
1694444658875 -0.004584232348214812 373
1694444658908 -0.004584058311436934 374
1694444658947 -0.004583884181022402 375
1694444658990 -0.004583709956946347 376
1694444659028 -0.00458353563918612 377
1694444659060 -0.004583361227721294 378
1694444659094 -0.004583186722528554 379
1694444659128 -0.0045830121235852506 380
1694444659179 -0.004582837430869402 381
1694444659217 -0.00458266264435836 382
1694444659253 -0.004582487764030363 383
1694444659289 -0.004582312789861431 384
1694444659322 -0.0045821377218306925 385
1694444659360 -0.004581962559914388 386
1694444659393 -0.004581787304091867 387
1694444659427 -0.004581611954339371 388
1694444659462 -0.00458143651063514 389
1694444659499 -0.0045812609729560805 390
1694444659535 -0.004581085341279989 391
1694444659567 -0.004580909615584217 392
1694444659599 -0.004580733795847669 393
1694444659628 -0.004580557882045477 394
1694444659665 -0.0045803818741578795 395
1694444659700 -0.0045802057721602285 396
1694444659732 -0.004580029576030764 397
1694444659763 -0.004579853285747726 398
1694444659794 -0.004579676901288243 399
1694444659826 -0.004579500422628557 400
1694444659857 -0.004579323849748684 401
1694444659891 -0.004579147182623311 402
1694444659925 -0.004578970421232675 403
1694444659958 -0.0045787935655519085 404
1694444659990 -0.004578616615559916 405
1694444660021 -0.00457843957123405 406
1694444660058 -0.004578262432552105 407
1694444660091 -0.0045780851994896565 408
1694444660121 -0.004577907872026721 409
1694444660155 -0.004577730450138873 410
1694444660190 -0.004577552933804574 411
1694444660220 -0.004577375323000732 412
1694444660256 -0.004577197617705808 413
1694444660291 -0.004577019817895822 414
1694444660325 -0.004576841923549901 415
1694444660360 -0.004576663934643177 416
1694444660395 -0.004576485851155221 417
1694444660428 -0.004576307673062496 418
1694444660463 -0.004576129400343687 419
1694444660497 -0.004575951032973258 420
1694444660531 -0.004575772570931891 421
1694444660568 -0.004575594014195161 422
1694444660601 -0.004575415362740198 423
1694444660638 -0.004575236616546796 424
1694444660678 -0.004575057775589864 425
1694444660711 -0.004574878839847418 426
1694444660746 -0.004574699809296812 427
1694444660788 -0.0045745206839169494 428
1694444660832 -0.004574341463682741 429
1694444660880 -0.004574162148573313 430
1694444660926 -0.004573982738564464 431
1694444660963 -0.004573803233635987 432
1694444661003 -0.004573623633763235 433
1694444661035 -0.004573443938924671 434
1694444661070 -0.0045732641490972 435
1694444661105 -0.004573084264257732 436
1694444661138 -0.0045729042843838386 437
1694444661176 -0.00457272420945376 438
1694444661219 -0.004572544039443072 439
1694444661262 -0.004572363774330901 440
1694444661304 -0.004572183414093045 441
1694444661343 -0.004572002958708854 442
1694444661377 -0.004571822408153681 443
1694444661408 -0.004571641762405099 444
1694444661438 -0.004571461021441792 445
1694444661469 -0.004571280185239557 446
1694444661502 -0.004571099253776412 447
1694444661532 -0.004570918227029264 448
1694444661566 -0.004570737104976796 449
1694444661596 -0.004570555887593475 450
1694444661627 -0.004570374574859315 451
1694444661660 -0.004570193166750558 452
1694444661696 -0.004570011663243889 453
1694444661729 -0.004569830064317548 454
1694444661772 -0.004569648369947332 455
1694444661816 -0.004569466580113035 456
1694444661859 -0.004569284694789122 457
1694444661903 -0.004569102713954498 458
1694444661937 -0.0045689206375867375 459
1694444661974 -0.004568738465661637 460
1694444662008 -0.004568556198157436 461
1694444662046 -0.004568373835051265 462
1694444662079 -0.004568191376319364 463
1694444662113 -0.004568008821940417 464
1694444662149 -0.0045678261718908875 465
1694444662191 -0.004567643426147461 466
1694444662225 -0.0045674605846883765 467
1694444662263 -0.004567277647490986 468
1694444662306 -0.0045670946145310864 469
1694444662358 -0.0045669114857869175 470
1694444662420 -0.004566728261235609 471
1694444662471 -0.004566544940853401 472
1694444662519 -0.0045663615246192 473
1694444662573 -0.0045661780125081375 474
1694444662615 -0.0045659944044988965 475
1694444662663 -0.004565810700568829 476
1694444662703 -0.004565626900694175 477
1694444662740 -0.0045654430048518435 478
1694444662778 -0.004565259013019851 479
1694444662814 -0.004565074925174661 480
1694444662850 -0.004564890741293182 481
1694444662888 -0.00456470646135454 482
1694444662920 -0.004564522085333644 483
1694444662956 -0.004564337613207625 484
1694444662995 -0.004564153044954944 485
1694444663028 -0.00456396838055273 486
1694444663074 -0.004563783619977446 487
1694444663111 -0.004563598763205778 488
1694444663148 -0.004563413810214634 489
1694444663199 -0.004563228760982474 490
1694444663233 -0.004563043615485096 491
1694444663274 -0.004562858373700962 492
1694444663316 -0.004562673035606091 493
1694444663359 -0.0045624876011771676 494
1694444663410 -0.004562302070392432 495
1694444663468 -0.00456211644322857 496
1694444663521 -0.004561930719662044 497
1694444663571 -0.004561744899671094 498
1694444663614 -0.004561558983231961 499
