1694438840621 154.3989901461083 0
1694438840656 141.94532643798325 1
1694438840692 130.13039671644913 2
1694438840726 120.75534154666363 3
1694438840763 111.50362268386915 4
1694438840798 103.49583169575013 5
1694438840833 94.33829135836775 6
1694438840871 86.71965690138666 7
1694438840913 81.23350018301863 8
1694438840952 74.58940140544587 9
1694438840990 68.67884427824181 10
1694438841027 63.79115699979941 11
1694438841059 58.931467605670235 12
1694438841089 54.45693319105257 13
1694438841117 50.671411762231436 14
1694438841149 46.60268880229929 15
1694438841179 43.040917488847555 16
1694438841211 39.35219367880007 17
1694438841243 36.67426090210158 18
1694438841274 33.67155501137469 19
1694438841306 31.475685200095526 20
1694438841341 28.78979198627627 21
1694438841401 26.856200859444428 22
1694438841450 24.605375173971172 23
1694438841497 22.911774928848715 24
1694438841558 21.214962282029106 25
1694438841615 19.61017554803968 26
1694438841682 18.081845202576275 27
1694438841736 16.682782519023874 28
1694438841810 15.495808075762413 29
1694438841934 14.342062018129184 30
1694438841987 13.315350400902792 31
1694438842031 12.404619205160321 32
1694438842064 11.433738073775007 33
1694438842100 10.344279208228365 34
1694438842135 9.875408882947417 35
1694438842168 9.1231858398937 36
1694438842199 8.304651621504629 37
1694438842229 7.726308625079917 38
1694438842262 7.212953020667965 39
1694438842291 6.53535258875146 40
1694438842323 6.035657756918499 41
1694438842351 5.745569335444979 42
1694438842380 5.276356045398862 43
1694438842410 4.926753070106201 44
1694438842439 4.524739219369082 45
1694438842469 4.25095018739762 46
1694438842499 4.024031526056161 47
1694438842529 3.6884913221209406 48
1694438842561 3.4116560853203293 49
1694438842591 3.2408916740294424 50
1694438842622 2.9510749977213098 51
1694438842654 2.770743256800485 52
1694438842685 2.589873136132168 53
1694438842716 2.2881909860310943 54
1694438842745 2.218198294908741 55
1694438842776 2.0505821081706106 56
1694438842805 1.886329543114668 57
1694438842835 1.8205703190386175 58
1694438842865 1.6636039204861213 59
1694438842894 1.5872288829383208 60
1694438842927 1.4453046716604312 61
1694438842961 1.3818140457398778 62
1694438842995 1.2557624063098682 63
1694438843031 1.2417277420787562 64
1694438843062 1.128176390113438 65
1694438843090 1.0069379169077426 66
1694438843120 0.9695315847838889 67
1694438843151 0.9074454692395714 68
1694438843179 0.8656215619718955 69
1694438843210 0.8327573175718739 70
1694438843240 0.7914129746920018 71
1694438843270 0.7514320081782605 72
1694438843300 0.7187702644035306 73
1694438843330 0.6811830798112635 74
1694438843361 0.5967576987578902 75
1694438843390 0.569212429070316 76
1694438843421 0.5460926544941463 77
1694438843450 0.5250987820405958 78
1694438843479 0.5054879877648027 79
1694438843508 0.46113326847960556 80
1694438843538 0.46781691231404743 81
1694438843569 0.44855236278775473 82
1694438843599 0.41239490858489186 83
1694438843629 0.41781086776960874 84
1694438843659 0.3961000494714267 85
1694438843691 0.39927956194309683 86
1694438843722 0.34674574783696366 87
1694438843752 0.3420005018007153 88
1694438843784 0.3486693860212201 89
1694438843815 0.3123480297410966 90
1694438843844 0.3213870307877432 91
1694438843875 0.2854698494964899 92
1694438843905 0.29960027071039197 93
1694438843937 0.2906587422618626 94
1694438843971 0.2709881284976865 95
1694438843999 0.2947034415968352 96
1694438844029 0.2517574543327984 97
1694438844059 0.2485800591352476 98
1694438844089 0.24030960866880496 99
1694438844119 0.23937223624731827 100
1694438844149 0.22196871048955474 101
1694438844179 0.20411733246273228 102
1694438844210 0.22690116722233286 103
1694438844241 0.21397568532883232 104
1694438844272 0.2135740867867766 105
1694438844303 0.19713198053599376 106
1694438844334 0.1923363654795766 107
1694438844366 0.2203820785145614 108
1694438844395 0.18104903801442804 109
1694438844425 0.18702217939611376 110
1694438844456 0.18911115647334484 111
1694438844486 0.19126902082296815 112
1694438844515 0.176630288977347 113
1694438844545 0.17549831881767328 114
1694438844574 0.1895189602714495 115
1694438844604 0.21623554018727403 116
1694438844634 0.19937265682953328 117
1694438844663 0.18806663859101355 118
1694438844694 0.19912577230939885 119
1694438844726 0.17243118438882016 120
1694438844758 0.15924686539287738 121
1694438844788 0.18552316456360765 122
1694438844819 0.16826414766626327 123
1694438844848 0.16086136918545338 124
1694438844877 0.18489548706317427 125
1694438844906 0.1677437004359518 126
1694438844936 0.15219049118133451 127
1694438844966 0.16378408404721093 128
1694438844996 0.1643486415230642 129
1694438845027 0.15925938226450084 130
1694438845058 0.1433916709717001 131
1694438845088 0.17025300935531665 132
1694438845118 0.14917055946692565 133
1694438845148 0.16700384911202804 134
1694438845182 0.15092078978366916 135
1694438845212 0.16187367031325275 136
1694438845244 0.1560747494950761 137
1694438845275 0.15395542920989447 138
1694438845304 0.14643821827802764 139
1694438845332 0.15018486034585754 140
1694438845363 0.14683342517544878 141
1694438845394 0.15705897750918776 142
1694438845424 0.136555807997016 143
1694438845454 0.15218312296041356 144
1694438845485 0.15188036677032357 145
1694438845513 0.12718157016858297 146
1694438845543 0.1446741766603859 147
1694438845572 0.17016776197629588 148
1694438845602 0.13759562686025167 149
1694438845632 0.14378352831398308 150
1694438845660 0.15629816378211406 151
1694438845692 0.14249730725959356 152
1694438845723 0.15212978353433354 153
1694438845752 0.15652942673155132 154
1694438845783 0.1619862400905542 155
1694438845812 0.1457714613726426 156
1694438845842 0.14120212032954918 157
1694438845872 0.1350142855712163 158
1694438845902 0.14193723242489423 159
1694438845932 0.14178853710984946 160
1694438845962 0.143321576329479 161
1694438845992 0.14273229206246027 162
1694438846024 0.13334248505281687 163
1694438846053 0.13239701224663192 164
1694438846086 0.1553286472998515 165
1694438846144 0.13604174669754074 166
1694438846183 0.1343294854906536 167
1694438846218 0.1492250911364339 168
1694438846248 0.13945766045862462 169
1694438846279 0.13911262866960072 170
1694438846310 0.158358097769444 171
1694438846340 0.16341748988711405 172
1694438846371 0.12909484044567926 173
1694438846400 0.13821275224391874 174
1694438846433 0.1447001344192221 175
1694438846462 0.138315234041612 176
1694438846491 0.14535880293235398 177
1694438846520 0.14487945354626364 178
1694438846551 0.1411223646888523 179
1694438846580 0.12883337786160914 180
1694438846610 0.1323868672478091 181
1694438846641 0.14313656339206982 182
1694438846671 0.1397837215572326 183
1694438846702 0.1512602910471117 184
1694438846729 0.13080724102319408 185
1694438846760 0.1286960127323371 186
1694438846789 0.14887727225263095 187
1694438846821 0.14599252195737764 188
1694438846851 0.14668674240012905 189
1694438846879 0.13711987970082345 190
1694438846909 0.1386494909281298 191
1694438846941 0.14228397948058275 192
1694438846971 0.13311826356434966 193
1694438847001 0.1560741911812339 194
1694438847032 0.15109698309983383 195
1694438847061 0.13068377149350663 196
1694438847091 0.1426045999838707 197
1694438847120 0.1532475920792938 198
1694438847149 0.14674247311548472 199
1694438847179 0.1384723747404412 200
1694438847209 0.12855536690498162 201
1694438847240 0.14056336796152094 202
1694438847268 0.14200946679859192 203
1694438847298 0.12984294124833617 204
1694438847327 0.15287461642681566 205
1694438847357 0.13713682807149805 206
1694438847387 0.17037161694949907 207
1694438847419 0.13347117909968906 208
1694438847450 0.1410185064246977 209
1694438847479 0.14946564045195215 210
1694438847510 0.13060834057336368 211
1694438847539 0.13450976776083 212
1694438847571 0.14354712375493983 213
1694438847601 0.14427455244801923 214
1694438847631 0.14390176826038414 215
1694438847662 0.1368430835110284 216
1694438847693 0.1425733544567186 217
1694438847723 0.14076355378338362 218
1694438847754 0.13465368440369185 219
1694438847785 0.14906829406128666 220
1694438847819 0.13445230804384342 221
1694438847849 0.15749108177949322 222
1694438847879 0.1418553323385765 223
1694438847910 0.129080615697236 224
1694438847940 0.1350153871629722 225
1694438847970 0.14311294420590262 226
