1694441633975 -0.004445421674900585 0
1694441634014 -0.003760317209316133 1
1694441634050 -0.004754125223472405 2
1694441634089 -0.00372296836011321 3
1694441634131 -0.0037993279813737235 4
1694441634173 -0.004614996025567475 5
1694441634218 -0.004281880914955849 6
1694441634281 -0.004995254111694214 7
1694441634361 -0.00416509406825849 8
1694441634424 -0.004137486727896045 9
1694441634468 -0.0039434372977977805 10
1694441634512 -0.004007412465722782 11
1694441634554 -0.00478743860597719 12
1694441634596 -0.004160129843543192 13
1694441634636 -0.0039194257174934855 14
1694441634682 -0.004601397623951176 15
1694441634729 -0.003938940097554244 16
1694441634795 -0.004047643351388741 17
1694441634841 -0.0051809413444152685 18
1694441634891 -0.0039679775809091655 19
1694441634933 -0.004783234182808238 20
1694441634979 -0.004347092916747508 21
1694441635023 -0.0040213159862632075 22
1694441635064 -0.0043200960153451096 23
1694441635112 -0.004809437748826584 24
1694441635179 -0.004758771185383592 25
1694441635246 -0.004459175186858344 26
1694441635325 -0.004393679343107637 27
1694441635387 -0.004435765694776217 28
1694441635437 -0.0038335759431535887 29
1694441635482 -0.004514541752009382 30
1694441635532 -0.004164745607926346 31
1694441635574 -0.0037623441589453854 32
1694441635616 -0.004423650122529876 33
1694441635655 -0.004520637372105174 34
1694441635697 -0.0041206465539425086 35
1694441635739 -0.00466290298399219 36
1694441635781 -0.0048800715681207585 37
1694441635818 -0.004583979104102465 38
1694441635857 -0.003980287034701213 39
1694441635896 -0.00407356763280875 40
1694441635935 -0.00474607622385359 41
1694441635985 -0.004554745463825061 42
1694441636034 -0.003997627678489657 43
1694441636082 -0.004824582781036035 44
1694441636123 -0.004545968577582382 45
1694441636164 -0.003982290895076401 46
1694441636198 -0.004923354978559447 47
1694441636240 -0.004174927918345617 48
1694441636278 -0.004508968886324016 49
1694441636315 -0.004630120073385369 50
1694441636357 -0.003761508956089399 51
1694441636396 -0.004075255915657383 52
1694441636433 -0.004842746053674851 53
1694441636473 -0.0040592852691192505 54
1694441636509 -0.0043251047846015744 55
1694441636550 -0.004253796205511584 56
1694441636588 -0.004693152762444974 57
1694441636629 -0.004204900673978829 58
1694441636665 -0.0044242254185484775 59
1694441636708 -0.004741769972025578 60
1694441636746 -0.0037241760677788616 61
1694441636784 -0.004191394328479925 62
1694441636825 -0.00443470764562548 63
1694441636864 -0.004385217411093656 64
1694441636906 -0.003926189332680963 65
1694441636945 -0.003988942272970197 66
1694441636985 -0.004132623375670441 67
1694441637027 -0.004079924878254371 68
1694441637066 -0.004069660772775929 69
1694441637101 -0.0043830980510783935 70
1694441637140 -0.004170004294391738 71
1694441637180 -0.004100976638009568 72
1694441637222 -0.004004731741900747 73
1694441637260 -0.004689944555816616 74
1694441637297 -0.004175657205853334 75
1694441637337 -0.003968162918812412 76
1694441637374 -0.0041224813580411634 77
1694441637415 -0.004153277924764387 78
1694441637452 -0.00450833137288309 79
1694441637493 -0.004768907488741592 80
1694441637534 -0.0038730708480154696 81
1694441637575 -0.005092790469350517 82
1694441637612 -0.004429541296914419 83
1694441637652 -0.004603596981542335 84
1694441637689 -0.004145919718465674 85
1694441637726 -0.004430822748109353 86
1694441637767 -0.0042348582012241565 87
1694441637805 -0.0042887623475382775 88
1694441637847 -0.004347849923781899 89
1694441637887 -0.00419491940916461 90
1694441637924 -0.004410924090427315 91
1694441637960 -0.004179947591060218 92
1694441638000 -0.004377476149030279 93
1694441638044 -0.004365067969114955 94
1694441638081 -0.004937727250992063 95
1694441638121 -0.004192876362661302 96
1694441638158 -0.004240836048119645 97
1694441638192 -0.004586150001739453 98
1694441638231 -0.0038071136155823915 99
1694441638271 -0.003944571016045062 100
1694441638309 -0.00396040835927991 101
1694441638349 -0.004183838907913406 102
1694441638386 -0.004363376487251269 103
1694441638428 -0.003881289894967388 104
1694441638467 -0.004061148060599873 105
1694441638510 -0.0038053846663557156 106
1694441638549 -0.004196912487390847 107
1694441638591 -0.004586967681259546 108
1694441638628 -0.004007750028502288 109
1694441638669 -0.004249519813271263 110
1694441638708 -0.003542237484503108 111
1694441638750 -0.003937964903029556 112
1694441638796 -0.0044752169451154344 113
1694441638834 -0.0040811555256949905 114
1694441638876 -0.004231730596392147 115
1694441638913 -0.004270746385632851 116
1694441638953 -0.003826994733046929 117
1694441638993 -0.004203817471556848 118
1694441639033 -0.004306853487630491 119
1694441639075 -0.00360502248180139 120
1694441639112 -0.003694813493420046 121
1694441639152 -0.004212185447107775 122
1694441639192 -0.0039202548703045625 123
1694441639235 -0.003922386675556666 124
1694441639279 -0.0043005407358931436 125
1694441639323 -0.0039007185413477696 126
1694441639367 -0.004533042937900245 127
1694441639408 -0.004258320916856073 128
1694441639449 -0.003930673188806466 129
1694441639489 -0.004235092592032252 130
1694441639529 -0.004188862820640793 131
1694441639571 -0.003976308831827424 132
1694441639610 -0.0040013799245239845 133
1694441639652 -0.004420320726850058 134
1694441639690 -0.004050832138686289 135
1694441639732 -0.0035709161361301422 136
1694441639776 -0.003805000491470034 137
1694441639818 -0.0043906245372680175 138
1694441639858 -0.004662973029826212 139
1694441639900 -0.003849398369343282 140
1694441639945 -0.004282394135397771 141
1694441639994 -0.004302113568592114 142
1694441640038 -0.004473426373770462 143
1694441640082 -0.0043071160707846 144
1694441640120 -0.0037524644797770623 145
1694441640159 -0.004262809947387591 146
1694441640200 -0.004191915246341882 147
1694441640238 -0.004175059434596395 148
1694441640280 -0.0037419221333609975 149
1694441640320 -0.0044154183950626535 150
1694441640359 -0.004117118474545212 151
1694441640400 -0.004271938618495286 152
1694441640440 -0.004379280557449627 153
1694441640478 -0.004776902449121767 154
1694441640518 -0.004068055866376374 155
1694441640558 -0.004079346507914083 156
1694441640599 -0.004322782497633959 157
1694441640637 -0.004451862923307459 158
1694441640677 -0.004138884333120041 159
1694441640715 -0.003978478061500645 160
1694441640759 -0.0039351188927909675 161
1694441640796 -0.0042642532357985985 162
1694441640852 -0.0039469057470100655 163
1694441640894 -0.003948007783453722 164
1694441640940 -0.0038214887356617933 165
1694441640984 -0.003719381760834528 166
1694441641030 -0.0038203142236665766 167
1694441641071 -0.0042505793953873106 168
1694441641108 -0.003731056975561531 169
1694441641148 -0.003951889772125128 170
1694441641191 -0.004680152115230207 171
1694441641233 -0.004196251893904934 172
1694441641277 -0.004375744704265161 173
1694441641315 -0.004353346322609752 174
1694441641351 -0.0038794712674679044 175
1694441641393 -0.004167445510260492 176
1694441641431 -0.003890122424509368 177
1694441641471 -0.003633518649183376 178
1694441641509 -0.004076466227287412 179
1694441641546 -0.004034676207758547 180
1694441641585 -0.0041603245691057555 181
1694441641626 -0.00421075649447622 182
1694441641665 -0.004182637028522951 183
1694441641704 -0.004179584530885405 184
1694441641747 -0.003957229749804725 185
1694441641790 -0.00418000878454472 186
1694441641830 -0.00415954354563941 187
1694441641869 -0.0036283689629983407 188
1694441641906 -0.00419851151882189 189
1694441641949 -0.003605667191276307 190
1694441641991 -0.0034871871451818137 191
1694441642035 -0.0036423039516142452 192
1694441642078 -0.003780176467302443 193
1694441642114 -0.0038350017331991726 194
1694441642154 -0.004410755462921134 195
1694441642194 -0.00439183650598296 196
1694441642234 -0.0038688395404886666 197
1694441642275 -0.004490600688455082 198
1694441642316 -0.00449634444240421 199
1694441642361 -0.004234231000838307 200
1694441642399 -0.004236492366843425 201
1694441642437 -0.004228586381363808 202
1694441642479 -0.0038806390210186503 203
1694441642519 -0.004209222539752311 204
1694441642556 -0.004472245341113235 205
1694441642595 -0.004167782324123737 206
1694441642635 -0.003675046544103111 207
1694441642672 -0.004080871198951286 208
1694441642711 -0.003823206279273794 209
1694441642752 -0.0034572373379904153 210
1694441642792 -0.004288686969923017 211
1694441642831 -0.0038938666081975715 212
1694441642871 -0.004480026140199822 213
1694441642911 -0.0036860210235871715 214
1694441642949 -0.0038697214691010284 215
1694441642986 -0.0043881905903715435 216
1694441643025 -0.003821074819015502 217
1694441643063 -0.003630843717826515 218
1694441643103 -0.003957025460437746 219
1694441643146 -0.00434973146783002 220
1694441643190 -0.004011217049811222 221
1694441643227 -0.004239212420303007 222
1694441643265 -0.004018566655970002 223
1694441643302 -0.004390997180420797 224
1694441643344 -0.0044551034602995365 225
1694441643383 -0.003888400115645174 226
1694441643426 -0.004265280789092163 227
1694441643463 -0.004176031258767088 228
1694441643503 -0.00407973939741324 229
1694441643544 -0.003909127993639183 230
1694441643584 -0.004343883292642348 231
1694441643623 -0.0038334458439606145 232
1694441643662 -0.003860239972833135 233
1694441643699 -0.003961489380461813 234
1694441643740 -0.0036172294717855547 235
1694441643782 -0.004180977699373534 236
1694441643820 -0.004035597666879331 237
1694441643856 -0.0035730038984309598 238
1694441643897 -0.003355042287793264 239
1694441643931 -0.004447376528413205 240
1694441643970 -0.003964798466381314 241
1694441644009 -0.0036996396141650845 242
1694441644049 -0.0034855833895159893 243
1694441644086 -0.0041023289828676646 244
1694441644128 -0.0041474453023639946 245
1694441644174 -0.0038683406130632925 246
1694441644210 -0.003704093835143585 247
1694441644249 -0.004297447087475259 248
1694441644287 -0.0038380406477331874 249
1694441644328 -0.003885890444043749 250
1694441644368 -0.0038691646040751593 251
1694441644405 -0.0035336141668709242 252
1694441644445 -0.003941558376746812 253
1694441644485 -0.003986999018795956 254
1694441644528 -0.0038673756133942305 255
1694441644568 -0.004360179773356343 256
1694441644608 -0.0035578781979301866 257
1694441644647 -0.004548775938042704 258
1694441644682 -0.004006684656378434 259
1694441644719 -0.0036791488728098454 260
1694441644755 -0.003985454877780237 261
1694441644796 -0.004180702827393246 262
1694441644831 -0.0038287924724247357 263
1694441644873 -0.004109706693687043 264
1694441644909 -0.003774485894044055 265
1694441644949 -0.003818814936604298 266
1694441644987 -0.004102290072815151 267
1694441645026 -0.004165801488408283 268
1694441645060 -0.0036798318964801346 269
1694441645100 -0.0037849034575516693 270
1694441645136 -0.0038787256113155255 271
1694441645176 -0.004306381325921427 272
1694441645216 -0.0036125948899872196 273
1694441645252 -0.003946085404430866 274
1694441645289 -0.0034171503177256035 275
1694441645326 -0.004202629689527004 276
1694441645368 -0.004516524578648484 277
1694441645404 -0.004357468500916228 278
1694441645443 -0.003962744911896854 279
1694441645481 -0.004515769561596494 280
1694441645521 -0.004122770681012522 281
1694441645561 -0.003447633872657896 282
1694441645604 -0.003772439841364328 283
1694441645643 -0.0034754068350282274 284
1694441645683 -0.0037588092556706254 285
1694441645721 -0.003759775925377129 286
1694441645763 -0.0036128887484176975 287
1694441645797 -0.004230306739883671 288
1694441645837 -0.00400907498579306 289
1694441645875 -0.0037189465447244885 290
1694441645914 -0.003412049596382527 291
1694441645954 -0.0036479407032727895 292
1694441645997 -0.0035868794407309945 293
1694441646036 -0.0038307908980508287 294
1694441646076 -0.0038757604507648757 295
1694441646116 -0.004128766441245713 296
1694441646154 -0.004014946102913974 297
1694441646196 -0.0038802963106872035 298
1694441646244 -0.0045158969880854105 299
1694441646287 -0.0040721558428040705 300
1694441646328 -0.004432644945832287 301
1694441646374 -0.004416277220757436 302
1694441646417 -0.003652698039217972 303
1694441646460 -0.00398906823134082 304
1694441646498 -0.004175133474860093 305
1694441646539 -0.003981569457465861 306
1694441646579 -0.0035768492267709284 307
1694441646620 -0.00415790938975924 308
1694441646665 -0.0041162624450872265 309
1694441646706 -0.004405869911185301 310
1694441646749 -0.003751091482686375 311
1694441646789 -0.0038443938203658323 312
1694441646833 -0.004213956602331148 313
1694441646878 -0.003954428449298719 314
1694441646921 -0.00389363078372007 315
1694441646959 -0.0036028219581918375 316
1694441646999 -0.0034245201340954434 317
1694441647040 -0.0043393243115912306 318
1694441647083 -0.003607072917769516 319
1694441647127 -0.00434518828370023 320
1694441647170 -0.003713342925425245 321
1694441647210 -0.003898031786619738 322
1694441647252 -0.0041803780646314515 323
1694441647290 -0.004068155443037069 324
1694441647323 -0.003834864074644617 325
1694441647360 -0.00399697332953064 326
1694441647395 -0.00366129950298677 327
1694441647431 -0.00397895921643765 328
1694441647469 -0.0036703143662497606 329
1694441647512 -0.0032694170052685045 330
1694441647547 -0.0036512987759609317 331
1694441647584 -0.0034947296359273405 332
1694441647625 -0.004033049120786503 333
1694441647662 -0.003409011516867233 334
1694441647702 -0.0036048623639941546 335
1694441647738 -0.0038063036925035654 336
1694441647781 -0.0034971712854861003 337
1694441647817 -0.003723354873280016 338
1694441647857 -0.0039333888780863635 339
1694441647896 -0.004316149026044158 340
1694441647934 -0.004066434773654537 341
1694441647972 -0.0037902073325049024 342
1694441648012 -0.0039481604723108354 343
1694441648046 -0.003696950161277357 344
1694441648081 -0.003999531819581348 345
1694441648119 -0.004012363311530098 346
1694441648153 -0.004085136563406255 347
1694441648190 -0.0035269067442647017 348
1694441648227 -0.003445945017077179 349
1694441648267 -0.003701536674511452 350
1694441648302 -0.003798530009127221 351
1694441648341 -0.004174223591792758 352
1694441648383 -0.0036460773353776954 353
1694441648419 -0.0034655190464984997 354
1694441648458 -0.0033548568634078624 355
1694441648497 -0.0038492084742502986 356
1694441648534 -0.003855609319477926 357
1694441648572 -0.003989483796429161 358
1694441648610 -0.003746476401827792 359
1694441648647 -0.003714073297750531 360
1694441648687 -0.003942038837914552 361
1694441648725 -0.004163688366916274 362
1694441648768 -0.00372581113940873 363
1694441648809 -0.0039013707312587353 364
1694441648846 -0.0036251944975567163 365
1694441648885 -0.004175439113325297 366
1694441648924 -0.004294911479286512 367
1694441648965 -0.0038958321780036 368
1694441649010 -0.003943480192965421 369
1694441649058 -0.0033620973658350373 370
1694441649103 -0.003764516942057705 371
1694441649153 -0.003602835069058452 372
1694441649214 -0.0034275362018265643 373
1694441649256 -0.0029915684788688335 374
1694441649305 -0.003961292245051595 375
1694441649357 -0.003658535692209197 376
1694441649395 -0.0034502406692509258 377
1694441649440 -0.003846643132787264 378
1694441649477 -0.0035524182381965197 379
1694441649514 -0.004272805875664698 380
1694441649550 -0.003690532815171732 381
1694441649592 -0.0032923591840587907 382
1694441649627 -0.0037362455536480432 383
1694441649667 -0.004047894853633549 384
1694441649704 -0.003709757467067032 385
1694441649746 -0.0033927144929462028 386
1694441649782 -0.003875092180964046 387
1694441649824 -0.0038946334320191234 388
1694441649862 -0.003909967232234246 389
1694441649901 -0.0035308540704699354 390
1694441649944 -0.003456003262437335 391
1694441649985 -0.004058845028156899 392
1694441650028 -0.004625464256735379 393
1694441650074 -0.004199798123472265 394
1694441650114 -0.003995831632372937 395
1694441650151 -0.0035566912646061155 396
1694441650188 -0.004245993122989233 397
1694441650227 -0.003436232444007592 398
1694441650267 -0.0031785109205777484 399
1694441650303 -0.0033528273008529563 400
1694441650341 -0.0036124483688797504 401
1694441650382 -0.003100884844186469 402
1694441650419 -0.0038922487546908524 403
1694441650463 -0.004086100895983158 404
1694441650499 -0.004097941394042515 405
1694441650535 -0.003731118733228067 406
1694441650575 -0.0032639872794137936 407
1694441650612 -0.003566064699122018 408
1694441650653 -0.0035515803104446686 409
1694441650693 -0.0033626387471066277 410
1694441650733 -0.004368363604726033 411
1694441650775 -0.004055120581807348 412
1694441650815 -0.0034732961718704214 413
1694441650854 -0.0034985498284247907 414
1694441650893 -0.003937571902520753 415
1694441650931 -0.004078556324724314 416
1694441650968 -0.0038118556915909263 417
1694441651005 -0.0033392990244196508 418
1694441651047 -0.0036127258686424746 419
1694441651087 -0.0036717920373618984 420
1694441651125 -0.0034054552532110094 421
1694441651161 -0.00378340572989444 422
1694441651200 -0.003692896730993489 423
1694441651237 -0.003941551111951824 424
1694441651279 -0.0035874970884450796 425
1694441651322 -0.004320190078701547 426
1694441651362 -0.0033497151561281413 427
1694441651400 -0.003333698000823171 428
1694441651438 -0.0035049107220250786 429
1694441651475 -0.003925373233371943 430
1694441651513 -0.0034123985985323735 431
1694441651551 -0.003366415197022965 432
1694441651589 -0.003261275529699015 433
1694441651627 -0.0034613461642643006 434
1694441651664 -0.0034139763021654446 435
1694441651702 -0.00319503856865877 436
1694441651737 -0.003556833159114481 437
1694441651780 -0.0034940201593416376 438
1694441651818 -0.0035776230097579464 439
1694441651856 -0.00400958394582096 440
1694441651894 -0.004113576653036466 441
1694441651931 -0.003946507215396355 442
1694441651969 -0.003812123595529515 443
1694441652007 -0.0032347861857935367 444
1694441652047 -0.003476503686819399 445
1694441652087 -0.0033263364655915506 446
1694441652130 -0.003987586860321191 447
1694441652167 -0.00356688378259018 448
1694441652213 -0.003707023501321016 449
1694441652253 -0.0036126204789570515 450
1694441652291 -0.0035898492118440206 451
1694441652328 -0.0032781722067676267 452
1694441652368 -0.0036706551638889806 453
1694441652404 -0.0036006236923933344 454
1694441652439 -0.0036967830831098336 455
1694441652478 -0.003508247640630291 456
1694441652517 -0.0034552075999967347 457
1694441652551 -0.003738679406353196 458
1694441652586 -0.003688074845820566 459
1694441652624 -0.0038427596524694962 460
1694441652660 -0.0037510096428394757 461
1694441652700 -0.003766854311364476 462
1694441652736 -0.003810828770204777 463
1694441652775 -0.00352223795545048 464
1694441652814 -0.0038853949532620113 465
1694441652853 -0.0041574901744929615 466
1694441652906 -0.003585353831480287 467
1694441652939 -0.0036028693218714825 468
1694441652976 -0.0036694923988542794 469
1694441653016 -0.0036952482681174015 470
1694441653052 -0.0033510836748205097 471
1694441653094 -0.0036105814570879247 472
1694441653129 -0.003666684655889263 473
1694441653171 -0.0034164584198348447 474
1694441653210 -0.003936439734100183 475
1694441653258 -0.003702086800171145 476
1694441653298 -0.003829292780925142 477
1694441653337 -0.003011988234978391 478
1694441653382 -0.003680566484799419 479
1694441653419 -0.0037135541567436814 480
1694441653459 -0.004129759355063767 481
1694441653500 -0.0036129173820111937 482
1694441653533 -0.004145828900662174 483
1694441653571 -0.0035837787601837867 484
1694441653611 -0.004015648847530917 485
1694441653648 -0.003538809640958096 486
1694441653687 -0.003717178953442035 487
1694441653724 -0.003693923583951042 488
1694441653766 -0.0037575799295179735 489
1694441653805 -0.003887325539145836 490
1694441653844 -0.0033643266380321 491
1694441653882 -0.0033777539568080606 492
1694441653920 -0.003769124575125682 493
1694441653957 -0.004026700423206631 494
1694441653995 -0.003108335819447916 495
1694441654032 -0.0035634397708061982 496
1694441654071 -0.0032274753219219132 497
1694441654108 -0.0033831506486579066 498
1694441654147 -0.003819581749161749 499
