1694441633967 158.0869625371334 0
1694441634003 156.67091608147499 1
1694441634042 156.61875232759581 2
1694441634078 155.64126149303567 3
1694441634121 156.21708980278822 4
1694441634162 157.24563414794721 5
1694441634204 155.582072810298 6
1694441634268 157.99149938175003 7
1694441634337 157.1460216474425 8
1694441634409 156.00284687891636 9
1694441634460 156.1723890943981 10
1694441634503 154.34622333513886 11
1694441634544 158.59417241031616 12
1694441634587 155.41290719805468 13
1694441634624 156.0179439174796 14
1694441634670 153.9244762227624 15
1694441634718 154.06367278854054 16
1694441634777 155.37331944282707 17
1694441634830 155.77469870918893 18
1694441634879 154.42171673741726 19
1694441634923 154.69227806265164 20
1694441634968 154.59836491372036 21
1694441635011 153.38825424830347 22
1694441635055 153.95802502653507 23
1694441635101 155.5077329393512 24
1694441635160 155.2664866540009 25
1694441635231 153.96456546517217 26
1694441635309 153.9366373212795 27
1694441635376 153.86515663970886 28
1694441635427 153.25213759193082 29
1694441635472 154.50078439063273 30
1694441635520 153.14978158509436 31
1694441635565 152.72050191523604 32
1694441635606 153.2453364955648 33
1694441635648 153.3165831570913 34
1694441635684 153.16499733912593 35
1694441635728 152.63821895209853 36
1694441635775 154.58651123373184 37
1694441635808 153.28989266989595 38
1694441635848 152.67071500997517 39
1694441635884 152.44331568811987 40
1694441635926 152.73939160039376 41
1694441635974 152.3009917385105 42
1694441636024 151.20787899085536 43
1694441636071 152.69002182160432 44
1694441636114 151.30875238005257 45
1694441636156 152.48799201169209 46
1694441636191 152.30858335992556 47
1694441636229 150.61101016653603 48
1694441636268 150.8166878425991 49
1694441636304 150.8423612842316 50
1694441636346 151.33878798719138 51
1694441636388 150.62839065914906 52
1694441636423 150.75986606673504 53
1694441636464 149.75464969173416 54
1694441636498 149.2071261210239 55
1694441636541 149.10094328724887 56
1694441636580 151.59593105976225 57
1694441636621 150.4937277969086 58
1694441636657 149.11343688227933 59
1694441636698 151.026697514488 60
1694441636734 148.92426879690265 61
1694441636775 150.8052578415319 62
1694441636815 151.16281417649554 63
1694441636854 149.94571245672756 64
1694441636896 149.4854400977192 65
1694441636935 149.11853747840962 66
1694441636976 149.78499449920784 67
1694441637018 148.6724017872466 68
1694441637058 148.8407470178647 69
1694441637094 150.19901259901795 70
1694441637129 148.91680100396295 71
1694441637171 148.81042016713414 72
1694441637213 148.96856368953902 73
1694441637251 148.3792066459621 74
1694441637289 148.35477814862736 75
1694441637329 147.65240724902185 76
1694441637364 147.01930604239232 77
1694441637403 147.92589036881435 78
1694441637444 147.65396481710485 79
1694441637483 148.61356917028405 80
1694441637525 147.44303677407567 81
1694441637565 148.962692569694 82
1694441637603 147.65159874226242 83
1694441637641 148.58744560713765 84
1694441637680 147.2741954668042 85
1694441637716 148.5567420183343 86
1694441637757 146.3677479003486 87
1694441637796 147.00740733693144 88
1694441637839 145.8998865989639 89
1694441637877 146.21890285847797 90
1694441637915 146.8064755374929 91
1694441637951 146.1137949668002 92
1694441637991 146.00062701088098 93
1694441638033 144.6634962238313 94
1694441638072 146.19907280332228 95
1694441638111 145.48232839534094 96
1694441638149 145.76941723099696 97
1694441638184 145.556371554847 98
1694441638221 146.334147368696 99
1694441638260 145.08983608669058 100
1694441638301 144.0343774778619 101
1694441638340 146.05682477693546 102
1694441638380 145.97756591605045 103
1694441638415 145.35353244625912 104
1694441638457 145.0449365472625 105
1694441638499 145.14219834279757 106
1694441638540 143.27358610110812 107
1694441638580 145.13129449165086 108
1694441638619 144.36898159204495 109
1694441638660 144.09391203420034 110
1694441638699 143.51337569414045 111
1694441638743 143.0243580634851 112
1694441638783 144.28009721365973 113
1694441638826 144.36779796162142 114
1694441638866 144.56283492388448 115
1694441638904 142.90310469539412 116
1694441638944 141.90960612899926 117
1694441638983 142.34250842241326 118
1694441639022 142.12533875728388 119
1694441639064 142.19372044845431 120
1694441639104 141.72760391996235 121
1694441639140 142.9920298671099 122
1694441639182 142.12596295922964 123
1694441639222 140.42282595043673 124
1694441639267 142.1888985066558 125
1694441639312 141.39259912549096 126
1694441639354 142.45812962455392 127
1694441639399 141.48264159437466 128
1694441639440 142.75834663795186 129
1694441639480 142.03646934674032 130
1694441639519 141.30449226063772 131
1694441639559 142.27650945401848 132
1694441639603 140.98534937357257 133
1694441639644 142.10002518975264 134
1694441639682 141.72751377432095 135
1694441639721 141.7064807809288 136
1694441639763 140.79359936430748 137
1694441639810 141.17747916612245 138
1694441639846 141.90994208489633 139
1694441639891 140.8445102978589 140
1694441639935 141.42126771842987 141
1694441639982 139.94225603834067 142
1694441640027 140.4879142620588 143
1694441640072 140.90845570816418 144
1694441640111 139.274764941781 145
1694441640150 140.13950015803564 146
1694441640191 139.4928543667477 147
1694441640229 140.61961874363695 148
1694441640271 139.3005486171682 149
1694441640310 140.43697078065514 150
1694441640349 140.17406912795477 151
1694441640391 139.8556164337887 152
1694441640431 138.91206898568387 153
1694441640467 139.72241434163573 154
1694441640510 139.25080460773293 155
1694441640549 138.73854039291757 156
1694441640590 138.9342385650772 157
1694441640629 140.252578228676 158
1694441640666 138.7704690394141 159
1694441640708 138.03104317161825 160
1694441640749 139.18303224706875 161
1694441640787 138.51344545652353 162
1694441640843 137.63670474753022 163
1694441640881 138.0978134853274 164
1694441640926 137.43993263128036 165
1694441640976 136.3669461427471 166
1694441641022 137.24064301161565 167
1694441641061 137.7291578190997 168
1694441641099 136.684418110033 169
1694441641138 137.65183722298374 170
1694441641182 137.73338335165985 171
1694441641224 137.21287668991818 172
1694441641266 136.68405886984138 173
1694441641307 136.5080049236193 174
1694441641341 136.81944757765268 175
1694441641383 136.36330145106587 176
1694441641420 135.35516520365638 177
1694441641463 136.551089508486 178
1694441641500 135.9094161665295 179
1694441641536 136.7383178972425 180
1694441641577 135.76657515377786 181
1694441641616 136.02041577008438 182
1694441641656 135.1495495743345 183
1694441641696 135.5916412602927 184
1694441641734 135.21352150774769 185
1694441641778 135.87495917383978 186
1694441641819 135.18018254153046 187
1694441641858 135.70234023479122 188
1694441641897 135.18774752015457 189
1694441641939 134.432468943693 190
1694441641980 134.01490816252385 191
1694441642026 133.1305000088807 192
1694441642068 135.42589523728833 193
1694441642107 134.56238039083377 194
1694441642144 134.7613541679034 195
1694441642184 135.32044655769556 196
1694441642225 133.63404917890838 197
1694441642267 134.71138959330224 198
1694441642307 134.5944832873145 199
1694441642350 134.65331293347734 200
1694441642388 134.19834260182807 201
1694441642427 133.7189155517354 202
1694441642467 133.26713091986935 203
1694441642511 133.79512619572026 204
1694441642547 133.83081033434766 205
1694441642586 133.53697573432905 206
1694441642627 133.41891501620796 207
1694441642664 133.03983424197224 208
1694441642703 133.15046641909512 209
1694441642743 133.04494488433653 210
1694441642781 134.20672367531975 211
1694441642822 132.41638128527183 212
1694441642862 133.46421636005596 213
1694441642901 132.97791938184014 214
1694441642938 130.82283176657262 215
1694441642978 132.43615714587253 216
1694441643016 133.53803168583104 217
1694441643054 131.10536794162186 218
1694441643095 131.9898220116788 219
1694441643135 131.60292325450416 220
1694441643179 131.62421775250044 221
1694441643218 131.5076337318202 222
1694441643252 132.2940625392326 223
1694441643294 131.26632714196373 224
1694441643334 131.78099169999138 225
1694441643376 130.55604038557405 226
1694441643416 131.14583826297607 227
1694441643453 130.57228733591134 228
1694441643494 130.698600072273 229
1694441643536 131.0208335955414 230
1694441643576 131.72579062383312 231
1694441643615 130.5307960014125 232
1694441643651 130.78422086361746 233
1694441643690 130.63690167334929 234
1694441643730 130.29545816623516 235
1694441643772 130.74194170723334 236
1694441643811 131.3958561718764 237
1694441643848 129.7901089077353 238
1694441643888 128.6430396613988 239
1694441643924 130.4338790895061 240
1694441643960 130.42691229100873 241
1694441644000 128.84264196824955 242
1694441644040 128.81334660120257 243
1694441644078 130.57168284596497 244
1694441644118 128.89991301987837 245
1694441644159 129.83691135107713 246
1694441644200 128.90541774263647 247
1694441644237 128.80047331465536 248
1694441644279 128.61386857801025 249
1694441644316 128.98780157494113 250
1694441644359 128.08948140876495 251
1694441644395 128.4398835330701 252
1694441644436 128.73125841236222 253
1694441644474 128.6230388219176 254
1694441644518 128.03788754312137 255
1694441644560 129.67180846113104 256
1694441644598 127.38694860767497 257
1694441644637 128.0989968744334 258
1694441644675 128.33744189266793 259
1694441644710 127.53006869766324 260
1694441644746 128.24401051684086 261
1694441644787 126.91053984944759 262
1694441644823 127.55681422321494 263
1694441644860 127.2315261280925 264
1694441644900 127.02943475165854 265
1694441644938 127.1632305478825 266
1694441644979 126.32431696938052 267
1694441645015 126.74859906222507 268
1694441645053 125.79281186393051 269
1694441645091 126.72860863821269 270
1694441645129 126.5895236265311 271
1694441645167 127.37344379836622 272
1694441645207 126.49324370963475 273
1694441645244 126.9704387137858 274
1694441645278 125.1511477249568 275
1694441645318 125.91019360184833 276
1694441645356 126.9716363310309 277
1694441645396 127.08718033105758 278
1694441645432 126.29519093065669 279
1694441645472 126.43898481248348 280
1694441645509 125.85493990468363 281
1694441645550 124.6443073181956 282
1694441645594 125.44480479883835 283
1694441645636 124.25789810995575 284
1694441645672 125.12107968076212 285
1694441645715 125.60028384950688 286
1694441645753 125.36019957391137 287
1694441645790 124.51685175352148 288
1694441645828 124.9997133699683 289
1694441645866 124.8768035429781 290
1694441645904 124.31500531939686 291
1694441645946 123.99963646412955 292
1694441645986 123.93526314390321 293
1694441646026 124.33929737281994 294
1694441646066 124.71057590010318 295
1694441646107 124.90207809234536 296
1694441646147 123.69375442549548 297
1694441646185 124.3185277252704 298
1694441646235 125.4590773551206 299
1694441646276 124.27411347453108 300
1694441646316 124.2105242572261 301
1694441646361 123.92806158752678 302
1694441646409 123.31213019749651 303
1694441646448 122.97068788160512 304
1694441646491 123.33688982187738 305
1694441646530 123.6916993678765 306
1694441646569 122.260440548027 307
1694441646609 122.67903184602314 308
1694441646655 123.81961098509242 309
1694441646696 123.94564138897822 310
1694441646735 122.70196217265801 311
1694441646779 122.89631390066292 312
1694441646822 123.39481962523332 313
1694441646867 122.96770151474512 314
1694441646910 122.93519116684902 315
1694441646950 122.68345160540659 316
1694441646988 122.61676572336289 317
1694441647031 122.10445702478405 318
1694441647077 121.28801457898062 319
1694441647115 123.19879215878882 320
1694441647162 122.63162069157293 321
1694441647199 120.87695913376321 322
1694441647244 122.4826801955045 323
1694441647281 121.97740446324268 324
1694441647317 121.12383493795278 325
1694441647350 121.26425690465895 326
1694441647388 121.30719210386634 327
1694441647423 120.30678944264548 328
1694441647459 121.26622376530977 329
1694441647500 120.94766261038981 330
1694441647537 120.96861626064093 331
1694441647576 120.20990159336817 332
1694441647617 121.97567798884664 333
1694441647654 120.46249593820136 334
1694441647690 120.44982342863992 335
1694441647730 120.7544563266976 336
1694441647770 120.04338845137353 337
1694441647810 121.54627628639135 338
1694441647848 119.50233982577674 339
1694441647887 120.54302356911045 340
1694441647926 120.48173020696481 341
1694441647962 120.40971096219224 342
1694441648003 120.12038743034604 343
1694441648038 118.7172758569241 344
1694441648073 120.68692112512272 345
1694441648111 119.29458823525292 346
1694441648145 119.6426238964946 347
1694441648180 119.6802447340879 348
1694441648219 118.15475611464629 349
1694441648257 118.97196229900747 350
1694441648294 118.13613484348834 351
1694441648332 118.36370643936908 352
1694441648373 118.6024030907755 353
1694441648410 118.44530258726148 354
1694441648448 118.3453180540934 355
1694441648486 117.99570144764785 356
1694441648527 117.76031673425179 357
1694441648563 119.04749023669262 358
1694441648599 119.39826485142012 359
1694441648637 118.13834165954141 360
1694441648678 117.75649466108432 361
1694441648717 118.66053187368563 362
1694441648757 118.53151094694047 363
1694441648798 117.77945402230345 364
1694441648836 117.05881166032017 365
1694441648875 117.15433839986386 366
1694441648915 118.2956845864132 367
1694441648953 117.49322810094186 368
1694441648995 117.7722811125169 369
1694441649045 116.29370120337231 370
1694441649092 116.50750515301122 371
1694441649138 116.65346901568992 372
1694441649203 117.22809278189803 373
1694441649247 115.5350683482111 374
1694441649294 116.76804525484005 375
1694441649342 117.13587112249769 376
1694441649386 115.4970703379585 377
1694441649430 116.12116648262823 378
1694441649469 116.68452086971146 379
1694441649505 116.31029479325882 380
1694441649542 116.18744228429637 381
1694441649580 115.3049655110192 382
1694441649618 116.33569819888447 383
1694441649660 116.04687159542725 384
1694441649695 115.44052186738666 385
1694441649735 115.77127950677881 386
1694441649775 115.56664892020328 387
1694441649814 115.0615880590132 388
1694441649853 116.53797530062013 389
1694441649892 116.04483743752513 390
1694441649935 114.88991618884029 391
1694441649977 115.27143413968066 392
1694441650016 117.17796925243762 393
1694441650065 115.38849198958344 394
1694441650105 115.17626033287416 395
1694441650143 114.11253107820879 396
1694441650179 115.57252571086329 397
1694441650218 114.40158773042148 398
1694441650258 114.04334657083236 399
1694441650295 114.10614902984153 400
1694441650331 115.0620667572873 401
1694441650373 113.83143290006183 402
1694441650411 114.38929645120062 403
1694441650452 114.5361791220795 404
1694441650491 114.6891845447953 405
1694441650526 114.40899712245664 406
1694441650564 113.77996937712885 407
1694441650602 113.33836515703179 408
1694441650644 114.16449297103851 409
1694441650685 113.3887327631071 410
1694441650723 113.90732515479407 411
1694441650765 114.05405428930813 412
1694441650806 112.59722220954129 413
1694441650844 113.34000020442986 414
1694441650884 113.09984881161901 415
1694441650922 113.67505292685141 416
1694441650959 113.60146097380226 417
1694441650998 112.51024995772205 418
1694441651036 113.35125733829817 419
1694441651076 112.96782592818398 420
1694441651116 112.40654914663692 421
1694441651154 112.19078377163707 422
1694441651190 113.04711035549934 423
1694441651230 112.62843965387438 424
1694441651271 112.21740500352664 425
1694441651312 112.6750993150176 426
1694441651354 112.32390142881827 427
1694441651391 111.4562036678414 428
1694441651428 111.85996078036365 429
1694441651467 112.25678325099317 430
1694441651503 111.69875635758578 431
1694441651543 110.81369464675554 432
1694441651581 111.03296165306583 433
1694441651618 110.62428924925624 434
1694441651654 110.99048936603829 435
1694441651695 111.36258998393527 436
1694441651728 110.80559797125225 437
1694441651770 110.82955434808484 438
1694441651808 110.1940367392072 439
1694441651847 111.20054773544705 440
1694441651884 111.15961551031587 441
1694441651924 111.26720803209773 442
1694441651959 111.07127224230591 443
1694441651997 110.47459223660202 444
1694441652036 109.93703824838902 445
1694441652078 110.08454335423254 446
1694441652122 110.3007080256077 447
1694441652159 109.40054526424447 448
1694441652203 110.4637230343774 449
1694441652240 109.5116649039576 450
1694441652281 110.22288122787575 451
1694441652321 110.10119335367959 452
1694441652361 109.34353923423379 453
1694441652397 108.94998601274241 454
1694441652430 109.35490400973842 455
1694441652468 109.77198744562746 456
1694441652507 109.03746632583437 457
1694441652543 109.24850882303924 458
1694441652579 109.36108149618987 459
1694441652615 109.22511556550783 460
1694441652650 109.67079815958729 461
1694441652690 109.15039236197687 462
1694441652728 108.36039160522569 463
1694441652765 108.4370298938348 464
1694441652806 109.60476982678024 465
1694441652842 108.82015513695778 466
1694441652896 109.09810342919162 467
1694441652932 108.3530782992908 468
1694441652967 109.10152594682111 469
1694441653006 108.52685675701605 470
1694441653043 108.28897698620389 471
1694441653083 107.70561262118751 472
1694441653121 108.09416669448598 473
1694441653160 107.6544421757457 474
1694441653201 108.93167174003247 475
1694441653247 108.26562635568894 476
1694441653287 108.66640979570354 477
1694441653329 107.46214849399934 478
1694441653372 106.8803629161755 479
1694441653412 107.76076572957741 480
1694441653447 107.5753134643059 481
1694441653492 107.06876389788462 482
1694441653526 106.84094427424121 483
1694441653563 107.02455564383253 484
1694441653600 107.63107513462867 485
1694441653639 106.6745584977086 486
1694441653675 107.26163316114484 487
1694441653716 107.72783245660533 488
1694441653758 107.41356231248258 489
1694441653798 107.00031078542435 490
1694441653834 106.27416305200708 491
1694441653874 106.96055783049489 492
1694441653912 107.20097918186413 493
1694441653949 106.52262774017136 494
1694441653986 105.67848535630566 495
1694441654024 106.61674205507981 496
1694441654060 105.1071822196376 497
1694441654100 105.89518642692282 498
1694441654135 106.13593327887662 499
