1694441091330 86.38938588442063 0
1694441091665 29.301641335276496 1
1694441092020 19.75606413672257 2
1694441092373 14.797136229817436 3
1694441092700 4.287856056492028 4
1694441092958 2.860962357096947 5
1694441093283 1.8484849024554175 6
1694441093577 0.19138049416295136 7
1694441093873 0.08282790617917377 8
1694441094121 0.6994112106406303 9
1694441094405 0.19124907785538695 10
1694441094660 0.009725265161783155 11
1694441094942 0.4415779380050708 12
1694441095244 0.9463842226946664 13
1694441095531 0.02357581451304324 14
1694441095851 0.022397776131207893 15
1694441096178 0.14196190833039535 16
1694441096481 0.07104822537937992 17
1694441096792 0.02297823489871007 18
1694441097106 0.00401586557782891 19
1694441097405 0.024707622108234475 20
1694441097728 0.002711357501694835 21
1694441098048 0.0010867800917678822 22
1694441098367 0.293981224927276 23
1694441098630 0.03264471293790079 24
1694441098902 0.03336732853870171 25
1694441099207 0.1655175569779695 26
1694441099510 0.11873760251780338 27
1694441099824 0.15639597306679848 28
1694441100136 0.12988060088311926 29
1694441100423 0.22641810096117018 30
1694441100735 0.005664035907040898 31
1694441101000 0.0054709871313386145 32
1694441101308 0.03254134504209936 33
1694441101570 0.011429382787623843 34
1694441101856 0.041054933461516965 35
1694441102182 0.001021998593724704 36
1694441102464 0.21747211355741833 37
1694441102769 0.2016137024793913 38
1694441103027 0.03193447908841324 39
1694441103333 0.0003731875839986363 40
1694441103634 0.0640312771033948 41
1694441103940 0.261988732637984 42
1694441104251 0.22412661740974146 43
1694441104523 0.4079023350063316 44
1694441104837 0.00024977355176884276 45
1694441105141 0.025088873714924544 46
1694441105454 0.008603699788532515 47
1694441105751 0.05893950809888751 48
1694441106050 0.40334452798643156 49
1694441106346 0.014287140399784074 50
1694441106619 0.26537039654897815 51
1694441106967 0.22150624021610243 52
1694441107274 0.03528609937416857 53
1694441107560 0.2659397405927355 54
1694441107886 0.13453663514091774 55
1694441108141 0.27383944737939414 56
1694441108434 0.0617702184341123 57
1694441108729 0.04738554499439092 58
1694441109029 0.1274372071727821 59
1694441109348 0.001778284087144928 60
1694441109676 0.03672408512028718 61
1694441109971 0.005801392992852841 62
1694441110246 0.09206018546362524 63
1694441110517 0.07875095979385922 64
1694441110824 0.11582367097176767 65
1694441111110 0.1492606275546628 66
1694441111400 0.01866008120508993 67
1694441111694 0.03353515154978537 68
1694441112008 0.002576534795058221 69
1694441112284 0.2518491022366247 70
1694441112603 0.11569652789907317 71
1694441112909 0.08556724335406855 72
1694441113219 0.6941149373638907 73
1694441113512 0.07420440938397688 74
1694441113783 0.00500851161629945 75
1694441114069 0.007735182935240276 76
1694441114382 0.05837866275213509 77
1694441114654 0.06775795111855776 78
1694441114947 0.002614169480213831 79
1694441115250 0.08475987744767928 80
1694441115554 0.0013298119631893598 81
1694441115847 0.0032482282256212354 82
1694441116169 1.3121432661014067 83
1694441116482 0.07649705631846593 84
1694441116793 0.009210445352278981 85
1694441117050 0.007591630881701705 86
1694441117359 0.25827804629906603 87
1694441117637 0.010617070979209829 88
1694441117940 0.27917632380401075 89
1694441118262 0.34146534416052193 90
1694441118568 0.0344362504918132 91
1694441118876 0.09544981694151712 92
1694441119199 0.26858612325384534 93
1694441119514 0.06657736474017005 94
1694441119774 0.0020276680288031155 95
1694441120070 0.13446718031298108 96
1694441120328 0.12311030993475242 97
1694441120593 0.007967018630363467 98
1694441120902 0.2796716766642083 99
1694441121190 0.07299172481485033 100
1694441121467 0.21892399496032844 101
1694441121751 0.3003733528141874 102
1694441122023 0.037022566918376076 103
1694441122320 0.04069562342675859 104
1694441122628 0.03408895445485465 105
1694441122897 0.018852958171348425 106
1694441123212 0.011585314126913302 107
1694441123484 0.0001287103827673366 108
1694441123765 1.451723346003192 109
1694441124045 0.19205125348969868 110
1694441124354 0.0905527075681024 111
1694441124655 0.02296104858507391 112
1694441124905 0.22428419640833824 113
1694441125158 0.36879015768442486 114
1694441125432 0.10072213619941174 115
1694441125707 0.42547123944400245 116
1694441126002 0.023292183379815194 117
1694441126292 0.08128942596187741 118
1694441126597 0.24793665739912138 119
1694441126900 0.012052397387333236 120
1694441127168 0.08335111585624613 121
1694441127427 0.20510296804316397 122
