1694439125552 163.94314953732362 0
1694439125607 160.70532700735654 1
1694439125642 157.53180940935246 2
1694439125675 154.421314958744 3
1694439125710 151.3725875166495 4
1694439125768 148.3843960741221 5
1694439125823 145.45553424685528 6
1694439125870 142.58481978012904 7
1694439125931 139.7710940637873 8
1694439125967 137.01322165703996 9
1694439125997 134.3100898228888 10
1694439126037 131.66060807197925 11
1694439126067 129.06370771568498 12
1694439126115 126.51834142823678 13
1694439126167 124.02348281770934 14
1694439126213 121.57812600568587 15
1694439126262 119.18128521542201 16
1694439126306 116.8319943683357 17
1694439126370 114.5293066886526 18
1694439126431 112.27229431604056 19
1694439126476 110.06004792606963 20
1694439126527 107.8916763583379 21
1694439126585 105.76630625210696 22
1694439126624 103.68308168929312 23
1694439126687 101.64116384466509 24
1694439126762 99.63973064310038 25
1694439126830 97.67797642375719 26
1694439126900 95.75511161102031 27
1694439126965 93.87036239208355 28
1694439127025 92.02297040103313 29
1694439127086 90.21219240929975 30
1694439127159 88.43730002235007 31
1694439127202 86.6975793824902 32
1694439127244 84.99233087765711 33
1694439127284 83.32086885607629 34
1694439127330 81.68252134666629 35
1694439127367 80.07662978507331 36
1694439127403 78.50254874522184 37
1694439127451 76.95964567626864 38
1694439127501 75.44730064485125 39
1694439127551 73.96490608252279 40
1694439127590 72.51186653826827 41
1694439127626 71.08759843599925 42
1694439127660 69.69152983692572 43
1694439127696 68.32310020670671 44
1694439127728 66.98176018728222 45
1694439127762 65.6669713732922 46
1694439127796 64.37820609298929 47
1694439127828 63.11494719355447 48
1694439127861 61.87668783072627 49
1694439127893 60.66293126265663 50
1694439127926 59.473190647907444 51
1694439127958 58.30698884750437 52
1694439127991 57.16385823096556 53
1694439128030 56.04334048622512 54
1694439128067 54.944986433372506 55
1694439128108 53.868355842130754 56
1694439128144 52.81301725299785 57
1694439128179 51.779503194412186 58
1694439128212 50.76641311728718 59
1694439128245 49.77334190425015 60
1694439128278 48.79989248985669 61
1694439128310 47.84567570034675 62
1694439128340 46.91031009659346 63
1694439128373 45.993421820180934 64
1694439128406 45.094644442548635 65
1694439128440 44.21361881714111 66
1694439128474 43.34999293450318 67
1694439128507 42.50342178026181 68
1694439128540 41.67356719593702 69
1694439128575 40.86009774252548 70
1694439128614 40.062688566801555 71
1694439128650 39.28102127028131 72
1694439128680 38.51478378079668 73
1694439128712 37.76367022662765 74
1694439128747 37.0273808131414 75
1694439128785 36.30562170188821 76
1694439128829 35.598104892105724 77
1694439128868 34.90454810458287 78
1694439128901 34.22467466783681 79
1694439128934 33.55821340655663 80
1694439128966 32.90489853226872 81
1694439128997 32.2644695361793 82
1694439129028 31.636671084150905 83
1694439129061 31.021252913770294 84
1694439129095 30.417969733465856 85
1694439129129 29.826581123633922 86
1694439129166 29.246851439733753 87
1694439129203 28.678549717312073 88
1694439129243 28.12144957891865 89
1694439129283 27.57532914287514 90
1694439129317 27.03997093386046 91
1694439129350 26.515161795276246 92
1694439129385 26.000692803357108 93
1694439129431 25.49635918299079 94
1694439129467 25.001960225214233 95
1694439129501 24.517299206352078 96
1694439129531 24.04218330876489 97
1694439129561 23.576423543175103 98
1694439129590 23.11983467253916 99
1694439129625 22.672235137435024 100
1694439129659 22.233446982934915 101
1694439129688 21.80329578693374 102
1694439129733 21.381610589904028 103
1694439129769 20.968223826049133 104
1694439129811 20.56297125582673 105
1694439129849 20.165691899815354 106
1694439129882 19.776227973897235 107
1694439129912 19.39442482573114 108
1694439129945 19.020130872489567 109
1694439129974 18.653197539835197 110
1694439130007 18.293479202111655 111
1694439130040 17.940833123724687 112
1694439130074 17.595119401689878 113
1694439130110 17.256200909323677 114
1694439130144 16.92394324105497 115
1694439130178 16.598214658334967 116
1694439130211 16.278886036623398 117
1694439130244 15.96583081342963 118
1694439130282 15.65892493738771 119
1694439130316 15.358046818344786 120
1694439130351 15.063077278442561 121
1694439130383 14.773899504172192 122
1694439130415 14.49039899938314 123
1694439130452 14.212463539226988 124
1694439130498 13.939983125017656 125
1694439130545 13.672849939989653 126
1694439130583 13.410958305936617 127
1694439130635 13.154204640712562 128
1694439130664 12.90248741657855 129
1694439130696 12.655707119378155 130
1694439130726 12.413766208525036 131
1694439130754 12.176569077786548 132
1694439130783 11.944022016847484 133
1694439130812 11.716033173638483 134
1694439130841 11.492512517413795 135
1694439130874 11.273371802563556 136
1694439130911 11.058524533145894 137
1694439130945 10.847885928124597 138
1694439130975 10.64137288729822 139
1694439131002 10.438903957906888 140
1694439131040 10.24039930190341 141
1694439131074 10.045780663875263 142
1694439131109 9.8549713396047 143
1694439131145 9.66789614525417 144
1694439131176 9.484481387164621 145
1694439131214 9.304654832254451 146
1694439131265 9.128345679007264 147
1694439131307 8.955484529036582 148
1694439131344 8.786003359216055 149
1694439131393 8.619835494364 150
1694439131434 8.456915580471154 151
1694439131475 8.297179558460808 152
1694439131513 8.14056463847081 153
1694439131593 7.9870092746469705 154
1694439131676 7.836453140437767 155
1694439131725 7.688837104380273 156
1694439131781 7.544103206367641 157
1694439131816 7.402194634388476 158
1694439131847 7.263055701728736 159
1694439131877 7.126631824626976 160
1694439131910 6.992869500373863 161
1694439131942 6.86171628584717 162
1694439131975 6.7331207764735375 163
1694439132012 6.607032585608587 164
1694439132048 6.483402324326934 165
1694439132083 6.362181581614067 166
1694439132117 6.243322904952044 167
1694439132149 6.126779781291137 168
1694439132184 6.012506618399815 169
1694439132224 5.900458726585482 170
1694439132264 5.790592300778634 171
1694439132305 5.6828644029731255 172
1694439132346 5.577232945015595 173
1694439132386 5.473656671736949 174
1694439132424 5.372095144419217 175
1694439132459 5.27250872459103 176
1694439132494 5.174858558145239 177
1694439132533 5.079106559772227 178
1694439132565 4.985215397702644 179
1694439132601 4.893148478753395 180
1694439132634 4.802869933670881 181
1694439132666 4.714344602765571 182
1694439132703 4.627538021832055 183
1694439132738 4.542416408348992 184
1694439132768 4.458946647953283 185
1694439132800 4.377096281183118 186
1694439132831 4.296833490484452 187
1694439132863 4.218127087475734 188
1694439132896 4.1409465004657084 189
1694439132930 4.065261762219315 190
1694439132959 3.991043497966664 191
1694439132996 3.9182629136503455 192
1694439133033 3.8468917844062394 193
1694439133075 3.7769024432732743 194
1694439133118 3.70826777012751 195
1694439133152 3.640961180836105 196
1694439133195 3.5749566166268023 197
1694439133232 3.510228533668643 198
1694439133279 3.446751892859705 199
1694439133315 3.3845021498177434 200
1694439133357 3.323455245069712 201
1694439133397 3.2635875944361863 202
1694439133440 3.204876079606837 203
1694439133478 3.147298038903136 204
1694439133509 3.0908312582245734 205
1694439133541 3.035453962174775 206
1694439133578 2.9811448053638467 207
1694439133608 2.927882863883559 208
1694439133642 2.8756476269518454 209
1694439133674 2.824418988723285 210
1694439133710 2.7741772402622855 211
1694439133748 2.724903061675661 212
1694439133777 2.6765775144015334 213
1694439133812 2.6291820336513645 214
1694439133848 2.582698421002118 215
1694439133880 2.5371088371355626 216
1694439133918 2.492395794721762 217
1694439133955 2.448542151443921 218
1694439133995 2.4055311031617657 219
1694439134028 2.363346177210676 220
1694439134059 2.321971225833918 221
1694439134093 2.2813904197452954 222
1694439134128 2.2415882418196262 223
1694439134160 2.202549480908543 224
1694439134194 2.164259225779058 225
1694439134227 2.1267028591725197 226
1694439134265 2.089866051981522 227
1694439134295 2.053734757542441 228
1694439134329 2.0182952060413077 229
1694439134366 1.9835338990307223 230
1694439134398 1.9494376040556582 231
1694439134430 1.9159933493859587 232
1694439134460 1.883188418853405 233
1694439134496 1.8510103467912828 234
1694439134527 1.8194469130744257 235
1694439134558 1.7884861382576858 236
1694439134595 1.7581162788109626 237
1694439134626 1.7283258224487688 238
1694439134654 1.6991034835525414 239
1694439134682 1.6704381986838033 240
1694439134712 1.6423191221863709 241
1694439134744 1.6147356218758766 242
1694439134773 1.5876772748148267 243
1694439134805 1.561133863171517 244
1694439134838 1.535095370161131 245
1694439134874 1.5095519760673943 246
1694439134906 1.484494054343193 247
1694439134941 1.4599121677885478 248
1694439134979 1.4357970648044578 249
1694439135015 1.4121396757210585 250
1694439135048 1.3889311091986605 251
1694439135084 1.366162648700198 252
1694439135118 1.3438257490336474 253
1694439135152 1.321912032963076 254
1694439135195 1.3004132878869121 255
1694439135228 1.2793214625821245 256
1694439135266 1.258628664012984 257
1694439135296 1.2383271542031502 258
1694439135329 1.2184093471697945 259
1694439135359 1.1988678059185465 260
1694439135396 1.1796952394980602 261
1694439135429 1.1608845001129797 262
1694439135463 1.142428580294197 263
1694439135496 1.1243206101252141 264
1694439135529 1.1065538545235336 265
1694439135564 1.0891217105759519 266
1694439135606 1.0720177049267114 267
1694439135646 1.0552354912174375 268
1694439135682 1.0387688475778616 269
1694439135713 1.022611674166282 270
1694439135745 1.0067579907588082 271
1694439135778 0.9912019343864078 272
1694439135810 0.9759377570187957 273
1694439135841 0.9609598232942563 274
1694439135875 0.946262608294465 275
1694439135909 0.9318406953634298 276
1694439135941 0.9176887739696756 277
1694439135975 0.9038016376107912 278
1694439136008 0.8901741817595387 279
1694439136042 0.876801401850659 280
1694439136076 0.8636783913075817 281
1694439136109 0.8508003396082606 282
1694439136142 0.8381625303893234 283
1694439136175 0.8257603395878166 284
1694439136207 0.8135892336197589 285
1694439136242 0.8016447675947993 286
1694439136276 0.7899225835662602 287
1694439136308 0.7784184088158415 288
1694439136341 0.7671280541723268 289
1694439136374 0.7560474123635917 290
1694439136405 0.7451724564012727 291
1694439136434 0.7344992379974316 292
1694439136468 0.7240238860125883 293
1694439136503 0.7137426049345048 294
1694439136532 0.7036516733870934 295
1694439136567 0.6937474426688719 296
1694439136606 0.6840263353203561 297
1694439136644 0.6744848437198309 298
1694439136675 0.6651195287069394 299
1694439136710 0.6559270182335271 300
1694439136744 0.6469040060411935 301
1694439136774 0.6380472503650506 302
1694439136809 0.6293535726631289 303
1694439136843 0.6208198563709627 304
1694439136871 0.6124430456808097 305
1694439136908 0.6042201443450593 306
1694439136935 0.5961482145033239 307
1694439136977 0.588224375532746 308
1694439137016 0.5804458029210672 309
1694439137049 0.5728097271620014 310
1694439137084 0.5653134326724806 311
1694439137113 0.5579542567313072 312
1694439137145 0.5507295884388428 313
1694439137175 0.5436368676972606 314
1694439137212 0.5366735842109895 315
1694439137247 0.5298372765069265 316
1694439137278 0.5231255309740445 317
1694439137313 0.5165359809219997 318
1694439137345 0.5100663056583592 319
1694439137377 0.5037142295840875 320
1694439137413 0.4974775213069263 321
1694439137447 0.4913539927723044 322
1694439137479 0.4853414984114501 323
1694439137511 0.4794379343063391 324
1694439137544 0.47364123737116637 325
1694439137575 0.4679493845499987 326
1694439137612 0.4623603920303003 327
1694439137646 0.45687231447199805 328
1694439137677 0.451483244251798 329
1694439137712 0.44619131072244067 330
1694439137745 0.44099467948659854 331
1694439137776 0.43589155168512567 332
1694439137812 0.43088016329937867 333
1694439137845 0.4259587844673274 334
1694439137878 0.42112571881317556 335
1694439137909 0.41637930279024205 336
1694439137946 0.411717905036812 337
1694439137978 0.40713992574472424 338
1694439138022 0.40264379604043793 339
1694439138053 0.39822797737832033 340
1694439138093 0.393890960945921 341
1694439138126 0.389631267080994 342
1694439138164 0.38544744470004316 343
1694439138192 0.38133807073813697 344
1694439138222 0.377301749599806 345
1694439138257 0.3733371126207698 346
1694439138291 0.3694428175403001 347
1694439138321 0.36561754798399426 348
1694439138351 0.36186001295677056 349
1694439138384 0.3581689463458633 350
1694439138414 0.3545431064336377 351
1694439138444 0.3509812754200064 352
1694439138476 0.3474822589542906 353
1694439138511 0.3440448856763049 354
1694439138540 0.34066800676650494 355
1694439138572 0.3373504955050092 356
1694439138600 0.33409124683931984 357
1694439138630 0.3308891769605802 358
1694439138662 0.3277432228881752 359
1694439138692 0.3246523420625433 360
1694439138725 0.32161551194600324 361
1694439138763 0.31863172963146774 362
1694439138796 0.31570001145885745 363
1694439138824 0.31281939263909647 364
1694439138852 0.309988926885502 365
1694439138881 0.3072076860524574 366
1694439138912 0.30447475978119276 367
1694439138942 0.3017892551525617 368
1694439138976 0.2991502963466495 369
1694439139012 0.2965570243090979 370
1694439139041 0.2940085964239957 371
1694439139073 0.2915041861932223 372
1694439139110 0.28904298292210634 373
1694439139140 0.28662419141127277 374
1694439139174 0.28424703165456255 375
1694439139209 0.2819107385429019 376
1694439139242 0.2796145615739995 377
1694439139280 0.27735776456776623 378
1694439139312 0.2751396253873324 379
1694439139343 0.2729594356655572 380
1694439139376 0.27081650053692297 381
1694439139408 0.2687101383747108 382
1694439139441 0.26663968053333703 383
1694439139475 0.2646044710957711 384
1694439139509 0.2626038666259183 385
1694439139542 0.2606372359258721 386
1694439139574 0.25870395979794536 387
1694439139602 0.2568034308113812 388
1694439139632 0.25493505307364633 389
1694439139662 0.2530982420062318 390
1694439139694 0.25129242412485114 391
1694439139726 0.2495170368239679 392
1694439139763 0.2477715281655542 393
1694439139800 0.2460553566720014 394
1694439139844 0.24436799112310162 395
1694439139894 0.24270891035701989 396
1694439139936 0.24107760307517007 397
1694439139983 0.2394735676509338 398
1694439140028 0.2378963119421266 399
1694439140074 0.2363453531071562 400
1694439140125 0.23482021742478337 401
1694439140171 0.23332044011742345 402
1694439140212 0.2318455651779216 403
1694439140250 0.2303951451997211 404
1694439140291 0.22896874121036953 405
1694439140325 0.22756592250828975 406
1694439140358 0.22618626650275675 407
1694439140397 0.22482935855700809 408
1694439140431 0.22349479183443907 409
1694439140464 0.22218216714780656 410
1694439140496 0.22089109281139724 411
1694439140528 0.2196211844960885 412
1694439140561 0.218372065087254 413
1694439140596 0.21714336454545283 414
1694439140625 0.2159347197698502 415
1694439140658 0.21474577446431237 416
1694439140691 0.21357617900612771 417
1694439140723 0.21242559031729707 418
1694439140759 0.21129367173834587 419
1694439140793 0.2101800929046067 420
1694439140826 0.20908452962492474 421
1694439140859 0.20800666376274077 422
1694439140892 0.20694618311949284 423
1694439140925 0.20590278132031073 424
1694439140952 0.20487615770193968 425
1694439140990 0.20386601720285957 426
1694439141058 0.20287207025555043 427
1694439141102 0.20189403268087017 428
1694439141145 0.20093162558449298 429
1694439141197 0.19998457525537464 430
1694439141243 0.1990526130661999 431
1694439141294 0.19813547537577966 432
1694439141375 0.19723290343335104 433
1694439141424 0.1963446432847504 434
1694439141476 0.19547044568041597 435
1694439141517 0.19461006598518898 436
1694439141560 0.1937632640898764 437
1694439141608 0.19292980432453832 438
1694439141662 0.1921094553734688 439
1694439141703 0.19130199019183738 440
1694439141750 0.1905071859239517 441
1694439141802 0.18972482382312184 442
1694439141846 0.18895468917308084 443
1694439141885 0.1881965712109425 444
1694439141927 0.1874502630516576 445
1694439141961 0.18671556161394418 446
1694439142002 0.18599226754766113 447
1694439142043 0.1852801851625973 448
1694439142078 0.18457912235864452 449
1694439142113 0.18388889055733618 450
1694439142147 0.18320930463471252 451
1694439142179 0.18254018285549634 452
1694439142213 0.18188134680855206 453
1694439142249 0.1812326213435945 454
1694439142281 0.18059383450913258 455
1694439142315 0.17996481749162177 456
1694439142362 0.17934540455579498 457
1694439142391 0.17873543298615796 458
1694439142421 0.17813474302961801 459
1694439142454 0.1775431778392308 460
1694439142484 0.17696058341903773 461
1694439142513 0.17638680856997568 462
1694439142541 0.1758217048368364 463
1694439142574 0.1752651264562578 464
1694439142612 0.17471693030572025 465
1694439142644 0.17417697585353636 466
1694439142681 0.17364512510981142 467
1694439142713 0.17312124257834938 468
1694439142752 0.1726051952094991 469
1694439142790 0.1720968523539088 470
1694439142829 0.1715960857171777 471
1694439142859 0.17110276931538937 472
1694439142892 0.17061677943150158 473
1694439142930 0.17013799457258624 474
1694439142962 0.16966629542789027 475
1694439142997 0.1692015648277153 476
1694439143035 0.16874368770308812 477
1694439143079 0.16829255104621224 478
1694439143115 0.1678480438716849 479
1694439143150 0.16741005717846524 480
1694439143190 0.16697848391257317 481
1694439143228 0.1665532189305132 482
1694439143267 0.16613415896340464 483
1694439143302 0.16572120258179898 484
1694439143335 0.1653142501611851 485
1694439143369 0.1649132038481523 486
1694439143408 0.16451796752721126 487
1694439143441 0.16412844678825164 488
1694439143481 0.1637445488946299 489
1694439143517 0.16336618275187045 490
1694439143554 0.16299325887697078 491
1694439143586 0.16262568936829627 492
1694439143617 0.16226338787605754 493
1694439143652 0.1619062695733539 494
1694439143692 0.16155425112777477 495
1694439143731 0.16120725067354796 496
1694439143766 0.1608651877842213 497
1694439143808 0.16052798344587432 498
1694439143842 0.16019556003083937 499
