1694439125562 -0.0019009909234610767 0
1694439125613 -0.001861585929612497 1
1694439125649 -0.0018211743509117806 2
1694439125682 -0.0017797356748401327 3
1694439125717 -0.0017372489902320876 4
1694439125777 -0.0016936929799244993 5
1694439125832 -0.0016490459132862956 6
1694439125883 -0.00160328563862433 7
1694439125938 -0.0015563895754624468 8
1694439125974 -0.0015083347066939812 9
1694439126006 -0.0014590975706063603 10
1694439126045 -0.0014086542527771417 11
1694439126073 -0.0013569803778352707 12
1694439126127 -0.0013040511010922184 13
1694439126179 -0.0012498411000383403 14
1694439126226 -0.001194324565703564 15
1694439126271 -0.001137475193877524 16
1694439126324 -0.0010792661761984679 17
1694439126383 -0.0010196701910936135 18
1694439126439 -0.0009586593945829502 19
1694439126490 -0.0008962054109411532 20
1694439126535 -0.0008322793232096171 21
1694439126592 -0.0007668516635706002 22
1694439126638 -0.0006998924035677145 23
1694439126698 -0.000631370944182752 24
1694439126777 -0.0005612561057615206 25
1694439126845 -0.0004895161177900231 26
1694439126915 -0.00041611860851675786 27
1694439126976 -0.0003410305944266945 28
1694439127038 -0.00026421846955759776 29
1694439127105 -0.0001856479946609202 30
1694439127166 -0.0001052842862123704 31
1694439127210 -2.3091805260611054e-05 32
1694439127252 6.0965653880584725e-05 33
1694439127298 0.00014692497509638525 34
1694439127342 0.00023482373209660068 35
1694439127374 0.0003247002001993682 36
1694439127414 0.0004165933682732659 37
1694439127464 0.0005105429508471815 38
1694439127514 0.0006065894003715044 39
1694439127561 0.0007047739196496261 40
1694439127598 0.0008051384744250933 41
1694439127634 0.0009077258061354065 42
1694439127669 0.001012579444822137 43
1694439127703 0.0011197437222094653 44
1694439127736 0.0012292637849383725 45
1694439127769 0.0013411856079682538 46
1694439127803 0.0014555560081325192 47
1694439127836 0.0015724226578610612 48
1694439127868 0.001691834099059819 49
1694439127902 0.0018138397571472176 50
1694439127934 0.0019384899552538082 51
1694439127965 0.002065835928573123 52
1694439127999 0.0021959298388726234 53
1694439128039 0.002328824789155415 54
1694439128076 0.002464574838477618 55
1694439128116 0.0026032350169130636 56
1694439128153 0.0027448613406697575 57
1694439128187 0.0028434584768607385 58
1694439128219 0.0029441295294817538 59
1694439128253 0.0030469145398214215 60
1694439128285 0.003151854272035015 61
1694439128316 0.003258990224610847 62
1694439128347 0.0033683646419583324 63
1694439128381 0.003480020526118177 64
1694439128413 0.003594001648592693 65
1694439128448 0.003710352562293018 66
1694439128480 0.0038291186136099054 67
1694439128515 0.003950345954589873 68
1694439128546 0.004074081555231257 69
1694439128582 0.004200373215895281 70
1694439128622 0.004329269579817385 71
1694439128658 0.004460820145730016 72
1694439128686 0.004595075280591998 73
1694439128719 0.004732086232414612 74
1694439128756 0.004871905143188027 75
1694439128794 0.00501458506190422 76
1694439128838 0.00516017995766882 77
1694439128878 0.00530874473290166 78
1694439128909 0.005460335236625924 79
1694439128942 0.005615008277826461 80
1694439128973 0.005772821638896697 81
1694439129004 0.005933834089146051 82
1694439129038 0.006098105398378739 83
1694439129068 0.006265696350532979 84
1694439129102 0.006436668757368924 85
1694439129137 0.006611085472215783 86
1694439129175 0.006789010403755236 87
1694439129212 0.006970508529842823 88
1694439129254 0.00715564591136042 89
1694439129293 0.007344489706091251 90
1694439129325 0.007537108182608443 91
1694439129360 0.007733570734173023 92
1694439129394 0.007933947892631243 93
1694439129441 0.008138311342300475 94
1694439129476 0.008346733933838224 95
1694439129509 0.008559289698083616 96
1694439129539 0.0087760538598598 97
1694439129568 0.008997102851732719 98
1694439129598 0.009222514327700493 99
1694439129633 0.009452367176828957 100
1694439129666 0.009686741536792054 101
1694439129698 0.009925718807326511 102
1694439129744 0.010169381663576837 103
1694439129779 0.010417814069320408 104
1694439129820 0.01067110129006743 105
1694439129858 0.010929329905999485 106
1694439129889 0.011192587824761402 107
1694439129919 0.011460964294065956 108
1694439129952 0.01173454991411138 109
1694439129980 0.012013436649785603 110
1694439130014 0.01229771784264666 111
1694439130048 0.012587488222660093 112
1694439130081 0.012882843919670317 113
1694439130118 0.013183882474595565 114
1694439130151 0.01349070285031917 115
1694439130184 0.013803405442261663 116
1694439130219 0.014122092088611371 117
1694439130258 0.014446866080190857 118
1694439130289 0.014777832169943217 119
1694439130325 0.015115096581997611 120
1694439130360 0.015458767020321007 121
1694439130395 0.015808952676899968 122
1694439130428 0.01616576423945093 123
1694439130462 0.016529313898610565 124
1694439130507 0.016899715354614542 125
1694439130555 0.017277083823389994 126
1694439130599 0.01766153604208276 127
1694439130642 0.018053190273953246 128
1694439130671 0.018452166312630247 129
1694439130704 0.018858585485687973 130
1694439130732 0.01927257065751453 131
1694439130762 0.019694246231441115 132
1694439130789 0.020123738151097803 133
1694439130819 0.020561173900966012 134
1694439130850 0.021006682506086727 135
1694439130882 0.021460394530899318 136
1694439130919 0.021922442077170423 137
1694439130952 0.022392958780964256 138
1694439130981 0.022872079808647694 139
1694439131011 0.023359941851859745 140
1694439131047 0.023856683121426858 141
1694439131083 0.024362443340177342 142
1694439131116 0.024877363734615465 143
1694439131152 0.025401587025417838 144
1694439131183 0.025935257416706103 145
1694439131224 0.02647852058405875 146
1694439131275 0.02703152366121553 147
1694439131315 0.02759441522543349 148
1694439131356 0.028167345281451484 149
1694439131404 0.028750465244017476 150
1694439131442 0.029343927918935586 151
1694439131485 0.029947887482585256 152
1694439131522 0.030562499459871995 153
1694439131609 0.031187920700558647 154
1694439131693 0.03182430935393388 155
1694439131732 0.03247182484177091 156
1694439131789 0.033130627829532466 157
1694439131824 0.03380088019576877 158
1694439131854 0.0344827449996713 159
1694439131884 0.03517638644672649 160
1694439131918 0.03588196985242986 161
1694439131949 0.036599661604008515 162
1694439131984 0.03732962912011195 163
1694439132022 0.038072040808415974 164
1694439132057 0.03882706602110897 165
1694439132091 0.039594875008195696 166
1694439132125 0.04037563886859352 167
1694439132157 0.04116952949896979 168
1694439132196 0.0419767195402605 169
1694439132231 0.04279738232186858 170
1694439132272 0.043631691803457495 171
1694439132316 0.04447982251432625 172
1694439132360 0.04534194949031767 173
1694439132397 0.046218248208228285 174
1694439132431 0.04710889451767453 175
1694439132466 0.04801406457039492 176
1694439132504 0.04893393474694052 177
1694439132540 0.049868681580734875 178
1694439132572 0.05081848167947123 179
1694439132612 0.05178351164381745 180
1694439132642 0.05276394798341422 181
1694439132675 0.053759967030129974 182
1694439132714 0.054771744848572945 183
1694439132746 0.05579945714382595 184
1694439132775 0.05684327916641441 185
1694439132807 0.05790338561445951 186
1694439132838 0.05897995053306382 187
1694439132870 0.06007314721087886 188
1694439132902 0.061183148073882476 189
1694439132936 0.062310124576363424 190
1694439132968 0.06345424708912217 191
1694439133009 0.0646156847849001 192
1694439133041 0.0657946055210713 193
1694439133084 0.06699117571957702 194
1694439133128 0.06820556024419244 195
1694439133161 0.0694379222751027 196
1694439133208 0.07068842318085555 197
1694439133244 0.07195722238772584 198
1694439133286 0.0732444772465386 199
1694439133322 0.0745503428970089 200
1694439133365 0.07587497212965544 201
1694439133404 0.0772185152453535 202
1694439133448 0.07858111991260297 203
1694439133484 0.07996293102258556 204
1694439133516 0.08136409054209826 205
1694439133548 0.08278473736445446 206
1694439133586 0.08422500715844805 207
1694439133616 0.08568503221548873 208
1694439133649 0.08716494129502506 209
1694439133682 0.08866485946834524 210
1694439133717 0.09018490796093304 211
1694439133754 0.09172520399345752 212
1694439133785 0.09328586062157829 213
1694439133818 0.09486698657466641 214
1694439133855 0.09646868609365966 215
1694439133892 0.09809105876814728 216
1694439133931 0.09973419937289263 217
1694439133963 0.1013981977039562 218
1694439134001 0.10308313841459904 219
1694439134034 0.10478910085116055 220
1694439134065 0.10651615888910126 221
1694439134103 0.10826438076941669 222
1694439134135 0.11003382893562685 223
1694439134167 0.11182455987156814 224
1694439134201 0.1136366239401736 225
1694439134235 0.11547006522352887 226
1694439134271 0.11732492136437156 227
1694439134302 0.11920122340932471 228
1694439134338 0.12109899565405191 229
1694439134376 0.12301825549065126 230
1694439134404 0.12495901325747372 231
1694439134437 0.12692127209166038 232
1694439134467 0.1289050277846424 233
1694439134504 0.13091026864088284 234
1694439134534 0.13293697534008242 235
1694439134564 0.13498512080318803 236
1694439134602 0.1370546700623979 237
1694439134633 0.13914558013548184 238
1694439134661 0.1412577999046679 239
1694439134688 0.14339127000036833 240
1694439134721 0.14554592269001976 241
1694439134750 0.1477216817722966 242
1694439134780 0.14991846247697305 243
1694439134813 0.15213617137069446 244
1694439134847 0.15437470626891736 245
1694439134883 0.15663395615427678 246
1694439134914 0.158913801101633 247
1694439134950 0.16121411221004844 248
1694439134989 0.16353475154192465 249
1694439135023 0.1658755720695526 250
1694439135057 0.168236417629282 251
1694439135094 0.17061712288354558 252
1694439135129 0.17301751329094017 253
1694439135162 0.1754374050845664 254
1694439135204 0.17787660525881754 255
1694439135238 0.18033491156479842 256
1694439135274 0.18281211251453944 257
1694439135304 0.18530798739416354 258
1694439135336 0.1878223062861457 259
1694439135367 0.190354830100796 260
1694439135403 0.1929053106170795 261
1694439135435 0.19547349053287655 262
1694439135470 0.19805910352475875 263
1694439135504 0.2006618743173605 264
1694439135539 0.20328151876239864 265
1694439135575 0.20591774392734485 266
1694439135615 0.20857024819383285 267
1694439135656 0.21123872136573296 268
1694439135688 0.2139228447869186 269
1694439135721 0.2166222914686774 270
1694439135753 0.2193367262267143 271
1694439135784 0.22206580582766888 272
1694439135818 0.22480917914507204 273
1694439135849 0.22756648732461005 274
1694439135884 0.23033736395858972 275
1694439135916 0.23312143526944296 276
1694439135950 0.23591832030211168 277
1694439135982 0.23872763112512863 278
1694439136015 0.24154897304019796 279
1694439136050 0.2443819448000254 280
1694439136083 0.2472261388342214 281
1694439136118 0.2500811414829548 282
1694439136152 0.25294653323813066 283
1694439136182 0.2558218889917837 284
1694439136214 0.2587067782914032 285
1694439136251 0.2616007656018299 286
1694439136283 0.2645034105734543 287
1694439136316 0.2674142683163112 288
1694439136349 0.2703328896797422 289
1694439136381 0.2732588215372479 290
1694439136413 0.27619160707614165 291
1694439136446 0.2791307860916167 292
1694439136477 0.2820758952848218 293
1694439136510 0.28502646856452973 294
1694439136543 0.28798203735198713 295
1694439136575 0.2909421308885065 296
1694439136613 0.2939062765453857 297
1694439136651 0.29687400013570286 298
1694439136682 0.29984482622755415 299
1694439136716 0.302818278458289 300
1694439136751 0.30579387984931583 301
1694439136780 0.30877115312098313 302
1694439136816 0.3117496210071753 303
1694439136850 0.3147288065690973 304
1694439136879 0.3177082335078689 305
1694439136915 0.3206874264754622 306
1694439136946 0.3236659113835648 307
1694439136984 0.3266432157099448 308
1694439137024 0.3296188688018975 309
1694439137060 0.3325924021763683 310
1694439137090 0.33556334981634384 311
1694439137120 0.3385312484631393 312
1694439137152 0.3414956379041758 313
1694439137182 0.34445606125591166 314
1694439137219 0.3474120652415271 315
1694439137256 0.350363200463082 316
1694439137285 0.35330902166775313 317
1694439137320 0.356249088007876 318
1694439137354 0.35918296329447674 319
1694439137384 0.36211021624401174 320
1694439137421 0.3650304207180518 321
1694439137455 0.36794315595563065 322
1694439137486 0.3708480067980704 323
1694439137519 0.3737445639060175 324
1694439137550 0.3766324239685107 325
1694439137582 0.3795111899038912 326
1694439137619 0.38238047105239414 327
1694439137654 0.3852398833602475 328
1694439137685 0.38808904955519197 329
1694439137720 0.39092759931325616 330
1694439137751 0.3937551694167253 331
1694439137784 0.3965714039032213 332
1694439137820 0.39937595420579863 333
1694439137851 0.4021684792840725 334
1694439137885 0.4049486457462934 335
1694439137916 0.4077161279623833 336
1694439137952 0.41047060816795355 337
1694439137986 0.41321177655927643 338
1694439138028 0.41593933137931427 339
1694439138063 0.4186529789947949 340
1694439138100 0.4213524339644441 341
1694439138133 0.4240374190984326 342
1694439138171 0.4267076655091332 343
1694439138199 0.4293629126533117 344
1694439138229 0.43200290836585353 345
1694439138264 0.4346274088851477 346
1694439138298 0.4372361788703173 347
1694439138328 0.43982899141039233 348
1694439138361 0.44240562802562644 349
1694439138392 0.44496587866111126 350
1694439138421 0.4475095416728806 351
1694439138451 0.45003642380669284 352
1694439138484 0.4525463401696743 353
1694439138518 0.45503911419504817 354
1694439138549 0.4575145776001439 355
1694439138579 0.45997257033790784 356
1694439138607 0.46241294054213455 357
1694439138636 0.4648355444666388 358
1694439138669 0.4672402464186095 359
1694439138699 0.469626918686353 360
1694439138732 0.47199544146169325 361
1694439138771 0.474345702757221 362
1694439138803 0.4766775983186692 363
1694439138831 0.4789910315326279 364
1694439138859 0.48128591332984705 365
1694439138888 0.4835621620843521 366
1694439138921 0.4858197035086347 367
1694439138948 0.4880584705451091 368
1694439138983 0.4902784032541261 369
1694439139018 0.4924794486987317 370
1694439139047 0.49466156082640567 371
1694439139080 0.4968247003480373 372
1694439139117 0.49896883461431885 373
1694439139147 0.5010939374898107 374
1694439139180 0.5031999892248753 375
1694439139216 0.5052869763256986 376
1694439139251 0.5073548914226091 377
1694439139287 0.5094037331368871 378
1694439139320 0.5114335059462762 379
1694439139351 0.5134442200493871 380
1694439139385 0.5154358912291623 381
1694439139416 0.517408540715619 382
1694439139449 0.5193621950480254 383
1694439139482 0.52129688593667 384
1694439139519 0.5232126501244275 385
1694439139549 0.5251095292482526 386
1694439139581 0.5269875697007491 387
1694439139611 0.5288468224919988 388
1694439139639 0.5306873431117605 389
1694439139669 0.5325091913921821 390
1694439139702 0.5343124313711713 391
1694439139733 0.5360971311565288 392
1694439139773 0.5378633627909808 393
1694439139816 0.5396112021182136 394
1694439139852 0.5413407286500207 395
1694439139903 0.5430520254346618 396
1694439139948 0.544745178926537 397
1694439139996 0.5464202788572525 398
1694439140038 0.5480774181081799 399
1694439140083 0.5497166925845705 400
1694439140135 0.5513382010913137 401
1694439140181 0.5529420452104036 402
1694439140222 0.5545283291801675 403
1694439140261 0.5560971597763327 404
1694439140299 0.5576486461949719 405
1694439140333 0.5591828999373822 406
1694439140371 0.5607000346969377 407
1694439140405 0.5622001662479672 408
1694439140439 0.5636834123366741 409
1694439140474 0.5651498925741514 410
1694439140503 0.5665997283314999 411
1694439140535 0.5680330426370934 412
1694439140569 0.5694499600759826 413
1694439140604 0.5708506066914929 414
1694439140631 0.5722351098889906 415
1694439140666 0.5736035983418547 416
1694439140698 0.5749562018996424 417
1694439140729 0.5762930514984654 418
1694439140768 0.577614279073571 419
1694439140801 0.5789200174741249 420
1694439140833 0.5802104003801936 421
1694439140866 0.5814855622219146 422
1694439140899 0.5827456381008619 423
1694439140931 0.5839907637135572 424
1694439140964 0.5852210752771617 425
1694439140998 0.586436709457292 426
1694439141065 0.5876378032979672 427
1694439141111 0.5888244941536505 428
1694439141157 0.589996919623379 429
1694439141204 0.5911552174869474 430
1694439141258 0.5922995256431338 431
1694439141310 0.5934299820499238 432
1694439141384 0.5945467246667278 433
1694439141437 0.5956498913985457 434
1694439141487 0.5967396200420652 435
1694439141526 0.5978160482336518 436
1694439141572 0.5988793133992056 437
1694439141618 0.5999295527058577 438
1694439141670 0.6009669030154647 439
1694439141713 0.6019915008398783 440
1694439141762 0.6030034822979542 441
1694439141816 0.6040029830742606 442
1694439141854 0.6049901383794651 443
1694439141896 0.6059650829123533 444
1694439141934 0.6069279508234546 445
1694439141969 0.6078788756802354 446
1694439142014 0.6088179904338253 447
1694439142050 0.6097454273872458 448
1694439142084 0.6106613181651035 449
1694439142120 0.6115657936847129 450
1694439142154 0.6124589841286169 451
1694439142187 0.6133410189184662 452
1694439142221 0.61421202669023 453
1694439142257 0.6150721352706983 454
1694439142289 0.6159214716552468 455
1694439142328 0.6167601619868208 456
1694439142369 0.6175883315361206 457
1694439142399 0.6184061046829417 458
1694439142430 0.6192136048986452 459
1694439142460 0.6200109547297212 460
1694439142491 0.6207982757824173 461
1694439142519 0.6215756887083975 462
1694439142549 0.6223433131914048 463
1694439142584 0.6231012679348903 464
1694439142619 0.6238496706505852 465
1694439142651 0.6245886380479851 466
1694439142689 0.6253182858247098 467
1694439142732 0.6260387286577248 468
1694439142761 0.626750080195378 469
1694439142798 0.6274524530502397 470
1694439142836 0.6281459587927134 471
1694439142866 0.6288307079453842 472
1694439142899 0.6295068099780913 473
1694439142937 0.6301743733036851 474
1694439142968 0.6308335052744592 475
1694439143005 0.6314843121792206 476
1694439143044 0.6321268992409718 477
1694439143091 0.6327613706152055 478
1694439143122 0.6333878293887526 479
1694439143161 0.63400637757919 480
1694439143197 0.6346171161347787 481
1694439143235 0.6352201449349002 482
1694439143274 0.6358155627909858 483
1694439143311 0.6364034674479129 484
1694439143344 0.6369839555858403 485
1694439143380 0.6375571228224792 486
1694439143415 0.6381230637157665 487
1694439143448 0.6386818717669335 488
1694439143492 0.6392336394239422 489
1694439143527 0.6397784580852826 490
1694439143562 0.6403164181041024 491
1694439143594 0.6408476087926688 492
1694439143627 0.6413721184271264 493
1694439143660 0.6418900342525562 494
1694439143702 0.6424014424883054 495
1694439143738 0.6429064283335825 496
1694439143776 0.6434050759733028 497
1694439143816 0.6438974685841625 498
1694439143849 0.6443836883409426 499
