1694437203139 -0.0026717634790025535 0
1694437203170 -0.0026716301865392644 1
1694437203205 -0.002671496812574503 2
1694437203254 -0.00267136335709095 3
1694437203317 -0.00267122982007284 4
1694437203372 -0.0026710962015057405 5
1694437203450 -0.0026709625013729976 6
1694437203536 -0.0026708287196584024 7
1694437203594 -0.0026706948563466337 8
1694437203664 -0.0026705609114210382 9
1694437203721 -0.002670426884866295 10
1694437203795 -0.0026702927766673046 11
1694437203880 -0.002670158586806526 12
1694437203921 -0.0026700243152688596 13
1694437203970 -0.0026698899620372085 14
1694437204011 -0.0026697555270975837 15
1694437204078 -0.002669621010433554 16
1694437204129 -0.0026694864120289097 17
1694437204172 -0.002669351731867664 18
1694437204207 -0.0026692169699340518 19
1694437204236 -0.0026690821262125297 20
1694437204282 -0.0026689472006866666 21
1694437204324 -0.002668812193340475 22
1694437204382 -0.0026686771041581903 23
1694437204422 -0.0026685419331240467 24
1694437204468 -0.0026684066802220574 25
1694437204505 -0.002668271345436013 26
1694437204553 -0.0026681359287503703 27
1694437204612 -0.0026680004301498084 28
1694437204662 -0.0026678648496170076 29
1694437204695 -0.0026677291871377573 30
1694437204731 -0.0026675934426938497 31
1694437204768 -0.002667457616271296 32
1694437204808 -0.002667321707853443 33
1694437204848 -0.002667185717425413 34
1694437204886 -0.0026670496449687775 35
1694437204918 -0.002666913490470435 36
1694437204974 -0.0026667772539128443 37
1694437205021 -0.002666640935280018 38
1694437205063 -0.002666504534555969 39
1694437205107 -0.0026663680517255983 40
1694437205153 -0.002666231486773807 41
1694437205214 -0.002666094839682165 42
1694437205247 -0.0026659581104362395 43
1694437205279 -0.0026658212990198216 44
1694437205335 -0.002665684405417146 45
1694437205372 -0.002665547429612225 46
1694437205403 -0.002665410371588628 47
1694437205433 -0.0026652732313310334 48
1694437205469 -0.0026651360088236764 49
1694437205514 -0.002664998704048571 50
1694437205568 -0.0026648613169928392 51
1694437205618 -0.002664723847639383 52
1694437205691 -0.0026645862959715494 53
1694437205762 -0.002664448661973573 54
1694437205814 -0.0026643109456294667 55
1694437205864 -0.0026641731469236873 56
1694437205953 -0.0026640352658400257 57
1694437206006 -0.0026638973023624946 58
1694437206039 -0.002663759256475995 59
1694437206075 -0.002663621128162985 60
1694437206104 -0.0026634829174085883 61
1694437206137 -0.002663344624196373 62
1694437206176 -0.0026632062485112407 63
1694437206226 -0.0026630677903363154 64
1694437206291 -0.00266292924965561 65
1694437206362 -0.002662790626454248 66
1694437206396 -0.002662651920714021 67
1694437206429 -0.0026625131324218287 68
1694437206482 -0.0026623742615590196 69
1694437206527 -0.0026622353081111605 70
1694437206574 -0.0026620962720629304 71
1694437206600 -0.002661957153396566 72
1694437206629 -0.0026618179520967455 73
1694437206669 -0.0026616786681474824 74
1694437206718 -0.0026615393015336775 75
1694437206760 -0.002661399852238233 76
1694437206808 -0.0026612603202453844 77
1694437206860 -0.002661120705539588 78
1694437206911 -0.0026609810081041907 79
1694437206953 -0.0026608412279245375 80
1694437206985 -0.0026607013649821987 81
1694437207035 -0.0026605614192631855 82
1694437207078 -0.0026604213907515106 83
1694437207118 -0.002660281279431409 84
1694437207150 -0.002660141085284229 85
1694437207190 -0.0026600008082968696 86
1694437207221 -0.0026598604484522337 87
1694437207261 -0.002659720005734778 88
1694437207288 -0.0026595794801278494 89
1694437207320 -0.0026594388716163486 90
1694437207371 -0.0026592981801827342 91
1694437207396 -0.0026591574058130174 92
1694437207425 -0.0026590165484887684 93
1694437207463 -0.0026588756081959986 94
1694437207488 -0.0026587345849184985 95
1694437207540 -0.002658593478639615 96
1694437207603 -0.0026584522893426943 97
1694437207667 -0.002658311017013304 98
1694437207697 -0.0026581696616350126 99
1694437207724 -0.0026580282231902785 100
1694437207749 -0.002657886701665113 101
1694437207777 -0.002657745097042863 102
1694437207816 -0.0026576034093059864 103
1694437207856 -0.002657461638441827 104
1694437207887 -0.002657319784430179 105
1694437207915 -0.002657177847258163 106
1694437207940 -0.0026570358269091265 107
1694437207966 -0.0026568937233657497 108
1694437207994 -0.0026567515366142658 109
1694437208022 -0.002656609266636245 110
1694437208050 -0.0026564669134159224 111
1694437208086 -0.002656324476939753 112
1694437208116 -0.0026561819571890855 113
1694437208145 -0.0026560393541490424 114
1694437208183 -0.0026558966678031926 115
1694437208209 -0.0026557538981351048 116
1694437208238 -0.00265561104512968 117
1694437208266 -0.002655468108770931 118
1694437208296 -0.002655325089041982 119
1694437208325 -0.002655181985927735 120
1694437208354 -0.0026550387994108693 121
1694437208386 -0.0026548955294760646 122
1694437208414 -0.0026547521761071113 123
1694437208442 -0.0026546087392893547 124
1694437208470 -0.002654465219004809 125
1694437208498 -0.002654321615237043 126
1694437208527 -0.00265417792797229 127
1694437208560 -0.002654034157192342 128
1694437208601 -0.0026538903028827665 129
1694437208629 -0.002653746365027132 130
1694437208662 -0.0026536023436087852 131
1694437208694 -0.002653458238611517 132
1694437208724 -0.002653314050020006 133
1694437208752 -0.002653169777818265 134
1694437208784 -0.002653025421989197 135
1694437208814 -0.0026528809825174804 136
1694437208845 -0.0026527364593866842 137
1694437208897 -0.0026525918525817094 138
1694437208942 -0.0026524471620861245 139
1694437208988 -0.0026523023878828322 140
1694437209065 -0.0026521575299560673 141
1694437209172 -0.002652012588291175 142
1694437209206 -0.0026518675628701693 143
1694437209251 -0.0026517224536779516 144
1694437209286 -0.0026515772606989785 145
1694437209329 -0.0026514319839163747 146
1694437209370 -0.002651286623313931 147
1694437209400 -0.002651141178876326 148
1694437209431 -0.002650995650586241 149
1694437209458 -0.002650850038428798 150
1694437209484 -0.0026507043423882326 151
1694437209515 -0.002650558562447003 152
1694437209548 -0.002650412698589122 153
1694437209578 -0.0026502667507997124 154
1694437209620 -0.0026501207190627873 155
1694437209660 -0.002649974603360805 156
1694437209688 -0.0026498284036782227 157
1694437209718 -0.002649682119999275 158
1694437209750 -0.0026495357523084184 159
1694437209779 -0.002649389300587668 160
1694437209810 -0.0026492427648228123 161
1694437209851 -0.0026490961449978645 162
1694437209902 -0.002648949441094395 163
1694437209987 -0.0026488026530984143 164
1694437210074 -0.002648655780993492 165
1694437210129 -0.002648508824763418 166
1694437210164 -0.0026483617843917617 167
1694437210195 -0.0026482146598627576 168
1694437210228 -0.0026480674511604185 169
1694437210288 -0.002647920158267869 170
1694437210328 -0.002647772781169122 171
1694437210365 -0.0026476253198479682 172
1694437210400 -0.0026474777742901967 173
1694437210466 -0.0026473301444771558 174
1694437210499 -0.0026471824303948566 175
1694437210529 -0.0026470346320257576 176
1694437210560 -0.0026468867493536496 177
1694437210588 -0.0026467387823627675 178
1694437210617 -0.002646590731038012 179
1694437210660 -0.002646442595361176 180
1694437210687 -0.002646294375318492 181
1694437210714 -0.0026461460708915308 182
1694437210753 -0.0026459976820663034 183
1694437210783 -0.0026458492088252683 184
1694437210811 -0.0026457006511528824 185
1694437210853 -0.0026455520090327145 186
1694437210884 -0.002645403282448333 187
1694437210913 -0.0026452544713844173 188
1694437210948 -0.0026451055758243136 189
1694437210984 -0.002644956595752257 190
1694437211027 -0.0026448075311507058 191
1694437211126 -0.0026446583820054492 192
1694437211247 -0.002644509148300056 193
1694437211372 -0.0026443598300178728 194
1694437211474 -0.0026442104271426903 195
1694437211532 -0.002644060939657411 196
1694437211561 -0.0026439113675484904 197
1694437211601 -0.0026437617107966105 198
1694437211638 -0.0026436119693877824 199
1694437211684 -0.002643462143306685 200
1694437211713 -0.002643312232534667 201
1694437211749 -0.0026431622370566288 202
1694437211797 -0.0026430121568556952 203
1694437211846 -0.0026428619919178775 204
1694437211880 -0.00264271174222519 205
1694437211915 -0.0026425614077620896 206
1694437211961 -0.002642410988511479 207
1694437212046 -0.0026422604844587028 208
1694437212110 -0.00264210989558622 209
1694437212148 -0.0026419592218798194 210
1694437212238 -0.0026418084633206274 211
1694437212354 -0.002641657619894877 212
1694437212432 -0.002641506691584583 213
1694437212483 -0.002641355678374646 214
1694437212577 -0.002641204580249079 215
1694437212650 -0.0026410533971914507 216
1694437212700 -0.0026409021291848855 217
1694437212748 -0.0026407507762138405 218
1694437212782 -0.0026405993382621062 219
1694437212827 -0.0026404478153132516 220
1694437212863 -0.0026402962073517333 221
1694437212901 -0.002640144514360676 222
1694437212940 -0.0026399927363229825 223
1694437212979 -0.0026398408732248857 224
1694437213060 -0.0026396889250497324 225
1694437213091 -0.002639536891779093 226
1694437213132 -0.0026393847733992004 227
1694437213185 -0.0026392325698920693 228
1694437213216 -0.002639080281243489 229
1694437213269 -0.0026389279074354732 230
1694437213303 -0.0026387754484520354 231
1694437213339 -0.002638622904277632 232
1694437213444 -0.0026384702748964983 233
1694437213560 -0.0026383175602924247 234
1694437213631 -0.0026381647604476477 235
1694437213686 -0.0026380118753468462 236
1694437213770 -0.002637858904973811 237
1694437213837 -0.002637705849312999 238
1694437213897 -0.0026375527083468686 239
1694437213967 -0.002637399482060987 240
1694437214025 -0.0026372461704373684 241
1694437214106 -0.00263709277346158 242
1694437214163 -0.0026369392911154144 243
1694437214216 -0.0026367857233844383 244
1694437214271 -0.0026366320702515544 245
1694437214334 -0.0026364783316994433 246
1694437214374 -0.0026363245077145603 247
1694437214411 -0.0026361705982791417 248
1694437214451 -0.002636016603376534 249
1694437214489 -0.002635862522992305 250
1694437214525 -0.002635708357108024 251
1694437214553 -0.002635554105708815 252
1694437214579 -0.002635399768777358 253
1694437214603 -0.0026352453462987757 254
1694437214630 -0.0026350908382568594 255
1694437214655 -0.0026349362446345115 256
1694437214681 -0.0026347815654144124 257
1694437214708 -0.0026346268005830176 258
1694437214736 -0.0026344719501225633 259
1694437214761 -0.0026343170140170624 260
1694437214787 -0.0026341619922507498 261
1694437214811 -0.002634006884806528 262
1694437214847 -0.0026338516916677435 263
1694437214876 -0.0026336964128199636 264
1694437214902 -0.0026335410482458688 265
1694437214932 -0.0026333855979281395 266
1694437214959 -0.0026332300618536753 267
1694437215014 -0.002633074440003602 268
1694437215040 -0.002632918732361489 269
1694437215071 -0.0026327629389131246 270
1694437215096 -0.0026326070596400797 271
1694437215122 -0.002632451094527477 272
1694437215149 -0.0026322950435586634 273
1694437215180 -0.0026321389067176515 274
1694437215208 -0.002631982683987788 275
1694437215234 -0.0026318263753524196 276
1694437215262 -0.0026316699807971133 277
1694437215290 -0.0026315135003036616 278
1694437215317 -0.0026313569338571874 279
1694437215342 -0.0026312002814405933 280
1694437215370 -0.0026310435430365597 281
1694437215395 -0.002630886718631986 282
1694437215421 -0.0026307298082073327 283
1694437215447 -0.0026305728117488325 284
1694437215480 -0.002630415729238056 285
1694437215508 -0.00263025856066057 286
1694437215540 -0.002630101305998611 287
1694437215568 -0.0026299439652379686 288
1694437215594 -0.0026297865383593244 289
1694437215620 -0.002629629025350022 290
1694437215646 -0.0026294714261900776 291
1694437215677 -0.002629313740865946 292
1694437215706 -0.0026291559693614186 293
1694437215755 -0.0026289981116582872 294
1694437215802 -0.002628840167741009 295
1694437215860 -0.0026286821375935965 296
1694437215906 -0.0026285240212002847 297
1694437215945 -0.002628365818543532 298
1694437216003 -0.0026282075296084617 299
1694437216077 -0.002628049154377976 300
1694437216121 -0.002627890692836088 301
1694437216171 -0.0026277321449652558 302
1694437216220 -0.002627573510751935 303
1694437216270 -0.0026274147901765854 304
1694437216303 -0.0026272559832252185 305
1694437216334 -0.0026270970898809587 306
1694437216369 -0.002626938110128041 307
1694437216403 -0.0026267790439482575 308
1694437216432 -0.0026266198913269534 309
1694437216463 -0.0026264606522479195 310
1694437216493 -0.0026263013266942803 311
1694437216537 -0.0026261419146504927 312
1694437216569 -0.002625982416098349 313
1694437216603 -0.0026258228310236387 314
1694437216645 -0.002625663159409042 315
1694437216678 -0.0026255034012392375 316
1694437216708 -0.002625343556496018 317
1694437216758 -0.002625183625165173 318
1694437216802 -0.002625023607228716 319
1694437216844 -0.002624863502670882 320
1694437216895 -0.0026247033114763507 321
1694437216950 -0.002624543033627802 322
1694437217032 -0.0026243826691094707 323
1694437217084 -0.0026242222179044816 324
1694437217121 -0.0026240616799966254 325
1694437217158 -0.002623901055369471 326
1694437217194 -0.0026237403440070306 327
1694437217220 -0.0026235795458930955 328
1694437217250 -0.002623418661011012 329
1694437217275 -0.0026232576893454596 330
1694437217308 -0.002623096630878008 331
1694437217345 -0.0026229354855944464 332
1694437217392 -0.0026227742534778997 333
1694437217426 -0.002622612934510382 334
1694437217493 -0.002622451528677683 335
1694437217522 -0.0026222900359627044 336
1694437217552 -0.0026221284563496816 337
1694437217583 -0.002621966789821295 338
1694437217619 -0.0026218050363617795 339
1694437217651 -0.0026216431959547037 340
1694437217680 -0.002621481268582526 341
1694437217717 -0.002621319254231702 342
1694437217756 -0.0026211571528833577 343
1694437217797 -0.00262099496452306 344
1694437217837 -0.0026208326891323797 345
1694437217871 -0.0026206703266966613 346
1694437217914 -0.0026205078771990298 347
1694437217950 -0.0026203453406230537 348
1694437217992 -0.0026201827169520797 349
1694437218068 -0.002620020006171231 350
1694437218116 -0.0026198572082616334 351
1694437218175 -0.0026196943232090764 352
1694437218212 -0.0026195313509969065 353
1694437218260 -0.002619368291607138 354
1694437218334 -0.0026192051450260045 355
1694437218392 -0.00261904191123552 356
1694437218446 -0.0026188785902183653 357
1694437218508 -0.0026187151819609955 358
1694437218579 -0.002618551686444537 359
1694437218625 -0.0026183881036536683 360
1694437218655 -0.0026182244335724025 361
1694437218703 -0.0026180606761838643 362
1694437218739 -0.002617896831470956 363
1694437218768 -0.002617732899419467 364
1694437218796 -0.0026175688800111896 365
1694437218823 -0.0026174047732296923 366
1694437218851 -0.002617240579059432 367
1694437218876 -0.002617076297483756 368
1694437218907 -0.00261691192848601 369
1694437218932 -0.002616747472050651 370
1694437218957 -0.002616582928159694 371
1694437218982 -0.002616418296798928 372
1694437219014 -0.002616253577951033 373
1694437219048 -0.002616088771598468 374
1694437219076 -0.0026159238777272442 375
1694437219120 -0.0026157588963187095 376
1694437219157 -0.002615593827357543 377
1694437219218 -0.0026154286708273133 378
1694437219294 -0.002615263426710701 379
1694437219381 -0.0026150980949937175 380
1694437219423 -0.0026149326756568225 381
1694437219474 -0.0026147671686866936 382
1694437219521 -0.0026146015740640127 383
1694437219584 -0.0026144358917752353 384
1694437219651 -0.0026142701218021536 385
1694437219691 -0.002614104264127892 386
1694437219727 -0.0026139383187377963 387
1694437219758 -0.0026137722856147683 388
1694437219788 -0.002613606164742599 389
1694437219844 -0.002613439956104191 390
1694437219887 -0.002613273659683113 391
1694437219932 -0.002613107275463822 392
1694437219998 -0.0026129408034301083 393
1694437220103 -0.0026127742435639867 394
1694437220166 -0.002612607595849914 395
1694437220218 -0.002612440860272569 396
1694437220269 -0.0026122740368139663 397
1694437220317 -0.0026121071254587847 398
1694437220352 -0.0026119401261897046 399
1694437220396 -0.002611773038990295 400
1694437220424 -0.0026116058638452344 401
1694437220470 -0.00261143860073787 402
1694437220499 -0.0026112712496511037 403
1694437220530 -0.0026111038105687268 404
1694437220559 -0.0026109362834743077 405
1694437220587 -0.0026107686683516373 406
1694437220615 -0.002610600965183396 407
1694437220640 -0.0026104331739553732 408
1694437220674 -0.002610265294648917 409
1694437220706 -0.002610097327248484 410
1694437220734 -0.0026099292717376432 411
1694437220764 -0.0026097611281001853 412
1694437220795 -0.002609592896319901 413
1694437220835 -0.002609424576378583 414
1694437220870 -0.0026092561682617976 415
1694437220914 -0.002609087671953114 416
1694437220946 -0.002608919087434769 417
1694437220978 -0.0026087504146909968 418
1694437221018 -0.0026085816537051443 419
1694437221047 -0.002608412804461002 420
1694437221074 -0.0026082438669425834 421
1694437221112 -0.0026080748411323462 422
1694437221140 -0.002607905727015414 423
1694437221168 -0.0026077365245740225 424
1694437221216 -0.002607567233792185 425
1694437221242 -0.0026073978546525822 426
1694437221274 -0.002607228387140781 427
1694437221316 -0.0026070588312385734 428
1694437221361 -0.0026068891869297506 429
1694437221416 -0.0026067194541989913 430
1694437221484 -0.002606549633028976 431
1694437221538 -0.0026063797234026076 432
1694437221643 -0.0026062097253052308 433
1694437221694 -0.002606039638718194 434
1694437221741 -0.002605869463627286 435
1694437221790 -0.0026056992000142998 436
1694437221832 -0.0026055288478628036 437
1694437221906 -0.0026053584071585867 438
1694437221985 -0.0026051878778825532 439
1694437222052 -0.0026050172600200483 440
1694437222115 -0.002604846553552198 441
1694437222193 -0.002604675758465458 442
1694437222233 -0.002604504874742064 443
1694437222270 -0.0026043339023662515 444
1694437222303 -0.0026041628413195905 445
1694437222328 -0.00260399169158676 446
1694437222356 -0.0026038204531513287 447
1694437222385 -0.0026036491259984196 448
1694437222413 -0.0026034777101087148 449
1694437222450 -0.0026033062054677814 450
1694437222492 -0.002603134612058966 451
1694437222547 -0.002602962929864283 452
1694437222605 -0.0026027911588681896 453
1694437222685 -0.002602619299054476 454
1694437222725 -0.0026024473504073775 455
1694437222752 -0.002602275312908686 456
1694437222780 -0.002602103186542637 457
1694437222804 -0.0026019309712930205 458
1694437222842 -0.0026017586671440718 459
1694437222873 -0.002601586274076917 460
1694437222918 -0.002601413792078011 461
1694437222959 -0.002601241221128703 462
1694437223020 -0.0026010685612127826 463
1694437223057 -0.0026008958123153736 464
1694437223095 -0.002600722974417824 465
1694437223132 -0.002600550047505479 466
1694437223162 -0.0026003770315601304 467
1694437223193 -0.002600203926567346 468
1694437223228 -0.0026000307325086958 469
1694437223260 -0.0025998574493684146 470
1694437223288 -0.002599684077130293 471
1694437223313 -0.002599510615776568 472
1694437223339 -0.002599337065292584 473
1694437223367 -0.002599163425661244 474
1694437223393 -0.0025989896968661164 475
1694437223422 -0.0025988158788894378 476
1694437223447 -0.002598641971715887 477
1694437223473 -0.002598467975329255 478
1694437223498 -0.002598293889712222 479
1694437223522 -0.002598119714847913 480
1694437223547 -0.0025979454507216726 481
1694437223576 -0.0025977710973152934 482
1694437223604 -0.002597596654612566 483
1694437223628 -0.0025974221225963934 484
1694437223653 -0.0025972475012527863 485
1694437223678 -0.0025970727905617608 486
1694437223704 -0.002596897990509106 487
1694437223730 -0.002596723101077947 488
1694437223756 -0.0025965481222522957 489
1694437223781 -0.002596373054013723 490
1694437223807 -0.002596197896346908 491
1694437223834 -0.002596022649235419 492
1694437223858 -0.0025958473126626025 493
1694437223883 -0.0025956718866122497 494
1694437223911 -0.002595496371067263 495
1694437223936 -0.002595320766010323 496
1694437223963 -0.0025951450714274404 497
1694437223988 -0.002594969287299298 498
1694437224015 -0.0025947934136112405 499
