1694437808610 5.304064060137324 0
1694437808852 6.866877893505273 1
1694437809080 3.7093780899037605 2
1694437809344 3.844905152625855 3
1694437809638 4.252746595257695 4
1694437809928 5.501526886776427 5
1694437810200 8.545146934402888 6
1694437810457 3.480678681379015 7
1694437810727 4.408558568722147 8
1694437811011 6.518726836049548 9
1694437811313 3.598241824417564 10
1694437811571 4.093286919531141 11
1694437811882 4.843745658118075 12
1694437812127 4.647601701999255 13
1694437812385 3.729711971744093 14
1694437812670 6.524953308333231 15
1694437812905 3.018622361574221 16
1694437813172 2.540297106899344 17
1694437813427 4.915307491437147 18
1694437813727 4.9244006968823095 19
1694437814085 6.117604991670969 20
1694437814348 3.77314664548976 21
1694437814605 5.186508632743194 22
1694437814854 5.213332108074838 23
1694437815115 6.396030818709025 24
1694437815413 7.5813699799582155 25
1694437815682 2.758093027262509 26
1694437815949 5.354868140797687 27
1694437816214 5.465822114360403 28
1694437816468 3.4209386125194094 29
1694437816726 4.497386800162378 30
1694437816992 1.7858252733021285 31
1694437817256 5.281427460025414 32
1694437817520 6.975805545329394 33
1694437817769 7.46156759653894 34
1694437818076 3.7037804207476532 35
1694437818344 1.212566785060897 36
1694437818595 3.08066725079383 37
1694437818841 5.394637158304962 38
1694437819100 3.1815242586173653 39
1694437819341 5.059930676078468 40
1694437819576 3.8991025624968123 41
1694437819825 7.122746929512827 42
1694437820086 4.093046472899925 43
1694437820335 2.2770455814791575 44
1694437820599 1.378622426527981 45
1694437820855 6.498840313661938 46
1694437821122 4.039698233951566 47
1694437821501 4.000959588760169 48
1694437821762 2.7996117382355483 49
1694437822039 3.4492170547583134 50
1694437822301 3.4124155740866744 51
1694437822563 3.8660199316334816 52
1694437822807 5.115641208649651 53
1694437823041 3.050005662107344 54
1694437823297 6.213061727223586 55
1694437823526 2.2707040842929525 56
1694437823813 3.6279867353653854 57
1694437824072 3.7726256340967623 58
1694437824326 4.11474770472097 59
1694437824575 4.6931453136772 60
1694437824815 7.97653745011704 61
1694437825078 5.118338802440236 62
1694437825343 6.670107357400941 63
1694437825600 1.5854102786683366 64
1694437825838 4.3200711509575385 65
1694437826071 3.511041207031928 66
1694437826323 5.752285594827948 67
1694437826557 5.496676993246163 68
1694437826789 4.608254455460628 69
1694437827038 9.70017426315047 70
1694437827286 5.061314083556755 71
1694437827551 4.5727065387466235 72
1694437827792 4.886833906844094 73
1694437828094 8.18702387411618 74
1694437828359 3.8517356051429714 75
1694437828638 5.706904163063698 76
1694437828902 2.3784674126047243 77
1694437829171 4.023628933375406 78
1694437829439 3.6216558040959543 79
1694437829689 4.383469676250537 80
1694437829939 3.3852589362844316 81
1694437830185 6.3421141886025625 82
1694437830428 5.335056072247869 83
1694437830682 5.0306165826022395 84
1694437830927 5.832873116557933 85
1694437831180 7.40007618215618 86
1694437831436 4.233660779045777 87
1694437831695 7.141686416085704 88
1694437831946 5.120518058047663 89
1694437832196 5.841798661528644 90
1694437832462 0.7403327202234685 91
1694437832707 4.232729036778093 92
1694437832960 3.9607440147816266 93
1694437833201 3.9813157323445627 94
1694437833461 1.8484491430163446 95
1694437833697 3.3448373282885435 96
1694437833937 5.682847981507366 97
1694437834198 2.894473626816946 98
1694437834456 3.0276564747684622 99
1694437834702 4.567788696512495 100
1694437834968 5.196548667528397 101
1694437835211 3.1996907216795276 102
1694437835459 5.430819070311313 103
1694437835711 5.447529357720698 104
1694437835939 5.072379338266614 105
1694437836226 1.5925042368534041 106
1694437836500 4.640740059674959 107
1694437836756 3.9036336791316235 108
1694437837005 7.671934283099535 109
1694437837254 6.203609980269407 110
1694437837498 2.1441639501268623 111
1694437837734 9.100237494817245 112
1694437837989 5.581336871245861 113
1694437838253 4.160603766894772 114
1694437838495 1.4703209068380403 115
1694437838735 4.5808002603048905 116
1694437838978 5.508508260448295 117
1694437839227 11.030582785321632 118
1694437839465 5.93794852027584 119
1694437839721 4.724489270801129 120
1694437839983 2.5862207009343168 121
1694437840242 4.140809034463725 122
1694437840510 4.75616733550199 123
1694437840779 4.078621919575736 124
1694437841046 6.066366562988791 125
1694437841284 7.336900117329486 126
1694437841539 3.979866661964508 127
1694437841784 4.7809756683660725 128
1694437842036 6.732258595057495 129
1694437842285 3.0111876729082954 130
1694437842543 4.899547470976729 131
1694437842793 3.1903979992041744 132
1694437843048 6.4100774639383005 133
1694437843282 3.9337598262226003 134
1694437843557 5.8334088516793265 135
1694437843818 7.4773000497969315 136
1694437844023 4.4924546676523525 137
1694437844331 6.571396114850418 138
1694437844585 4.855693725902645 139
1694437844859 3.6972451930356196 140
1694437845108 3.7448277274538713 141
1694437845363 4.071816410303823 142
1694437845614 5.111563854849748 143
1694437845866 3.0283531577296716 144
1694437846127 2.703803191966637 145
1694437846360 6.007911740433702 146
1694437846595 3.6513672025021555 147
1694437846856 4.425207458139962 148
1694437847112 3.8529711574630556 149
1694437847370 4.475789313158853 150
1694437847625 4.377572298765873 151
1694437847843 7.347410094138868 152
1694437848134 5.111600244833636 153
1694437848396 4.5595104713548 154
1694437848659 6.2747633232394655 155
1694437848926 3.731232064980506 156
1694437849209 7.245770796926451 157
1694437849476 4.388366286810346 158
1694437849747 5.4206238499599815 159
1694437849967 2.9947613408081435 160
1694437850212 3.8810854879075363 161
1694437850478 6.695268985097357 162
1694437850737 6.9162749305807125 163
1694437851005 4.560921368561392 164
1694437851262 7.445562231282451 165
1694437851541 6.596502507518796 166
1694437851794 5.2964393198200215 167
1694437852052 7.496302859731257 168
1694437852323 6.761568174089196 169
1694437852564 8.549346227505293 170
1694437852804 6.555242906891893 171
1694437853054 8.866983948377642 172
1694437853297 4.519887144934001 173
1694437853536 3.809128275823843 174
1694437853773 3.5631639830626756 175
1694437854020 4.462254483101632 176
1694437854278 4.34533581911748 177
1694437854515 2.791180231579972 178
1694437854757 7.054391172658856 179
1694437855005 3.4709120430906064 180
1694437855250 3.902320754919846 181
1694437855493 6.091468560516602 182
1694437855739 4.290308311838118 183
1694437855974 3.5070836570476422 184
1694437856232 4.0052842070642685 185
1694437856501 6.65663788145386 186
1694437856735 3.99972250752615 187
1694437856944 5.788899574557965 188
1694437857178 7.488407595653772 189
1694437857436 3.9702559266532553 190
1694437857701 3.7508103713839116 191
1694437857935 4.848594033920001 192
1694437858206 5.302187484903009 193
1694437858497 4.605221285100489 194
1694437858742 4.430497353652202 195
1694437858985 5.430360150425471 196
1694437859214 3.8455914859146243 197
1694437859453 4.908432965543692 198
1694437859684 5.616889482941045 199
1694437859919 7.762171324366705 200
1694437860191 5.341829955991624 201
1694437860464 6.569743861994959 202
1694437860717 4.427830163314759 203
1694437860967 3.3735206759467875 204
1694437861225 5.6297918926106 205
1694437861479 4.1595662170380505 206
1694437861722 4.054809098692432 207
1694437861966 3.3390668936985657 208
1694437862234 2.279924593528011 209
1694437862462 6.526848299171531 210
1694437862719 4.1056557330501935 211
1694437862953 4.370513922487607 212
1694437863214 5.775330263931294 213
1694437863473 2.607159216100618 214
1694437863703 5.876246339683173 215
1694437863942 0.6942651072369957 216
1694437864193 5.023062009772911 217
1694437864454 3.9855017530210306 218
1694437864696 7.710301516035234 219
1694437864945 7.363694575475427 220
1694437865204 7.018915980400078 221
1694437865462 5.603280101682029 222
1694437865705 7.596724045823939 223
1694437865969 1.24630005916951 224
1694437866230 4.5679388064063 225
1694437866483 6.315085465527248 226
1694437866725 5.284797202092528 227
1694437866978 3.753754927350294 228
1694437867217 4.692291532433426 229
1694437867460 0.9754677743122343 230
1694437867692 4.7993155843536455 231
1694437867914 1.7495318677870493 232
1694437868145 5.7283378789337265 233
1694437868396 2.2582847062591522 234
1694437868703 5.948520243982239 235
1694437868951 4.032759720225186 236
1694437869186 1.4356420748022236 237
1694437869425 5.2032300200378465 238
1694437869690 3.884136740804715 239
1694437869937 4.961112251301675 240
1694437870193 0.7804524486307859 241
1694437870454 3.6116553426131404 242
1694437870694 5.334879506961962 243
1694437870931 4.4982394207133 244
1694437871177 3.5614563048883254 245
1694437871408 3.2313155878063404 246
1694437871753 6.444062335985286 247
1694437872021 2.0687768147986176 248
1694437872284 4.937734840036011 249
1694437872550 2.3255310811058365 250
1694437872816 4.976300986444367 251
1694437873074 5.61407967340066 252
1694437873342 4.914302294904768 253
1694437873621 4.205915756015171 254
1694437873860 6.128085692779197 255
1694437874103 5.735269064978358 256
1694437874352 2.3039571826196736 257
1694437874603 3.0579704382608535 258
1694437874854 4.344416773315365 259
1694437875105 3.700164409812625 260
1694437875345 1.3694987139476336 261
1694437875574 3.4611285974243735 262
1694437875833 4.345882168503083 263
1694437876077 6.214328331407029 264
1694437876339 5.737450085502503 265
1694437876616 8.733246105416352 266
1694437876856 3.249027880370499 267
1694437877135 8.86142482604041 268
1694437877398 2.0056588209325534 269
1694437877682 7.972515320948079 270
1694437877931 4.462787442840462 271
1694437878166 4.7721746229081985 272
1694437878443 6.9031818943548515 273
1694437878757 3.733555238098192 274
1694437879028 4.713434726212696 275
1694437879332 5.646288553247093 276
1694437879582 6.450288823654209 277
1694437879843 6.5029147743072455 278
1694437880106 5.772944663297859 279
1694437880343 5.271652659003491 280
1694437880569 3.100576450026509 281
1694437880849 6.203822160538635 282
1694437881111 7.174403452622511 283
1694437881349 3.7800098467532077 284
1694437881624 5.087690745038617 285
1694437881844 5.820855672509079 286
1694437882094 5.802959800445244 287
1694437882348 9.300748759735255 288
1694437882581 4.594266209230652 289
1694437882812 3.809820295802854 290
1694437883052 1.294746284172735 291
1694437883295 4.834730005849998 292
1694437883551 1.0934249340014373 293
1694437883818 4.731913836415023 294
1694437884050 4.2357395305717285 295
1694437884306 4.901714715966355 296
1694437884547 3.3448804911513053 297
1694437884788 4.3909049265518885 298
1694437885017 5.07858537597111 299
1694437885260 7.937674836914835 300
1694437885502 5.087819534950206 301
1694437885760 5.27168378586831 302
1694437886000 6.367810065043523 303
1694437886259 4.670066730843585 304
1694437886501 6.911544192387394 305
1694437886730 4.61596403631425 306
1694437886980 3.4491408744620498 307
1694437887235 4.328553863860471 308
1694437887461 4.201210166293475 309
1694437887719 7.500854274013642 310
1694437887975 4.190211116925747 311
1694437888238 5.631217129509342 312
1694437888492 5.4816838144191005 313
1694437888770 5.333786055536701 314
1694437889009 4.468380178189821 315
1694437889286 5.048827574636777 316
1694437889568 5.262408659367009 317
1694437889838 4.711339072177741 318
1694437890073 3.197873067519207 319
1694437890307 2.3857630349454126 320
1694437890565 9.123074411479248 321
1694437890839 6.208584054330095 322
1694437891080 4.313184588729939 323
1694437891329 6.262018384499575 324
1694437891581 2.3614200065434683 325
1694437891831 6.005809552503772 326
1694437892076 5.742455044129302 327
1694437892321 3.217703397686834 328
1694437892583 5.269284737449222 329
1694437892829 6.836624902329345 330
1694437893070 2.779822881870144 331
1694437893294 1.8949220024323703 332
1694437893552 2.8080806566689738 333
1694437893796 3.53718040188473 334
1694437894033 4.676759438215856 335
1694437894278 4.691563843816508 336
1694437894530 3.030257482640754 337
1694437894754 6.388120097480188 338
1694437894994 3.987207937902366 339
1694437895235 5.154374062005728 340
1694437895484 4.201568785982813 341
1694437895735 6.05197123347062 342
1694437895986 5.266435302785784 343
1694437896241 4.95893652167951 344
1694437896488 7.2310091244413215 345
1694437896749 6.565185073142666 346
1694437896980 0.8674890026495751 347
1694437897213 2.98195805600225 348
1694437897453 5.3979296315776155 349
1694437897679 6.723292559448936 350
1694437897920 5.6941487203479575 351
1694437898174 4.230560158367562 352
1694437898421 6.110020792708332 353
1694437898664 4.925224725157509 354
1694437898932 4.658719501583513 355
1694437899161 4.648663510633955 356
1694437899406 5.050527507291396 357
1694437899628 4.000352703856428 358
1694437899849 3.616970358367016 359
1694437900094 3.967984138745699 360
1694437900327 6.12255395486232 361
1694437900555 4.521540461045785 362
1694437900783 4.314671698777648 363
1694437901072 6.130404935602564 364
1694437901311 3.967041831851244 365
1694437901556 4.604772088467958 366
1694437901773 4.8000832412093555 367
1694437901999 5.157213514964086 368
1694437902219 4.80789114796329 369
1694437902455 4.4169622269322195 370
1694437902713 5.564698412268864 371
1694437902974 6.147604092669979 372
1694437903241 4.579679815218091 373
1694437903515 3.265254191837089 374
1694437903784 3.298941976351002 375
1694437904059 3.409700834388409 376
1694437904316 3.308142599424536 377
1694437904582 5.424328380934344 378
1694437904838 3.8220489712029577 379
1694437905084 3.140815099665645 380
1694437905324 4.617945598071074 381
1694437905606 3.494496036838286 382
1694437905847 4.256895313451826 383
1694437906085 4.4729992307912 384
1694437906308 5.2717241567487045 385
1694437906546 2.784059565175305 386
1694437906770 3.1629920771576634 387
1694437906992 5.1166549332257345 388
1694437907220 3.3344730589127924 389
1694437907448 4.814594269100569 390
1694437907671 5.816060814432836 391
1694437907895 5.574007018623502 392
1694437908129 4.961003979871988 393
1694437908371 4.392037561282745 394
1694437908606 3.143461689079671 395
1694437908871 5.129743913383887 396
1694437909141 2.0406613199064747 397
1694437909383 1.2549749674047534 398
1694437909615 2.039631916370188 399
1694437909864 3.283120916713362 400
1694437910110 4.008382598491267 401
1694437910361 3.8841960593793226 402
1694437910619 4.792822721849249 403
1694437910879 1.6275293871359782 404
1694437911129 3.4266818585230383 405
1694437911382 6.117066855686447 406
1694437911644 6.670782058616701 407
1694437911907 4.120371213233267 408
1694437912177 3.3019373343905634 409
1694437912417 5.978619179556506 410
1694437912673 5.8988986888123875 411
1694437912920 8.59167080343528 412
1694437913170 3.4238045375845503 413
1694437913426 4.089474210544787 414
1694437913681 7.012094917823213 415
1694437913920 5.812510017599269 416
1694437914189 4.724638295081453 417
1694437914461 5.103520063758094 418
1694437914697 4.857847475214495 419
1694437914811 5.018320274809907 420
1694437915160 6.777696626949838 421
1694437915407 8.178304873664882 422
1694437915656 4.923160422590577 423
1694437915889 4.045777108223594 424
1694437916120 4.724922372529704 425
1694437916368 5.447133848202623 426
1694437916603 7.037313276694407 427
1694437916849 3.5758437131675636 428
1694437917086 3.967170884420799 429
1694437917348 5.21454618199106 430
1694437917590 5.355137580609152 431
1694437917832 3.361507451377499 432
1694437918095 6.714515205443006 433
1694437918357 5.817921621472604 434
1694437918621 2.349163476295972 435
1694437918861 5.367520509504392 436
1694437919143 3.870465472657034 437
1694437919383 3.4667977558989063 438
1694437919642 5.2525826989773305 439
1694437919867 3.1500459567406702 440
1694437920111 4.708089617240124 441
1694437920346 4.8789376929893535 442
1694437920579 4.375880716274826 443
1694437920823 2.431644584270526 444
1694437921069 6.565089707038325 445
1694437921301 1.8906610016165293 446
1694437921544 8.627231306441626 447
1694437921785 4.703221445250104 448
1694437922036 6.278024032761725 449
1694437922277 3.882021589595353 450
1694437922527 6.095666917621333 451
1694437922771 0.11402514906184458 452
1694437923024 5.437024477446333 453
1694437923278 2.733318693240111 454
1694437923528 3.641634141281619 455
1694437923781 3.949586075861867 456
1694437924008 5.031742381658608 457
1694437924261 4.576972317125863 458
1694437924528 2.576043939358697 459
1694437924790 2.7486906772853956 460
1694437925033 4.854600926359634 461
1694437925286 4.502766386543553 462
1694437925530 2.020813736259586 463
1694437925767 2.878666735117523 464
1694437926003 7.735066675675858 465
1694437926242 3.443971429580697 466
1694437926492 8.154295118938332 467
1694437926757 0.8804737713566827 468
1694437927015 1.9909887042890035 469
1694437927276 2.536576609536733 470
1694437927531 15.48965253251573 471
1694437927778 6.370090028720085 472
1694437928021 6.180407729012861 473
1694437928270 4.072255173808759 474
1694437928535 5.279462463725342 475
1694437928802 2.840776907337874 476
1694437929108 5.258999537871779 477
1694437929368 3.7933822325515854 478
1694437929611 2.350705476830491 479
1694437929865 4.533149973021092 480
1694437930121 5.593791214338424 481
1694437930365 2.2952761202163217 482
1694437930623 6.507989579157048 483
1694437930880 5.426392556003997 484
1694437931135 3.5283252196216637 485
1694437931383 3.9768917608447265 486
1694437931644 4.070851105069434 487
1694437931873 4.532958718250738 488
1694437932154 4.6384919555105215 489
1694437932432 6.11967531108538 490
1694437932697 6.065744576968871 491
1694437932964 3.647843887324887 492
1694437933196 5.083930556852084 493
1694437933472 10.942886892712627 494
1694437933737 8.435493594647143 495
1694437933988 4.832435349238013 496
1694437934220 4.202266570788356 497
1694437934495 7.50953423322102 498
1694437934754 3.5340969419553385 499
