1694441805245 -0.009891238679172742 0
1694441805299 -0.00987544376342897 1
1694441805342 -0.00986419112741621 2
1694441805380 -0.009851804405480724 3
1694441805443 -0.009838258229949437 4
1694441805512 -0.009823526773484303 5
1694441805615 -0.009807583742771575 6
1694441805687 -0.00979040237218487 7
1694441805728 -0.009771955417412936 8
1694441805789 -0.009752215149063215 9
1694441805832 -0.009731153346243637 10
1694441805898 -0.009708741290113565 11
1694441806015 -0.00968494975742451 12
1694441806101 -0.009659749014033103 13
1694441806173 -0.009633108808406288 14
1694441806242 -0.00960499836511075 15
1694441806293 -0.009575386378295248 16
1694441806343 -0.009544241005160714 17
1694441806393 -0.009511529859434598 18
1694441806492 -0.00947722000483986 19
1694441806561 -0.00944127794856775 20
1694441806625 -0.00940366963475836 21
1694441806698 -0.009364360437991603 22
1694441806780 -0.009323315156789747 23
1694441806834 -0.009280498007141036 24
1694441806899 -0.009235872616043306 25
1694441806938 -0.009189402015073345 26
1694441806985 -0.00914104863398757 27
1694441807037 -0.009090774294358894 28
1694441807115 -0.009038540203248235 29
1694441807179 -0.008984306946927756 30
1694441807251 -0.008928034484647629 31
1694441807331 -0.00886968214245698 32
1694441807394 -0.008809208607089225 33
1694441807471 -0.008746571919908686 34
1694441807537 -0.008681729470928046 35
1694441807580 -0.00861463799290263 36
1694441807628 -0.008545253555510834 37
1694441807680 -0.008489960181835121 38
1694441807728 -0.008432718855684973 39
1694441807788 -0.008373492006898298 40
1694441807844 -0.008312241501689188 41
1694441807905 -0.008248928638008968 42
1694441807964 -0.00818351414099805 43
1694441808046 -0.00811595815852284 44
1694441808122 -0.008046220256814562 45
1694441808205 -0.007974259416205776 46
1694441808259 -0.0079000340269757 47
1694441808337 -0.007823501885312556 48
1694441808451 -0.007744620189388929 49
1694441808554 -0.007663345535574129 50
1694441808637 -0.00760054934254617 51
1694441808712 -0.007535704534943122 52
1694441808768 -0.007468772758616904 53
1694441808835 -0.007399715124492889 54
1694441808922 -0.0073284922054994706 55
1694441809021 -0.007255064033636627 56
1694441809084 -0.007179390097173277 57
1694441809165 -0.007101429337992737 58
1694441809238 -0.0070211401490782865 59
1694441809301 -0.006938480372158162 60
1694441809401 -0.006853407295512648 61
1694441809481 -0.006765877651942365 62
1694441809562 -0.006675847616915531 63
1694441809610 -0.006583272806894858 64
1694441809658 -0.006488108277852289 65
1694441809707 -0.006390308523978483 66
1694441809761 -0.006289827476595233 67
1694441809824 -0.006186618503276176 68
1694441809859 -0.006080634407185315 69
1694441809900 -0.005971827426641596 70
1694441809937 -0.005860149234911294 71
1694441809976 -0.0057455509402468685 72
1694441810029 -0.005627983086165633 73
1694441810064 -0.005507395651990432 74
1694441810112 -0.005383738053654996 75
1694441810151 -0.0052569591447710895 76
1694441810195 -0.005127007217990309 77
1694441810246 -0.004993830006641664 78
1694441810301 -0.004857374686672911 79
1694441810364 -0.004717587878895424 80
1694441810430 -0.00457441565154082 81
1694441810477 -0.004427803523141982 82
1694441810530 -0.0042776964657418315 83
1694441810575 -0.004124038908448702 84
1694441810622 -0.00396677474132856 85
1694441810714 -0.00380584731966227 86
1694441810766 -0.0036411994685630056 87
1694441810813 -0.003472773487975367 88
1694441810852 -0.003300511158045527 89
1694441810902 -0.0031243537448941705 90
1694441810943 -0.0029442420067780084 91
1694441810984 -0.0027601162006738456 92
1694441811028 -0.002571916089265658 93
1694441811072 -0.0023795809483673214 94
1694441811136 -0.0021830495747738876 95
1694441811206 -0.0019822602945598344 96
1694441811266 -0.0017771509718234046 97
1694441811324 -0.0015676590178947958 98
1694441811374 -0.0013537214010086451 99
1694441811435 -0.0011352746564523564 100
1694441811489 -0.0009122548971978173 101
1694441811548 -0.0006845978250227258 102
1694441811603 -0.00045223874213329296 103
1694441811651 -0.0002151125632878781 104
1694441811690 2.6846171562677767e-05 105
1694441811736 0.00027370328411713274 106
1694441811803 0.0005255249440390131 107
1694441811869 0.000782377654738653 108
1694441811922 0.0010443282386173314 109
1694441811990 0.001311443821764291 110
1694441812072 0.001583791818105862 111
1694441812151 0.0018614399129961434 112
1694441812219 0.0021444560462499096 113
1694441812280 0.0024329083946061925 114
1694441812344 0.0027268653536256515 115
1694441812417 0.0030263955190119596 116
1694441812469 0.0033315676673555394 117
1694441812519 0.0036424507363040926 118
1694441812562 0.003959113804134717 119
1694441812611 0.004281626068760258 120
1694441812665 0.004610056826135023 121
1694441812730 0.004944475448077856 122
1694441812795 0.0052849513595074615 123
1694441812852 0.005631554015085416 124
1694441812919 0.005984352875274879 125
1694441812965 0.006343417381812544 126
1694441813006 0.00670881693258607 127
1694441813054 0.007080620855940856 128
1694441813146 0.007458898384398616 129
1694441813200 0.007843718627798535 130
1694441813265 0.008235150545867875 131
1694441813309 0.008633262920222595 132
1694441813355 0.009038124325810637 133
1694441813397 0.009449803101784338 134
1694441813439 0.00986836732184182 135
1694441813492 0.010293884764014605 136
1694441813536 0.010726422879923425 137
1694441813580 0.011166048763512126 138
1694441813626 0.01161282911927064 139
1694441813674 0.012066830229940595 140
1694441813733 0.01252811792374886 141
1694441813793 0.012996757541148152 142
1694441813841 0.01347281390109234 143
1694441813900 0.013956351266874334 144
1694441813951 0.014447433311499003 145
1694441814018 0.014946123082666851 146
1694441814089 0.015452482967331704 147
1694441814155 0.015966574655881582 148
1694441814249 0.016488459105945097 149
1694441814314 0.0170181965058549 150
1694441814356 0.017555846237783612 151
1694441814419 0.01810146684055669 152
1694441814501 0.018655115972203595 153
1694441814569 0.01921685037222698 154
1694441814631 0.019786725823642604 155
1694441814678 0.020364797114798883 156
1694441814748 0.020951118001010682 157
1694441814788 0.021545741166029808 158
1694441814827 0.02214871818337738 159
1694441814867 0.02276009947756996 160
1694441814916 0.02337993428526508 161
1694441814958 0.024008270616356464 162
1694441815005 0.024645155215051617 163
1694441815055 0.025290633520956396 164
1694441815111 0.02594474963020399 165
1694441815152 0.026607546256665504 166
1694441815221 0.027279064693249033 167
1694441815285 0.027959344773367034 168
1694441815339 0.028648424832557584 169
1694441815406 0.029346341670327236 170
1694441815471 0.030053130512236126 171
1694441815521 0.03076882497226563 172
1694441815569 0.03149345701550399 173
1694441815615 0.0322270569211871 174
1694441815678 0.03296965324612977 175
1694441815739 0.03372127278858905 176
1694441815806 0.03448194055259102 177
1694441815866 0.03525167971276422 178
1694441815905 0.03603051157972359 179
1694441815964 0.03681845556601626 180
1694441816021 0.0376155291527116 181
1694441816077 0.03842174785663399 182
1694441816139 0.039237125198297695 183
1694441816215 0.04006167267057581 184
1694441816260 0.04089539970815048 185
1694441816311 0.04173831365775471 186
1694441816356 0.042590419749291675 187
1694441816404 0.0434517210678218 188
1694441816453 0.04432221852647977 189
1694441816497 0.04520191084035541 190
1694441816565 0.04609079450136899 191
1694441816632 0.04698886375418476 192
1694441816691 0.047896110573187434 193
1694441816736 0.0488125246405684 194
1694441816779 0.04973809332554324 195
1694441816827 0.05067280166475019 196
1694441816882 0.051616632343831514 197
1694441816933 0.05256956568027327 198
1694441816992 0.053531579607492885 199
1694441817048 0.05450264966022511 200
1694441817091 0.05548274896122973 201
1694441817130 0.05647184820935647 202
1694441817166 0.05746991566896209 203
1694441817206 0.058476917160757313 204
1694441817250 0.0594928160540551 205
1694441817301 0.060517573260473134 206
1694441817351 0.06155114722909827 207
1694441817405 0.06259349394313962 208
1694441817465 0.0636445669180814 209
1694441817509 0.06470431720135283 210
1694441817560 0.06577269337354097 211
1694441817615 0.06684964155113338 212
1694441817664 0.06793510539082748 213
1694441817721 0.06902902609541328 214
1694441817764 0.07013134242121755 215
1694441817810 0.07124199068713521 216
1694441817862 0.07236090478524582 217
1694441817905 0.07348801619301426 218
1694441817984 0.07462325398708358 219
1694441818055 0.07576654485865053 220
1694441818118 0.076917813130426 221
1694441818180 0.07807698077517511 222
1694441818232 0.0792439674358274 223
1694441818295 0.08041869044715044 224
1694441818355 0.08160106485897733 225
1694441818413 0.08279100346097057 226
1694441818466 0.08398841680891489 227
1694441818531 0.08519321325252505 228
1694441818598 0.08640529896472215 229
1694441818664 0.08762457797241441 230
1694441818721 0.08885095218870265 231
1694441818799 0.09008432144652989 232
1694441818863 0.09132458353370643 233
1694441818922 0.09257163422934545 234
1694441818984 0.09382536734161462 235
1694441819043 0.09508567474681928 236
1694441819082 0.09635244642976282 237
1694441819138 0.09762557052536269 238
1694441819199 0.09890493336147588 239
1694441819283 0.10019041950291852 240
1694441819330 0.10148191179659927 241
1694441819380 0.10277929141779085 242
1694441819437 0.10408243791743754 243
1694441819481 0.10539122927050237 244
1694441819526 0.10670554192526915 245
1694441819567 0.10802525085360959 246
1694441819610 0.10935022960211516 247
1694441819663 0.11068035034409396 248
1694441819702 0.11201548393233729 249
1694441819755 0.11335549995266836 250
1694441819795 0.11470026677817902 251
1694441819850 0.11604965162410374 252
1694441819892 0.1174035206033276 253
1694441819937 0.11876173878242724 254
1694441819976 0.12012417023822042 255
1694441820029 0.12149067811476966 256
1694441820074 0.12286112468078647 257
1694441820139 0.1242353713873856 258
1694441820218 0.12561327892613905 259
1694441820318 0.12699470728737627 260
1694441820397 0.128379515818682 261
1694441820475 0.12976756328353944 262
1694441820526 0.13115870792006323 263
1694441820574 0.1325528074997807 264
1694441820634 0.13394971938640177 265
1694441820713 0.13534930059452965 266
1694441820759 0.13675140784827666 267
1694441820805 0.13815589763969305 268
1694441820855 0.13956262628703042 269
1694441820925 0.1409714499927216 270
1694441820965 0.14238222490107233 271
1694441821010 0.1437948071556049 272
1694441821056 0.14520905295600917 273
1694441821095 0.14662481861465504 274
1694441821140 0.14804196061262653 275
1694441821194 0.14946033565523187 276
1694441821242 0.15087980072694873 277
1694441821299 0.15230021314576292 278
1694441821362 0.1537214306168646 279
1694441821410 0.15514331128565884 280
1694441821465 0.15656571379005813 281
1694441821507 0.15798849731202036 282
1694441821555 0.15941152162829353 283
1694441821598 0.16083464716034135 284
1694441821650 0.16225773502341045 285
1694441821706 0.16368064707471652 286
1694441821752 0.16510324596071246 287
1694441821808 0.16652539516341902 288
1694441821855 0.16794695904578483 289
1694441821914 0.16936780289605646 290
1694441821957 0.170787792971132 291
1694441822014 0.17220679653887772 292
1694441822063 0.17362468191938907 293
1694441822126 0.17504131852517257 294
1694441822172 0.17645657690023775 295
1694441822243 0.17787032875807718 296
1694441822303 0.17928244701852447 297
1694441822372 0.18069280584347747 298
1694441822431 0.18210128067146514 299
1694441822488 0.18350774825107663 300
1694441822555 0.1849120866731887 301
1694441822600 0.18631417540205786 302
1694441822644 0.18771389530520932 303
1694441822700 0.18911112868214508 304
1694441822738 0.1905057592918673 305
1694441822781 0.1918976723792143 306
1694441822821 0.19328675470000078 307
1694441822881 0.19467289454497128 308
1694441822926 0.19605598176256722 309
1694441822965 0.1974359077805088 310
1694441823006 0.19881256562619454 311
1694441823050 0.20018584994592836 312
1694441823096 0.20155565702297773 313
1694441823147 0.20292188479446682 314
1694441823193 0.2042844328671326 315
1694441823233 0.20564320253190516 316
1694441823278 0.20699809677739667 317
1694441823320 0.20834902030224 318
1694441823364 0.20969587952632873 319
1694441823422 0.2110385826009621 320
1694441823473 0.21237703941790476 321
1694441823546 0.21371116161738413 322
1694441823607 0.2150408625950323 323
1694441823679 0.21636605750779336 324
1694441823716 0.21768666327881003 325
1694441823755 0.2190025986013202 326
1694441823798 0.22031378394155 327
1694441823851 0.22162014154065324 328
1694441823906 0.22292159541571188 329
1694441824011 0.22421807135979488 330
1694441824060 0.2255094969411262 331
1694441824099 0.22679580150133982 332
1694441824139 0.22807691615290226 333
1694441824193 0.22935277377566554 334
1694441824256 0.2306233090126032 335
1694441824293 0.2318884582647468 336
1694441824359 0.23314815968533353 337
1694441824399 0.23440235317320202 338
1694441824444 0.2356509803654463 339
1694441824484 0.23689398462935285 340
1694441824540 0.23813131105364838 341
1694441824601 0.2393629064390722 342
1694441824666 0.24058871928830206 343
1694441824717 0.24180869979525 344
1694441824778 0.2430227998337574 345
1694441824828 0.24423097294570195 346
1694441824868 0.24543317432854805 347
1694441824913 0.24662936082235676 348
1694441824953 0.24781949089627875 349
1694441825000 0.24900352463454922 350
1694441825048 0.25018142372201324 351
1694441825091 0.25135315142919523 352
1694441825128 0.2525186725969387 353
1694441825180 0.25367795362062906 354
1694441825228 0.2548309624340437 355
1694441825312 0.25597766849279835 356
1694441825407 0.25711804275749073 357
1694441825467 0.2582520576764654 358
1694441825515 0.2593796871683073 359
1694441825579 0.26050090660402103 360
1694441825613 0.2616156927889446 361
1694441825662 0.2627240239444195 362
1694441825696 0.26382587968919735 363
1694441825741 0.26492124102066483 364
1694441825804 0.26601009029584344 365
1694441825855 0.2670924112122135 366
1694441825896 0.268168188788375 367
1694441825964 0.2692374093445541 368
1694441826027 0.2703000604829786 369
1694441826088 0.2713561310681363 370
1694441826130 0.27240561120692786 371
1694441826191 0.2734484922287326 372
1694441826262 0.2744847666654042 373
1694441826314 0.2755144282312013 374
1694441826372 0.2765374718026782 375
1694441826420 0.2775538933985404 376
1694441826486 0.2785636901594791 377
1694441826543 0.2795668603280109 378
1694441826594 0.28056340322829487 379
1694441826650 0.28155331924600147 380
1694441826708 0.2825366098081924 381
1694441826761 0.28351327736323206 382
1694441826826 0.2844833253607585 383
1694441826890 0.28544675823173127 384
1694441826945 0.2864035813685063 385
1694441827014 0.28735380110503683 386
1694441827065 0.2882974246971318 387
1694441827113 0.28923446030283206 388
1694441827165 0.2901649169628666 389
1694441827204 0.29108880458125086 390
1694441827273 0.29200613390599683 391
1694441827340 0.2929169165099328 392
1694441827390 0.2938211647716905 393
1694441827448 0.29471889185681144 394
1694441827503 0.2956101116990121 395
1694441827560 0.29649483898160034 396
1694441827634 0.29737308911905325 397
1694441827717 0.29824487823876 398
1694441827793 0.2991102231629372 399
1694441827857 0.2999691413907176 400
1694441827897 0.3008216510804217 401
1694441827946 0.3016677710320107 402
1694441827997 0.3025075206697301 403
1694441828050 0.3033409200249446 404
1694441828103 0.3041679897191679 405
1694441828148 0.3049887509472917 406
1694441828200 0.3058032254610179 407
1694441828244 0.3066114355524894 408
1694441828299 0.30741340403813455 409
1694441828336 0.3082091542427171 410
1694441828398 0.308998709983594 411
1694441828462 0.30978209555519964 412
1694441828518 0.3105593357137151 413
1694441828590 0.3113304556619909 414
1694441828639 0.31209548103465623 415
1694441828697 0.31285443788346734 416
1694441828745 0.3136073526628502 417
1694441828791 0.314354252215691 418
1694441828828 0.3150951637593258 419
1694441828881 0.31583011487175827 420
1694441828915 0.3165591334780975 421
1694441828998 0.31728224783721526 422
1694441829056 0.3179994865286233 423
1694441829117 0.31871087843956913 424
1694441829157 0.31941645275235653 425
1694441829200 0.3201162389318788 426
1694441829243 0.3208102667133751 427
1694441829318 0.32149856609040284 428
1694441829394 0.3221811673030246 429
1694441829450 0.3228581008262147 430
1694441829510 0.3235293973584775 431
1694441829556 0.3241950878106812 432
1694441829606 0.3248552032951083 433
1694441829651 0.32550977511469725 434
1694441829710 0.32615883475252416 435
1694441829798 0.32680241386146713 436
1694441829837 0.32744054425408964 437
1694441829905 0.328073257892725 438
1694441829950 0.32870058687976356 439
1694441830016 0.32932256344814204 440
1694441830103 0.3299392199520301 441
1694441830171 0.33055058885772015 442
1694441830250 0.33115670273470477 443
1694441830333 0.3317575942469535 444
1694441830380 0.3323532961443786 445
1694441830438 0.3329438412544916 446
1694441830494 0.33352926247424364 447
1694441830533 0.3341095927620611 448
1694441830580 0.33468486513004714 449
1694441830639 0.33525511263637764 450
1694441830686 0.33582036837787443 451
1694441830736 0.3363806654827497 452
1694441830790 0.3369360371035257 453
1694441830858 0.3374865164101293 454
1694441830901 0.338032136583153 455
1694441830950 0.3385729308072838 456
1694441831022 0.3391089322648957 457
1694441831076 0.3396401741298075 458
1694441831147 0.340166689561203 459
1694441831194 0.34068851169769065 460
1694441831239 0.3412056736515484 461
1694441831291 0.341718208503099 462
1694441831348 0.34222614929524153 463
1694441831410 0.3427295290281336 464
1694441831460 0.3432283806540172 465
1694441831504 0.34372273707219614 466
1694441831548 0.34421263112413203 467
1694441831589 0.34469809558870934 468
1694441831624 0.3451791631776162 469
1694441831661 0.34565586653086566 470
1694441831709 0.3461282382124502 471
1694441831747 0.34659631070612207 472
1694441831794 0.34706011641130496 473
1694441831835 0.3475196876391283 474
1694441831875 0.3479750566085861 475
1694441831923 0.3484262554428106 476
1694441832017 0.3488733161654829 477
1694441832072 0.3493162706973245 478
1694441832170 0.3497551508527428 479
1694441832262 0.3501899883365611 480
1694441832326 0.3506208147408698 481
1694441832407 0.3510476615419821 482
1694441832456 0.3514705600974922 483
1694441832506 0.35188954164345077 484
1694441832550 0.35230463729161454 485
1694441832596 0.3527158780268278 486
1694441832648 0.35312329470447723 487
1694441832692 0.3535269180480509 488
1694441832729 0.353926778646793 489
1694441832788 0.35432290695344215 490
1694441832849 0.3547153332820685 491
1694441832897 0.3551040878059911 492
1694441832953 0.3554892005557846 493
1694441833000 0.35587070141736865 494
1694441833065 0.3562486201301802 495
1694441833106 0.35662298628542644 496
1694441833149 0.3569938293244136 497
1694441833186 0.3573611785369558 498
1694441833229 0.3577250630598561 499
