1694436815564 -0.005609011909166073 0
1694436815592 -0.005245354733072416 1
1694436815621 -0.006190230613351444 2
1694436815648 -0.006093731193618002 3
1694436815678 -0.005026684948781002 4
1694436815713 -0.005386045956953689 5
1694436815747 -0.00518577028034839 6
1694436815778 -0.005090678422360551 7
1694436815808 -0.005639553697041055 8
1694436815836 -0.005110598230953833 9
1694436815865 -0.0060449382916245575 10
1694436815892 -0.005530815783542753 11
1694436815923 -0.005749492404152123 12
1694436815952 -0.005388419241641129 13
1694436815985 -0.00541669971329739 14
1694436816017 -0.0058833595163614305 15
1694436816046 -0.005581787402260563 16
1694436816076 -0.0050332419104561765 17
1694436816110 -0.005666857172950124 18
1694436816141 -0.005335774232200885 19
1694436816171 -0.005636963442609666 20
1694436816203 -0.004817925926263289 21
1694436816232 -0.005442708870634361 22
1694436816263 -0.005552016244430247 23
1694436816293 -0.006469318983024941 24
1694436816323 -0.005418452573252575 25
1694436816351 -0.004884208658783917 26
1694436816383 -0.005345801423751295 27
1694436816413 -0.005618202534198868 28
1694436816442 -0.005182326115728886 29
1694436816471 -0.005397609156423844 30
1694436816500 -0.005246687654531179 31
1694436816529 -0.005126191697963245 32
1694436816562 -0.00552278491955871 33
1694436816593 -0.005715622160533007 34
1694436816621 -0.005943913055382 35
1694436816648 -0.005417535336133206 36
1694436816678 -0.0051643164400296815 37
1694436816707 -0.006242083918038155 38
1694436816741 -0.005425818270924809 39
1694436816785 -0.005672783352440147 40
1694436816822 -0.005361391756748546 41
1694436816855 -0.005574582226230973 42
1694436816890 -0.005480958148241344 43
1694436816920 -0.00484545064091213 44
1694436816951 -0.005195383035514478 45
1694436816982 -0.005029732659522113 46
1694436817014 -0.005354517963128025 47
1694436817051 -0.005305888470519271 48
1694436817085 -0.005376277989006528 49
1694436817119 -0.004667859605262503 50
1694436817162 -0.005365438113183352 51
1694436817193 -0.005372164986933825 52
1694436817232 -0.005488797956488378 53
1694436817268 -0.0055767779628941305 54
1694436817302 -0.006148279217402575 55
1694436817334 -0.005609014948149804 56
1694436817367 -0.005358391709505916 57
1694436817401 -0.0060906199137402695 58
1694436817434 -0.005659297917317563 59
1694436817470 -0.0051240980880173925 60
1694436817520 -0.004788025397775231 61
1694436817562 -0.005627114463843563 62
1694436817613 -0.005554116109078633 63
1694436817654 -0.005512260588745876 64
1694436817694 -0.005359443574543654 65
1694436817729 -0.005598010201889991 66
1694436817757 -0.005239647110988566 67
1694436817790 -0.005249294694681161 68
1694436817823 -0.005477317490222511 69
1694436817852 -0.005425774236005321 70
1694436817883 -0.00592829626032354 71
1694436817913 -0.004814904465346714 72
1694436817940 -0.004590818731923019 73
1694436817969 -0.005160132402101336 74
1694436818000 -0.0050972697776707765 75
1694436818030 -0.005784922016633054 76
1694436818061 -0.005540211442259579 77
1694436818096 -0.005719239930073616 78
1694436818127 -0.00531482337561151 79
1694436818157 -0.005324984332673921 80
1694436818186 -0.005346355340539954 81
1694436818214 -0.005549488935596036 82
1694436818244 -0.00473989231472105 83
1694436818274 -0.0056189711035370404 84
1694436818304 -0.005728818042558537 85
1694436818336 -0.005475788777130175 86
1694436818371 -0.004894802195716252 87
1694436818402 -0.005818350403204331 88
1694436818433 -0.006232036716756761 89
1694436818464 -0.005406639984735673 90
1694436818497 -0.005056159824730955 91
1694436818527 -0.004697370702583248 92
1694436818555 -0.005293800136704885 93
1694436818587 -0.00564743143249502 94
1694436818620 -0.006092981238054351 95
1694436818652 -0.004417028765727915 96
1694436818685 -0.005412613333381833 97
1694436818728 -0.0054120916843007905 98
1694436818762 -0.006111542537832193 99
1694436818796 -0.00558579131630399 100
1694436818835 -0.005244088136046932 101
1694436818868 -0.004762398821155811 102
1694436818899 -0.005004343591168192 103
1694436818929 -0.005195313794512435 104
1694436818965 -0.005998650596330979 105
1694436819000 -0.0051332294052841565 106
1694436819034 -0.005388549360060502 107
1694436819069 -0.0050111633004927825 108
1694436819103 -0.005120454972026955 109
1694436819134 -0.004716706510371038 110
1694436819168 -0.005242193398691031 111
1694436819203 -0.005086713848128532 112
1694436819240 -0.005213989106256589 113
1694436819282 -0.005921474481866751 114
1694436819314 -0.004861304712616699 115
1694436819347 -0.005679670773506951 116
1694436819379 -0.005097228434705947 117
1694436819411 -0.004868502784319606 118
1694436819447 -0.005048520354312469 119
1694436819480 -0.005661456009636856 120
1694436819507 -0.005919206835549806 121
1694436819537 -0.006259194322814299 122
1694436819570 -0.005364473803604719 123
1694436819603 -0.005430097170976422 124
1694436819638 -0.0052707344101963205 125
1694436819669 -0.005407387078804726 126
1694436819700 -0.004862656051582981 127
1694436819728 -0.005143105558306882 128
1694436819766 -0.0054712308877489235 129
1694436819800 -0.005684291651937512 130
1694436819829 -0.0046138544390781355 131
1694436819863 -0.005526784642253535 132
1694436819891 -0.0058358898265939985 133
1694436819920 -0.005468804413935713 134
1694436819950 -0.005216778167875136 135
1694436819981 -0.005190224716613567 136
1694436820008 -0.005982576235052051 137
1694436820036 -0.004843331388777239 138
1694436820061 -0.004624677213782125 139
1694436820091 -0.00582895644856829 140
1694436820121 -0.005079243938120426 141
1694436820154 -0.005391669124442 142
1694436820183 -0.004909150880819446 143
1694436820219 -0.004952382039691727 144
1694436820257 -0.005459961120937162 145
1694436820290 -0.004923604377214508 146
1694436820328 -0.005821423546824578 147
1694436820368 -0.005243220117149727 148
1694436820401 -0.005179443823370322 149
1694436820435 -0.004860588779192376 150
1694436820477 -0.005259110833767622 151
1694436820509 -0.005173996453859742 152
1694436820546 -0.005354161769377086 153
1694436820581 -0.005136708834098336 154
1694436820616 -0.00562134410401538 155
1694436820650 -0.005237970523361168 156
1694436820684 -0.0052723306495592315 157
1694436820716 -0.005491429861378405 158
1694436820755 -0.005920578740350235 159
1694436820793 -0.005571781734657444 160
1694436820833 -0.005268738025490771 161
1694436820873 -0.00535976022130602 162
1694436820910 -0.005065160852319783 163
1694436820960 -0.005460774268112756 164
1694436821012 -0.00551837450949666 165
1694436821048 -0.00502816913197579 166
1694436821082 -0.0052367514477413835 167
1694436821115 -0.004927525466428273 168
1694436821150 -0.005555707205934679 169
1694436821185 -0.005221257926876888 170
1694436821226 -0.0052097371826087535 171
1694436821263 -0.005658286687909797 172
1694436821298 -0.00444413656941367 173
1694436821327 -0.005445131144673487 174
1694436821362 -0.005117188266397621 175
1694436821391 -0.005540343403586334 176
1694436821421 -0.006060623568303614 177
1694436821452 -0.0056526997896910736 178
1694436821483 -0.005374384609880156 179
1694436821518 -0.004806817043849776 180
1694436821550 -0.00576791952466893 181
1694436821584 -0.005002182202321626 182
1694436821617 -0.005126260510920799 183
1694436821658 -0.005105749158315076 184
1694436821703 -0.005490324989660289 185
1694436821749 -0.004916058032069515 186
1694436821791 -0.005290491875896031 187
1694436821827 -0.005820765258487848 188
1694436821858 -0.005008677261928218 189
1694436821890 -0.004829595910182283 190
1694436821922 -0.0056531275299334105 191
1694436821953 -0.0050525007051087645 192
1694436821988 -0.004530214409911748 193
1694436822022 -0.005241669933003346 194
1694436822053 -0.005207614375459579 195
1694436822085 -0.005308586057579001 196
1694436822115 -0.005356381886614026 197
1694436822146 -0.005176200133124809 198
1694436822178 -0.005694261533114808 199
1694436822209 -0.005220526660318692 200
1694436822239 -0.005080223450044663 201
1694436822270 -0.005116145745816203 202
1694436822301 -0.0050046428235224205 203
1694436822331 -0.005347564649027081 204
1694436822362 -0.005039503645628329 205
1694436822395 -0.005967512029623201 206
1694436822425 -0.005332586587888377 207
1694436822453 -0.004876078987009258 208
1694436822488 -0.004792355947711879 209
1694436822519 -0.005453894381427737 210
1694436822548 -0.00505199157977021 211
1694436822580 -0.005226278422867159 212
1694436822613 -0.0052498378638599075 213
1694436822646 -0.0046385509783046786 214
1694436822677 -0.004743283611055693 215
1694436822711 -0.0055187249624155665 216
1694436822745 -0.005305637906227734 217
1694436822779 -0.005347607571746016 218
1694436822814 -0.005263941976820785 219
1694436822855 -0.00498794132562197 220
1694436822897 -0.004989999527670319 221
1694436822935 -0.005017712270488639 222
1694436822979 -0.00475154473185424 223
1694436823014 -0.005146689078289413 224
1694436823053 -0.005142581711365057 225
1694436823090 -0.005137570017207382 226
1694436823125 -0.005735278301408853 227
1694436823158 -0.005461230193784639 228
1694436823193 -0.005417657902576867 229
1694436823225 -0.005044284609610594 230
1694436823262 -0.004472228397836675 231
1694436823293 -0.0051865518854958825 232
1694436823321 -0.004773446471335152 233
1694436823350 -0.004930582080099999 234
1694436823382 -0.004827906972833418 235
1694436823410 -0.005381475420906501 236
1694436823437 -0.005581353054664451 237
1694436823469 -0.004766759249399621 238
1694436823510 -0.004686499426507673 239
1694436823547 -0.00496044887297753 240
1694436823590 -0.004229670499868776 241
1694436823628 -0.005111254711306357 242
1694436823664 -0.0045786962099625406 243
1694436823701 -0.00540426097590907 244
1694436823735 -0.005878462675163343 245
1694436823771 -0.006655705060962358 246
1694436823806 -0.004717937761944846 247
1694436823838 -0.0053274965369844995 248
1694436823877 -0.0048271786413740525 249
1694436823918 -0.004930154020059696 250
1694436823957 -0.0048657972617371925 251
1694436824002 -0.005749249881126017 252
1694436824038 -0.004822212417540328 253
1694436824074 -0.004481435027541503 254
1694436824109 -0.00518011938324503 255
1694436824145 -0.0053811337501645795 256
1694436824181 -0.005227727931607973 257
1694436824214 -0.006036162399544631 258
1694436824252 -0.005538717104380142 259
1694436824289 -0.0052372994056346656 260
1694436824319 -0.005141811861893331 261
1694436824350 -0.0054145507370395585 262
1694436824380 -0.004962150851901548 263
1694436824415 -0.005196089972414608 264
1694436824446 -0.004443961681440234 265
1694436824485 -0.005339640567373571 266
1694436824521 -0.005179831938417312 267
1694436824554 -0.004354628147162032 268
1694436824588 -0.005169015574857383 269
1694436824619 -0.005050243361730322 270
1694436824650 -0.004922660210969987 271
1694436824681 -0.005348912064472522 272
1694436824708 -0.004627575075025314 273
1694436824735 -0.004758829803388043 274
1694436824762 -0.004709009546872034 275
1694436824790 -0.00538964923469476 276
1694436824819 -0.006094338384837306 277
1694436824850 -0.005173953006405885 278
1694436824879 -0.005209542984006887 279
1694436824911 -0.005094869490839704 280
1694436824940 -0.005163153923593677 281
1694436824973 -0.005268730613747552 282
1694436825006 -0.005079984244936719 283
1694436825036 -0.004828715553909735 284
1694436825066 -0.005272266283165239 285
1694436825096 -0.005032275187785595 286
1694436825124 -0.004492998498914158 287
1694436825155 -0.005381326095853511 288
1694436825190 -0.004823184324387109 289
1694436825226 -0.004601763395211789 290
1694436825283 -0.004424414217712114 291
1694436825325 -0.004792686790419776 292
1694436825367 -0.004895322654034251 293
1694436825405 -0.005458308442430226 294
1694436825451 -0.005244937560352048 295
1694436825501 -0.005256583262547299 296
1694436825536 -0.006081250766513557 297
1694436825571 -0.004268541113074509 298
1694436825608 -0.005008753338252125 299
1694436825646 -0.005039415240978062 300
1694436825683 -0.004241879576710961 301
1694436825718 -0.004953163612580802 302
1694436825751 -0.00502817673564504 303
1694436825788 -0.00470435750188769 304
1694436825825 -0.005273250507444427 305
1694436825859 -0.005309422291320587 306
1694436825891 -0.0051582530983931285 307
1694436825921 -0.005585424093909275 308
1694436825948 -0.0048726338291607 309
1694436825979 -0.004827753396322132 310
1694436826014 -0.005398154174070413 311
1694436826051 -0.005099450443615039 312
1694436826100 -0.004594655566200423 313
1694436826149 -0.005034644326957327 314
1694436826195 -0.005335096647047344 315
1694436826238 -0.004340481973484689 316
1694436826281 -0.0049017436879814635 317
1694436826319 -0.004899820589561621 318
1694436826363 -0.005180500985344949 319
1694436826404 -0.004237746607920645 320
1694436826447 -0.005174541874252814 321
1694436826487 -0.004898444344145103 322
1694436826530 -0.005268969255974643 323
1694436826581 -0.005207959566676967 324
1694436826614 -0.004980108937074901 325
1694436826645 -0.005151368867536421 326
1694436826681 -0.005125932664773902 327
1694436826720 -0.004904272960422729 328
1694436826756 -0.004196602766514124 329
1694436826794 -0.004827676991737473 330
1694436826828 -0.004918672385876732 331
1694436826856 -0.00525090988444088 332
1694436826886 -0.004166784410097213 333
1694436826919 -0.004423758498920405 334
1694436826946 -0.004464125580371903 335
1694436826978 -0.005678699103990992 336
1694436827015 -0.005303378853832363 337
1694436827048 -0.005614401174071748 338
1694436827083 -0.0043309581639967565 339
1694436827122 -0.004736321883127559 340
1694436827155 -0.005112896466684669 341
1694436827195 -0.004878884639026637 342
1694436827231 -0.005134660704414928 343
1694436827264 -0.004813045358613932 344
1694436827300 -0.005138927054450404 345
1694436827329 -0.004925166399205372 346
1694436827362 -0.004945966405985658 347
1694436827394 -0.0043600594027486395 348
1694436827436 -0.0046834338120826935 349
1694436827473 -0.004987746288894979 350
1694436827512 -0.0038265928721612497 351
1694436827546 -0.004704138828529825 352
1694436827580 -0.0053476881759928485 353
1694436827619 -0.005331019032528639 354
1694436827650 -0.004755638061301859 355
1694436827678 -0.004970088881436574 356
1694436827711 -0.004763578582953842 357
1694436827744 -0.005162759870575018 358
1694436827780 -0.005132760652131418 359
1694436827814 -0.005201616809759058 360
1694436827845 -0.004841861555734184 361
1694436827876 -0.005616941068914416 362
1694436827907 -0.0044660223396488785 363
1694436827935 -0.00496066996626543 364
1694436827964 -0.004478173315895839 365
1694436827995 -0.004759124911602131 366
1694436828026 -0.005463719074405793 367
1694436828056 -0.004787704583573582 368
1694436828088 -0.005264721369538927 369
1694436828120 -0.005023274069368755 370
1694436828149 -0.005054383308641386 371
1694436828183 -0.004778823205514815 372
1694436828217 -0.005422135269905093 373
1694436828253 -0.004632928239527656 374
1694436828291 -0.0052105632851318084 375
1694436828326 -0.004700760044297203 376
1694436828358 -0.005021056808898194 377
1694436828392 -0.004980730966171132 378
1694436828424 -0.004705055212620657 379
1694436828452 -0.004787978119296987 380
1694436828484 -0.004520549539846153 381
1694436828518 -0.004746674406244322 382
1694436828552 -0.005013695406141272 383
1694436828585 -0.0051572940725126415 384
1694436828619 -0.004497970472059576 385
1694436828652 -0.005347119330898487 386
1694436828683 -0.005153812747350495 387
1694436828714 -0.004099704273802907 388
1694436828743 -0.004305110312114113 389
1694436828770 -0.004373890711412143 390
1694436828804 -0.005153376017302147 391
1694436828831 -0.004930047098604229 392
1694436828862 -0.005060715646391101 393
1694436828891 -0.0050601612817988695 394
1694436828922 -0.004933147020191431 395
1694436828952 -0.0046813955962898834 396
1694436828982 -0.005403085911174665 397
1694436829012 -0.004717402044174701 398
1694436829045 -0.005070322959025653 399
1694436829075 -0.005014093366288774 400
1694436829104 -0.005280876383277233 401
1694436829145 -0.004922230961043272 402
1694436829184 -0.00528197448643386 403
1694436829215 -0.00451147672214125 404
1694436829246 -0.005132569693389488 405
1694436829277 -0.004848589150584948 406
1694436829304 -0.004308251906080418 407
1694436829331 -0.00530587187477316 408
1694436829359 -0.005100238678449109 409
1694436829384 -0.00495021220777625 410
1694436829410 -0.004267002467158054 411
1694436829437 -0.0050112958175629885 412
1694436829466 -0.0045178019465352826 413
1694436829499 -0.004693312210177991 414
1694436829527 -0.004666246980904232 415
1694436829556 -0.004970502430101442 416
1694436829586 -0.0051937923705303035 417
1694436829617 -0.004663624758443952 418
1694436829645 -0.004649523860636773 419
1694436829674 -0.005145034436041529 420
1694436829716 -0.005328399568319764 421
1694436829750 -0.004632756520331904 422
1694436829781 -0.004698292421593919 423
1694436829815 -0.00455175151897369 424
1694436829841 -0.004627584665359841 425
1694436829871 -0.0051543781659124654 426
1694436829898 -0.004943595553100311 427
1694436829928 -0.005268211074047624 428
1694436829958 -0.004774244267705896 429
1694436829994 -0.005087617127948585 430
1694436830020 -0.004711933708587024 431
1694436830047 -0.004671205325666339 432
1694436830072 -0.005043467011544456 433
1694436830097 -0.00490097022805891 434
1694436830123 -0.005003374052688914 435
1694436830148 -0.004893598313489678 436
1694436830175 -0.004231861991333741 437
1694436830201 -0.003871811791199553 438
1694436830228 -0.005070732423370972 439
1694436830255 -0.004898450412739397 440
1694436830284 -0.004616596492731606 441
1694436830315 -0.004644500424246578 442
1694436830342 -0.0054865376557502454 443
1694436830371 -0.004841725059482105 444
1694436830405 -0.004956184138046993 445
1694436830435 -0.004721258282271323 446
1694436830463 -0.004946443844911164 447
1694436830495 -0.004636705843600986 448
1694436830521 -0.0038530033611254844 449
1694436830550 -0.005388391431742079 450
1694436830577 -0.004379784279569199 451
1694436830603 -0.004983121072436036 452
1694436830634 -0.004974103180471756 453
1694436830665 -0.004364816130846272 454
1694436830696 -0.004715773218955555 455
1694436830735 -0.004969755928070807 456
1694436830784 -0.004610115115075475 457
1694436830816 -0.004941173591179737 458
1694436830852 -0.005079654358018715 459
1694436830883 -0.004621954985812193 460
1694436830916 -0.0037993736852091065 461
1694436830948 -0.005217498261772535 462
1694436830977 -0.004673190397096905 463
1694436831004 -0.004455476177050333 464
1694436831034 -0.005533116722760134 465
1694436831063 -0.00522060849326067 466
1694436831094 -0.004813647560020895 467
1694436831122 -0.005039533415524877 468
1694436831152 -0.004964157679703485 469
1694436831181 -0.004095161912066159 470
1694436831209 -0.005320094089790839 471
1694436831239 -0.004402770368411302 472
1694436831274 -0.005193900862806133 473
1694436831305 -0.0044794244428998375 474
1694436831334 -0.004599972838698063 475
1694436831364 -0.0042959980735872705 476
1694436831393 -0.004609639706394386 477
1694436831422 -0.004957092414837216 478
1694436831452 -0.004971060015225515 479
1694436831483 -0.004076515818506099 480
1694436831511 -0.0053506303848496195 481
1694436831539 -0.00484954892292766 482
1694436831569 -0.004681373955654822 483
1694436831607 -0.004592707165736565 484
1694436831642 -0.00490219534681402 485
1694436831670 -0.00451579226069132 486
1694436831702 -0.005342944551147033 487
1694436831731 -0.004988101798270028 488
1694436831767 -0.004670742523483318 489
1694436831800 -0.0052199658209286515 490
1694436831834 -0.004543263781601414 491
1694436831866 -0.004480177564281762 492
1694436831898 -0.004564291043864133 493
1694436831934 -0.005179858546206395 494
1694436831968 -0.004733708501333256 495
1694436832001 -0.003804482492793415 496
1694436832031 -0.004892125324126528 497
1694436832061 -0.004716063988136954 498
1694436832088 -0.004539879876780173 499
