1694437240664 4.484428945466336 0
1694437240870 4.440292687074727 1
1694437241074 3.6392769465768704 2
1694437241283 0.6257997505844196 3
1694437241497 2.160893849239641 4
1694437241705 5.462812518738089 5
1694437241910 8.57215810894843 6
1694437242116 3.880621842837482 7
1694437242321 3.1758491340551984 8
1694437242527 2.397499471816674 9
1694437242734 3.553807501267815 10
1694437242942 2.739040274379125 11
1694437243147 8.73817559144347 12
1694437243352 2.5510243993650987 13
1694437243558 3.912218723716873 14
1694437243763 4.3573156197504765 15
1694437243970 3.295473502633196 16
1694437244178 4.304626598023494 17
1694437244386 5.169051223284268 18
1694437244594 8.475190881183943 19
1694437244797 5.281389586809992 20
1694437245006 4.649549942984037 21
1694437245213 5.029929848441918 22
1694437245418 4.257853602967492 23
1694437245622 9.794515593227771 24
1694437245824 5.5749900679699325 25
1694437246030 1.5306013721102807 26
1694437246235 3.868920418429584 27
1694437246442 5.683752098678204 28
1694437246647 4.484927933544147 29
1694437246853 3.708116555237162 30
1694437247060 4.821362652248839 31
1694437247268 3.8912021453920893 32
1694437247482 5.998512318438194 33
1694437247699 4.375722523359836 34
1694437247993 3.137401685626772 35
1694437248310 2.4064623035844566 36
1694437248577 4.823115840371656 37
1694437248810 7.106403511883866 38
1694437249046 3.7598132719635924 39
1694437249380 2.02869254985989 40
1694437249711 4.937828680696839 41
1694437250013 2.399404279484085 42
1694437250322 5.837841964418272 43
1694437250662 2.938536210714568 44
1694437250920 5.540051023766792 45
1694437251203 5.586818772331839 46
1694437251471 5.806580532340592 47
1694437251794 2.8701116207013 48
1694437252105 4.253167231212077 49
1694437252425 4.701889538391483 50
1694437252710 3.9515369788243095 51
1694437252987 3.095432292718573 52
1694437253306 7.215862810654152 53
1694437253695 2.3601774864817138 54
1694437253990 5.616468219664728 55
1694437254280 5.318972472323717 56
1694437254557 3.41702484379221 57
1694437254831 5.995866344908888 58
1694437255106 6.416667857521466 59
1694437255340 5.254941965610315 60
1694437255624 4.1480043210235475 61
1694437255876 3.5546126038923593 62
1694437256134 4.072054495149692 63
1694437256429 5.389810128612766 64
1694437256658 6.650091775126327 65
1694437256876 1.5462607005777504 66
1694437257129 3.091493211501783 67
1694437257384 5.72531274730581 68
1694437257670 6.082884997691641 69
1694437257908 4.161807041405109 70
1694437258163 7.099766378330244 71
1694437258394 3.852279349945505 72
1694437258615 5.994183350958454 73
1694437258841 4.162936722993694 74
1694437259098 2.380073901668059 75
1694437259338 4.614200533583844 76
1694437259618 5.427622060430224 77
1694437259924 4.880461789170084 78
1694437260270 6.67985244455075 79
1694437260575 4.985281978287918 80
1694437260971 6.109439852496192 81
1694437261233 1.2767512272431583 82
1694437261497 6.077140544142743 83
1694437261793 3.9609522675793603 84
1694437262081 4.859267645448473 85
1694437262474 4.208027828296904 86
1694437262901 3.9524522872175316 87
1694437263169 3.5939920999883346 88
1694437263586 7.07936232208213 89
1694437263883 6.224732725505519 90
1694437264146 6.664012382465575 91
1694437264525 4.441701031668425 92
1694437264803 3.9219414781340083 93
1694437265041 6.62197181824996 94
1694437265308 4.73489405812679 95
1694437265623 11.74862051947607 96
1694437265977 6.7017430021402005 97
1694437266255 5.289533988679501 98
1694437266538 10.674542046001482 99
1694437266776 5.116545822816579 100
1694437267030 9.824742116817134 101
1694437267286 4.800432611292111 102
1694437267534 3.839366535120357 103
1694437267822 3.2423346816154277 104
1694437268134 8.615848312740003 105
1694437268398 1.86193496725576 106
1694437268649 5.1100996241511 107
1694437268900 4.626708845502709 108
1694437269150 5.155000520215685 109
1694437269410 3.8232098505063927 110
1694437269666 4.433964232725674 111
1694437269920 3.166241091187719 112
1694437270208 4.706943925510842 113
1694437270492 3.7534993355654165 114
1694437270741 6.46534022636222 115
1694437270998 2.5727120020311545 116
1694437271239 7.259204601189941 117
1694437271470 5.4052510681321815 118
1694437271686 4.327875886992035 119
1694437271906 3.3722720390224006 120
1694437272153 5.371650656049619 121
1694437272413 2.779862926670605 122
1694437272630 4.058455065351513 123
1694437272889 6.9763887481126945 124
1694437273134 4.333703950655447 125
1694437273405 6.165162390483566 126
1694437273665 5.36081923992332 127
1694437273896 2.910801890554581 128
1694437274165 5.212203804094427 129
1694437274433 3.934854590788766 130
1694437274680 5.200247199353655 131
1694437274952 5.943493156415456 132
1694437275215 7.076762634939377 133
1694437275477 3.1382274247701387 134
1694437275746 6.333413363308833 135
1694437275997 4.750169016471556 136
1694437276218 3.4960510557650153 137
1694437276437 5.448758249537843 138
1694437276662 2.7119739150899673 139
1694437276921 7.123577218292294 140
1694437277178 3.41667644666854 141
1694437277451 4.286527321334058 142
1694437277687 5.080642954800881 143
1694437277959 3.6115664392190627 144
1694437278266 6.50778145562102 145
1694437278542 4.938809999991649 146
1694437278811 3.9810634606584805 147
1694437279054 2.761235648802312 148
1694437279323 2.572320076529222 149
1694437279587 3.59142998908234 150
1694437279830 4.170849624282548 151
1694437280088 6.738761657654211 152
1694437280329 4.178997589680099 153
1694437280572 6.001694141359113 154
1694437280799 5.829398930481798 155
1694437281040 5.125754844945959 156
1694437281271 4.42910780354169 157
1694437281511 5.6125538416233205 158
1694437281753 4.918498701607072 159
1694437281988 1.9911681107617423 160
1694437282198 4.916290198675135 161
1694437282435 5.95343757325789 162
1694437282680 4.5981627835525805 163
1694437282946 5.500582572491902 164
1694437283179 7.792014452218232 165
1694437283449 2.6986454504806234 166
1694437283674 9.403137295036808 167
1694437283946 6.715377310940556 168
1694437284273 4.51753885321785 169
1694437284524 5.053343870239932 170
1694437284797 4.167943593304685 171
1694437285053 4.235580598073019 172
1694437285346 5.026160673701705 173
1694437285590 4.4312000728575285 174
1694437285799 4.757763045324551 175
1694437286091 6.152541478861153 176
1694437286346 3.2125332674799156 177
1694437286582 4.159749105009961 178
1694437286813 3.2501123738328017 179
1694437287083 0.0013553023833193319 180
1694437287316 4.302578246425373 181
1694437287543 6.021459154582428 182
1694437287774 4.432880828374451 183
1694437288029 1.1802941119121924 184
1694437288356 6.466344569162252 185
1694437288616 5.733108352895439 186
1694437288875 4.220589502365287 187
1694437289141 6.556704339164629 188
1694437289412 4.795730471994023 189
1694437289647 3.271957587225763 190
1694437289898 2.456402677028694 191
1694437290154 4.471610975065284 192
1694437290411 7.316796004645973 193
1694437290636 3.9081140707520237 194
1694437290866 5.199636722922544 195
1694437291119 5.190487851332991 196
1694437291360 5.846700288346767 197
1694437291591 5.5030549312534545 198
1694437291839 9.337732204452902 199
1694437292094 4.8646768986718225 200
1694437292336 7.110997237789517 201
1694437292590 3.6756969762377536 202
1694437292832 4.223402763831992 203
1694437293079 7.325143403787779 204
1694437293342 3.662171690929725 205
1694437293597 5.637594505821729 206
1694437293862 3.096844083856793 207
1694437294101 5.195373556755232 208
1694437294348 11.247372871749867 209
1694437294581 3.804770775029245 210
1694437294824 6.386737436021714 211
1694437295065 4.0572200072993585 212
1694437295305 3.956988221886862 213
1694437295535 1.4336574485178564 214
1694437295784 6.65782173493539 215
1694437296031 5.291733293388807 216
1694437296284 7.611984945597815 217
1694437296531 7.388903207847651 218
1694437296786 3.9756139056494355 219
1694437297038 3.6913281642831426 220
1694437297292 6.120559548818049 221
1694437297562 4.7411963605217 222
1694437297826 4.543941649055915 223
1694437298080 4.032820090922877 224
1694437298345 7.265017828715116 225
1694437298578 7.4360640991088065 226
1694437298808 1.7739931488980027 227
1694437299040 4.98739555027815 228
1694437299258 3.2225908905318597 229
1694437299529 5.201030536478152 230
1694437299787 4.659470297887008 231
1694437300034 7.888336377133054 232
1694437300297 4.492825430862026 233
1694437300559 4.329861522747294 234
1694437300807 5.761553291781557 235
1694437301043 1.4677537037917183 236
1694437301342 4.655098377379274 237
1694437301755 6.709944681869401 238
1694437302036 3.471431992918574 239
1694437302346 4.916454330741838 240
1694437302614 5.169898962638214 241
1694437302918 6.939259522869984 242
1694437303201 7.015742210233503 243
1694437303465 4.977300188818223 244
1694437303729 4.555095380471183 245
1694437303952 5.095303362683024 246
1694437304184 6.462136679393077 247
1694437304488 3.7204936573765246 248
1694437304780 3.655609136558402 249
1694437305062 1.8146467413552565 250
1694437305331 4.31892539339543 251
1694437305718 3.7905655039368296 252
1694437305993 3.16229193976503 253
1694437306315 4.68070676614147 254
1694437306635 3.5673626351714964 255
1694437306899 3.8022494034772345 256
1694437307259 6.672338828531337 257
1694437307529 2.443288925583354 258
1694437307786 2.8080528856176494 259
1694437308063 6.896824393224858 260
1694437308425 5.108148860954172 261
1694437308790 1.7076655936364598 262
1694437309110 4.371643619289412 263
1694437309392 5.30989347429386 264
1694437309698 8.463588455184478 265
1694437309965 2.6381103241812602 266
1694437310217 3.9229597965419987 267
1694437310480 3.641009828074473 268
1694437310736 5.194738515542882 269
1694437310984 3.24592911197874 270
1694437311234 4.5440114244746335 271
1694437311463 2.801404304160554 272
1694437311709 5.14834144604453 273
1694437311970 6.682908683916506 274
1694437312254 5.146098809139646 275
1694437312518 3.289236009005368 276
1694437312770 4.692602040964486 277
1694437313018 5.274602311457368 278
1694437313266 5.390671865471771 279
1694437313496 3.6632622302620765 280
1694437313732 5.021337395792731 281
1694437313977 6.124538287975554 282
1694437314242 5.347820177869425 283
1694437314521 5.338646581458751 284
1694437314793 4.585384007809801 285
1694437315054 2.984608104353075 286
1694437315307 0.7578310234620588 287
1694437315552 9.39121425077565 288
1694437315783 3.606840417268045 289
1694437316040 6.611626136877607 290
1694437316295 5.655195782358365 291
1694437316513 13.218502869989058 292
1694437316761 4.586045388304693 293
1694437317004 3.3226356729753195 294
1694437317255 4.369272985335449 295
1694437317519 6.295093760585359 296
1694437317769 5.661558923225431 297
1694437318026 5.385490048688947 298
1694437318248 6.799147429536879 299
1694437318516 6.124517434339587 300
1694437318764 4.992990245741929 301
1694437319037 5.691593544454103 302
1694437319275 2.8886703288172666 303
1694437319499 7.660326877392481 304
1694437319737 4.648088965236663 305
1694437319963 5.4307753406543124 306
1694437320231 3.890178335571303 307
1694437320502 0.22438580003755004 308
1694437320755 4.062125513410766 309
1694437321006 3.2081500497959876 310
1694437321279 3.653940181132597 311
1694437321548 5.23280793188637 312
1694437321812 4.289016265395364 313
1694437322057 2.780558163793844 314
1694437322329 4.99941275265215 315
1694437322595 6.17333510853257 316
1694437322836 6.615004881559294 317
1694437323088 6.597613056877824 318
1694437323350 7.650137651612279 319
1694437323608 4.515266991383602 320
1694437323854 5.044490940322683 321
1694437324115 7.130929586279061 322
1694437324379 4.293661007559631 323
1694437324626 4.464764895254004 324
1694437324855 1.4055525729312546 325
1694437325097 6.663389808291437 326
1694437325343 4.992685787127473 327
1694437325584 7.749315120869531 328
1694437325816 4.49003600591706 329
1694437326064 4.252800127540384 330
1694437326321 5.272383054789656 331
1694437326577 3.8833804985547533 332
1694437326843 7.806812176102344 333
1694437327105 4.93763128114878 334
1694437327330 0.021454984680583027 335
1694437327566 4.632119129400616 336
1694437327795 4.409584788589164 337
1694437328039 5.55479051533926 338
1694437328287 3.1863750686548005 339
1694437328615 5.988467860878059 340
1694437328880 4.3334229805256514 341
1694437329142 5.865397537453685 342
1694437329371 5.517302930865103 343
1694437329631 5.334219351204092 344
1694437329886 5.236087162352474 345
1694437330220 5.335182784492469 346
1694437330470 4.818967793145212 347
1694437330719 2.2886698912523937 348
1694437330933 4.289758766246203 349
1694437331216 3.062252692245984 350
1694437331478 6.43531591768739 351
1694437331724 7.354151544996366 352
1694437331987 4.182488965170288 353
1694437332249 7.567656334981122 354
1694437332514 6.40394981148773 355
1694437332780 3.1259985240130157 356
1694437333042 3.727837225722933 357
1694437333290 4.615264451419177 358
1694437333513 5.770578669117534 359
1694437333757 4.304468920839235 360
1694437333991 3.336094252927525 361
1694437334234 5.308194158593681 362
1694437334480 4.826907188236787 363
1694437334729 6.11829455170702 364
1694437334983 4.997386649131837 365
1694437335255 4.176354640364853 366
1694437335495 6.274249962879768 367
1694437335732 5.250051847272619 368
1694437335976 4.366821473197685 369
1694437336205 4.126226501512075 370
1694437336465 4.411845258823804 371
1694437336690 6.057241469900545 372
1694437336912 5.993052311590408 373
1694437337164 3.983195924644969 374
1694437337427 4.812693938262542 375
1694437337659 5.0145476664775455 376
1694437337910 5.31957388200146 377
1694437338166 2.571291034859944 378
1694437338388 5.128093902427329 379
1694437338651 4.997249841554691 380
1694437338876 6.694466418049535 381
1694437339081 4.585379938195921 382
1694437339359 5.624822596284254 383
1694437339601 5.863817239454494 384
1694437339846 4.841793395297742 385
1694437340074 6.961379978014182 386
1694437340307 5.849266492968389 387
1694437340556 4.410965383125001 388
1694437340781 3.5340698448388506 389
1694437341009 5.600890237225056 390
1694437341250 3.3881064819182205 391
1694437341485 3.14238444577469 392
1694437341719 5.547127851812562 393
1694437341963 4.9247750719405765 394
1694437342213 3.552743553821514 395
1694437342466 5.694715482202683 396
1694437342718 3.8030989437603067 397
1694437342962 6.862848995092131 398
1694437343188 0.8570697738807459 399
1694437343453 5.9001359401372895 400
1694437343714 4.669163344121167 401
1694437343977 4.854331616895214 402
1694437344249 5.944614380207279 403
1694437344518 3.927342741906836 404
1694437344747 4.299828370542107 405
1694437345027 3.993724935199462 406
1694437345282 0.1064967870661368 407
1694437345534 3.8116868108316266 408
1694437345787 5.9730984887854435 409
1694437346044 7.330683362414175 410
1694437346306 4.818377704699113 411
1694437346564 4.173799374549722 412
1694437346842 4.263916720266659 413
1694437347105 3.3540169266547366 414
1694437347364 1.7618442878297025 415
1694437347615 3.8735533377296694 416
1694437347876 5.945180228349309 417
1694437348136 5.83209813113973 418
1694437348394 3.40653824129464 419
1694437348656 6.41360847077593 420
1694437348911 3.9334876595830894 421
1694437349161 4.837961612666572 422
1694437349427 3.4154266292484 423
1694437349717 3.2270386684511294 424
1694437349990 5.752107216788808 425
1694437350286 3.9892804523097585 426
1694437350540 4.989411784985388 427
1694437350822 4.695041354648152 428
1694437351063 5.29880952302397 429
1694437351296 6.8690417682481355 430
1694437351598 5.651664099278675 431
1694437351844 5.80669019140864 432
1694437352111 3.846864085909931 433
1694437352361 7.650624365308956 434
1694437352662 7.086311201670311 435
1694437352896 4.012258637398931 436
1694437353151 5.546121829862381 437
1694437353410 2.8581506299466675 438
1694437353689 4.660156859570376 439
1694437353956 3.776696239420681 440
1694437354265 3.4525533284569354 441
1694437354514 1.1011863380907914 442
1694437354785 3.6109588802095574 443
1694437355033 5.278693439782868 444
1694437355283 3.8179558635937467 445
1694437355517 2.891709487237296 446
1694437355746 3.981261036483161 447
1694437355979 4.9147029289964514 448
1694437356218 3.8708942454919617 449
1694437356459 5.108708880257328 450
1694437356688 4.223972328479719 451
1694437356950 4.251177746965783 452
1694437357217 4.263507911947625 453
1694437357479 4.224044344133333 454
1694437357744 3.809915724960978 455
1694437357970 6.4715040288804895 456
1694437358232 4.112245581154763 457
1694437358468 5.819857713140746 458
1694437358747 3.5991605450169857 459
1694437359008 6.929187875265263 460
1694437359272 4.0362630945641635 461
1694437359522 2.785830070949886 462
1694437359789 3.605794652732538 463
1694437360038 3.441059224074123 464
1694437360264 5.574682378033078 465
1694437360507 3.5196232909591547 466
1694437360893 5.773971615631538 467
1694437361213 5.734250228791759 468
1694437361644 5.685856605024432 469
1694437362051 1.5178023215140504 470
1694437362348 4.800992066812444 471
1694437362639 7.09458711567156 472
1694437363010 3.127710019492439 473
1694437363344 4.491730550454931 474
1694437363624 6.132667353437525 475
1694437363931 4.986735954214112 476
1694437364214 0.8734723229271992 477
1694437364447 3.3433338618175132 478
1694437364698 4.085841143111009 479
1694437364951 4.947764197635508 480
1694437365221 6.584732846862211 481
1694437365482 7.082115195163229 482
1694437365764 3.8996767625936797 483
1694437366039 5.462102960755843 484
1694437366311 6.504333889213963 485
1694437366554 4.039011551115237 486
1694437366831 4.9687062601175915 487
1694437367093 4.176033925563868 488
1694437367349 1.8853197407078477 489
1694437367603 3.966838355644358 490
1694437367875 4.845385609863039 491
1694437368148 3.217949949323023 492
1694437368409 7.665949767897537 493
1694437368674 3.7343561169044803 494
1694437369049 5.955558244317916 495
1694437369301 3.661898836354941 496
1694437369574 5.4085259483856865 497
1694437369841 2.448001098283153 498
1694437370085 6.228058143012054 499
