1694439255635 0.002396626625804532 0
1694439255670 0.0023999173686609643 1
1694439255706 0.002403215110683421 2
1694439255734 0.0024065198658898 3
1694439255771 0.002409831648328975 4
1694439255815 0.0024131504720729113 5
1694439255881 0.002416476351219221 6
1694439255935 0.0024198092998960474 7
1694439255986 0.002423149332255403 8
1694439256031 0.0024264964624758356 9
1694439256069 0.0024298507047636475 10
1694439256105 0.0024332120733502327 11
1694439256132 0.002436580582497072 12
1694439256169 0.002439956246488628 13
1694439256200 0.0024433390796385623 14
1694439256234 0.002446729096286737 15
1694439256275 0.0024501263107991056 16
1694439256307 0.0024535307375725957 17
1694439256337 0.0024569423910253407 18
1694439256374 0.0024603612856065604 19
1694439256434 0.0024637874357911205 20
1694439256477 0.0024672208560826414 21
1694439256521 0.002470661561010723 22
1694439256563 0.0024741095651322764 23
1694439256602 0.0024775648830319685 24
1694439256639 0.0024810275293215556 25
1694439256674 0.0024844975186411045 26
1694439256708 0.0024879748656559952 27
1694439256743 0.002491459585062472 28
1694439256783 0.0024949516915816483 29
1694439256892 0.002498451199964391 30
1694439256944 0.0025019581249871026 31
1694439256996 0.002505472481454718 32
1694439257048 0.002508994284200927 33
1694439257135 0.0025125235480872865 34
1694439257206 0.002516060288002109 35
1694439257237 0.0025196045188622396 36
1694439257275 0.0025231562556111697 37
1694439257310 0.0025267155132243646 38
1694439257344 0.002530282306700382 39
1694439257377 0.0025338566510688665 40
1694439257410 0.0025374385613887718 41
1694439257440 0.002541028052743033 42
1694439257474 0.0025446251402475584 43
1694439257503 0.00254822983904468 44
1694439257540 0.002551842164304041 45
1694439257575 0.002555462131224928 46
1694439257613 0.002559089755036048 47
1694439257653 0.0025627250509920874 48
1694439257691 0.0025663680343774864 49
1694439257727 0.002570018720507772 50
1694439257761 0.0025736771247244494 51
1694439257790 0.002577343262397447 52
1694439257822 0.0025810171489266676 53
1694439257852 0.0025846987997428794 54
1694439257882 0.002588388230299943 55
1694439257916 0.0025920854560881335 56
1694439257949 0.0025957904926197095 57
1694439258001 0.002599503355441568 58
1694439258041 0.0026032240601269185 59
1694439258074 0.0026069526222790573 60
1694439258109 0.0026106890575290365 61
1694439258139 0.002614433381537884 62
1694439258169 0.002618185609997936 63
1694439258200 0.00262194575862873 64
1694439258235 0.0026257138431796667 65
1694439258276 0.0026294898794302357 66
1694439258312 0.0026332738831884583 67
1694439258350 0.002637065870291999 68
1694439258384 0.002640865856610164 69
1694439258420 0.002644673858039348 70
1694439258452 0.002648489890507255 71
1694439258486 0.002652313969971676 72
1694439258520 0.0026561461124182673 73
1694439258555 0.002659986333863773 74
1694439258596 0.002663834650356467 75
1694439258632 0.002667691077971379 76
1694439258662 0.0026715556328172907 77
1694439258698 0.002675428331029628 78
1694439258733 0.0026793091887772347 79
1694439258762 0.0026831982222551565 80
1694439258798 0.0026870954476932996 81
1694439258834 0.0026910008813477715 82
1694439258866 0.0026949145395090968 83
1694439258903 0.0026988364384945562 84
1694439258938 0.002702766594653072 85
1694439258968 0.0027067050243672064 86
1694439259002 0.002710651744044501 87
1694439259035 0.00271460677012747 88
1694439259067 0.0027185701190878264 89
1694439259102 0.002722541807427481 90
1694439259135 0.0027265218516808742 91
1694439259165 0.0027305102684119786 92
1694439259192 0.002734507074216075 93
1694439259223 0.002738512285720196 94
1694439259255 0.002742525919580019 95
1694439259294 0.002746547992483972 96
1694439259345 0.0027505785211536793 97
1694439259387 0.0027546175223376324 98
1694439259427 0.0027586650128186285 99
1694439259464 0.002762721009409219 100
1694439259497 0.0027667855289559284 101
1694439259530 0.002770858588333036 102
1694439259564 0.0027749402044485727 103
1694439259593 0.002779030394241877 104
1694439259623 0.002783129174682819 105
1694439259654 0.0027872365627755746 106
1694439259684 0.00279135257555152 107
1694439259719 0.002795477230078669 108
1694439259764 0.002799610543453568 109
1694439259810 0.0028037525328058477 110
1694439259850 0.002807903215296892 111
1694439259883 0.0028120626081200584 112
1694439259915 0.0028162307285012345 113
1694439259946 0.0028204075936969497 114
1694439259981 0.0028245932209972624 115
1694439260015 0.002828787627722984 116
1694439260049 0.002832990831230897 117
1694439260081 0.002837202848904208 118
1694439260113 0.0028414236981642027 119
1694439260144 0.002845653396460923 120
1694439260176 0.0028498919612784945 121
1694439260206 0.0028541394101333495 122
1694439260237 0.002858395760572785 123
1694439260275 0.0028626610301806243 124
1694439260319 0.0028669352365691125 125
1694439260371 0.002871218397386577 126
1694439260417 0.0028755105303124306 127
1694439260454 0.0028798116530600604 128
1694439260485 0.0028841217833738275 129
1694439260520 0.0028884409390326216 130
1694439260564 0.002892769137849749 131
1694439260600 0.002897106397668381 132
1694439260637 0.002901452736366883 133
1694439260670 0.0029058081718579265 134
1694439260705 0.002910172722083715 135
1694439260742 0.0029145464050245318 136
1694439260775 0.0029189292386903043 137
1694439260804 0.0029233212411271525 138
1694439260842 0.0029277224304113947 139
1694439260875 0.0029321328246570966 140
1694439260903 0.002936552442008522 141
1694439260933 0.002940981300644574 142
1694439260965 0.0029454194187800153 143
1694439260999 0.0029498668146613616 144
1694439261052 0.0029543235065672135 145
1694439261107 0.002958789512815807 146
1694439261161 0.0029632648517523563 147
1694439261205 0.0029677495417621547 148
1694439261262 0.0029722436012615816 149
1694439261309 0.0029767470487001013 150
1694439261356 0.0029812599025648145 151
1694439261416 0.0029857821813755736 152
1694439261483 0.0029903139036849824 153
1694439261535 0.002994855088081394 154
1694439261587 0.0029994057531891327 155
1694439261636 0.0030039659176652744 156
1694439261683 0.0030085356001999797 157
1694439261737 0.0030131148195221558 158
1694439261781 0.0030177035943929065 159
1694439261816 0.0030223019436066423 160
1694439261853 0.0030269098859962984 161
1694439261892 0.0030315274404277837 162
1694439261932 0.0030361546258005356 163
1694439261972 0.0030407914610506293 164
1694439262019 0.003045437965151221 165
1694439262069 0.003050094157105887 166
1694439262104 0.003054760055957395 167
1694439262134 0.003059435680781153 168
1694439262167 0.003064121050690538 169
1694439262195 0.003068816184833012 170
1694439262223 0.003073521102390009 171
1694439262256 0.0030782358225804884 172
1694439262289 0.0030829603646582715 173
1694439262322 0.003087694747913039 174
1694439262357 0.00309243899167011 175
1694439262391 0.0030971931152894427 176
1694439262428 0.003101957138170075 177
1694439262462 0.003106731079741687 178
1694439262497 0.003111514959475814 179
1694439262533 0.003116308796875522 180
1694439262568 0.0031211126114821797 181
1694439262602 0.0031259264228725714 182
1694439262638 0.003130750250658787 183
1694439262680 0.00313558411449133 184
1694439262731 0.0031404280340554536 185
1694439262775 0.003145282029074159 186
1694439262810 0.003150146119304198 187
1694439262840 0.003155020324540958 188
1694439262869 0.0031599046646169082 189
1694439262899 0.0031647991594005997 190
1694439262928 0.003169703828795112 191
1694439262958 0.0031746186927442688 192
1694439262993 0.0031795437712246466 193
1694439263029 0.0031844790842537885 194
1694439263070 0.003189424651882322 195
1694439263106 0.0031943804941998444 196
1694439263142 0.0031993466313342545 197
1694439263174 0.0032043230834478686 198
1694439263208 0.003209309870741084 199
1694439263243 0.003214307013453932 200
1694439263282 0.003219314531861528 201
1694439263315 0.00322433244627518 202
1694439263355 0.00322936077704572 203
1694439263391 0.003234399544562394 204
1694439263422 0.003239448769249864 205
1694439263454 0.003244508471571206 206
1694439263487 0.0032495786720284636 207
1694439263519 0.003254659391158654 208
1694439263553 0.0032597506495385398 209
1694439263582 0.003264852467784074 210
1694439263612 0.0032699648665472925 211
1694439263644 0.0032750878665178673 212
1694439263672 0.0032802214884251057 213
1694439263701 0.0032853657530349523 214
1694439263733 0.0032905206811549848 215
1694439263766 0.0032956862936256437 216
1694439263799 0.0033008626113318895 217
1694439263835 0.0033060496551914342 218
1694439263871 0.0033112474461637342 219
1694439263912 0.0033164560052471037 220
1694439263953 0.0033216753534771604 221
1694439263991 0.003326905511929046 222
1694439264021 0.003332146501714983 223
1694439264054 0.003337398343989939 224
1694439264087 0.003342661059942076 225
1694439264122 0.0033479346708038538 226
1694439264175 0.0033532191978453696 227
1694439264228 0.0033585146623731355 228
1694439264275 0.0033638210857350748 229
1694439264311 0.0033691384893205223 230
1694439264343 0.0033744668945527856 231
1694439264374 0.003379806322899359 232
1694439264405 0.003385156795865041 233
1694439264436 0.0033905183349934864 234
1694439264472 0.0033958909618713173 235
1694439264511 0.003401274698119794 236
1694439264545 0.0034066695654042523 237
1694439264583 0.0034120755854278872 238
1694439264616 0.0034174927799343058 239
1694439264652 0.0034229211707066387 240
1694439264688 0.0034283607795672078 241
1694439264722 0.003433811628380301 242
1694439264796 0.0034392737390489536 243
1694439264865 0.0034447471335172786 244
1694439264904 0.003450231833768469 245
1694439264948 0.0034557278618279064 246
1694439264985 0.003461235239760052 247
1694439265017 0.0034667539896698907 248
1694439265054 0.003472284133703263 249
1694439265086 0.0034778256940473096 250
1694439265120 0.0034833786929272526 251
1694439265156 0.0034889431526128334 252
1694439265188 0.0034945190954118743 253
1694439265218 0.0035001065436750523 254
1694439265255 0.0035057055197905695 255
1694439265291 0.003511316046192592 256
1694439265319 0.0035169381453531434 257
1694439265354 0.0035225718397846606 258
1694439265388 0.0035282171520445438 259
1694439265416 0.003533874104727719 260
1694439265445 0.00353954272047341 261
1694439265472 0.003545223021959809 262
1694439265504 0.003550915031907964 263
1694439265537 0.0035566187730800003 264
1694439265566 0.003562334268282008 265
1694439265596 0.0035680615403582694 266
1694439265635 0.003573800612196254 267
1694439265667 0.0035795515067267303 268
1694439265701 0.0035853142469201016 269
1694439265734 0.0035910888557920684 270
1694439265771 0.0035968753563953015 271
1694439265812 0.0036026737718310997 272
1694439265847 0.0036084841252365107 273
1694439265880 0.003614306439796988 274
1694439265912 0.003620140738735178 275
1694439265945 0.0036259870453183574 276
1694439265977 0.003631845382858434 277
1694439266013 0.003637715774705619 278
1694439266045 0.0036435982442567516 279
1694439266075 0.0036494928149498618 280
1694439266103 0.003655399510264168 281
1694439266131 0.0036613183537240745 282
1694439266161 0.003667249368896397 283
1694439266193 0.0036731925793900277 284
1694439266226 0.0036791480088587125 285
1694439266261 0.0036851156809992736 286
1694439266295 0.0036910956195488343 287
1694439266327 0.0036970878482911473 288
1694439266361 0.003703092391051044 289
1694439266394 0.003709109271699762 290
1694439266427 0.0037151385141497295 291
1694439266456 0.0037211801423572277 292
1694439266488 0.003727234180322725 293
1694439266517 0.003733300652090654 294
1694439266555 0.0037393795817487474 295
1694439266587 0.0037454709934293673 296
1694439266617 0.003751574911306954 297
1694439266645 0.0037576913596040207 298
1694439266675 0.0037638203625820488 299
1694439266705 0.00376996194455137 300
1694439266736 0.003776116129864393 301
1694439266770 0.003782282942917603 302
1694439266808 0.0037884624081522267 303
1694439266836 0.003794654550054344 304
1694439266866 0.0038008593931566637 305
1694439266904 0.0038070769620311973 306
1694439266935 0.003813307281301137 307
1694439266970 0.003819550375628644 308
1694439267003 0.003825806269726062 309
1694439267032 0.0038320749883449245 310
1694439267065 0.0038383565562893907 311
1694439267095 0.0038446509983999233 312
1694439267126 0.0038509583395706093 313
1694439267154 0.003857278604734171 314
1694439267186 0.003863611818871515 315
1694439267216 0.003869958007011065 316
1694439267245 0.003876317194222656 317
1694439267286 0.0038826894056238626 318
1694439267319 0.0038890746663778897 319
1694439267349 0.0038954730016929062 320
1694439267387 0.0039018844368252648 321
1694439267421 0.003908308997072729 322
1694439267454 0.003914746707784689 323
1694439267491 0.003921197594350723 324
1694439267521 0.003927661682211148 325
1694439267554 0.003934138996851355 326
1694439267594 0.00394062956379948 327
1694439267625 0.003947133408636727 328
1694439267657 0.00395365055698349 329
1694439267687 0.003960181034513011 330
1694439267719 0.003966724866940163 331
1694439267751 0.003973282080029339 332
1694439267789 0.003979852699591557 333
1694439267820 0.0039864367514828025 334
1694439267852 0.0039930342616084635 335
1694439267891 0.003999645255918671 336
1694439267920 0.0040062697604125175 337
1694439267950 0.004012907801134058 338
1694439267981 0.0040195594041765315 339
1694439268010 0.004026224595678696 340
1694439268045 0.00403290340182938 341
1694439268076 0.004039595848862487 342
1694439268109 0.004046301963061105 343
1694439268138 0.004053021770753618 344
1694439268172 0.004059755298317813 345
1694439268203 0.004066502572179109 346
1694439268232 0.004073263618810552 347
1694439268272 0.004080038464733704 348
1694439268301 0.004086827136516424 349
1694439268332 0.004093629660777864 350
1694439268362 0.004100446064181584 351
1694439268396 0.004107276373440993 352
1694439268426 0.004114120615319461 353
1694439268463 0.00412097881662743 354
1694439268495 0.004127851004222083 355
1694439268522 0.0041347372050107856 356
1694439268553 0.004141637445951862 357
1694439268599 0.00414855175404738 358
1694439268631 0.004155480156353586 359
1694439268666 0.004162422679971023 360
1694439268702 0.0041693793520506395 361
1694439268733 0.00417635019979512 362
1694439268770 0.004183335250453224 363
1694439268806 0.0041903345313237805 364
1694439268835 0.004197348069755247 365
1694439268871 0.004204375893144374 366
1694439268910 0.004211418028939984 367
1694439268942 0.004218474504636749 368
1694439268979 0.004225545347782744 369
1694439269016 0.004232630585972452 370
1694439269049 0.004239730246851092 371
1694439269088 0.004246844358116397 372
1694439269128 0.004253972947513285 373
1694439269167 0.004261116042836743 374
1694439269204 0.004268273671934164 375
1694439269238 0.004275445862699567 376
1694439269285 0.004282632643080375 377
1694439269324 0.0042898340410720825 378
1694439269358 0.004297050084724252 379
1694439269390 0.0043042808021316326 380
1694439269427 0.004311526221445261 381
1694439269460 0.00431878637086236 382
1694439269493 0.004326061278634663 383
1694439269528 0.004333350973059535 384
1694439269559 0.004340655482492406 385
1694439269591 0.00434797483533389 386
1694439269626 0.004355309060038004 387
1694439269655 0.004362658185110058 388
1694439269689 0.004370022239105542 389
1694439269724 0.004377401250635238 390
1694439269756 0.004384795248354556 391
1694439269789 0.004392204260977306 392
1694439269820 0.00439962831726326 393
1694439269853 0.004407067446028479 394
1694439269887 0.004414521676139427 395
1694439269919 0.004421991036511308 396
1694439269951 0.004429475556115947 397
1694439269984 0.004436975263976017 398
1694439270013 0.004444490189162487 399
1694439270043 0.004452020360804609 400
1694439270071 0.004459565808079602 401
1694439270105 0.004467126560219414 402
1694439270135 0.004474702646506401 403
1694439270171 0.004482294096277317 404
1694439270204 0.0044899009389206546 405
1694439270237 0.0044975232038785284 406
1694439270276 0.004505160920644236 407
1694439270309 0.004512814118765696 408
1694439270343 0.004520482827843009 409
1694439270379 0.004528167077529344 410
1694439270417 0.004535866897531826 411
1694439270450 0.004543582317609762 412
1694439270483 0.004551313367576859 413
1694439270513 0.004559060077298338 414
1694439270543 0.004566822476696597 415
1694439270577 0.004574600595744216 416
1694439270614 0.004582394464468842 417
1694439270647 0.004590204112951413 418
1694439270679 0.004598029571327711 419
1694439270709 0.004605870869787587 420
1694439270737 0.004613728038572296 421
1694439270771 0.004621601107979489 422
1694439270803 0.004629490108362111 423
1694439270834 0.004637395070125283 424
1694439270869 0.004645316023729751 425
1694439270903 0.004653252999691104 426
1694439270936 0.00466120602857556 427
1694439270967 0.004669175141011728 428
1694439270996 0.0046771603676742934 429
1694439271026 0.004685161739300114 430
1694439271054 0.004693179286676563 431
1694439271087 0.004701213040645857 432
1694439271118 0.004709263032109168 433
1694439271150 0.00471732929202151 434
1694439271183 0.00472541185138764 435
1694439271216 0.004733510741278257 436
1694439271252 0.0047416259928079185 437
1694439271297 0.004749757637156016 438
1694439271334 0.004757905705553345 439
1694439271369 0.004766070229286545 440
1694439271412 0.004774251239699212 441
1694439271448 0.004782448768189007 442
1694439271487 0.004790662846214211 443
1694439271527 0.00479889350528151 444
1694439271561 0.004807140776961649 445
1694439271599 0.004815404692877889 446
1694439271635 0.004823685284707668 447
1694439271672 0.004831982584190042 448
1694439271740 0.004840296623117912 449
1694439271788 0.004848627433340358 450
1694439271852 0.004856975046763856 451
1694439271914 0.004865339495352949 452
1694439271978 0.0048737208111259145 453
1694439272032 0.004882119026160869 454
1694439272065 0.004890534172591665 455
1694439272113 0.004898966282611439 456
1694439272148 0.004907415388468506 457
1694439272187 0.0049158815224696895 458
1694439272223 0.004924364716976437 459
1694439272255 0.004932865004413589 460
1694439272288 0.0049413824172578336 461
1694439272321 0.004949916988046477 462
1694439272351 0.004958468749374334 463
1694439272385 0.004967037733893398 464
1694439272419 0.004975623974316834 465
1694439272450 0.004984227503409877 466
1694439272487 0.004992848354002377 467
1694439272520 0.005001486558979695 468
1694439272550 0.005010142151283925 469
1694439272586 0.005018815163918 470
1694439272622 0.00502750562994303 471
1694439272658 0.005036213582477744 472
1694439272693 0.005044939054702491 473
1694439272729 0.005053682079854238 474
1694439272760 0.005062442691226798 475
1694439272823 0.005071220922178266 476
1694439272863 0.005080016806122911 477
1694439272900 0.005088830376532183 478
1694439272933 0.0050976616669412556 479
1694439272963 0.005106510710943812 480
1694439272999 0.00511537754218927 481
1694439273033 0.005124262194390772 482
1694439273066 0.005133164701318971 483
1694439273100 0.005142085096806914 484
1694439273130 0.0051510234147454925 485
1694439273158 0.005159979689083771 486
1694439273190 0.005168953953835986 487
1694439273222 0.005177946243073661 488
1694439273256 0.005186956590926717 489
1694439273287 0.00519598503158869 490
1694439273319 0.005205031599312737 491
1694439273351 0.0052140963284107444 492
1694439273386 0.00522317925325988 493
1694439273425 0.005232280408291823 494
1694439273456 0.005241399828004756 495
1694439273498 0.005250537546954925 496
1694439273538 0.005259693599760529 497
1694439273579 0.005268868021098716 498
1694439273620 0.005278060845712029 499
