1694441464626 -0.007290099068683276 0
1694441464666 -0.006656367369797467 1
1694441464704 -0.00696692318739256 2
1694441464747 -0.0065635792801435056 3
1694441464788 -0.006729220976875894 4
1694441464832 -0.007102884285625777 5
1694441464890 -0.007734065221385089 6
1694441464950 -0.0069219411045411405 7
1694441465003 -0.007700031360763138 8
1694441465040 -0.006728390508909721 9
1694441465082 -0.00643746486329122 10
1694441465120 -0.006942086992568042 11
1694441465159 -0.006993497467359555 12
1694441465195 -0.006922638518733315 13
1694441465232 -0.00681310828022208 14
1694441465271 -0.007189363187412701 15
1694441465310 -0.006907348212324749 16
1694441465349 -0.006571600279951184 17
1694441465398 -0.00735863637880696 18
1694441465452 -0.006621768603020772 19
1694441465504 -0.006433309197795278 20
1694441465556 -0.006403999527671234 21
1694441465605 -0.00712324619519622 22
1694441465658 -0.006452425963981545 23
1694441465714 -0.007016709211043581 24
1694441465774 -0.0065968037638890475 25
1694441465822 -0.007256201128436279 26
1694441465884 -0.006018031865207885 27
1694441465951 -0.005658850820746464 28
1694441466019 -0.006479042505999955 29
1694441466076 -0.006150900343590671 30
1694441466126 -0.006237692443229914 31
1694441466195 -0.006503472998059978 32
1694441466247 -0.007344791078613522 33
1694441466296 -0.0069942712617681035 34
1694441466332 -0.006017306648037346 35
1694441466377 -0.006252104867517039 36
1694441466418 -0.006180532620257306 37
1694441466458 -0.005345194694500011 38
1694441466498 -0.007203601418962036 39
1694441466542 -0.00565170752940336 40
1694441466589 -0.006116581650584374 41
1694441466631 -0.0069995499492137014 42
1694441466679 -0.0057295024520551685 43
1694441466725 -0.006070787846818693 44
1694441466768 -0.006235351777886811 45
1694441466810 -0.005956676540681549 46
1694441466850 -0.006182230479963691 47
1694441466890 -0.006103326900533945 48
1694441466929 -0.005975376482556527 49
1694441466976 -0.005938949018348794 50
1694441467020 -0.006376754950179642 51
1694441467060 -0.005698272005565386 52
1694441467109 -0.005475133029359203 53
1694441467146 -0.0057734696096343185 54
1694441467184 -0.006894884501239762 55
1694441467221 -0.005613444602991402 56
1694441467260 -0.006039323050084144 57
1694441467295 -0.006207543515666103 58
1694441467333 -0.005493884878505106 59
1694441467372 -0.0049688159525371756 60
1694441467413 -0.005814025197319772 61
1694441467451 -0.00534145757269644 62
1694441467492 -0.005315439291576851 63
1694441467534 -0.006127958347476037 64
1694441467573 -0.005925742089135433 65
1694441467620 -0.00539440097620103 66
1694441467662 -0.005885706327870777 67
1694441467704 -0.0056935918395131235 68
1694441467751 -0.006358808930347459 69
1694441467792 -0.005684403295961982 70
1694441467834 -0.005917058746449655 71
1694441467871 -0.005632468803073332 72
1694441467908 -0.005340068711480406 73
1694441467947 -0.004957255809358241 74
1694441467993 -0.005720031696216488 75
1694441468033 -0.005233681002091428 76
1694441468072 -0.0060940572730121545 77
1694441468108 -0.005103503388247388 78
1694441468145 -0.005513591330216894 79
1694441468185 -0.004897026628355006 80
1694441468224 -0.005642362101562659 81
1694441468259 -0.005543543982032384 82
1694441468299 -0.005405850024209569 83
1694441468339 -0.00467588134213659 84
1694441468383 -0.005650828432933297 85
1694441468422 -0.005625019096924921 86
1694441468461 -0.005079262531615392 87
1694441468499 -0.005507439674221626 88
1694441468537 -0.005598234837446592 89
1694441468577 -0.004834491723638257 90
1694441468617 -0.004957409559039894 91
1694441468660 -0.004983205484900166 92
1694441468699 -0.00562794760617269 93
1694441468743 -0.005412630969603871 94
1694441468782 -0.005102323519896146 95
1694441468822 -0.005522970422540352 96
1694441468859 -0.005428611913641523 97
1694441468895 -0.005327391175129703 98
1694441468934 -0.004048952957746543 99
1694441468978 -0.004491489790891645 100
1694441469021 -0.004609700164240449 101
1694441469055 -0.004564404872904992 102
1694441469097 -0.004382063895779664 103
1694441469134 -0.004788693617329143 104
1694441469180 -0.004521592519181938 105
1694441469219 -0.004713791273349921 106
1694441469258 -0.004629609982374161 107
1694441469294 -0.005246994569490626 108
1694441469334 -0.005230249812925969 109
1694441469374 -0.004493207295185542 110
1694441469413 -0.004277179371847684 111
1694441469455 -0.004365980560971927 112
1694441469498 -0.004018270485655284 113
1694441469540 -0.004265830820764149 114
1694441469578 -0.004055328719775764 115
1694441469616 -0.00438708006361388 116
1694441469656 -0.004725390183113021 117
1694441469696 -0.004273267928961877 118
1694441469736 -0.0038487877053481334 119
1694441469775 -0.004630603156464463 120
1694441469818 -0.0036928757155139103 121
1694441469869 -0.0036378201288296275 122
1694441469912 -0.0036762542947901267 123
1694441469954 -0.004356153881686087 124
1694441469994 -0.004036391194518929 125
1694441470034 -0.0032345547693817256 126
1694441470077 -0.004033080519803001 127
1694441470114 -0.003620117485315877 128
1694441470157 -0.004080754784768326 129
1694441470194 -0.003590437704553695 130
1694441470235 -0.003226990953736353 131
1694441470275 -0.003873726415179579 132
1694441470316 -0.0034593523697623585 133
1694441470356 -0.0031450819446718903 134
1694441470393 -0.003449596224709417 135
1694441470432 -0.003240009432157853 136
1694441470472 -0.00276090958361519 137
1694441470512 -0.0031941324256812287 138
1694441470549 -0.003258906600092315 139
1694441470590 -0.0031035499925646803 140
1694441470628 -0.003149273325453672 141
1694441470671 -0.002866616183494042 142
1694441470705 -0.003152818880195918 143
1694441470745 -0.003140623373508733 144
1694441470781 -0.0027265282303996496 145
1694441470823 -0.0032250499508619246 146
1694441470860 -0.0029631692049114644 147
1694441470899 -0.0028535464755024 148
1694441470933 -0.0030102611315170336 149
1694441470973 -0.0028601134074015544 150
1694441471013 -0.002927874200726377 151
1694441471053 -0.002783152683882184 152
1694441471092 -0.0024117075532130716 153
1694441471127 -0.0025966300309785417 154
1694441471170 -0.002016252601121593 155
1694441471206 -0.002220538204969147 156
1694441471245 -0.0023830908254198757 157
1694441471280 -0.0024314726858118973 158
1694441471320 -0.002447437878744907 159
1694441471360 -0.0026533840922819962 160
1694441471405 -0.002908643261639865 161
1694441471441 -0.001981074517231285 162
1694441471481 -0.0017459432631354854 163
1694441471520 -0.0020910901424884276 164
1694441471558 -0.0017762941347152506 165
1694441471599 -0.001617950533544965 166
1694441471639 -0.0020351730663485945 167
1694441471679 -0.0012083530198023773 168
1694441471724 -0.0013478055822098156 169
1694441471765 -0.0017642047087877977 170
1694441471803 -0.0021386042018707307 171
1694441471842 -0.0017584019398155792 172
1694441471880 -0.001522729672537082 173
1694441471921 -0.0014474122218666174 174
1694441471958 -0.0009630716834789776 175
1694441471999 -0.0008362966135433414 176
1694441472038 -0.0013561391025689318 177
1694441472077 -0.0014038080825296007 178
1694441472113 -0.0012494374642493256 179
1694441472157 -0.0009429938805010085 180
1694441472198 -0.0010144275126038327 181
1694441472239 -0.0014417414409162443 182
1694441472277 -0.0008651822707377299 183
1694441472315 -0.0010816124294845686 184
1694441472358 -0.0012275264770129635 185
1694441472396 -0.0007685596631930025 186
1694441472435 -0.0007128596503371831 187
1694441472475 -0.0006920264553251787 188
1694441472514 -0.0006693126118093584 189
1694441472551 -0.0005382513158700419 190
1694441472589 -0.00048065359939486463 191
1694441472630 -9.530985083827659e-06 192
1694441472671 -0.0011232963142953079 193
1694441472710 -0.0004262399849204179 194
1694441472747 -0.00043683234064118004 195
1694441472784 -0.00033618343264119055 196
1694441472821 0.00039655010174466376 197
1694441472861 0.0005995851390168117 198
1694441472899 0.0002656136905357931 199
1694441472941 -0.00024330534654581903 200
1694441472981 -0.00019761677863194826 201
1694441473046 -3.2970252015207535e-05 202
1694441473110 3.5587752227339564e-05 203
1694441473165 0.0010121735683646937 204
1694441473204 3.4946229864774025e-05 205
1694441473244 0.001040492532286108 206
1694441473282 0.0007687022925403353 207
1694441473322 0.00041495748278841393 208
1694441473362 0.000300305749538321 209
1694441473402 0.0011700208114187038 210
1694441473445 0.0014869046013441523 211
1694441473488 0.0008262423582641176 212
1694441473528 0.001157488180678179 213
1694441473567 0.0007016886499441322 214
1694441473613 0.0007587461042081189 215
1694441473654 0.0004683546906677494 216
1694441473692 0.00048648775453752346 217
1694441473737 0.00027792137807758355 218
1694441473773 0.0013385275959043597 219
1694441473815 0.0021358208797772615 220
1694441473853 0.0016410539303008953 221
1694441473892 0.0022533882148381146 222
1694441473930 0.0016431316424869724 223
1694441473969 0.002009398701739107 224
1694441474004 0.0018730374231121782 225
1694441474044 0.0018379127911517523 226
1694441474081 0.002258268567300048 227
1694441474120 0.002826963114255565 228
1694441474161 0.0020254182932389897 229
1694441474199 0.0021952516956937895 230
1694441474241 0.002453304033420811 231
1694441474281 0.002859677929333504 232
1694441474320 0.0026305220366814597 233
1694441474361 0.0018633475304937752 234
1694441474405 0.002298701357245525 235
1694441474440 0.003130151779990764 236
1694441474482 0.0027611360437995724 237
1694441474524 0.003553692712240708 238
1694441474563 0.0029485862432193644 239
1694441474602 0.0031933766035902034 240
1694441474644 0.002580952844753903 241
1694441474681 0.0040726730045890225 242
1694441474725 0.003740478465174113 243
1694441474767 0.003494940147223291 244
1694441474809 0.0030948200818532445 245
1694441474845 0.0027791146167231995 246
1694441474883 0.004212632559594365 247
1694441474921 0.0035296607374711853 248
1694441474961 0.003913165830484178 249
1694441475000 0.003631531441381508 250
1694441475039 0.004152653437728748 251
1694441475076 0.0040434337745133275 252
1694441475117 0.004370443255351519 253
1694441475154 0.004369795725707948 254
1694441475196 0.004068844348149581 255
1694441475234 0.005347522578803221 256
1694441475275 0.004958811403323882 257
1694441475312 0.005410265001411063 258
1694441475352 0.004450762344760717 259
1694441475392 0.005711334576780969 260
1694441475429 0.005170717757912113 261
1694441475469 0.004875327655784023 262
1694441475508 0.004901129076836819 263
1694441475547 0.0051772749664945605 264
1694441475588 0.0063623089585482795 265
1694441475624 0.004768537990248456 266
1694441475663 0.007171067875584525 267
1694441475703 0.004454525716426128 268
1694441475740 0.005455719625574562 269
1694441475780 0.006721775035044897 270
1694441475818 0.006229882290299638 271
1694441475859 0.00682180864340598 272
1694441475897 0.007240655926187611 273
1694441475938 0.005138164666830147 274
1694441475974 0.007381535706701081 275
1694441476013 0.006675445625962229 276
1694441476054 0.006215520758523385 277
1694441476090 0.007525474790432751 278
1694441476125 0.00870846462632835 279
1694441476161 0.007827067898256046 280
1694441476202 0.00695102254317459 281
1694441476237 0.007828768819309051 282
1694441476277 0.007112103080426424 283
1694441476314 0.005229207005110537 284
1694441476358 0.007707905048738084 285
1694441476399 0.007571655048218551 286
1694441476440 0.007466757660524959 287
1694441476482 0.0073289395263205215 288
1694441476519 0.008334825267978796 289
1694441476560 0.008598594444660268 290
1694441476599 0.008366158578973604 291
1694441476639 0.009307760567023982 292
1694441476677 0.009260037835552404 293
1694441476717 0.008986789288549346 294
1694441476755 0.008895875747959026 295
1694441476798 0.010164210193362666 296
1694441476833 0.008566803380851473 297
1694441476868 0.00951731622113361 298
1694441476906 0.010047617456268587 299
1694441476946 0.008181322228584587 300
1694441476986 0.010130206406188336 301
1694441477023 0.01021191890191675 302
1694441477062 0.009534330980440653 303
1694441477101 0.012054255875079356 304
1694441477138 0.009677095007909586 305
1694441477178 0.009677233592661372 306
1694441477218 0.009159500180221714 307
1694441477259 0.009802601583177584 308
1694441477297 0.011293224141757263 309
1694441477332 0.01212602288178899 310
1694441477374 0.010539777830973707 311
1694441477409 0.010075891450031405 312
1694441477445 0.010758814938282235 313
1694441477482 0.011488864355908457 314
1694441477523 0.009406029388203008 315
1694441477559 0.01541143628219932 316
1694441477598 0.009705091851682002 317
1694441477637 0.011923925393124701 318
1694441477676 0.01204216286626858 319
1694441477723 0.011889497972885965 320
1694441477766 0.012716530441305829 321
1694441477808 0.012412980659177508 322
1694441477854 0.01339575505057733 323
1694441477894 0.012676301346366659 324
1694441477936 0.013546801335967529 325
1694441477982 0.012559520182850226 326
1694441478028 0.012140269775821166 327
1694441478071 0.012975969339406812 328
1694441478112 0.013947993629169209 329
1694441478150 0.01246975037688125 330
1694441478186 0.014846311965345693 331
1694441478227 0.01581754586813533 332
1694441478269 0.012896162938973443 333
1694441478305 0.015625419239105987 334
1694441478345 0.016519193933979825 335
1694441478384 0.017380487920481413 336
1694441478427 0.017932130373028987 337
1694441478469 0.015950884611426464 338
1694441478511 0.017609095012947162 339
1694441478549 0.016394843891483935 340
1694441478591 0.016822110459303152 341
1694441478632 0.01823244832706339 342
1694441478669 0.01684234888138547 343
1694441478711 0.017688459936969436 344
1694441478752 0.017650601331032134 345
1694441478794 0.01676918194773991 346
1694441478832 0.014408956575705845 347
1694441478876 0.018451006554070948 348
1694441478913 0.01741037448282512 349
1694441478954 0.017201907747655287 350
1694441478993 0.01693182389221015 351
1694441479036 0.018085353488218048 352
1694441479080 0.017605081644995746 353
1694441479118 0.02068641568971774 354
1694441479159 0.018909139809436315 355
1694441479197 0.018622104985794752 356
1694441479235 0.018470153313040916 357
1694441479275 0.017285685692299824 358
1694441479317 0.01592775185873274 359
1694441479357 0.02083558442421629 360
1694441479393 0.016287582662677047 361
1694441479431 0.018170656056339385 362
1694441479474 0.019783935648922224 363
1694441479512 0.02187728630296215 364
1694441479553 0.021260825049240317 365
1694441479591 0.020786073286921614 366
1694441479628 0.019786609861675686 367
1694441479668 0.022847680829515382 368
1694441479707 0.01790363370054826 369
1694441479750 0.021141863926468107 370
1694441479790 0.02259097466545057 371
1694441479827 0.01909165316801864 372
1694441479864 0.02074667890894133 373
1694441479902 0.024630112112868252 374
1694441479940 0.022207738443559277 375
1694441479984 0.023987107775233163 376
1694441480022 0.024579285743179025 377
1694441480067 0.023422803425270367 378
1694441480107 0.026512578860381164 379
1694441480146 0.02190557984484154 380
1694441480185 0.024910152040615863 381
1694441480224 0.027687217125114905 382
1694441480267 0.025234406659181086 383
1694441480309 0.027242947781470295 384
1694441480345 0.019215381320074054 385
1694441480388 0.023480089675503524 386
1694441480423 0.025101422521280004 387
1694441480463 0.02369529784113955 388
1694441480500 0.022893911545099566 389
1694441480537 0.027606598411858974 390
1694441480578 0.02421283037644506 391
1694441480614 0.027554933889900934 392
1694441480657 0.02308728129186155 393
1694441480691 0.02845340979933253 394
1694441480729 0.02785400860822984 395
1694441480764 0.028892485349278796 396
1694441480802 0.029544179153800698 397
1694441480840 0.027760040263155594 398
1694441480880 0.02761804461278128 399
1694441480914 0.028535304335478462 400
1694441480951 0.030905293065387807 401
1694441480991 0.028560422252059237 402
1694441481030 0.027438864708139832 403
1694441481069 0.026070259273720087 404
1694441481106 0.02523089373008336 405
1694441481152 0.031567381018486995 406
1694441481193 0.02742600069307155 407
1694441481234 0.03118021637579993 408
1694441481275 0.03226170782636606 409
1694441481319 0.03159493195031271 410
1694441481374 0.029944493729314514 411
1694441481420 0.030904609759292656 412
1694441481469 0.029976969657445895 413
1694441481516 0.032070396311552174 414
1694441481566 0.031410751353158295 415
1694441481606 0.02996849825365311 416
1694441481648 0.035843985279942814 417
1694441481690 0.03398658185050962 418
1694441481730 0.03191356663229483 419
1694441481771 0.03073438284775709 420
1694441481811 0.036078762248469065 421
1694441481851 0.03412589084605511 422
1694441481892 0.028669939801963196 423
1694441481928 0.03691442066334416 424
1694441481969 0.04012359888553596 425
1694441482014 0.04279232133639266 426
1694441482054 0.032410217951941656 427
1694441482096 0.035225950566932784 428
1694441482138 0.0368264722289775 429
1694441482184 0.03813420665230716 430
1694441482224 0.03212462234364766 431
1694441482265 0.03222946870492982 432
1694441482304 0.03543873945139131 433
1694441482338 0.04241602620075069 434
1694441482376 0.030996334592522712 435
1694441482414 0.038104894676920575 436
1694441482451 0.044981453536946714 437
1694441482488 0.03618978996278899 438
1694441482528 0.03419244092183882 439
1694441482571 0.041334056720900625 440
1694441482609 0.043575484995762914 441
1694441482646 0.04064522057929287 442
1694441482687 0.041005014411400365 443
1694441482724 0.035806630859976485 444
1694441482763 0.04090766041820837 445
1694441482801 0.039818120492853715 446
1694441482837 0.04386662768170135 447
1694441482878 0.037206673235141596 448
1694441482912 0.03902316752434731 449
1694441482951 0.043094439028699694 450
1694441482989 0.038471361075107846 451
1694441483025 0.03805517854355167 452
1694441483061 0.039636398369563675 453
1694441483103 0.03800835313091644 454
1694441483138 0.04195687773185197 455
1694441483176 0.041466445398431806 456
1694441483214 0.0427055088390611 457
1694441483255 0.04618474947597673 458
1694441483294 0.04533055872163627 459
1694441483334 0.052670674691476016 460
1694441483372 0.04543799613382826 461
1694441483413 0.04829308026643664 462
1694441483452 0.04768931160152734 463
1694441483493 0.04729475276187456 464
1694441483530 0.036861411692008406 465
1694441483574 0.04555931374187483 466
1694441483611 0.04644268804806917 467
1694441483648 0.04473108330332609 468
1694441483688 0.04964484466085728 469
1694441483729 0.051990338335774045 470
1694441483763 0.047527038162642476 471
1694441483805 0.048577125732407245 472
1694441483844 0.05402234318426791 473
1694441483888 0.053927008635709095 474
1694441483922 0.0441117448830356 475
1694441483959 0.046034292737211824 476
1694441483997 0.05074548513097521 477
1694441484036 0.04953590934291674 478
1694441484092 0.05735329369033748 479
1694441484126 0.05546817923252523 480
1694441484165 0.05360569889460465 481
1694441484201 0.05380287050792543 482
1694441484239 0.05514639439418323 483
1694441484279 0.05868554802953241 484
1694441484316 0.047485512680349395 485
1694441484353 0.054481638820599976 486
1694441484397 0.049226640025984425 487
1694441484434 0.05673080857050494 488
1694441484475 0.05610682054070626 489
1694441484510 0.062055256691560534 490
1694441484550 0.059522217062142335 491
1694441484591 0.06833997593965535 492
1694441484630 0.06455645189627401 493
1694441484670 0.05747964978498321 494
1694441484706 0.05524696575973942 495
1694441484746 0.05556293758728492 496
1694441484785 0.054740884276583746 497
1694441484823 0.058308696206532784 498
1694441484863 0.0587065597242894 499
