1694436650550 -0.0008046676229418459 0
1694436650578 -0.0004382013039916366 1
1694436650610 -0.0005772441342246637 2
1694436650640 -0.00019012684801467117 3
1694436650673 -0.0002113011626412309 4
1694436650703 -1.2661643922662336e-05 5
1694436650737 0.00031257196041767354 6
1694436650773 0.0004322445718055734 7
1694436650807 0.0007004175916672795 8
1694436650838 0.001206442089284665 9
1694436650876 0.0011736833848945416 10
1694436650908 0.0012864153459020145 11
1694436650939 0.0013554844311418623 12
1694436650971 0.0013179348354586118 13
1694436651002 0.0020211772026796915 14
1694436651035 0.002468799968082025 15
1694436651066 0.0032154698090948175 16
1694436651095 0.0032589052028326737 17
1694436651122 0.004313633395155891 18
1694436651152 0.004536027644033935 19
1694436651183 0.005236191957027514 20
1694436651213 0.004429021272066569 21
1694436651244 0.004309707981712818 22
1694436651275 0.00616401387458454 23
1694436651306 0.006441387987459524 24
1694436651335 0.008019954496079396 25
1694436651366 0.008025316021766593 26
1694436651394 0.007572716413317582 27
1694436651420 0.007117929187372196 28
1694436651448 0.00930429143803746 29
1694436651476 0.00928417273496851 30
1694436651507 0.011547204958092472 31
1694436651536 0.013443781434762547 32
1694436651567 0.012555874301247827 33
1694436651596 0.012037456075811748 34
1694436651627 0.017071570124725044 35
1694436651657 0.016125862667699886 36
1694436651691 0.015402252894810231 37
1694436651720 0.0179721296978258 38
1694436651753 0.017032793295206572 39
1694436651786 0.02100617252061554 40
1694436651815 0.021992876977238618 41
1694436651846 0.018979885748819925 42
1694436651875 0.021345513428901564 43
1694436651906 0.02392448136910641 44
1694436651935 0.022165502233835066 45
1694436651964 0.024390803385800797 46
1694436651995 0.026811708849403648 47
1694436652025 0.02410660234097406 48
1694436652053 0.026521201703792463 49
1694436652085 0.026096747308151813 50
1694436652116 0.029757741868064902 51
1694436652147 0.029132819048504177 52
1694436652179 0.031011401792670257 53
1694436652208 0.035551820941548185 54
1694436652235 0.03214895427489661 55
1694436652264 0.03324938048318726 56
1694436652295 0.03836669379079172 57
1694436652327 0.037746216589271464 58
1694436652358 0.03913963617563765 59
1694436652386 0.04068600769141972 60
1694436652414 0.03646419416208757 61
1694436652445 0.03456765439857801 62
1694436652476 0.034676618782312985 63
1694436652508 0.03760218110114788 64
1694436652540 0.04163787670893471 65
1694436652568 0.03985498309994939 66
1694436652599 0.04045876206485777 67
1694436652629 0.04705154550860369 68
1694436652659 0.03953175877596582 69
1694436652691 0.03411955731447014 70
1694436652720 0.03970753580467701 71
1694436652752 0.04023780107113806 72
1694436652784 0.04392291084305944 73
1694436652815 0.04778566822428576 74
1694436652844 0.04664342467380833 75
1694436652875 0.04954996443766524 76
1694436652907 0.04595113246964411 77
1694436652936 0.05046487397163513 78
1694436652966 0.0478582094960307 79
1694436652997 0.04750937939804312 80
1694436653028 0.044545789728464014 81
1694436653058 0.04735314314385175 82
1694436653086 0.046836634885197514 83
1694436653115 0.04893196696001334 84
1694436653143 0.05456916063223316 85
1694436653170 0.04998791520103829 86
1694436653201 0.05403059496529894 87
1694436653230 0.050030691851634224 88
1694436653259 0.05616409713665538 89
1694436653293 0.053458908509766534 90
1694436653320 0.05669699716169474 91
1694436653351 0.053159528984022986 92
1694436653386 0.049495173593957054 93
1694436653414 0.05677957182888682 94
1694436653444 0.04604337333639852 95
1694436653472 0.05901563575409752 96
1694436653504 0.0637769621275941 97
1694436653534 0.06240400802017898 98
1694436653561 0.06359564998575029 99
1694436653595 0.06101981887839769 100
1694436653629 0.04770615503088771 101
1694436653660 0.06576522740090884 102
1694436653695 0.06736891222185615 103
1694436653724 0.06864031953685923 104
1694436653752 0.06235839299956247 105
1694436653779 0.04759222014137687 106
1694436653810 0.041090545170774706 107
1694436653841 0.05274367907974775 108
1694436653868 0.06662513288519822 109
1694436653899 0.05915146169098373 110
1694436653930 0.05530965221280615 111
1694436653960 0.05880695961922511 112
1694436653991 0.05616725369877773 113
1694436654020 0.062404402111757684 114
1694436654049 0.06128157316616267 115
1694436654077 0.06711196508444428 116
1694436654108 0.06000406209745257 117
1694436654141 0.06293857457404373 118
1694436654171 0.05734950301271413 119
1694436654203 0.06511190399481537 120
1694436654233 0.07221047168499217 121
1694436654263 0.06933050944631414 122
1694436654300 0.059492449232260824 123
1694436654329 0.06122033729041343 124
1694436654360 0.0700555477734498 125
1694436654394 0.0582603772372402 126
1694436654422 0.05750519463424408 127
1694436654451 0.06292815462134282 128
1694436654482 0.054861116261294085 129
1694436654510 0.06741683037497381 130
1694436654540 0.06283965503939026 131
1694436654568 0.05916143094596782 132
1694436654599 0.04662998329183232 133
1694436654634 0.06539610378843175 134
1694436654665 0.06579312266932336 135
1694436654697 0.053018879904808025 136
1694436654729 0.06153225284103003 137
1694436654760 0.06853543899820813 138
1694436654791 0.05934235061672366 139
1694436654820 0.05883366560967418 140
1694436654851 0.05343739009203008 141
1694436654881 0.06605882280520747 142
1694436654912 0.05996448551687583 143
1694436654944 0.062101135379004746 144
1694436654972 0.057702626641282895 145
1694436655002 0.06282754978082972 146
1694436655033 0.05828091636240296 147
1694436655063 0.06822085137491585 148
1694436655094 0.06072809813876345 149
1694436655123 0.0654687041595835 150
1694436655151 0.06352709575826965 151
1694436655183 0.06481997105755788 152
1694436655215 0.06335340307339021 153
1694436655244 0.054482925522805536 154
1694436655274 0.05258008794506763 155
1694436655307 0.05110176304316638 156
1694436655337 0.05059431723123475 157
1694436655366 0.05235318306286385 158
1694436655397 0.0622994928734909 159
1694436655426 0.06549389937892658 160
1694436655453 0.05963440519961194 161
1694436655483 0.05881862259654902 162
1694436655513 0.06646106981377486 163
1694436655544 0.06355044949550204 164
1694436655573 0.06122592496500223 165
1694436655606 0.06277116290284712 166
1694436655633 0.05794129129854886 167
1694436655664 0.06341463088366228 168
1694436655695 0.06353356128304222 169
1694436655725 0.06172623807428279 170
1694436655754 0.06497164386904741 171
1694436655784 0.06318411459701734 172
1694436655815 0.06357118810714779 173
1694436655845 0.06285988006631449 174
1694436655875 0.058531314005928814 175
1694436655902 0.06694341763159495 176
1694436655933 0.05711875626319085 177
1694436655963 0.06556095452405886 178
1694436655994 0.05640417473105375 179
1694436656026 0.05416149065199083 180
1694436656053 0.06343112146773033 181
1694436656081 0.06373647533855153 182
1694436656112 0.06390548154209252 183
1694436656144 0.0676380530466093 184
1694436656176 0.06029566277141829 185
1694436656206 0.06042615505309934 186
1694436656235 0.06520129683906684 187
