1694444144017 -0.005717987732200447 0
1694444144049 -0.006181616136982537 1
1694444144081 -0.005703890000656742 2
1694444144112 -0.006033211579867581 3
1694444144144 -0.00566708951432382 4
1694444144180 -0.006413030791752483 5
1694444144215 -0.005616400561559987 6
1694444144258 -0.005437657172382204 7
1694444144292 -0.005128012357685341 8
1694444144332 -0.004515889815725371 9
1694444144365 -0.005417451663409567 10
1694444144398 -0.0041887289768736125 11
1694444144431 -0.004178774311198286 12
1694444144462 -0.00478489281284622 13
1694444144495 -0.004219588738333391 14
1694444144527 -0.004342381968906794 15
1694444144558 -0.0033007475284776433 16
1694444144589 -0.004135116379786252 17
1694444144621 -0.0026489823070499074 18
1694444144653 -0.0037430162603351302 19
1694444144685 -0.0025053231015972344 20
1694444144717 -0.0008387607693418619 21
1694444144747 -0.0006163396679743638 22
1694444144779 0.0014594795804372396 23
1694444144810 0.0022012097759800398 24
1694444144841 0.003637708842860299 25
1694444144870 0.0034668033198188564 26
1694444144902 0.0054442245763911545 27
1694444144933 0.004079291470637458 28
1694444144964 0.008381628929958307 29
1694444144997 0.011465519921820877 30
1694444145030 0.009297095271014522 31
1694444145060 0.015745064479053883 32
1694444145090 0.012293540045479223 33
1694444145121 0.019093735612308205 34
1694444145152 0.018713125747330417 35
1694444145184 0.022648122992239617 36
1694444145218 0.024453719756977632 37
1694444145251 0.02239161169941062 38
1694444145282 0.0279460671454983 39
1694444145315 0.03276381170936338 40
1694444145346 0.03758905144301361 41
1694444145379 0.047265340438270353 42
1694444145411 0.051352600429317774 43
1694444145441 0.05552020423615056 44
1694444145473 0.056833740087642415 45
1694444145506 0.06277310862804897 46
1694444145537 0.08123919037529315 47
1694444145569 0.08600208973404944 48
1694444145604 0.0747839898838123 49
1694444145636 0.07889204841640218 50
1694444145669 0.09725046929116188 51
1694444145699 0.11293016971039871 52
1694444145732 0.11627648383834466 53
1694444145762 0.12326399999579363 54
1694444145792 0.1410599276921134 55
1694444145825 0.17248995965217273 56
1694444145854 0.1537174867420834 57
1694444145885 0.18588208496717717 58
1694444145917 0.17011338370731344 59
1694444145947 0.1940828957593428 60
1694444145979 0.22220940688771496 61
1694444146010 0.22730062621406122 62
1694444146041 0.24601200772305298 63
1694444146070 0.25997938538207055 64
1694444146102 0.26527386657241947 65
1694444146133 0.2827905550885452 66
1694444146167 0.29746293412699387 67
1694444146200 0.32499646847183883 68
1694444146232 0.353842932982681 69
1694444146263 0.3609217266465742 70
1694444146294 0.3452113229128977 71
1694444146326 0.3957368760924289 72
1694444146358 0.42296705592376405 73
1694444146389 0.4086110661455681 74
1694444146422 0.4308163255647187 75
1694444146457 0.3936495163197017 76
1694444146491 0.4999534773636386 77
1694444146525 0.4627154175308543 78
1694444146556 0.4727995120458718 79
1694444146586 0.500660396784383 80
1694444146620 0.5390458262925124 81
1694444146652 0.5343347818287991 82
1694444146684 0.5477629916554857 83
1694444146716 0.5166076062619586 84
1694444146746 0.5997919155742761 85
1694444146777 0.6255681259607095 86
1694444146810 0.599905013430226 87
1694444146846 0.6511418507259922 88
1694444146883 0.6133014706244504 89
1694444146919 0.6327609494091107 90
1694444146952 0.6480849682752007 91
1694444146983 0.6657393020975364 92
1694444147017 0.622195838331179 93
1694444147050 0.680298636793798 94
1694444147083 0.6695877676670278 95
1694444147114 0.6674209104466557 96
1694444147147 0.6813729630315166 97
1694444147181 0.696862652995479 98
1694444147210 0.7014338388974561 99
1694444147243 0.7448730986152023 100
1694444147274 0.7211330807045866 101
1694444147309 0.7164436151366957 102
1694444147341 0.755154327089362 103
1694444147373 0.7103008160444471 104
1694444147407 0.7249480037550975 105
1694444147441 0.7516913506145602 106
1694444147473 0.7689665141582248 107
1694444147506 0.7474229416518661 108
1694444147540 0.7683211409398842 109
1694444147571 0.7710955406238706 110
1694444147600 0.7322385338739701 111
1694444147632 0.7765187903104768 112
1694444147665 0.7688607907224965 113
1694444147699 0.7853079322165475 114
1694444147731 0.7748441570589497 115
1694444147765 0.7862428884892317 116
1694444147797 0.789611936921488 117
1694444147828 0.791354712794507 118
1694444147859 0.762946944306415 119
1694444147890 0.787288130879549 120
1694444147923 0.7783486835705646 121
1694444147953 0.7556816053568829 122
1694444147985 0.803119599552345 123
1694444148018 0.8157398299833107 124
1694444148051 0.8054850889349311 125
1694444148082 0.8054497463813595 126
1694444148112 0.7886071552840809 127
1694444148145 0.8079844858973979 128
1694444148180 0.7797495133214392 129
1694444148211 0.7817655790219851 130
1694444148243 0.7776989879585254 131
1694444148275 0.7905413724027612 132
1694444148306 0.7768430717002491 133
1694444148337 0.7954334120986475 134
1694444148370 0.7849165471978485 135
1694444148401 0.7980697873110509 136
1694444148432 0.8051638115228302 137
1694444148466 0.7486634662753013 138
1694444148496 0.792624386637981 139
1694444148530 0.8129292923867797 140
1694444148562 0.7906053024271316 141
1694444148598 0.7830691331556334 142
1694444148630 0.7777774655428851 143
1694444148660 0.775276225472795 144
1694444148694 0.7890595414626559 145
1694444148728 0.7897066714475034 146
1694444148759 0.8067626875025302 147
1694444148791 0.810300809016512 148
1694444148831 0.8003356534620496 149
1694444148865 0.7916542732843631 150
1694444148897 0.762123504001208 151
1694444148931 0.7764163424068523 152
1694444148964 0.8045457100127642 153
1694444148995 0.8157669625538341 154
1694444149034 0.794129725909344 155
1694444149065 0.800247337970106 156
1694444149096 0.8092167525599627 157
1694444149130 0.7430208957655866 158
1694444149166 0.7975738385971478 159
1694444149198 0.8048609673614855 160
1694444149234 0.832215792648362 161
1694444149269 0.7978082303846089 162
1694444149301 0.802223944514738 163
1694444149335 0.813411803298273 164
1694444149370 0.7671161217244356 165
1694444149403 0.8021327436130257 166
1694444149439 0.796210667961688 167
1694444149468 0.8023877400883845 168
1694444149499 0.807478312044475 169
1694444149532 0.8218062340780865 170
1694444149567 0.7960919838632774 171
1694444149600 0.8283961529019954 172
1694444149635 0.8119767535345113 173
1694444149672 0.7978241169351401 174
1694444149708 0.7865735286366962 175
1694444149739 0.8317302582874975 176
1694444149774 0.8161940537746498 177
1694444149814 0.8195227002657784 178
1694444149853 0.8060158075479008 179
1694444149904 0.8141192919315514 180
1694444149951 0.8284067018048961 181
1694444150016 0.8149066936642506 182
1694444150084 0.8164490208343814 183
1694444150130 0.8225060241610501 184
1694444150165 0.7895846132216802 185
1694444150197 0.8039263465776628 186
1694444150231 0.8269085889224876 187
1694444150264 0.8404002476791212 188
1694444150299 0.8015292236290543 189
1694444150334 0.7494608281220191 190
1694444150372 0.8120333075082952 191
1694444150401 0.7619583334579717 192
1694444150433 0.8187871691100235 193
1694444150467 0.7849002814107651 194
1694444150498 0.8016667833309244 195
1694444150529 0.8187744069949559 196
1694444150560 0.7851087803176997 197
1694444150591 0.7801401248521824 198
1694444150622 0.7999375474503182 199
1694444150654 0.7791099102350505 200
1694444150686 0.7774764176847291 201
1694444150717 0.8122543723096901 202
1694444150749 0.7708330257517295 203
1694444150783 0.8129642572955207 204
1694444150814 0.8201971333767497 205
1694444150848 0.816033836338556 206
1694444150880 0.7977131256927373 207
1694444150912 0.7899425435455161 208
1694444150944 0.8165801970081504 209
1694444150976 0.8048043169318467 210
1694444151008 0.8324025826863745 211
1694444151038 0.8360980592543478 212
1694444151069 0.8210803277710516 213
1694444151100 0.8021967668505839 214
1694444151133 0.7936313849281774 215
1694444151168 0.8170433782230548 216
1694444151200 0.7955329619551448 217
1694444151230 0.777740976141772 218
1694444151263 0.8267424827602887 219
1694444151295 0.7838271845438175 220
1694444151327 0.836841630242329 221
1694444151362 0.8236870588894156 222
1694444151394 0.8192233152029385 223
1694444151426 0.8163924439904793 224
1694444151459 0.8178615446386718 225
1694444151487 0.8069552386475314 226
1694444151518 0.8202212870292895 227
1694444151550 0.8097916766681783 228
1694444151580 0.8003679189993789 229
1694444151610 0.818059119690709 230
1694444151642 0.7948126266329714 231
1694444151674 0.8013023187551352 232
1694444151708 0.8198364862898322 233
1694444151742 0.7865536381071054 234
1694444151772 0.8074852628874813 235
1694444151802 0.842565014645819 236
1694444151835 0.8207521245234798 237
1694444151867 0.7932137384487148 238
1694444151901 0.7841690783079511 239
1694444151932 0.8011899833258573 240
1694444151962 0.8020076604169406 241
1694444151994 0.8251960626049221 242
1694444152027 0.8299411531686568 243
1694444152058 0.8144527438349114 244
1694444152092 0.8214250781522321 245
1694444152126 0.8248459838783202 246
1694444152156 0.8237926731530634 247
1694444152192 0.7933174832581129 248
1694444152223 0.7921558778651636 249
1694444152255 0.7940445522321882 250
1694444152285 0.8135389161138403 251
1694444152316 0.815998653030442 252
1694444152349 0.8074216249689425 253
1694444152385 0.8036517922474629 254
1694444152415 0.7938540014563871 255
1694444152446 0.8148617513416032 256
1694444152480 0.8071349421102393 257
1694444152511 0.8281143613501023 258
1694444152543 0.8063938546959699 259
1694444152573 0.8205899251713212 260
1694444152603 0.7982473979749031 261
1694444152632 0.8294429565628186 262
1694444152665 0.7800588031547141 263
