1694444144010 162.7159017376703 0
1694444144042 153.86644214324087 1
1694444144073 140.95936005961377 2
1694444144105 129.10186916721682 3
1694444144136 118.77852464243269 4
1694444144169 108.77403913237585 5
1694444144208 100.16661865132208 6
1694444144246 93.87577191109241 7
1694444144284 85.79563040887163 8
1694444144322 78.74397246394166 9
1694444144357 72.7070774831471 10
1694444144391 68.51716066785174 11
1694444144424 62.86831859549168 12
1694444144456 57.264134959015635 13
1694444144487 52.77795244145108 14
1694444144519 49.12222062852937 15
1694444144550 44.94878546137989 16
1694444144582 42.00246155201027 17
1694444144614 38.4275822970722 18
1694444144645 35.69552630384627 19
1694444144678 33.18392303729437 20
1694444144711 30.379016551842348 21
1694444144740 28.120253565866562 22
1694444144771 26.15809276170302 23
1694444144803 24.100491549348675 24
1694444144833 21.933178801717478 25
1694444144863 20.23929596979221 26
1694444144896 18.905576389310806 27
1694444144926 17.368486902703925 28
1694444144958 15.854682715433876 29
1694444144989 14.825694015110736 30
1694444145022 13.812228530474155 31
1694444145053 12.785885646815114 32
1694444145083 11.806649864063413 33
1694444145114 10.786759599360911 34
1694444145145 10.041174871840774 35
1694444145177 9.148462090596444 36
1694444145210 8.520940304181082 37
1694444145243 7.840379517762145 38
1694444145275 7.217859303198104 39
1694444145307 6.7655880331934 40
1694444145339 6.174183724894962 41
1694444145372 5.84502477091301 42
1694444145403 5.410019634419396 43
1694444145433 4.87417027319272 44
1694444145465 4.506460859344477 45
1694444145498 4.134676570607013 46
1694444145528 3.9204009421089863 47
1694444145561 3.5997432861185223 48
1694444145596 3.3247207331406763 49
1694444145629 3.06922646412928 50
1694444145661 2.907515435517616 51
1694444145692 2.641168983337854 52
1694444145725 2.4686815153637047 53
1694444145754 2.3332035625555445 54
1694444145784 2.0824377584512415 55
1694444145816 1.9614338432385916 56
1694444145847 1.8432146800888958 57
1694444145877 1.7055055044737213 58
1694444145910 1.5571235119848865 59
1694444145941 1.4255190207921287 60
1694444145971 1.3326255918671668 61
1694444146002 1.2655894532780076 62
1694444146033 1.1727304616662193 63
1694444146064 1.1527931959917823 64
1694444146094 1.009756544023099 65
1694444146127 0.9932556707804638 66
1694444146159 0.8607619602027661 67
1694444146193 0.8306829991257216 68
1694444146225 0.7858331542630665 69
1694444146256 0.7448386222164369 70
1694444146286 0.6343850711784245 71
1694444146317 0.6751548665480464 72
1694444146350 0.5868300886254517 73
1694444146381 0.5791259084965795 74
1694444146415 0.5104048401346698 75
1694444146447 0.5038500894367552 76
1694444146481 0.46775179233640257 77
1694444146517 0.431711821035082 78
1694444146547 0.43972332320274726 79
1694444146579 0.3853925623757352 80
1694444146612 0.3921352686727302 81
1694444146645 0.3603796106822137 82
1694444146678 0.3207296074970402 83
1694444146709 0.3610759933732894 84
1694444146740 0.3068253252477541 85
1694444146770 0.2729414918646371 86
1694444146801 0.2858392693333285 87
1694444146838 0.2644016037302521 88
1694444146875 0.24525024194193418 89
1694444146912 0.24821545974001263 90
1694444146945 0.24155358895113963 91
1694444146976 0.2252014591505554 92
1694444147010 0.24475450459815493 93
1694444147041 0.20244383801378865 94
1694444147076 0.2071457641072002 95
1694444147106 0.2271282027310221 96
1694444147140 0.18718133361032174 97
1694444147174 0.19930507452396534 98
1694444147203 0.16026901365919116 99
1694444147235 0.16508347270599877 100
1694444147266 0.17245122071473784 101
1694444147299 0.1691240675316589 102
1694444147334 0.16131452128850535 103
1694444147364 0.16511525341317634 104
1694444147398 0.18576263557087455 105
1694444147433 0.1422958565130945 106
1694444147465 0.1389477581121295 107
1694444147497 0.1469275670458359 108
1694444147532 0.13218542344799886 109
1694444147562 0.13960698016942696 110
1694444147594 0.14531034763871384 111
1694444147625 0.14261265618649724 112
1694444147656 0.14986944410944572 113
1694444147692 0.13706469302224847 114
1694444147725 0.13752192077236705 115
1694444147758 0.12737649778184906 116
1694444147790 0.1309148807309923 117
1694444147821 0.12159538472824742 118
1694444147851 0.13577850237184647 119
1694444147882 0.13066659806376454 120
1694444147915 0.12321227768382045 121
1694444147946 0.15496365246840405 122
1694444147978 0.11962466623936623 123
1694444148011 0.12342310464532863 124
1694444148044 0.12001233496701716 125
1694444148075 0.12215011919288069 126
1694444148105 0.1189457425279446 127
1694444148136 0.11700695650019347 128
1694444148171 0.1267602828892626 129
1694444148203 0.12834668751710473 130
1694444148235 0.13556848922290754 131
1694444148266 0.12394154642632882 132
1694444148298 0.12852064297355306 133
1694444148330 0.11315676591815509 134
1694444148363 0.13306241726535162 135
1694444148393 0.1088458641497135 136
1694444148425 0.12478788607329613 137
1694444148457 0.1288729409117867 138
1694444148490 0.1269880998079709 139
1694444148523 0.12078471770322129 140
1694444148554 0.12584414080104342 141
1694444148590 0.10748073024928727 142
1694444148623 0.11889246331199739 143
1694444148653 0.13033875720281018 144
1694444148685 0.10998256124520199 145
1694444148718 0.11988068323229271 146
1694444148751 0.11506730560688952 147
1694444148783 0.11731612122888795 148
1694444148823 0.10504517201007868 149
1694444148857 0.12111819461487389 150
1694444148891 0.1352311266532063 151
1694444148924 0.11787437210352562 152
1694444148956 0.11213372232282487 153
1694444148987 0.11452270204898994 154
1694444149025 0.11267829776003253 155
1694444149058 0.10885092787648777 156
1694444149089 0.12027769467058493 157
1694444149120 0.14300121705582075 158
1694444149157 0.14022910501165825 159
1694444149191 0.10439022895418373 160
1694444149226 0.10127914609476789 161
1694444149262 0.11405271587446393 162
1694444149295 0.11230701348810014 163
1694444149327 0.12502891846641206 164
1694444149362 0.1283980312998532 165
1694444149396 0.11093249285289634 166
1694444149430 0.11008233339613098 167
1694444149461 0.1119121749332776 168
1694444149493 0.1253294981248215 169
1694444149523 0.11118441122092763 170
1694444149559 0.12327205822879712 171
1694444149593 0.10038852130226335 172
1694444149626 0.11450081050452296 173
1694444149664 0.1201933414410516 174
1694444149698 0.12475937748561386 175
1694444149731 0.10557287293038373 176
1694444149764 0.11069238563218885 177
1694444149803 0.10225392093511974 178
1694444149843 0.12068768341012012 179
1694444149894 0.11373025453949916 180
1694444149937 0.10870019116413634 181
1694444150002 0.11367467584446801 182
1694444150072 0.11170605341883333 183
1694444150119 0.10432017944318854 184
1694444150155 0.12439725996958627 185
1694444150191 0.1094852891806588 186
1694444150223 0.10504031174437775 187
1694444150257 0.10015584315262721 188
1694444150292 0.10798716696669132 189
1694444150327 0.13206336368269114 190
1694444150362 0.11159889511287165 191
1694444150394 0.14190639787926995 192
1694444150426 0.11214410454432835 193
1694444150460 0.13862265522222966 194
1694444150491 0.10357726387917611 195
1694444150521 0.10533918086495823 196
1694444150552 0.12898436187552217 197
1694444150584 0.11647593696804807 198
1694444150613 0.12942930898510505 199
1694444150647 0.12599155189376543 200
1694444150680 0.10822215848982464 201
1694444150709 0.10505815859561644 202
1694444150743 0.12869407016319478 203
1694444150776 0.1284574219917809 204
1694444150808 0.10186376675066593 205
1694444150840 0.11457720647160899 206
1694444150873 0.11383239934313125 207
1694444150904 0.11781429584596437 208
1694444150936 0.11794719022727117 209
1694444150967 0.11764488748248376 210
1694444150999 0.0980650734069053 211
1694444151031 0.10178382142476274 212
1694444151062 0.11483701869899349 213
1694444151093 0.1257237898380897 214
1694444151124 0.13251723088548967 215
1694444151158 0.10735930775309346 216
1694444151193 0.10854533250000191 217
1694444151223 0.12688026096851915 218
1694444151255 0.10273931769431749 219
1694444151287 0.11517870422658019 220
1694444151319 0.11663540943786929 221
1694444151352 0.1068197652750429 222
1694444151386 0.10232802960243048 223
1694444151418 0.10653799095233639 224
1694444151450 0.11210114132390461 225
1694444151481 0.11620246873854581 226
1694444151511 0.11214220708623354 227
1694444151543 0.11696414125449249 228
1694444151574 0.11509856053842064 229
1694444151602 0.10513415462540288 230
1694444151634 0.12437268560644238 231
1694444151666 0.11933589564155966 232
1694444151700 0.11375989657540206 233
1694444151734 0.11295906682019345 234
1694444151764 0.10429828981395776 235
1694444151796 0.1029017489765969 236
1694444151828 0.10337942624558459 237
1694444151860 0.11296205016369426 238
1694444151894 0.1210442963120593 239
1694444151925 0.10689311628243378 240
1694444151955 0.10923015469235454 241
1694444151987 0.10310303442413231 242
1694444152018 0.11426580289231567 243
1694444152050 0.10315681419200347 244
1694444152084 0.10222557764079189 245
1694444152118 0.10499684022067741 246
1694444152149 0.10665130560102384 247
1694444152185 0.13751493597411873 248
1694444152215 0.12460217451913135 249
1694444152246 0.11145928377392202 250
1694444152278 0.10296639321873334 251
1694444152309 0.10929250286722533 252
1694444152341 0.1034755829120271 253
1694444152377 0.11019966545878092 254
1694444152409 0.11966921081706947 255
1694444152439 0.10206469195725018 256
1694444152472 0.11536991785328196 257
1694444152503 0.10225339013615352 258
1694444152533 0.11271836207553611 259
1694444152564 0.111544893524095 260
1694444152596 0.11456069816569653 261
1694444152626 0.10721756497540727 262
1694444152657 0.12205842179184705 263
