1694436927838 168.75207364464515 0
1694436927889 165.3948173066385 1
1694436927922 162.11102441895113 2
1694436927971 158.8990211579305 3
1694436928003 155.75717271575095 4
1694436928051 152.68388237951922 5
1694436928085 149.67759063227174 6
1694436928125 146.73677427534233 7
1694436928172 143.8599455715882 8
1694436928214 141.04565140897756 9
1694436928257 138.29247248405153 10
1694436928301 135.59902250478646 11
1694436928336 132.96394741239325 12
1694436928369 130.38592462160162 13
1694436928401 127.86366227898786 14
1694436928431 125.39589853891614 15
1694436928463 122.98140085667197 16
1694436928496 120.61896529837848 17
1694436928524 118.30741586729454 18
1694436928555 116.04560384610409 19
1694436928588 113.83240715481516 20
1694436928622 111.66672972389628 21
1694436928667 109.54750088228667 22
1694436928753 107.47367475992573 23
1694436928818 105.44422970445548 24
1694436928868 103.45816771175807 25
1694436928913 101.5145138699983 26
1694436928952 99.61231581684946 27
1694436929015 97.75064320958836 28
1694436929063 95.92858720775206 29
1694436929108 94.14525996805811 30
1694436929153 92.39979415129487 31
1694436929199 90.6913424408975 32
1694436929242 89.01907707293107 33
1694436929305 87.3821893772084 34
1694436929359 85.77988932927857 35
1694436929397 84.21140511302596 36
1694436929435 82.67598269362783 37
1694436929468 81.17288540062373 38
1694436929507 79.70139352085572 39
1694436929545 78.26080390104434 40
1694436929582 76.85042955977141 41
1694436929613 75.46959930864506 42
1694436929645 74.11765738242904 43
1694436929681 72.7939630779225 44
1694436929713 71.49789040138238 45
1694436929746 70.22882772428477 46
1694436929783 68.98617744722715 47
1694436929817 67.76935567177763 48
1694436929851 66.57779188008222 49
1694436929887 65.41092862204553 50
1694436929924 64.26822120990505 51
1694436929966 63.14913742002264 52
1694436929999 62.053157201722165 53
1694436930032 60.979772393005454 54
1694436930073 59.92848644298314 55
1694436930117 58.89881414086068 56
1694436930153 57.890281351323814 57
1694436930197 56.9024247561714 58
1694436930230 55.93479160204702 59
1694436930273 54.98693945412467 60
1694436930313 54.0584359556067 61
1694436930354 53.14885859289636 62
1694436930407 52.25779446630984 63
1694436930439 51.38484006619633 64
1694436930488 50.529601054337654 65
1694436930525 49.69169205050207 66
1694436930566 48.87073642403003 67
1694436930604 48.06636609033204 68
1694436930638 47.2782213121825 69
1694436930680 46.505950505695274 70
1694436930720 45.749210050870026 71
1694436930758 45.007664106601005 72
1694436930805 44.280984430042 73
1694436930838 43.56885020022452 74
1694436930882 42.870947845828034 75
1694436930917 42.18697087700387 76
1694436930948 41.5166197211566 77
1694436930979 40.85960156258907 78
1694436931007 40.21563018591939 79
1694436931038 39.5844258231806 80
1694436931072 38.965715004515516 81
1694436931119 38.35923041238166 82
1694436931154 37.764710739183 83
1694436931206 37.18190054824729 84
1694436931241 36.61055013806986 85
1694436931281 36.05041540974623 86
1694436931318 35.501257737518166 87
1694436931351 34.96284384235934 88
1694436931390 34.434945668528755 89
1694436931432 33.91734026302135 90
1694436931470 33.4098096578475 91
1694436931508 32.91214075507418 92
1694436931539 32.42412521456262 93
1694436931570 31.94555934433844 94
1694436931613 31.47624399353208 95
1694436931646 31.015984447828615 96
1694436931683 30.564590327367668 97
1694436931730 30.12187548703535 98
1694436931764 29.68765791909176 99
1694436931808 29.26175965807864 100
1694436931838 28.84400668795344 101
1694436931869 28.43422885139703 102
1694436931913 28.03225976124366 103
1694436931950 27.6379367139831 104
1694436931987 27.251100605285814 105
1694436932024 26.871595847503585 106
1694436932055 26.49927028909867 107
1694436932101 26.133975135956057 108
1694436932131 25.77556487453432 109
1694436932165 25.423897196811637 110
1694436932212 25.078832926984543 111
1694436932243 24.740235949878073 112
1694436932292 24.407973141026908 113
1694436932338 24.08191429838792 114
1694436932375 23.761932075645905 115
1694436932418 23.44790191707456 116
1694436932451 23.13970199391635 117
1694436932500 22.83721314224504 118
1694436932536 22.540318802276392 119
1694436932584 22.24890495909241 120
1694436932629 21.962860084746126 121
1694436932663 21.6820750817142 122
1694436932702 21.40644322766566 123
1694436932736 21.1358601215157 124
1694436932769 20.87022363073427 125
1694436932802 20.609433839879912 126
1694436932831 20.353393000329984 127
1694436932862 20.102005481179017 128
1694436932891 19.85517772127779 129
1694436932930 19.61281818238624 130
1694436932958 19.374837303413933 131
1694436932998 19.141147455722543 132
1694436933035 18.91166289946539 133
1694436933084 18.686299740939514 134
1694436933131 18.464975890926574 135
1694436933170 18.2476110239993 136
1694436933216 18.034126538770757 137
1694436933261 17.82444551906419 138
1694436933300 17.618492695982063 139
1694436933338 17.416194410852764 140
1694436933373 17.217478579034818 141
1694436933416 17.022274654557997 142
1694436933445 16.830513595582012 143
1694436933475 16.642127830653454 144
1694436933508 16.45705122574222 145
1694436933540 16.27521905203918 146
1694436933571 16.096567954497225 147
1694436933602 15.921035921098163 148
1694436933635 15.748562252828565 149
1694436933667 15.579087534347833 150
1694436933700 15.412553605332299 151
1694436933730 15.248903532479499 152
1694436933764 15.088081582157171 153
1694436933800 14.930033193681789 154
1694436933829 14.774704953211996 155
1694436933866 14.62204456824249 156
1694436933897 14.472000842684226 157
1694436933930 14.324523652517314 158
1694436933957 14.179563922003181 159
1694436933990 14.037073600442817 160
1694436934032 13.897005639468533 161
1694436934086 13.759313970856489 162
1694436934123 13.623953484848032 163
1694436934157 13.49088000896788 164
1694436934197 13.360050287327441 165
1694436934230 13.23142196040211 166
1694436934263 13.104953545271306 167
1694436934299 12.980604416310564 168
1694436934332 12.858334786325056 169
1694436934366 12.738105688114237 170
1694436934399 12.61987895645762 171
1694436934438 12.503617210511795 172
1694436934469 12.38928383660908 173
1694436934503 12.276842971448518 174
1694436934536 12.166259485670048 175
1694436934567 12.057498967802815 176
1694436934597 11.950527708579102 177
1694436934625 11.8453126856052 178
1694436934655 11.74182154838094 179
1694436934696 11.640022603659853 180
1694436934732 11.539884801141937 181
1694436934764 11.441377719491342 182
1694436934796 11.344471552671394 183
1694436934830 11.249137096589582 184
1694436934861 11.15534573604534 185
1694436934890 11.063069431973565 186
1694436934929 10.972280708976927 187
1694436934962 10.882952643140419 188
1694436934996 10.795058850121483 189
1694436935030 10.708573473509345 190
1694436935069 10.623471173447303 191
1694436935106 10.5397271155119 192
1694436935152 10.45731695984301 193
1694436935186 10.376216850519032 194
1694436935222 10.296403405171459 195
1694436935262 10.217853704833386 196
1694436935291 10.14054528401645 197
1694436935329 10.06445612101095 198
1694436935362 9.989564628403954 199
1694436935399 9.91584964381043 200
1694436935434 9.843290420812409 201
1694436935463 9.771866620101326 202
1694436935501 9.70155830081903 203
1694436935536 9.632345912092642 204
1694436935574 9.564210284758966 205
1694436935616 9.497132623273982 206
1694436935647 9.431094497803205 207
1694436935680 9.366077836488701 208
1694436935720 9.302064917888728 209
1694436935755 9.239038363585989 210
1694436935788 9.17698113096064 211
1694436935822 9.115876506124222 212
1694436935855 9.055708097010914 213
1694436935890 8.99645982662234 214
1694436935924 8.938115926422551 215
1694436935957 8.880660929879575 216
1694436935991 8.824079666150366 217
1694436936030 8.768357253905636 218
1694436936058 8.713479095291543 219
1694436936091 8.659430870025021 220
1694436936124 8.606198529619657 221
1694436936153 8.553768291739186 222
1694436936182 8.50212663467564 223
1694436936217 8.45126029194933 224
1694436936253 8.401156247027846 225
1694436936287 8.351801728161352 226
1694436936320 8.303184203331535 227
1694436936352 8.255291375311591 228
1694436936385 8.208111176834747 229
1694436936421 8.161631765868796 230
1694436936453 8.11584152099425 231
1694436936490 8.070729036883789 232
1694436936539 8.026283119880567 233
1694436936582 7.98249278367329 234
1694436936623 7.939347245065764 235
1694436936664 7.896835919838753 236
1694436936707 7.854948418702121 237
1694436936783 7.813674543335104 238
1694436936831 7.773004282512856 239
1694436936862 7.732927808317104 240
1694436936899 7.693435472429249 241
1694436936934 7.654517802503801 242
1694436936963 7.616165498620514 243
1694436936991 7.5783694298133435 244
1694436937027 7.541120630674487 245
1694436937054 7.504410298031875 246
1694436937082 7.468229787698363 247
1694436937118 7.432570611291075 248
1694436937154 7.397424433119249 249
1694436937189 7.362783067139141 250
1694436937221 7.32863847397436 251
1694436937253 7.294982758000182 252
1694436937299 7.26180816449052 253
1694436937336 7.229107076825944 254
1694436937371 7.196872013761539 255
1694436937406 7.165095626753192 256
1694436937441 7.133770697340988 257
1694436937474 7.10289013458841 258
1694436937511 7.072446972576211 259
1694436937558 7.042434367949555 260
1694436937602 7.012845597517358 261
1694436937642 6.983674055902646 262
1694436937722 6.954913253242734 263
1694436937783 6.926556812938146 264
1694436937867 6.898598469449223 265
1694436937917 6.871032066139249 266
1694436937956 6.843851553163208 267
1694436937994 6.817050985400983 268
1694436938025 6.790624520434153 269
1694436938054 6.7645664165653505 270
1694436938093 6.738871030879208 271
1694436938124 6.7135328173440385 272
1694436938155 6.6885463249532755 273
1694436938184 6.663906195905837 274
1694436938217 6.639607163824552 275
1694436938251 6.615644052011738 276
1694436938280 6.592011771741213 277
1694436938317 6.56870532058584 278
1694436938348 6.54571978077988 279
1694436938380 6.52305031761533 280
1694436938413 6.500692177871591 281
1694436938459 6.478640688277575 282
1694436938487 6.456891254005743 283
1694436938521 6.435439357197139 284
1694436938550 6.414280555516932 285
1694436938580 6.3934104807397185 286
1694436938609 6.3728248373638685 287
1694436938651 6.352519401254419 288
1694436938683 6.332490018313771 289
1694436938720 6.312732603179603 290
1694436938757 6.293243137949486 291
1694436938792 6.274017670931483 292
1694436938849 6.255052315420284 293
1694436938883 6.236343248498255 294
1694436938922 6.217886709860876 295
1694436938965 6.199679000666034 296
1694436938998 6.181716482406644 297
1694436939035 6.163995575806147 298
1694436939066 6.146512759736242 299
1694436939096 6.129264570156577 300
1694436939125 6.112247599075749 301
1694436939157 6.09545849353323 302
1694436939185 6.078893954601772 303
1694436939218 6.062550736409794 304
1694436939264 6.046425645183396 305
1694436939301 6.030515538307501 306
1694436939338 6.014817323405756 307
1694436939383 5.999327957438807 308
1694436939419 5.984044445820477 309
1694436939451 5.968963841551564 310
1694436939482 5.954083244370779 311
1694436939518 5.939399799922537 312
1694436939548 5.924910698941207 313
1694436939579 5.910613176451442 314
1694436939608 5.8965045109843395 315
1694436939640 5.882582023808933 316
1694436939675 5.868843078178891 317
1694436939703 5.855285078593897 318
1694436939743 5.841905470075555 319
1694436939774 5.828701737457456 320
1694436939802 5.815671404689038 321
1694436939833 5.802812034153088 322
1694436939867 5.7901212259964545 323
1694436939902 5.7775966174737965 324
1694436939932 5.765235882304055 325
1694436939964 5.753036730039329 326
1694436939996 5.740996905445999 327
1694436940030 5.729114187897753 328
1694436940064 5.717386390780304 329
1694436940097 5.7058113609075445 330
1694436940131 5.694386977948882 331
1694436940165 5.683111153867592 332
1694436940197 5.671981832369834 333
1694436940231 5.660996988364241 334
1694436940267 5.650154627431732 335
1694436940300 5.639452785305494 336
1694436940338 5.62888952736073 337
1694436940377 5.618462948114159 338
1694436940416 5.6081711707328985 339
1694436940454 5.598012346552697 340
1694436940488 5.587984654605148 341
1694436940520 5.578086301153873 342
1694436940572 5.568315519239373 343
1694436940603 5.558670568232387 344
1694436940640 5.549149733395616 345
1694436940689 5.539751325453665 346
1694436940754 5.530473680170901 347
1694436940789 5.521315157937265 348
1694436940824 5.512274143361681 349
1694436940857 5.503349044873033 350
1694436940888 5.49453829432852 351
1694436940919 5.485840346629222 352
1694436940952 5.477253679342762 353
1694436940985 5.468776792332856 354
1694436941018 5.460408207395735 355
1694436941066 5.452146467903123 356
1694436941096 5.443990138451841 357
1694436941135 5.4359378045197 358
1694436941174 5.427988072127751 359
1694436941205 5.420139567508575 360
1694436941256 5.412390936780668 361
1694436941287 5.404740845628666 362
1694436941334 5.397187978989349 363
1694436941373 5.389731040743317 364
1694436941403 5.382368753412206 365
1694436941439 5.375099857861336 366
1694436941469 5.367923113007668 367
1694436941499 5.36083729553302 368
1694436941535 5.3538411996023685 369
1694436941572 5.346933636587152 370
1694436941600 5.340113434793533 371
1694436941635 5.333379439195459 372
1694436941675 5.326730511172422 373
1694436941707 5.320165528251888 374
1694436941746 5.313683383856244 375
1694436941778 5.307282987054201 376
1694436941815 5.300963262316556 377
1694436941847 5.294723149276251 378
1694436941877 5.288561602492602 379
1694436941906 5.282477591219638 380
1694436941936 5.276470099178511 381
1694436941968 5.270538124333827 382
1694436941997 5.264680678673852 383
1694436942029 5.258896787994556 384
1694436942064 5.2531854916873435 385
1694436942096 5.247545842530483 386
1694436942130 5.241976906484071 387
1694436942164 5.23647776248858 388
1694436942197 5.231047502266804 389
1694436942235 5.225685230129223 390
1694436942269 5.220390062782657 391
1694436942297 5.215161129142203 392
1694436942334 5.209997570146356 393
1694436942372 5.204898538575275 394
1694436942401 5.199863198872086 395
1694436942436 5.194890726967268 396
1694436942478 5.189980310105917 397
1694436942514 5.185131146678002 398
1694436942556 5.18034244605139 399
1694436942605 5.175613428407716 400
1694436942640 5.170943324580971 401
1694436942678 5.166331375898812 402
1694436942713 5.161776834026475 403
1694436942754 5.157278960813292 404
1694436942794 5.152837028141771 405
1694436942835 5.1484503177791705 406
1694436942872 5.14411812123148 407
1694436942906 5.139839739599868 408
1694436942937 5.135614483439439 409
1694436942970 5.131441672620344 410
1694436943001 5.127320636191142 411
1694436943040 5.123250712244411 412
1694436943073 5.1192312477845165 413
1694436943101 5.115261598597597 414
1694436943147 5.111341129123583 415
1694436943186 5.1074692123303445 416
1694436943223 5.103645229589862 417
1694436943282 5.0998685705563735 418
1694436943320 5.096138633046517 419
1694436943375 5.0924548229213915 420
1694436943415 5.088816553970485 421
1694436943471 5.085223247797489 422
1694436943516 5.081674333707936 423
1694436943567 5.0781692485986065 424
1694436943597 5.074707436848735 425
1694436943624 5.071288350212898 426
1694436943659 5.067911447715627 427
1694436943689 5.064576195547714 428
1694436943721 5.061282066964078 429
1694436943766 5.058028542183325 430
1694436943801 5.054815108288837 431
1694436943840 5.051641259131433 432
1694436943877 5.048506495233556 433
1694436943907 5.045410323694933 434
1694436943939 5.042352258099746 435
1694436943972 5.0393318184252305 436
1694436944001 5.036348530951673 437
1694436944042 5.033401928173855 438
1694436944079 5.030491548713822 439
1694436944107 5.027616937235036 440
1694436944139 5.024777644357803 441
1694436944171 5.021973226576064 442
1694436944203 5.019203246175427 443
1694436944231 5.0164672711524725 444
1694436944264 5.013764875135281 445
1694436944299 5.011095637305162 446
1694436944332 5.00845914231964 447
1694436944380 5.005854980236535 448
1694436944414 5.00328274643924 449
1694436944447 5.000742041563125 450
1694436944479 4.99823247142306 451
1694436944507 4.995753646942012 452
1694436944553 4.9933051840807385 453
1694436944594 4.990886703768554 454
1694436944629 4.988497831835094 455
1694436944675 4.986138198943133 456
1694436944704 4.983807440522412 457
1694436944737 4.981505196704446 458
1694436944774 4.979231112258291 459
1694436944807 4.976984836527287 460
1694436944841 4.974766023366755 461
1694436944886 4.972574331082558 462
1694436944922 4.970409422370663 463
1694436944969 4.968270964257521 464
1694436945003 4.9661586280413506 465
1694436945039 4.964072089234299 466
1694436945083 4.962011027505454 467
1694436945117 4.959975126624677 468
1694436945153 4.957964074407274 469
1694436945189 4.955977562659452 470
1694436945220 4.954015287124628 471
1694436945262 4.9520769474304425 472
1694436945301 4.950162247036619 473
1694436945334 4.948270893183537 474
1694436945373 4.94640259684157 475
1694436945410 4.944557072661146 476
1694436945452 4.942734038923545 477
1694436945491 4.940933217492398 478
1694436945533 4.939154333765866 479
1694436945569 4.937397116629571 480
1694436945607 4.935661298410132 481
1694436945640 4.933946614829394 482
1694436945697 4.932252804959337 483
1694436945741 4.9305796111775955 484
1694436945805 4.928926779123632 485
1694436945853 4.92729405765554 486
1694436945889 4.925681198807438 487
1694436945923 4.924087957747496 488
1694436945964 4.922514092736546 489
1694436946000 4.920959365087278 490
1694436946047 4.919423539124016 491
1694436946085 4.917906382143063 492
1694436946118 4.9164076643736205 493
1694436946151 4.9149271589392125 494
1694436946197 4.913464641819715 495
1694436946235 4.912019891813871 496
1694436946272 4.910592690502352 497
1694436946317 4.909182822211336 498
1694436946368 4.9077900739765985 499
