1694436927854 0.002244370878529467 0
1694436927898 0.0022760243793765733 1
1694436927932 0.002308358487983053 2
1694436927980 0.0023413851540180497 3
1694436928015 0.002375116439580771 4
1694436928060 0.002409564517423357 5
1694436928100 0.002444741669066719 6
1694436928135 0.002480660282809466 7
1694436928183 0.002517332851623144 8
1694436928228 0.0025547719709364536 9
1694436928270 0.00259299033630489 10
1694436928308 0.002632000740965257 11
1694436928344 0.0026718160732703833 12
1694436928376 0.002712449314009824 13
1694436928408 0.002753913533604102 14
1694436928438 0.002796221889182493 15
1694436928470 0.0028393876215353497 16
1694436928503 0.00288342405194264 17
1694436928533 0.0029283445788788054 18
1694436928562 0.0029741626745884986 19
1694436928596 0.0030208918815386454 20
1694436928632 0.003068545808739276 21
1694436928692 0.0031171381279399 22
1694436928771 0.0031666825696892165 23
1694436928826 0.0032171929192746918 24
1694436928877 0.0032686830125229216 25
1694436928920 0.0033211667314757554 26
1694436928968 0.0033746579999316406 27
1694436929024 0.0034291707788572934 28
1694436929074 0.0034847190616711377 29
1694436929119 0.0035413168693904096 30
1694436929167 0.003598978245655471 31
1694436929210 0.003657717251617121 32
1694436929256 0.00371754796069923 33
1694436929313 0.003778484453233255 34
1694436929368 0.0038405408109608574 35
1694436929409 0.003903731111414843 36
1694436929441 0.003968069422174314 37
1694436929477 0.0040335697949929195 38
1694436929517 0.004100246259804652 39
1694436929555 0.0041681128186165095 40
1694436929589 0.004237183439273373 41
1694436929620 0.004307472049109418 42
1694436929651 0.004378992528487502 43
1694436929687 0.004451758704224207 44
1694436929720 0.004525784342903738 45
1694436929754 0.0046010831440898015 46
1694436929790 0.00467766873342923 47
1694436929824 0.004755554655656469 48
1694436929860 0.004834754367501692 49
1694436929896 0.004915281230503221 50
1694436929935 0.004997148503730342 51
1694436929972 0.005080369336420532 52
1694436930006 0.005164956760531747 53
1694436930040 0.005250923683220221 54
1694436930087 0.005338282879239875 55
1694436930124 0.005427046983276118 56
1694436930167 0.0055172284822132545 57
1694436930204 0.0056088397073424945 58
1694436930237 0.005701892826515675 59
1694436930288 0.00579639983624769 60
1694436930321 0.0058923725537806115 61
1694436930371 0.005989822609099971 62
1694436930416 0.0060887614369288245 63
1694436930448 0.006189200268686967 64
1694436930500 0.006291150124435374 65
1694436930534 0.006394621804801881 66
1694436930572 0.006499625882902316 67
1694436930613 0.00660617269625563 68
1694436930647 0.006714272338712246 69
1694436930687 0.006823934652381736 70
1694436930730 0.006935169219594695 71
1694436930774 0.0070479853548741644 72
1694436930813 0.007162392096954018 73
1694436930846 0.007278398200829206 74
1694436930890 0.0073960121298549675 75
1694436930923 0.007515242047901882 76
1694436930955 0.00763609581157243 77
1694436930985 0.007758580962487827 78
1694436931015 0.007882704719651135 79
1694436931046 0.008008473971895858 80
1694436931081 0.008135895270428017 81
1694436931127 0.00826497482146693 82
1694436931173 0.008395718478994896 83
1694436931215 0.00852813173762268 84
1694436931250 0.008662219725579345 85
1694436931289 0.008797987197829205 86
1694436931324 0.008935438529333761 87
1694436931365 0.009074577708458431 88
1694436931405 0.009215408330525365 89
1694436931439 0.00935793359154169 90
1694436931478 0.009502156282089391 91
1694436931516 0.009648078781386293 92
1694436931547 0.009795703051544424 93
1694436931582 0.009945030632008134 94
1694436931619 0.010096062634194936 95
1694436931654 0.010248799736342407 96
1694436931700 0.010403242178564143 97
1694436931736 0.010559389758127091 98
1694436931771 0.010717241824952706 99
1694436931816 0.010876797277350914 100
1694436931846 0.011038054557989674 101
1694436931875 0.011201011650111115 102
1694436931923 0.011365666073994918 103
1694436931957 0.011532014883678277 104
1694436931999 0.011700054663935644 105
1694436932033 0.011869781527523382 106
1694436932064 0.012041191112696525 107
1694436932108 0.012214278580999216 108
1694436932138 0.012389038615334358 109
1694436932174 0.012565465418318045 110
1694436932220 0.012743552710918649 111
1694436932254 0.012923293731392116 112
1694436932308 0.01310468123450148 113
1694436932347 0.013287707491043355 114
1694436932387 0.01347236428766918 115
1694436932426 0.013658642927007025 116
1694436932458 0.013846534228089125 117
1694436932511 0.014036028527084077 118
1694436932547 0.01422711567833801 119
1694436932600 0.014419785055714951 120
1694436932638 0.014614025554257393 121
1694436932671 0.014809825592148607 122
1694436932710 0.015007173112979277 123
1694436932745 0.015206055588333434 124
1694436932776 0.015406460020670587 125
1694436932809 0.015608372946520732 126
1694436932838 0.015811780439984546 127
1694436932869 0.016016668116527466 128
1694436932900 0.01622302113708829 129
1694436932936 0.016430824212475326 130
1694436932969 0.01664006160806375 131
1694436933005 0.0168507171487835 132
1694436933045 0.017062774224395838 133
1694436933096 0.01727621579505534 134
1694436933141 0.017491024397155774 135
1694436933180 0.017707182149446 136
1694436933225 0.017924670759426276 137
1694436933270 0.018143471530002175 138
1694436933306 0.018363565366410706 139
1694436933347 0.018584932783388464 140
1694436933381 0.018807553912604358 141
1694436933423 0.01903140851032392 142
1694436933452 0.019256475965318987 143
1694436933483 0.01948273530700262 144
1694436933516 0.0197101652137891 145
1694436933548 0.01993874402167428 146
1694436933579 0.020168449733012572 147
1694436933610 0.020399260025512178 148
1694436933643 0.020631152261409214 149
1694436933674 0.020864103496834097 150
1694436933707 0.02109809049135347 151
1694436933736 0.021333089717679332 152
1694436933771 0.02156907737154079 153
1694436933806 0.021806029381703285 154
1694436933838 0.02204392142013767 155
1694436933873 0.02228272891230909 156
1694436933905 0.022522427047608318 157
1694436933936 0.022762990789882975 158
1694436933966 0.023004394888083368 159
1694436933998 0.023246613887002998 160
1694436934044 0.02348962213810557 161
1694436934096 0.023733393810431602 162
1694436934133 0.02397790290157309 163
1694436934167 0.0242231232487069 164
1694436934204 0.024469028539680582 165
1694436934236 0.024715592324133673 166
1694436934270 0.024962788024660343 167
1694436934306 0.025210588947976342 168
1694436934339 0.02545896829611871 169
1694436934372 0.025707899177635385 170
1694436934406 0.02595735461877302 171
1694436934448 0.026207307574650618 172
1694436934478 0.02645773094040682 173
1694436934511 0.026708597562323355 174
1694436934545 0.026959880248887957 175
1694436934573 0.02721155178183099 176
1694436934603 0.02746358492708778 177
1694436934632 0.0277159524456988 178
1694436934664 0.027968627104635435 179
1694436934705 0.02822158168754263 180
1694436934738 0.02847478900539191 181
1694436934772 0.028728221907031615 182
1694436934803 0.028981853289642978 183
1694436934839 0.029235656109063646 184
1694436934868 0.029489603390013608 185
1694436934898 0.029743668236178467 186
1694436934937 0.02999782384016636 187
1694436934970 0.030252043493323444 188
1694436935003 0.0305063005954046 189
1694436935036 0.030760568664089605 190
1694436935079 0.03101482134434741 191
1694436935123 0.03126903241763057 192
1694436935161 0.03152317581090902 193
1694436935196 0.03177722560552365 194
1694436935233 0.032031156045869036 195
1694436935268 0.03228494154788952 196
1694436935300 0.03253855670739114 197
1694436935337 0.032791976308161774 198
1694436935372 0.033045175329898924 199
1694436935407 0.03329812895594386 200
1694436935440 0.03355081258080017 201
1694436935469 0.03380320181747565 202
1694436935510 0.034055272504586176 203
1694436935547 0.0343070007132793 204
1694436935585 0.03455836275392987 205
1694436935623 0.03480933518262963 206
1694436935654 0.0350598948074603 207
1694436935688 0.03531001869455219 208
1694436935731 0.035559684173928297 209
1694436935764 0.03580886884511947 210
1694436935796 0.036057550582581976 211
1694436935831 0.03630570754086726 212
1694436935864 0.03655331815960383 213
1694436935899 0.0368003611682296 214
1694436935932 0.03704681559052769 215
1694436935965 0.03729266074893056 216
1694436935999 0.03753787626861027 217
1694436936037 0.03778244208134751 218
1694436936065 0.03802633842918879 219
1694436936098 0.03826954586788156 220
1694436936132 0.03851204527010432 221
1694436936160 0.03875381782846632 222
1694436936189 0.038994845058319294 223
1694436936226 0.0392351088003392 224
1694436936261 0.039474591222912525 225
1694436936294 0.03971327482430964 226
1694436936328 0.03995114243466524 227
1694436936359 0.040188177217739374 228
1694436936394 0.040424362672503156 229
1694436936429 0.040659682634511585 230
1694436936464 0.04089412127709069 231
1694436936503 0.04112766311233351 232
1694436936551 0.04136029299190824 233
1694436936590 0.04159199610768782 234
1694436936636 0.04182275799218482 235
1694436936671 0.04205256451882777 236
1694436936734 0.04228140190205021 237
1694436936798 0.042509256697213504 238
1694436936839 0.04273611580036252 239
1694436936871 0.04296196644781758 240
1694436936906 0.04318679621560706 241
1694436936940 0.04341059301874284 242
1694436936970 0.04363334511034489 243
1694436937000 0.04385504108061633 244
1694436937034 0.044075669855672905 245
1694436937060 0.044295220696234816 246
1694436937089 0.04451368319617699 247
1694436937126 0.04473104728095001 248
1694436937164 0.04494730320586915 249
1694436937197 0.04516244155428595 250
1694436937228 0.045376453235618674 251
1694436937262 0.04558932948329286 252
1694436937306 0.045801061852546954 253
1694436937346 0.04601164221813858 254
1694436937380 0.046221062771942045 255
1694436937415 0.04642931602044442 256
1694436937450 0.04663639478214676 257
1694436937485 0.046842292184866796 258
1694436937521 0.04704700166295539 259
1694436937574 0.047250516954424615 260
1694436937610 0.047452832098 261
1694436937660 0.04765394143007673 262
1694436937749 0.04785383958162548 263
1694436937802 0.04805252147500827 264
1694436937884 0.0482499823207343 265
1694436937924 0.048446217614151244 266
1694436937968 0.0486412231320732 267
1694436938001 0.04883499492936061 268
1694436938033 0.04902752933543242 269
1694436938065 0.04921882295074187 270
1694436938101 0.04940887264319427 271
1694436938131 0.049597675544535536 272
1694436938162 0.049785229046684365 273
1694436938190 0.0499715307980404 274
1694436938225 0.0501565786997481 275
1694436938259 0.05034037090194421 276
1694436938287 0.050522905799954665 277
1694436938324 0.05070418203049232 278
1694436938357 0.05088419846781378 279
1694436938387 0.051062954219870726 280
1694436938421 0.05124044862442512 281
1694436938466 0.05141668124517651 282
1694436938494 0.051591651867856636 283
1694436938528 0.05176536049632663 284
1694436938557 0.05193780734866327 285
1694436938587 0.052108992853242775 286
1694436938624 0.05227891764482395 287
1694436938658 0.052447582560630535 288
1694436938690 0.05261498863643599 289
1694436938733 0.05278113710265597 290
1694436938768 0.05294602938044546 291
1694436938803 0.05310966707780529 292
1694436938857 0.053272051985699065 293
1694436938891 0.053433186074189676 294
1694436938935 0.05359307148857728 295
1694436938974 0.053751710545561826 296
1694436939005 0.053909105729429085 297
1694436939042 0.054065259688244494 298
1694436939074 0.0542201752300745 299
1694436939103 0.054373855319236664 300
1694436939133 0.054526303072552906 301
1694436939164 0.054677521755655545 302
1694436939192 0.05482751477930514 303
1694436939228 0.05497628569572799 304
1694436939272 0.055123838195005104 305
1694436939309 0.05527017610147256 306
1694436939345 0.05541530337016243 307
1694436939392 0.05555922408327141 308
1694436939428 0.055701942446667374 309
1694436939457 0.055843462786425935 310
1694436939489 0.055983789545404616 311
1694436939525 0.056122927279852464 312
1694436939555 0.05626088065605572 313
1694436939586 0.05639765444702194 314
1694436939617 0.056533253529200245 315
1694436939650 0.056667682879243286 316
1694436939681 0.056800947570805005 317
1694436939709 0.056933052771381276 318
1694436939751 0.05706400373918863 319
1694436939780 0.057193805820084376 320
1694436939809 0.05732246444452793 321
1694436939841 0.057449985124584435 322
1694436939875 0.057576373450968554 323
1694436939908 0.05770163509013093 324
1694436939940 0.05782577578138659 325
1694436939973 0.057948801334092526 326
1694436940003 0.058070717624850055 327
1694436940036 0.058191530594773 328
1694436940074 0.05831124624678363 329
1694436940103 0.05842987064295557 330
1694436940139 0.05854740990190299 331
1694436940173 0.05866387019620645 332
1694436940203 0.05877925774988901 333
1694436940239 0.05889357883593105 334
1694436940276 0.05900683977382992 335
1694436940307 0.05911904692720216 336
1694436940351 0.05923020670142842 337
1694436940384 0.0593403255413425 338
1694436940423 0.059449409928960306 339
1694436940464 0.059557466381255475 340
1694436940494 0.05966450144797375 341
1694436940535 0.059770521709489266 342
1694436940579 0.059875533774712 343
1694436940613 0.059979544279014196 344
1694436940665 0.0600825598822291 345
1694436940702 0.06018458726666376 346
1694436940767 0.06028563313517499 347
1694436940799 0.06038570420925915 348
1694436940832 0.06048480722721217 349
1694436940866 0.06058294894230842 350
1694436940895 0.06068013612102774 351
1694436940925 0.06077637554131854 352
1694436940961 0.06087167399090154 353
1694436940991 0.060966038265612976 354
1694436941031 0.061059475167782096 355
1694436941072 0.06115199150465067 356
1694436941103 0.061243594086826 357
1694436941149 0.06133428972677535 358
1694436941181 0.06142408523735143 359
1694436941216 0.061512987430358934 360
1694436941267 0.06160100311515304 361
1694436941301 0.06168813909727566 362
1694436941343 0.06177440217712449 363
1694436941380 0.06185979914865858 364
1694436941410 0.06194433679813505 365
1694436941446 0.0620280219028817 366
1694436941476 0.06211086123010101 367
1694436941508 0.06219286153570802 368
1694436941542 0.062274029563198496 369
1694436941579 0.06235437204255079 370
1694436941608 0.06243389568915636 371
1694436941644 0.06251260720278307 372
1694436941684 0.0625905132665695 373
1694436941716 0.06266762054604202 374
1694436941753 0.06274393568817793 375
1694436941785 0.062819465320469 376
1694436941822 0.06289421605004619 377
1694436941854 0.06296819446280677 378
1694436941883 0.0630414071225881 379
1694436941913 0.06311386057034374 380
1694436941944 0.06318556132337494 381
1694436941974 0.06325651587456882 382
1694436942006 0.06332673069166661 383
1694436942038 0.06339621221656377 384
1694436942072 0.06346496686461756 385
1694436942104 0.06353300102400228 386
1694436942139 0.06360032105506996 387
1694436942173 0.06366693328974193 388
1694436942206 0.06373284403092305 389
1694436942242 0.06379805955193485 390
1694436942276 0.06386258609597506 391
1694436942305 0.06392642987559771 392
1694436942342 0.06398959707221052 393
1694436942379 0.06405209383559918 394
1694436942408 0.0641139262834658 395
1694436942447 0.06417510050099084 396
1694436942486 0.06423562254042059 397
1694436942522 0.06429549842065219 398
1694436942570 0.06435473412686621 399
1694436942615 0.06441333561015772 400
1694436942652 0.06447130878718987 401
1694436942684 0.06452865953986908 402
1694436942723 0.06458539371503114 403
1694436942764 0.06464151712414967 404
1694436942803 0.06469703554305595 405
1694436942844 0.06475195471167994 406
1694436942880 0.06480628033380176 407
1694436942915 0.06486001807682196 408
1694436942944 0.06491317357154403 409
1694436942978 0.06496575241197944 410
1694436943009 0.06501776015514615 411
1694436943050 0.06506920232091029 412
1694436943080 0.06512008439181838 413
1694436943111 0.06517041181295158 414
1694436943155 0.06522018999179147 415
1694436943196 0.06526942429810512 416
1694436943240 0.0653181200638212 417
1694436943288 0.06536628258294808 418
1694436943338 0.06541391711148004 419
1694436943384 0.06546102886732519 420
1694436943424 0.06550762303024138 421
1694436943482 0.06555370474178412 422
1694436943524 0.0655992791052632 423
1694436943574 0.06564435118571221 424
1694436943603 0.06568892600986509 425
1694436943630 0.0657330085661435 426
1694436943668 0.065776603804653 427
1694436943697 0.06581971663719344 428
1694436943727 0.0658623519372663 429
1694436943774 0.06590451454009683 430
1694436943809 0.06594620924267958 431
1694436943851 0.06598744080379748 432
1694436943885 0.06602821394408487 433
1694436943915 0.06606853334607321 434
1694436943949 0.06610840365426307 435
1694436943979 0.06614782947517717 436
1694436944012 0.06618681537745241 437
1694436944049 0.06622536589191408 438
1694436944086 0.06626348551166672 439
1694436944114 0.06630117869219398 440
1694436944146 0.06633844985144832 441
1694436944179 0.06637530336997632 442
1694436944209 0.0664117435910121 443
1694436944238 0.06644777482061048 444
1694436944276 0.0664834013277642 445
1694436944306 0.06651862734453484 446
1694436944341 0.06655345706618276 447
1694436944387 0.06658789465131498 448
1694436944421 0.06662194422201306 449
1694436944455 0.06665560986399333 450
1694436944485 0.06668889562675828 451
1694436944517 0.06672180552373785 452
1694436944566 0.06675434353246912 453
1694436944601 0.0667865135947443 454
1694436944637 0.06681831961678497 455
1694436944682 0.06684976546940691 456
1694436944713 0.06688085498820084 457
1694436944746 0.06691159197370344 458
1694436944782 0.06694198019157904 459
1694436944816 0.06697202337280417 460
1694436944850 0.06700172521384762 461
1694436944897 0.06703108937686475 462
1694436944930 0.06706011948988344 463
1694436944978 0.06708881914699916 464
1694436945013 0.06711719190856946 465
1694436945055 0.06714524130141142 466
1694436945091 0.06717297081899931 467
1694436945124 0.06720038392167316 468
1694436945162 0.06722748403682721 469
1694436945198 0.06725427455913002 470
1694436945227 0.0672807588507216 471
1694436945272 0.06730694024142458 472
1694436945308 0.06733282202895263 473
1694436945340 0.06735840747911914 474
1694436945386 0.06738369982605752 475
1694436945420 0.0674087022724178 476
1694436945460 0.06743341798959646 477
1694436945502 0.06745785011794692 478
1694436945541 0.06748200176698715 479
1694436945581 0.06750587601562685 480
1694436945615 0.06752947591237957 481
1694436945653 0.06755280447557988 482
1694436945707 0.06757586469360966 483
1694436945759 0.06759865952510113 484
1694436945819 0.0676211918991727 485
1694436945860 0.06764346471563887 486
1694436945899 0.06766548084523871 487
1694436945931 0.06768724312984165 488
1694436945971 0.06770875438268409 489
1694436946012 0.0677300173885802 490
1694436946057 0.06775103490414502 491
1694436946092 0.06777180965801644 492
1694436946125 0.06779234435107118 493
1694436946159 0.06781264165665513 494
1694436946206 0.0678327042207858 495
1694436946243 0.06785253466239571 496
1694436946279 0.06787213557352867 497
1694436946324 0.06789150951957634 498
1694436946376 0.06791065903948934 499
