1694439273698 -0.009116111809250427 0
1694439273732 -0.009114207242550298 1
1694439273763 -0.009112291208154266 2
1694439273800 -0.009110363679531774 3
1694439273836 -0.009108424630096978 4
1694439273894 -0.00910647403320608 5
1694439273943 -0.009104511862161546 6
1694439273992 -0.009102538090207002 7
1694439274042 -0.009100552690531893 8
1694439274086 -0.009098555636267047 9
1694439274118 -0.009096546900488223 10
1694439274155 -0.009094526456214114 11
1694439274186 -0.009092494276403906 12
1694439274220 -0.009090450333963718 13
1694439274262 -0.009088394601740157 14
1694439274299 -0.009086327052523213 15
1694439274335 -0.009084247659045364 16
1694439274380 -0.009082156393981133 17
1694439274434 -0.00908005322994887 18
1694439274484 -0.00907793813950808 19
1694439274525 -0.009075811095160757 20
1694439274567 -0.009073672069350947 21
1694439274614 -0.009071521034464736 22
1694439274659 -0.009069357962830038 23
1694439274716 -0.009067182826716813 24
1694439274778 -0.009064995598336845 25
1694439274822 -0.00906279624984263 26
1694439274869 -0.009060584753328715 27
1694439274918 -0.00905836108083058 28
1694439274963 -0.009056125204325749 29
1694439274994 -0.009053877095731577 30
1694439275028 -0.00905161672690813 31
1694439275062 -0.009049344069654408 32
1694439275096 -0.009047059095711463 33
1694439275137 -0.009044761776760613 34
1694439275171 -0.009042452084424335 35
1694439275221 -0.009040129990264045 36
1694439275252 -0.009037795465782983 37
1694439275284 -0.009035448482424435 38
1694439275314 -0.00903308901157085 39
1694439275342 -0.009030717024544277 40
1694439275378 -0.009028332492609481 41
1694439275411 -0.009025935386967943 42
1694439275440 -0.009023525678762079 43
1694439275470 -0.009021103339073244 44
1694439275505 -0.00901866833892373 45
1694439275548 -0.009016220649272766 46
1694439275581 -0.009013760241020963 47
1694439275626 -0.009011287085006536 48
1694439275668 -0.009008801152007084 49
1694439275718 -0.009006302412739808 50
1694439275763 -0.009003790837859293 51
1694439275800 -0.009001266397959728 52
1694439275832 -0.008998729063574018 53
1694439275871 -0.008996178805172006 54
1694439275907 -0.008993615593162696 55
1694439275936 -0.008991039397894252 56
1694439275971 -0.008988450189650665 57
1694439276009 -0.008985847938655978 58
1694439276076 -0.008983232615070502 59
1694439276114 -0.008980604188993047 60
1694439276163 -0.008977962630460246 61
1694439276203 -0.008975307909444785 62
1694439276258 -0.00897263999585829 63
1694439276309 -0.008969958859548655 64
1694439276345 -0.008967264470301162 65
1694439276392 -0.008964556797838252 66
1694439276430 -0.00896183581181842 67
1694439276472 -0.008959101481838427 68
1694439276511 -0.008956353777429316 69
1694439276545 -0.008953592668061505 70
1694439276585 -0.008950818123139026 71
1694439276623 -0.008948030112004624 72
1694439276660 -0.008945228603935984 73
1694439276694 -0.008942413568144847 74
1694439276732 -0.008939584973783221 75
1694439276772 -0.008936742789935614 76
1694439276818 -0.008933886985623252 77
1694439276858 -0.00893101752980252 78
1694439276898 -0.008928134391366305 79
1694439276936 -0.008925237539140873 80
1694439276982 -0.008922326941889658 81
1694439277011 -0.008919402568309698 82
1694439277039 -0.008916464387033862 83
1694439277068 -0.008913512366629739 84
1694439277101 -0.008910546475598968 85
1694439277129 -0.008907566682378354 86
1694439277158 -0.008904572955338974 87
1694439277189 -0.008901565262786404 88
1694439277221 -0.008898543572960493 89
1694439277258 -0.008895507854034257 90
1694439277288 -0.008892458074116094 91
1694439277322 -0.008889394201246903 92
1694439277359 -0.0088863162034023 93
1694439277391 -0.00888322404849129 94
1694439277432 -0.008880117704356039 95
1694439277471 -0.00887699713877188 96
1694439277502 -0.00887558573055336 97
1694439277537 -0.008874164005178597 98
1694439277577 -0.008872731937885403 99
1694439277613 -0.00887128950385807 100
1694439277647 -0.008869836678228493 101
1694439277683 -0.00886837343607505 102
1694439277718 -0.008866899752423274 103
1694439277751 -0.008865415602244742 104
1694439277786 -0.008863920960458849 105
1694439277825 -0.008862415801930812 106
1694439277855 -0.00886090010147167 107
1694439277889 -0.008859373833840056 108
1694439277930 -0.008857836973739541 109
1694439277965 -0.008856289495821068 110
1694439277996 -0.008854731374680513 111
1694439278035 -0.008853162584860241 112
1694439278090 -0.008851583100848215 113
1694439278130 -0.00884999289707844 114
1694439278167 -0.008848391947929857 115
1694439278201 -0.008846780227727447 116
1694439278240 -0.008845157710742013 117
1694439278285 -0.00884352437118685 118
1694439278324 -0.008841880183224848 119
1694439278362 -0.008840225120960943 120
1694439278397 -0.008838559158446113 121
1694439278436 -0.008836882269675606 122
1694439278475 -0.008835194428589377 123
1694439278518 -0.008833495609072983 124
1694439278552 -0.008831785784956026 125
1694439278588 -0.008830064930011261 126
1694439278623 -0.008828333017958157 127
1694439278656 -0.008826590022458891 128
1694439278698 -0.008824835917119911 129
1694439278728 -0.00882307067549215 130
1694439278756 -0.008821294271069924 131
1694439278785 -0.008819506677291367 132
1694439278812 -0.008817707867538882 133
1694439278843 -0.008815897815137808 134
1694439278874 -0.008814076493357303 135
1694439278906 -0.00881224387541013 136
1694439278937 -0.008810399934451763 137
1694439278969 -0.008808544643581051 138
1694439279002 -0.008806677975839783 139
1694439279035 -0.008804799904214011 140
1694439279069 -0.00880291040162895 141
1694439279103 -0.008801009440957186 142
1694439279134 -0.008799096995011357 143
1694439279171 -0.008797173036546369 144
1694439279202 -0.008795237538260947 145
1694439279237 -0.008793290472794757 146
1694439279276 -0.008791331812730174 147
1694439279304 -0.00878936153059251 148
1694439279341 -0.008787379598847123 149
1694439279379 -0.00878538598990275 150
1694439279407 -0.008783380676109509 151
1694439279440 -0.008781363629758676 152
1694439279474 -0.008779334823084017 153
1694439279502 -0.008777294228259347 154
1694439279538 -0.00877524181740097 155
1694439279572 -0.008773177562565682 156
1694439279605 -0.008771101435752104 157
1694439279644 -0.008769013408898685 158
1694439279677 -0.008766913453885472 159
1694439279706 -0.008764801542534117 160
1694439279744 -0.008762677646603656 161
1694439279778 -0.008760541737797611 162
1694439279808 -0.008758393787758001 163
1694439279850 -0.008756233768067112 164
1694439279890 -0.00875406165024728 165
1694439279928 -0.008751877405761554 166
1694439279959 -0.008749681006012366 167
1694439279997 -0.008747472422342417 168
1694439280037 -0.008745251626033568 169
1694439280077 -0.00874301858830795 170
1694439280112 -0.008740773280327074 171
1694439280146 -0.008738515673191172 172
1694439280183 -0.008736245737940074 173
1694439280217 -0.008733963445553439 174
1694439280253 -0.008731668766949197 175
1694439280290 -0.008729361672983993 176
1694439280323 -0.008727042134454521 177
1694439280360 -0.008724710122093526 178
1694439280396 -0.008722365606576021 179
1694439280428 -0.008720008558512848 180
1694439280457 -0.008717638948454232 181
1694439280494 -0.008715256746887778 182
1694439280538 -0.008712861924240034 183
1694439280577 -0.008710454450875593 184
1694439280612 -0.008708034297095768 185
1694439280645 -0.008705601433141252 186
1694439280677 -0.008703155829189013 187
1694439280712 -0.00870069745535429 188
1694439280751 -0.008698226281689703 189
1694439280790 -0.008695742278184593 190
1694439280833 -0.008693245414766348 191
1694439280870 -0.008690735661298854 192
1694439280918 -0.00868821298758271 193
1694439280960 -0.008685677363355904 194
1694439281000 -0.008683128758293135 195
1694439281040 -0.008680567142004936 196
1694439281081 -0.00867799248403922 197
1694439281113 -0.008675404753879068 198
1694439281150 -0.008672803920945604 199
1694439281181 -0.008670189954594454 200
1694439281218 -0.008667562824117736 201
1694439281253 -0.008664922498743843 202
1694439281290 -0.008662268947635221 203
1694439281324 -0.008659602139892808 204
1694439281360 -0.008656922044551152 205
1694439281404 -0.008654228630579963 206
1694439281450 -0.008651521866885448 207
1694439281489 -0.008648801722307864 208
1694439281520 -0.008646068165623078 209
1694439281555 -0.008643321165541673 210
1694439281591 -0.008640560690708954 211
1694439281626 -0.008637786709705164 212
1694439281662 -0.008634999191044823 213
1694439281706 -0.008632198103177391 214
1694439281753 -0.008629383414484382 215
1694439281789 -0.00862655509328536 216
1694439281828 -0.00862371310783061 217
1694439281868 -0.00862085742630625 218
1694439281903 -0.008617988016831335 219
1694439281943 -0.008615104847458088 220
1694439281978 -0.008612207886173895 221
1694439282021 -0.008609297100898194 222
1694439282058 -0.008606372459484257 223
1694439282106 -0.008603433929718296 224
1694439282146 -0.008600481479320132 225
1694439282184 -0.008597515075941864 226
1694439282216 -0.008594534687169197 227
1694439282252 -0.008591540280518117 228
1694439282296 -0.008588531823441325 229
1694439282341 -0.00858550928332047 230
1694439282383 -0.008582472627471027 231
1694439282413 -0.00857942182314031 232
1694439282451 -0.008576356837507682 233
1694439282489 -0.008573277637684784 234
1694439282527 -0.008570184190713759 235
1694439282559 -0.008567076463570578 236
1694439282597 -0.008563954423160824 237
1694439282639 -0.008560818036322804 238
1694439282671 -0.00855766726982532 239
1694439282705 -0.008554502090368343 240
1694439282736 -0.008551322464583677 241
1694439282769 -0.008548128359033402 242
1694439282800 -0.0085449197402101 243
1694439282830 -0.00854169657453796 244
1694439282868 -0.008538458828370787 245
1694439282917 -0.008535206467993328 246
1694439282966 -0.008531939459620164 247
1694439283006 -0.008528657769397041 248
1694439283039 -0.008525361363397987 249
1694439283077 -0.00852205020762864 250
1694439283109 -0.008518724268023137 251
1694439283137 -0.00851538351044634 252
1694439283179 -0.00851202790069161 253
1694439283213 -0.008508657404481923 254
1694439283250 -0.008505271987470087 255
1694439283289 -0.00850187161523741 256
1694439283322 -0.008498456253294595 257
1694439283358 -0.008495025867080397 258
1694439283395 -0.008491580421963407 259
1694439283429 -0.00848811988323983 260
1694439283468 -0.00848464421613504 261
1694439283509 -0.008481153385802243 262
1694439283538 -0.008477647357322926 263
1694439283569 -0.00847412609570819 264
1694439283602 -0.008470589565892084 265
1694439283634 -0.00846703773274382 266
1694439283666 -0.0084634705610529 267
1694439283695 -0.008459888015542871 268
1694439283723 -0.008456290060860239 269
1694439283752 -0.00845267666158045 270
1694439283786 -0.008449047782205232 271
1694439283818 -0.008445403387164818 272
1694439283851 -0.00844174344081483 273
1694439283888 -0.008438067907438285 274
1694439283921 -0.008434376751244033 275
1694439283955 -0.008430669936369206 276
1694439283986 -0.00842694742687522 277
1694439284018 -0.008423209186750658 278
1694439284055 -0.008419455179910162 279
1694439284089 -0.00841568537019377 280
1694439284121 -0.008411899721368021 281
1694439284152 -0.008408098197124403 282
1694439284185 -0.008404280761080685 283
1694439284219 -0.008400447376779141 284
1694439284257 -0.008396598007688327 285
1694439284291 -0.008392732617200416 286
1694439284324 -0.008388851168634082 287
1694439284362 -0.008384953625231395 288
1694439284400 -0.008381039950161151 289
1694439284430 -0.008377110106514207 290
1694439284467 -0.008373164057307703 291
1694439284501 -0.008369201765481948 292
1694439284535 -0.008365223193902427 293
1694439284574 -0.008361228305357571 294
1694439284612 -0.008357217062560096 295
1694439284647 -0.008353189428147001 296
1694439284678 -0.00834914536467779 297
1694439284715 -0.00834508483463603 298
1694439284751 -0.008341007800428901 299
1694439284783 -0.008336914224386094 300
1694439284819 -0.00833280406876069 301
1694439284856 -0.008328677295728726 302
1694439284888 -0.00832453386738874 303
1694439284924 -0.008320373745761556 304
1694439284958 -0.008316196892791616 305
1694439284988 -0.008312003270344537 306
1694439285022 -0.008307792840208439 307
1694439285056 -0.008303565564093951 308
1694439285086 -0.008299321403633098 309
1694439285120 -0.008295060320379744 310
1694439285157 -0.008290782275809594 311
1694439285194 -0.008286487231319306 312
1694439285222 -0.0082821751482276 313
1694439285260 -0.008277845987773924 314
1694439285295 -0.008273499711119126 315
1694439285326 -0.008269136279344336 316
1694439285363 -0.00826475565345186 317
1694439285398 -0.008260357794364959 318
1694439285427 -0.00825594266292673 319
1694439285464 -0.00825151021990056 320
1694439285499 -0.008247060425971009 321
1694439285531 -0.008242593241741591 322
1694439285571 -0.008238108627736551 323
1694439285608 -0.008233606544398864 324
1694439285643 -0.008229086952092235 325
1694439285674 -0.008224549811099324 326
1694439285711 -0.008219995081621745 327
1694439285751 -0.008215422723781396 328
1694439285786 -0.008210832697617576 329
1694439285817 -0.008206224963090536 330
1694439285855 -0.008201599480077038 331
1694439285894 -0.008196956208373907 332
1694439285924 -0.008192295107696479 333
1694439285961 -0.008187616137677267 334
1694439285996 -0.008182919257867738 335
1694439286033 -0.008178204427737867 336
1694439286067 -0.008173471606674143 337
1694439286122 -0.008168720753981784 338
1694439286160 -0.008163951828883409 339
1694439286192 -0.008159164790518814 340
1694439286228 -0.008154359597945193 341
1694439286263 -0.008149536210136477 342
1694439286297 -0.008144694585984658 343
1694439286330 -0.008139834684297131 344
1694439286368 -0.008134956463799137 345
1694439286405 -0.00813005988313198 346
1694439286436 -0.008125144900853032 347
1694439286467 -0.008120211475436623 348
1694439286498 -0.00811525956527226 349
1694439286530 -0.00811028912866596 350
1694439286559 -0.00810530012383981 351
1694439286588 -0.00810029250893085 352
1694439286618 -0.00809526624199175 353
1694439286686 -0.008090221280990795 354
1694439286771 -0.008085157583811453 355
1694439286826 -0.008080075108251705 356
1694439286866 -0.008074973812024933 357
1694439286902 -0.008069853652758807 358
1694439286939 -0.00806471458799618 359
1694439286984 -0.008059556575193305 360
1694439287026 -0.008054379571722503 361
1694439287055 -0.008049183534868165 362
1694439287086 -0.00804396842182964 363
1694439287116 -0.00803873418972012 364
1694439287146 -0.008033480795566206 365
1694439287176 -0.008028208196308118 366
1694439287207 -0.00802291634879948 367
1694439287238 -0.008017605209806655 368
1694439287278 -0.00801227473601096 369
1694439287310 -0.008006924884002675 370
1694439287347 -0.008001555610287703 371
1694439287388 -0.007996166871285348 372
1694439287420 -0.007990758623325211 373
1694439287455 -0.007985330822650072 374
1694439287495 -0.007979883425414558 375
1694439287532 -0.007974416387685368 376
1694439287562 -0.007968929665441271 377
1694439287594 -0.007963423214572218 378
1694439287623 -0.007957896990879565 379
1694439287654 -0.007952350950076736 380
1694439287684 -0.007946785047787897 381
1694439287713 -0.007941199239547725 382
1694439287745 -0.007935593480802527 383
1694439287788 -0.007929967726909348 384
1694439287821 -0.007924321933134859 385
1694439287861 -0.007918656054657358 386
1694439287902 -0.007915200440259174 387
1694439287934 -0.007911728994882461 388
1694439287968 -0.007908241680689931 389
1694439288003 -0.007904738459765026 390
1694439288040 -0.007901219294111028 391
1694439288084 -0.007897684145654615 392
1694439288113 -0.007894132976241863 393
1694439288146 -0.0078905657476398 394
1694439288180 -0.007886982421535516 395
1694439288214 -0.007883382959537277 396
1694439288249 -0.007879767323172748 397
1694439288293 -0.00787613547389121 398
1694439288325 -0.007872487373060011 399
1694439288355 -0.007868822981967005 400
1694439288395 -0.007865142261820779 401
1694439288424 -0.007861445173746429 402
1694439288453 -0.007857731678792446 403
1694439288490 -0.007854001737924055 404
1694439288522 -0.0078502553120261 405
1694439288554 -0.00784649236190238 406
1694439288588 -0.007842712848273647 407
1694439288622 -0.007838916731783163 408
1694439288656 -0.007835103972989144 409
1694439288694 -0.007831274532370314 410
1694439288729 -0.007827428370322131 411
1694439288759 -0.007823565447158565 412
1694439288796 -0.007819685723112313 413
1694439288826 -0.00781578915833192 414
1694439288856 -0.007811875712885552 415
1694439288895 -0.007807945346756995 416
1694439288927 -0.007803998019848768 417
1694439288965 -0.007800033691979902 418
1694439289001 -0.00779605232288616 419
1694439289036 -0.0077920538722202615 420
1694439289087 -0.0077880382995525466 421
1694439289123 -0.0077840055643676465 422
1694439289159 -0.007779955626068924 423
1694439289191 -0.007775888443974921 424
1694439289224 -0.007771803977320024 425
1694439289257 -0.00776770218525491 426
1694439289294 -0.007763583026845655 427
1694439289323 -0.007759446461074404 428
1694439289355 -0.007755292446838924 429
1694439289401 -0.007751120942951051 430
1694439289429 -0.007746931908139798 431
1694439289462 -0.007742725301046471 432
1694439289500 -0.007738501080229776 433
1694439289529 -0.007734259204162042 434
1694439289561 -0.007729999631229445 435
1694439289600 -0.0077257223197342295 436
1694439289630 -0.007721427227890931 437
1694439289665 -0.007717114313829487 438
1694439289701 -0.007712783535593459 439
1694439289729 -0.0077084348511398115 440
1694439289762 -0.007704068218339355 441
1694439289796 -0.007699683594976747 442
1694439289825 -0.0076952809387487164 443
1694439289855 -0.007690860207266725 444
1694439289902 -0.007686421358053863 445
1694439289936 -0.007681964348546844 446
1694439289971 -0.007677489136094673 447
1694439290007 -0.0076729956779588715 448
1694439290038 -0.007668483931313919 449
1694439290079 -0.007663953853245031 450
1694439290108 -0.0076594054007512735 451
1694439290146 -0.007654838530742225 452
1694439290196 -0.00765025320003998 453
1694439290232 -0.007645649365377594 454
1694439290278 -0.007641026983399746 455
1694439290317 -0.007636386010662521 456
1694439290355 -0.007631726403633188 457
1694439290400 -0.007627048118689306 458
1694439290429 -0.007622351112119841 459
1694439290463 -0.007617635340124274 460
1694439290499 -0.007612900758811714 461
1694439290530 -0.007608147324203118 462
1694439290566 -0.007603374992228185 463
1694439290599 -0.007598583718726681 464
1694439290635 -0.007593773459448894 465
1694439290671 -0.007588944170054734 466
1694439290711 -0.007584095806112856 467
1694439290742 -0.007579228323101539 468
1694439290773 -0.007574341676408691 469
1694439290807 -0.007569435821330295 470
1694439290839 -0.007564510713072181 471
1694439290870 -0.007559566306747811 472
1694439290910 -0.007554602557380274 473
1694439290943 -0.0075496194198996225 474
1694439290977 -0.00754461684914598 475
1694439291047 -0.0075395947998653234 476
1694439291099 -0.007534553226713259 477
1694439291154 -0.007529492084251688 478
1694439291205 -0.0075244113269516966 479
1694439291251 -0.00751931090918978 480
1694439291289 -0.0075141907852509515 481
1694439291326 -0.007509050909326742 482
1694439291362 -0.007503891235515869 483
1694439291406 -0.00749871171782357 484
1694439291444 -0.007493512310162043 485
1694439291476 -0.007488292966348453 486
1694439291519 -0.007483053640107817 487
1694439291573 -0.00747779428507056 488
1694439291627 -0.007472514854772294 489
1694439291686 -0.007467215302655816 490
1694439291730 -0.007461895582068223 491
1694439291763 -0.007456555646262464 492
1694439291818 -0.007451195448396453 493
1694439291851 -0.007445814941533513 494
1694439291898 -0.0074404140786414885 495
1694439291936 -0.0074349928125929665 496
1694439291969 -0.007429551096165277 497
1694439292016 -0.0074240888820400475 498
1694439292050 -0.007418606122803206 499
