1694443927029 0.0 0
1694443927323 0.0 1
1694443927586 0.0 2
1694443927867 0.0 3
1694443928154 0.0 4
1694443928426 0.0 5
1694443928731 0.0 6
1694443929086 0.0 7
1694443929356 0.0 8
1694443929622 0.0 9
1694443929903 0.0 10
1694443930182 0.0 11
1694443930469 0.0 12
1694443930750 0.0 13
1694443931032 0.0 14
1694443931317 0.0 15
1694443931575 0.0 16
1694443931851 0.0 17
1694443932150 0.0 18
1694443932425 0.0 19
1694443932723 0.0 20
1694443933008 0.0 21
1694443933294 0.0 22
1694443933560 0.0 23
1694443933840 0.0 24
1694443934109 0.0 25
1694443934420 0.0 26
1694443934704 0.0 27
1694443934979 0.0 28
1694443935267 0.0 29
1694443935564 0.0 30
1694443935846 0.0 31
1694443936151 0.0 32
1694443936438 0.0 33
1694443936752 0.0 34
1694443937046 0.0 35
1694443937356 0.0 36
1694443937621 0.0 37
1694443937942 0.0 38
1694443938222 0.0 39
1694443938493 0.0 40
1694443938780 0.0 41
1694443939063 0.0 42
1694443939317 0.0 43
1694443939616 0.0 44
1694443939964 0.0 45
1694443940320 0.0 46
1694443940583 0.0 47
1694443940900 0.0 48
1694443941175 0.0 49
1694443941454 0.0 50
1694443941735 0.0 51
1694443941996 0.0 52
1694443942274 0.0 53
1694443942535 0.0 54
1694443942815 0.0 55
1694443943108 0.0 56
1694443943385 0.0 57
1694443943678 0.0 58
1694443943976 0.0 59
1694443944263 0.0 60
1694443944550 0.0 61
1694443944839 0.0 62
1694443945137 0.0 63
1694443945414 0.0 64
1694443945684 0.0 65
1694443945961 0.0 66
1694443946250 0.0 67
1694443946526 0.0 68
1694443946790 0.0 69
1694443947041 0.0 70
1694443947323 0.0 71
1694443947609 0.0 72
1694443947898 0.0 73
1694443948176 0.0 74
1694443948453 0.0 75
1694443948726 0.0 76
1694443948995 0.0 77
1694443949260 0.0 78
1694443949526 0.0 79
1694443949791 0.0 80
1694443950046 0.0 81
1694443950302 0.0 82
1694443950571 0.0 83
1694443950842 0.0 84
1694443951108 0.0 85
1694443951374 0.0 86
1694443951637 0.0 87
1694443951894 0.0 88
1694443952173 0.0 89
1694443952456 0.0 90
1694443952731 0.0 91
1694443953021 0.0 92
1694443953278 0.0 93
1694443953556 0.0 94
1694443953839 0.0 95
1694443954100 0.0 96
1694443954396 0.0 97
1694443954704 0.0 98
1694443955029 0.0 99
1694443955316 0.0 100
1694443955601 0.0 101
1694443955883 0.0 102
1694443956161 0.0 103
1694443956425 0.0 104
1694443956697 0.0 105
1694443956956 0.0 106
1694443957242 0.0 107
1694443957521 0.0 108
1694443957796 0.0 109
1694443958054 0.0 110
1694443958322 0.0 111
1694443958589 0.0 112
1694443958860 0.0 113
1694443959135 0.0 114
1694443959430 0.0 115
1694443959734 0.0 116
1694443960021 0.0 117
1694443960311 0.0 118
1694443960594 0.0 119
1694443960865 0.0 120
1694443961125 0.0 121
1694443961408 0.0 122
1694443961693 0.0 123
1694443961952 0.0 124
1694443962222 0.0 125
1694443962492 0.0 126
1694443962765 0.0 127
1694443963014 0.0 128
1694443963277 0.0 129
1694443963533 0.0 130
1694443963787 0.0 131
1694443964032 0.0 132
1694443964291 0.0 133
1694443964549 0.0 134
1694443964815 0.0 135
1694443965081 0.0 136
1694443965357 0.0 137
1694443965605 0.0 138
1694443965840 0.0 139
1694443966076 0.0 140
1694443966341 0.0 141
1694443966586 0.0 142
1694443966852 0.0 143
1694443967120 0.0 144
1694443967380 0.0 145
1694443967642 0.0 146
1694443967917 0.0 147
