1694444137664 159.45620575346422 0
1694444137699 146.79773869569706 1
1694444137736 135.34230293555487 2
1694444137768 125.04308838722724 3
1694444137803 115.39772775491868 4
1694444137847 106.18967311193924 5
1694444137883 98.47075272381204 6
1694444137918 90.6561676933015 7
1694444137955 83.56127648686198 8
1694444137993 76.86713931474375 9
1694444138026 71.10759149367212 10
1694444138059 65.64710936343573 11
1694444138091 60.34436608958755 12
1694444138128 56.13843722988356 13
1694444138167 51.53375097653699 14
1694444138203 47.60253744405478 15
1694444138238 44.153011902408544 16
1694444138275 40.59546922474008 17
1694444138311 37.39722255843753 18
1694444138347 34.5396057189045 19
1694444138384 31.833673311332262 20
1694444138417 29.35754832543263 21
1694444138449 27.097780633480838 22
1694444138482 25.083388433881964 23
1694444138511 23.098367998109698 24
1694444138543 21.314678585318863 25
1694444138575 19.95108146543537 26
1694444138607 18.41318486908184 27
1694444138637 16.854178138121693 28
1694444138674 15.431144672954511 29
1694444138708 14.456077427534986 30
1694444138745 13.27527564162565 31
1694444138781 12.112164295458355 32
1694444138816 11.31721234923798 33
1694444138852 10.369975542634505 34
1694444138888 9.573691120481886 35
1694444138916 8.9417503230815 36
1694444138948 8.199930049587891 37
1694444138979 7.599533588329066 38
1694444139015 7.0520857632583525 39
1694444139050 6.296704897395016 40
1694444139082 5.922629538134459 41
1694444139114 5.524798193142257 42
1694444139147 5.172124718806215 43
1694444139184 4.812917908734227 44
1694444139219 4.35261046731323 45
1694444139250 4.168999665773237 46
1694444139280 3.747033640430248 47
1694444139311 3.5069272413009482 48
1694444139345 3.1242603654807826 49
1694444139377 2.963663190065345 50
1694444139407 2.8070721644641874 51
1694444139439 2.4794062071859893 52
1694444139469 2.4012570467649095 53
1694444139501 2.13828423582565 54
1694444139532 1.9828715957262426 55
1694444139567 1.870527614427009 56
1694444139599 1.7098591866560406 57
1694444139632 1.5812393803050289 58
1694444139666 1.5156584396924264 59
1694444139696 1.399946342199102 60
1694444139728 1.2495437973750734 61
1694444139776 1.2520825863587866 62
1694444139809 1.0859347414104237 63
1694444139840 1.0422343346212664 64
1694444139872 0.9671028626798108 65
1694444139902 0.8817813362244408 66
1694444139934 0.843223036672688 67
1694444139965 0.8378302263793801 68
1694444139995 0.7472497612973651 69
1694444140026 0.652895292259437 70
1694444140059 0.6431743472311243 71
1694444140092 0.6093049280504165 72
1694444140123 0.5925089632990032 73
1694444140154 0.5339802324286647 74
1694444140191 0.4740048351017813 75
1694444140223 0.4619925637702783 76
1694444140253 0.43258748789425305 77
1694444140286 0.42030562322821946 78
1694444140317 0.39560151261617266 79
1694444140349 0.3542203895669533 80
1694444140383 0.3465426447498233 81
1694444140417 0.3171730280088366 82
1694444140449 0.3056021845684311 83
1694444140481 0.30216929568495665 84
1694444140511 0.2769115729171293 85
1694444140544 0.28491340027771117 86
1694444140577 0.249846304678528 87
1694444140608 0.24553197034110705 88
1694444140640 0.25971675236971425 89
1694444140670 0.2228389540437963 90
1694444140702 0.21940368640480581 91
1694444140735 0.2030768898435123 92
1694444140767 0.19734216136601884 93
1694444140798 0.22969940963157962 94
1694444140831 0.2055938433466062 95
1694444140866 0.18115117129373645 96
1694444140897 0.15761425869318849 97
1694444140930 0.16621303052331038 98
1694444140963 0.18782811763701113 99
1694444140994 0.15117484732249903 100
1694444141025 0.1513650167997328 101
1694444141054 0.14669370415636857 102
1694444141088 0.14407721952675714 103
1694444141119 0.15886130668386161 104
1694444141150 0.13487782408590773 105
1694444141187 0.1397710099157485 106
1694444141219 0.15693449864189718 107
1694444141251 0.12958201946058068 108
1694444141282 0.13628703470679324 109
1694444141314 0.12018215114538172 110
1694444141345 0.14942763945079982 111
1694444141377 0.12916280078862813 112
1694444141407 0.11691946259313298 113
1694444141438 0.11630216090133061 114
1694444141468 0.1219776557127819 115
1694444141498 0.1324437679386403 116
1694444141530 0.11803295285480217 117
1694444141561 0.1317393692396321 118
1694444141592 0.11726082551260777 119
1694444141621 0.11641773420559721 120
1694444141654 0.1344918166260834 121
1694444141688 0.10555994964080478 122
1694444141718 0.14544223833164632 123
1694444141750 0.13834555422956862 124
1694444141782 0.10877529656300769 125
1694444141815 0.10836217434637885 126
1694444141847 0.11217470384953492 127
1694444141881 0.11034210102772664 128
1694444141915 0.09662158849658652 129
1694444141946 0.10195714321133774 130
1694444141977 0.1015196580398485 131
1694444142008 0.09484414838708877 132
1694444142040 0.10391538369922611 133
1694444142073 0.11652481735455132 134
1694444142104 0.10679231102729368 135
1694444142134 0.10509302497485538 136
1694444142168 0.10519645480431515 137
1694444142208 0.10578248088960601 138
1694444142239 0.1119112655824867 139
1694444142272 0.10502105365930414 140
1694444142303 0.10450048881385354 141
1694444142335 0.11351026305371102 142
1694444142369 0.13726061284941277 143
1694444142400 0.12916263420445243 144
1694444142432 0.11030393586813055 145
1694444142462 0.10650797118894557 146
1694444142494 0.11549367802949372 147
1694444142526 0.11184774927694113 148
1694444142558 0.09949705513518158 149
1694444142590 0.124841209517926 150
1694444142618 0.09213153509985249 151
1694444142651 0.10494063414868626 152
1694444142687 0.10194758437598128 153
1694444142717 0.11649228030992764 154
1694444142748 0.11266152153098258 155
1694444142779 0.1038616396568068 156
1694444142810 0.10790539898951641 157
1694444142840 0.09114951938940741 158
1694444142873 0.11092721479911087 159
1694444142903 0.10614605071486034 160
1694444142933 0.11141718417556096 161
1694444142965 0.1024170474088346 162
1694444142996 0.11132564305944369 163
1694444143027 0.10341811573134128 164
1694444143059 0.10194141493214494 165
1694444143090 0.1058455785185381 166
1694444143121 0.11381877472679916 167
1694444143151 0.11655664528919726 168
1694444143187 0.10663489579378885 169
1694444143218 0.09977620053668278 170
1694444143250 0.10337420866871745 171
1694444143283 0.10741946730921804 172
1694444143314 0.10442204274691354 173
1694444143346 0.12197195831643191 174
1694444143379 0.10960466232695337 175
1694444143411 0.10823774605827219 176
1694444143442 0.095089306945334 177
1694444143473 0.1252707467478859 178
1694444143504 0.11306555930427277 179
1694444143534 0.09763059068516677 180
1694444143566 0.10833567937845293 181
1694444143597 0.1111090290763354 182
1694444143627 0.1036396093592708 183
1694444143659 0.10676011882276673 184
1694444143692 0.09807931078106774 185
1694444143723 0.1080453286367485 186
1694444143752 0.10560676711293865 187
1694444143785 0.1126436682117153 188
1694444143815 0.1004115762522281 189
1694444143846 0.11142573258743334 190
1694444143878 0.0997446540670152 191
1694444143909 0.10774570788568175 192
1694444143939 0.10466102547578243 193
