1694443968249 0.0 0
1694443968523 0.0 1
1694443968813 0.0 2
1694443969087 0.0 3
1694443969386 0.0 4
1694443969757 0.0 5
1694443970148 0.0 6
1694443970442 0.0 7
1694443970705 0.0 8
1694443970987 0.0 9
1694443971270 0.0 10
1694443971533 0.0 11
1694443971809 0.0 12
1694443972066 0.0 13
1694443972337 0.0 14
1694443972609 0.0 15
1694443972873 0.0 16
1694443973144 0.0 17
1694443973424 0.0 18
1694443973718 0.0 19
1694443974008 0.0 20
1694443974307 0.0 21
1694443974586 0.0 22
1694443974860 0.0 23
1694443975132 0.0 24
1694443975434 0.0 25
1694443975704 0.0 26
1694443975989 0.0 27
1694443976286 0.0 28
1694443976555 0.0 29
1694443976829 0.0 30
1694443977099 0.0 31
1694443977395 0.0 32
1694443977681 0.0 33
1694443977956 0.0 34
1694443978244 0.0 35
1694443978532 0.0 36
1694443978814 0.0 37
1694443979072 0.0 38
1694443979346 0.0 39
1694443979609 0.0 40
1694443979866 0.0 41
1694443980160 0.0 42
1694443980424 0.0 43
1694443980707 0.0 44
1694443980979 0.0 45
1694443981251 0.0 46
1694443981532 0.0 47
1694443981800 0.0 48
1694443982080 0.0 49
1694443982363 0.0 50
1694443982627 0.0 51
1694443982899 0.0 52
1694443983183 0.0 53
1694443983467 0.0 54
1694443983752 0.0 55
1694443984000 0.0 56
1694443984297 0.0 57
1694443984586 0.0 58
1694443984863 0.0 59
1694443985157 0.0 60
1694443985465 0.0 61
1694443985749 0.0 62
1694443986031 0.0 63
1694443986300 0.0 64
1694443986578 0.0 65
1694443986855 0.0 66
1694443987131 0.0 67
1694443987422 0.0 68
1694443987696 0.0 69
1694443987945 0.0 70
1694443988192 0.0 71
1694443988445 0.0 72
1694443988709 0.0 73
1694443988951 0.0 74
1694443989221 0.0 75
1694443989509 0.0 76
1694443989788 0.0 77
1694443990046 0.0 78
1694443990307 0.0 79
1694443990569 0.0 80
1694443990831 0.0 81
1694443991111 0.0 82
1694443991397 0.0 83
1694443991646 0.0 84
1694443991898 0.0 85
1694443992213 0.0 86
1694443992491 0.0 87
1694443992766 0.0 88
1694443993032 0.0 89
1694443993288 0.0 90
1694443993546 0.0 91
1694443993803 0.0 92
1694443994083 0.0 93
1694443994354 0.0 94
1694443994619 0.0 95
1694443994896 0.0 96
1694443995161 0.0 97
1694443995430 0.0 98
1694443995716 0.0 99
1694443996003 0.0 100
1694443996261 0.0 101
1694443996516 0.0 102
1694443996790 0.0 103
1694443997066 0.0 104
1694443997345 0.0 105
1694443997632 0.0 106
1694443997904 0.0 107
1694443998179 0.0 108
1694443998454 0.0 109
1694443998745 0.0 110
1694443999024 0.0 111
1694443999317 0.0 112
1694443999620 0.0 113
1694443999951 0.0 114
1694444000216 0.0 115
1694444000515 0.0 116
1694444000804 0.0 117
1694444001065 0.0 118
1694444001323 0.0 119
1694444001597 0.0 120
1694444001874 0.0 121
1694444002180 0.0 122
1694444002495 0.0 123
1694444002776 0.0 124
1694444003067 0.0 125
1694444003341 0.0 126
1694444003623 0.0 127
1694444003929 0.0 128
1694444004218 0.0 129
1694444004491 0.0 130
1694444004782 0.0 131
1694444005059 0.0 132
1694444005333 0.0 133
1694444005629 0.0 134
1694444005916 0.0 135
1694444006180 0.0 136
1694444006444 0.0 137
1694444006745 0.0 138
1694444007025 0.0 139
1694444007295 0.0 140
1694444007569 0.0 141
1694444007832 0.0 142
1694444008082 0.0 143
1694444008358 0.0 144
1694444008608 0.0 145
1694444008853 0.0 146
1694444009109 0.0 147
1694444009376 0.0 148
1694444009619 0.0 149
1694444009903 0.0 150
1694444010151 0.0 151
1694444010427 0.0 152
1694444010678 0.0 153
1694444010951 0.0 154
1694444011221 0.0 155
1694444011497 0.0 156
1694444011778 0.0 157
1694444012052 0.0 158
1694444012345 0.0 159
1694444012617 0.0 160
1694444012890 0.0 161
1694444013147 0.0 162
1694444013394 0.0 163
1694444013663 0.0 164
1694444013951 0.0 165
1694444014220 0.0 166
1694444014522 0.0 167
1694444014822 0.0 168
1694444015109 0.0 169
1694444015381 0.0 170
1694444015684 0.0 171
1694444015953 0.0 172
1694444016207 0.0 173
1694444016473 0.0 174
1694444016733 0.0 175
1694444016990 0.0 176
1694444017246 0.0 177
1694444017502 0.0 178
1694444017771 0.0 179
1694444018038 0.0 180
1694444018310 0.0 181
1694444018581 0.0 182
1694444018844 0.0 183
1694444019108 0.0 184
1694444019381 0.0 185
1694444019676 0.0 186
1694444019942 0.0 187
1694444020202 0.0 188
1694444020499 0.0 189
1694444020771 0.0 190
1694444021034 0.0 191
1694444021301 0.0 192
1694444021585 0.0 193
1694444021849 0.0 194
1694444022096 0.0 195
1694444022340 0.0 196
1694444022621 0.0 197
1694444022880 0.0 198
1694444023123 0.0 199
1694444023376 0.0 200
1694444023643 0.0 201
1694444023914 0.0 202
1694444024195 0.0 203
1694444024450 0.0 204
1694444024721 0.0 205
1694444024992 0.0 206
1694444025269 0.0 207
1694444025517 0.0 208
1694444025779 0.0 209
1694444026041 0.0 210
1694444026324 0.0 211
1694444026582 0.0 212
1694444026843 0.0 213
1694444027113 0.0 214
