1694443968237 82.95111261558412 0
1694443968515 36.77764719751392 1
1694443968806 22.54262179004395 2
1694443969080 10.637170807303185 3
1694443969378 4.116025715494949 4
1694443969749 6.201127648714399 5
1694443970140 3.6908124300282132 6
1694443970434 2.902620995338281 7
1694443970697 0.37416132751919984 8
1694443970979 0.3353467649789625 9
1694443971263 1.0252876166462588 10
1694443971525 1.0993404500024475 11
1694443971802 0.14373584520426103 12
1694443972058 0.6141851436186716 13
1694443972330 0.2819644409728571 14
1694443972600 0.42233946851929466 15
1694443972863 0.653688629490305 16
1694443973136 1.272162602531637 17
1694443973415 0.7860199698880481 18
1694443973709 0.5865814610791759 19
1694443974000 0.1672708732851133 20
1694443974298 1.6389073057922148 21
1694443974576 0.6976059716167455 22
1694443974851 0.7555023689531217 23
1694443975121 0.9540977145029619 24
1694443975426 0.6297337632249161 25
1694443975695 0.07444355043497403 26
1694443975981 1.0137246301417997 27
1694443976278 0.7260013586588473 28
1694443976546 1.4438980675130433 29
1694443976821 0.8249953698478572 30
1694443977091 0.951517216350338 31
1694443977387 0.6063359011772036 32
1694443977675 0.3027713569581624 33
1694443977949 0.32377419516853445 34
1694443978236 0.6951855533627316 35
1694443978526 0.9575495661795271 36
1694443978807 1.0741853699267168 37
1694443979063 0.4657147728261349 38
1694443979338 1.7590906733823015 39
1694443979601 0.6328881054104285 40
1694443979832 1.1980734249648959 41
1694443980152 1.1508255855783687 42
1694443980418 1.5078303835767115 43
1694443980701 0.0027860075038212916 44
1694443980971 0.08306159477491894 45
1694443981243 0.34550788725530546 46
1694443981525 0.18207239715127235 47
1694443981793 7.688169772148581e-05 48
1694443982073 0.7824116977495791 49
1694443982356 0.31251900311344927 50
1694443982619 0.6823671067268067 51
1694443982891 0.42385961470142614 52
1694443983177 0.052425947420805925 53
1694443983460 1.1818587917433998 54
1694443983745 0.20866425508341374 55
1694443983993 0.19583889082141914 56
1694443984290 0.7194786708394739 57
1694443984579 0.5154439221596934 58
1694443984856 0.1789311492548549 59
1694443985147 0.6169096683593706 60
1694443985457 0.6983549737504927 61
1694443985742 0.24316046102872363 62
1694443986024 1.3210716403080824 63
1694443986293 0.43415185565949427 64
1694443986571 0.16409928083568162 65
1694443986847 0.9506044269750069 66
1694443987122 0.09736289834732686 67
1694443987415 0.15282050130357927 68
1694443987690 0.2430033498962279 69
1694443987937 0.17609160823186798 70
1694443988184 0.3656870283728182 71
1694443988438 1.144012520151969 72
1694443988702 1.0908959210647493 73
1694443988944 0.5545694742609956 74
1694443989212 0.3293510212288741 75
1694443989503 0.32613190891323535 76
1694443989780 0.12004656821479298 77
1694443990037 0.4237784272679555 78
1694443990301 1.435586829087649 79
1694443990562 0.7457979377381386 80
1694443990824 0.45697953958153487 81
1694443991104 0.08625992604719152 82
1694443991390 0.31158149492715503 83
1694443991637 0.6578068920660233 84
1694443991892 1.653918843493286 85
1694443992205 1.2367882559128758 86
1694443992482 0.34945186726677085 87
1694443992758 0.486708203015184 88
1694443993025 0.0347880422424213 89
1694443993281 0.09231188938848502 90
1694443993538 0.10621442663142264 91
1694443993796 0.24978500301423365 92
1694443994075 0.11245928108970016 93
1694443994345 1.651895232925959 94
1694443994613 0.7696875500247149 95
1694443994887 0.41559852376927775 96
1694443995152 0.1575045139169592 97
1694443995422 0.19992261939253025 98
1694443995709 0.371607529500399 99
1694443995995 0.01651064064142968 100
1694443996250 0.38613168292481226 101
1694443996510 0.9925227959246146 102
1694443996782 0.8020981129883105 103
1694443997059 1.5297093082150262 104
1694443997338 0.9669549703744982 105
1694443997625 0.029337086800569952 106
1694443997897 0.07721113611111888 107
1694443998171 1.2312519436808835 108
1694443998446 2.232476933705168 109
1694443998737 0.15463978009413978 110
1694443999016 0.042089954294309666 111
1694443999311 0.3870136510983913 112
1694443999613 0.22461638040859355 113
1694443999944 0.12736423602491778 114
1694444000209 0.11069936383102258 115
1694444000507 0.12866506029965938 116
1694444000796 0.0637842180927588 117
1694444001058 0.010051266651614392 118
1694444001315 0.38663410036270823 119
1694444001589 0.3930227077493648 120
1694444001865 0.7676165807871422 121
1694444002171 0.8361967209269177 122
1694444002487 0.13116912898310853 123
1694444002768 1.139826951562771 124
1694444003059 1.179421982338445 125
1694444003333 0.11152434963989653 126
1694444003615 0.024341879138304406 127
1694444003921 0.2967505356320358 128
1694444004211 0.918242151795718 129
1694444004483 0.32048907429788615 130
1694444004775 0.02113720406854602 131
1694444005050 0.30770269432049957 132
1694444005327 0.7091431634392455 133
1694444005622 0.28099448917459835 134
1694444005909 0.1654311429527026 135
1694444006174 0.5228135709562668 136
1694444006437 1.0199922665634433 137
1694444006738 0.15062010162218425 138
1694444007017 0.7068978304223822 139
1694444007287 0.20052459533439945 140
1694444007562 0.2536086503882852 141
1694444007825 0.49914913405596006 142
1694444008076 0.13153875550470595 143
1694444008348 0.45953722511879674 144
1694444008601 0.9336617318764363 145
1694444008846 0.23053078305956623 146
1694444009102 0.5030739380530777 147
1694444009368 0.21024237221265574 148
1694444009612 0.02595533467570994 149
1694444009895 0.15306271708525088 150
1694444010142 0.34950518723326 151
1694444010409 0.22250668632435508 152
1694444010671 0.46020638607602593 153
1694444010945 0.3161895490956407 154
1694444011211 0.0962176663794254 155
1694444011489 0.8702865713816723 156
1694444011771 0.04531633122912304 157
1694444012045 0.32507045933152323 158
1694444012337 0.6519479326793216 159
1694444012611 0.6257088061181426 160
1694444012883 0.24633703269276666 161
1694444013140 0.7691828588153691 162
1694444013387 0.18792213241007194 163
1694444013657 0.3559150562205022 164
1694444013943 0.37327287102708684 165
1694444014213 0.3624133648305999 166
1694444014515 0.22615389110508258 167
1694444014813 0.2801665513228641 168
1694444015103 0.2778180395688033 169
1694444015374 0.22655883945125008 170
1694444015676 0.419305637192383 171
1694444015945 0.2321063039179068 172
1694444016200 0.8874808959675566 173
1694444016464 0.4853973595417315 174
1694444016726 0.5213288400257082 175
1694444016984 0.5759315955189985 176
1694444017238 0.0004127913450820584 177
1694444017483 0.6701872690639504 178
1694444017764 0.6500467973484142 179
1694444018030 0.76276347975319 180
1694444018304 0.40212255070147174 181
1694444018575 0.9660780974873551 182
1694444018836 1.0352290640990247 183
1694444019102 0.10497302327308863 184
1694444019374 0.0965485140955731 185
1694444019668 0.4522313482423807 186
1694444019933 0.8655230733216726 187
1694444020196 0.52607052248098 188
1694444020492 0.4693677799387345 189
1694444020763 0.6166647526045202 190
1694444021028 1.547523441713738 191
1694444021295 0.7252484403418947 192
1694444021578 0.02761491837177486 193
1694444021841 0.5796570019887599 194
1694444022089 0.5986556615172228 195
1694444022333 0.7843129885379916 196
1694444022614 0.3481206809552115 197
1694444022873 0.776742372558957 198
1694444023116 0.6932358772036906 199
1694444023368 0.8340633157176831 200
1694444023635 0.24036923109815037 201
1694444023906 0.528685068217532 202
1694444024187 0.07718030388233471 203
1694444024440 0.09247400020268677 204
1694444024713 0.1840000803273436 205
1694444024985 2.449096635836539 206
1694444025262 0.06474000849107943 207
1694444025510 1.0378974828972727 208
1694444025772 0.2788704622640702 209
1694444026034 0.5203843599613517 210
1694444026314 0.22498828311323463 211
1694444026575 0.15380254918953556 212
1694444026835 1.1848961625958097 213
1694444027106 0.6906967426772896 214
