1694437142401 -0.0006496032113112449 0
1694437142442 -0.0006490908116796312 1
1694437142476 -0.0006485783078093998 2
1694437142513 -0.0006480656996876721 3
1694437142541 -0.0006475529873020136 4
1694437142604 -0.0006470401706391016 5
1694437142640 -0.0006465272496869456 6
1694437142677 -0.0006460142244322231 7
1694437142719 -0.0006455010948627216 8
1694437142753 -0.0006449878609644522 9
1694437142830 -0.0006444745227263127 10
1694437142868 -0.0006439610801349804 11
1694437142910 -0.0006434475331777989 12
1694437142948 -0.0006429338818414454 13
1694437142987 -0.0006424201261125972 14
1694437143031 -0.0006419062659810404 15
1694437143074 -0.0006413923014314538 16
1694437143148 -0.000640878232452069 17
1694437143215 -0.0006403640590297854 18
1694437143247 -0.0006398497811526127 19
1694437143283 -0.0006393353988072281 20
1694437143334 -0.000638820911980531 21
1694437143378 -0.000638306320660309 22
1694437143409 -0.0006377916248339055 23
1694437143439 -0.000637276824489108 24
1694437143470 -0.0006367619196117058 25
1694437143503 -0.0006362469101894863 26
1694437143533 -0.0006357317962102371 27
1694437143585 -0.0006352165776606356 28
1694437143630 -0.000634701254527803 29
1694437143669 -0.000634185826799305 30
1694437143703 -0.0006336702944635952 31
1694437143735 -0.0006331546575051306 32
1694437143766 -0.0006326389159134749 33
1694437143795 -0.0006321230696755276 34
1694437143833 -0.0006316071187770778 35
1694437143862 -0.0006310910632076894 36
1694437143894 -0.0006305749029524854 37
1694437143925 -0.0006300586379996975 38
1694437143959 -0.0006295422683355589 39
1694437143990 -0.0006290257939498556 40
1694437144034 -0.0006285092148272664 41
1694437144075 -0.000627992530956023 42
1694437144164 -0.0006274757423234689 43
1694437144223 -0.0006269588489160594 44
1694437144268 -0.0006264418507215819 45
1694437144320 -0.000625924747727824 46
1694437144366 -0.000625407539920575 47
1694437144402 -0.0006248902272889545 48
1694437144443 -0.0006243728098191959 49
1694437144499 -0.0006238552874979764 50
1694437144550 -0.0006233376603135277 51
1694437144606 -0.0006228199282527491 52
1694437144660 -0.0006223020913027622 53
1694437144695 -0.0006217841494506882 54
1694437144734 -0.0006212661026843147 55
1694437144771 -0.0006207479509894309 56
1694437144812 -0.0006202296943551566 57
1694437144862 -0.0006197113327686132 58
1694437144917 -0.0006191928662158119 59
1694437144959 -0.000618674294683208 60
1694437144998 -0.0006181556181610315 61
1694437145039 -0.0006176368366337393 62
1694437145080 -0.0006171179500906732 63
1694437145119 -0.0006165989585174003 64
1694437145148 -0.0006160798619019303 65
1694437145179 -0.0006155606602302743 66
1694437145210 -0.0006150413534919963 67
1694437145252 -0.0006145219416731074 68
1694437145306 -0.000614002424760729 69
1694437145346 -0.0006134828027417605 70
1694437145388 -0.0006129630756042115 71
1694437145442 -0.0006124432433338711 72
1694437145485 -0.0006119233059198592 73
1694437145544 -0.0006114032633490751 74
1694437145607 -0.0006108831156079741 75
1694437145666 -0.0006103628626834556 76
1694437145708 -0.0006098425045641953 77
1694437145744 -0.0006093220412362044 78
1694437145776 -0.0006088014726872704 79
1694437145810 -0.0006082807989040706 80
1694437145844 -0.0006077600198743927 81
1694437145876 -0.0006072391355853579 82
1694437145909 -0.0006067181460238658 83
1694437145953 -0.0006061970511777037 84
1694437145989 -0.0006056758510333271 85
1694437146043 -0.0006051545455798557 86
1694437146101 -0.0006046331348008582 87
1694437146143 -0.0006041116186870088 88
1694437146179 -0.0006035899972238745 89
1694437146213 -0.0006030682704001311 90
1694437146244 -0.0006025464382004575 91
1694437146274 -0.0006020245006155278 92
1694437146307 -0.0006015024576286887 93
1694437146345 -0.0006009803092301702 94
1694437146386 -0.0006004580554057615 95
1694437146421 -0.0005999356961434721 96
1694437146456 -0.0005994132314299794 97
1694437146493 -0.0005988906612526268 98
1694437146533 -0.0005983679855985358 99
1694437146575 -0.0005978452044559379 100
1694437146632 -0.0005973223178104003 101
1694437146696 -0.0005967993256499327 102
1694437146751 -0.0005962762279616562 103
1694437146811 -0.0005957530247324705 104
1694437146881 -0.0005952297159508291 105
1694437146929 -0.0005947063016022991 106
1694437146992 -0.0005941827816753342 107
1694437147063 -0.0005936591561572779 108
1694437147129 -0.0005931354250343635 109
1694437147189 -0.0005926115882946004 110
1694437147223 -0.0005920876459242219 111
1694437147252 -0.0005915635979116818 112
1694437147281 -0.0005910394442432132 113
1694437147316 -0.0005905151849063817 114
1694437147346 -0.0005899908198887527 115
1694437147378 -0.0005894663491765595 116
1694437147408 -0.0005889417727589219 117
1694437147438 -0.0005884170906205188 118
1694437147472 -0.0005878923027509142 119
1694437147517 -0.0005873674091356751 120
1694437147573 -0.0005868424097628111 121
1694437147631 -0.0005863173046198877 122
1694437147729 -0.0005857920936935823 123
1694437147790 -0.000585266776969684 124
1694437147836 -0.0005847413544384228 125
1694437147875 -0.0005842158260844776 126
1694437147915 -0.0005836901918971904 127
1694437147946 -0.00058316445186124 128
1694437147983 -0.0005826386059657462 129
1694437148043 -0.0005821126541976085 130
1694437148111 -0.0005815865965441702 131
1694437148160 -0.0005810604329921087 132
1694437148215 -0.0005805341635285455 133
1694437148282 -0.0005800077881401577 134
1694437148357 -0.0005794813068167315 135
1694437148419 -0.0005789547195427236 136
1694437148452 -0.0005784280263059216 137
1694437148508 -0.0005779012270943351 138
1694437148555 -0.0005773743218953076 139
1694437148607 -0.0005768473106952943 140
1694437148641 -0.0005763201934818607 141
1694437148674 -0.0005757929702416842 142
1694437148703 -0.0005752656409618861 143
1694437148740 -0.0005747382056313644 144
1694437148783 -0.0005742106642350198 145
1694437148860 -0.0005736830167624163 146
1694437148927 -0.0005731552631984549 147
1694437148980 -0.0005726274035320333 148
1694437149051 -0.0005720994377491628 149
1694437149084 -0.0005715713658385191 150
1694437149123 -0.0005710431877858912 151
1694437149159 -0.000570514903579511 152
1694437149196 -0.0005699865132060555 153
1694437149236 -0.0005694580166524243 154
1694437149274 -0.0005689294139055168 155
1694437149318 -0.0005684007049542306 156
1694437149388 -0.0005678718897843549 157
1694437149432 -0.0005673429683838993 158
1694437149474 -0.0005668139407390971 159
1694437149531 -0.0005662848068375137 160
1694437149580 -0.0005657555666667147 161
1694437149627 -0.0005652262202140435 162
1694437149659 -0.0005646967674670655 163
1694437149709 -0.000564167208411348 164
1694437149760 -0.0005636375430346785 165
1694437149810 -0.0005631077713252886 166
1694437149866 -0.0005625778932702996 167
1694437149950 -0.0005620479088555008 168
1694437150012 -0.0005615178180693459 169
1694437150089 -0.000560987620898068 170
1694437150146 -0.0005604573173303429 171
1694437150224 -0.0005599269073519597 172
1694437150281 -0.0005593963909498179 173
1694437150322 -0.0005588657681137033 174
1694437150363 -0.0005583350388280728 175
1694437150416 -0.0005578042030804919 176
1694437150456 -0.0005572732608598585 177
1694437150495 -0.0005567422121512955 178
1694437150535 -0.0005562110569441447 179
1694437150579 -0.0005556797952237513 180
1694437150623 -0.0005551484269781248 181
1694437150670 -0.0005546169521939426 182
1694437150725 -0.0005540853708592142 183
1694437150792 -0.0005535536829603949 184
1694437150844 -0.0005530218884861604 185
1694437150893 -0.0005524899874214118 186
1694437150938 -0.0005519579797552687 187
1694437151001 -0.0005514258654730764 188
1694437151038 -0.0005508936445641766 189
1694437151074 -0.0005503613170145805 190
1694437151110 -0.0005498288828116316 191
1694437151150 -0.0005492963419424512 192
1694437151182 -0.0005487636943934948 193
1694437151218 -0.0005482309401538821 194
1694437151260 -0.000547698079208514 195
1694437151320 -0.0005471651115471765 196
1694437151374 -0.0005466320371547706 197
1694437151431 -0.0005460988560193059 198
1694437151482 -0.0005455655681287919 199
1694437151525 -0.0005450321734690178 200
1694437151559 -0.0005444986720282152 201
1694437151601 -0.0005439650637930615 202
1694437151655 -0.0005434313487509002 203
1694437151696 -0.0005428975268888525 204
1694437151742 -0.000542363598194262 205
1694437151784 -0.00054182956265314 206
1694437151824 -0.0005412954202548281 207
1694437151865 -0.0005407611709860038 208
1694437151896 -0.0005402268148322342 209
1694437151926 -0.0005396923517828611 210
1694437151968 -0.0005391577818227855 211
1694437152007 -0.0005386231049415713 212
1694437152051 -0.0005380883211243415 213
1694437152093 -0.0005375534303599938 214
1694437152133 -0.0005370184326343175 215
1694437152168 -0.0005364833279355441 216
1694437152201 -0.0005359481162492408 217
1694437152239 -0.0005354127975651934 218
1694437152276 -0.0005348773718687472 219
1694437152313 -0.0005343418391479116 220
1694437152345 -0.0005338061993886978 221
1694437152382 -0.0005332704525802257 222
1694437152419 -0.0005327345987078402 223
1694437152467 -0.0005321986377593291 224
1694437152505 -0.0005316625697215915 225
1694437152547 -0.0005311263945833034 226
1694437152593 -0.0005305901123293655 227
1694437152644 -0.0005300537229495639 228
1694437152687 -0.0005295172264290215 229
1694437152725 -0.000528980622755304 230
1694437152772 -0.0005284439119157547 231
1694437152803 -0.0005279070938981612 232
1694437152833 -0.0005273701686896448 233
1694437152870 -0.000526833136276661 234
1694437152912 -0.0005262959966456648 235
1694437152954 -0.0005257587497864424 236
1694437152989 -0.0005252213956832286 237
1694437153026 -0.0005246839343255871 238
1694437153063 -0.0005241463657001955 239
1694437153094 -0.0005236086897923986 240
1694437153125 -0.0005230709065919825 241
1694437153168 -0.0005225330160845143 242
1694437153197 -0.0005219950182566713 243
1694437153226 -0.0005214569130982394 244
1694437153270 -0.0005209187005930094 245
1694437153322 -0.0005203803807309892 246
1694437153385 -0.0005198419534979681 247
1694437153438 -0.0005193034188808454 248
1694437153484 -0.0005187647768674086 249
1694437153538 -0.0005182260274454453 250
1694437153580 -0.0005176871706016328 251
1694437153619 -0.0005171482063217603 252
1694437153673 -0.0005166091345951696 253
1694437153716 -0.0005160699554076498 254
1694437153755 -0.0005155306687478767 255
1694437153795 -0.0005149912746005292 256
1694437153875 -0.0005144517729553932 257
1694437153930 -0.000513912163798258 258
1694437153973 -0.0005133724471162449 259
1694437154008 -0.0005128326228962532 260
1694437154042 -0.0005122926911274028 261
1694437154074 -0.0005117526517948168 262
1694437154110 -0.0005112125048858385 263
1694437154153 -0.0005106722503891437 264
1694437154192 -0.0005101318882907435 265
1694437154276 -0.0005095914185773154 266
1694437154311 -0.0005090508412382011 267
1694437154344 -0.0005085101562578576 268
1694437154397 -0.0005079693636242943 269
1694437154462 -0.0005074284633266313 270
1694437154536 -0.0005068874553495473 271
1694437154585 -0.000506346339681274 272
1694437154617 -0.0005058051163098209 273
1694437154647 -0.0005052637852207553 274
1694437154689 -0.0005047223464018646 275
1694437154722 -0.0005041807998404924 276
1694437154750 -0.0005036391455239819 277
1694437154789 -0.0005030973834387886 278
1694437154824 -0.0005025555135731441 279
1694437154906 -0.0005020135359135036 280
1694437154943 -0.0005014714504474327 281
1694437154986 -0.0005009292571611645 282
1694437155025 -0.0005003869560429308 283
1694437155059 -0.0004998445470796309 284
1694437155101 -0.00049930203025772 285
1694437155139 -0.0004987594055656519 286
1694437155190 -0.000498216672990548 287
1694437155230 -0.0004976738325181973 288
1694437155266 -0.0004971308841363875 289
1694437155301 -0.0004965878278331282 290
1694437155333 -0.0004960446635948745 291
1694437155369 -0.000495501391408526 292
1694437155405 -0.000494958011261204 293
1694437155439 -0.000494414523140696 294
1694437155471 -0.0004938709270339015 295
1694437155507 -0.0004933272229286079 296
1694437155563 -0.0004927834108114926 297
1694437155642 -0.0004922394906685668 298
1694437155703 -0.0004916954624896164 299
1694437155757 -0.0004911513262593203 300
1694437155809 -0.0004906070819659103 301
1694437155858 -0.0004900627295960636 302
1694437155911 -0.0004895182691375677 303
1694437155970 -0.000488973700577322 304
1694437156011 -0.0004884290239031142 305
1694437156089 -0.00048788423910139933 306
1694437156169 -0.00048733934615929897 307
1694437156210 -0.0004867943450634904 308
1694437156245 -0.0004862492358028714 309
1694437156285 -0.000485704018362787 310
1694437156323 -0.0004851586927316909 311
1694437156371 -0.0004846132588953722 312
1694437156427 -0.0004840677168425067 313
1694437156480 -0.0004835220665597717 314
1694437156516 -0.00048297630803451064 315
1694437156546 -0.0004824304412531788 316
1694437156580 -0.00048188446620267555 317
1694437156633 -0.0004813383828710105 318
1694437156675 -0.0004807921912455271 319
1694437156709 -0.0004802458913131247 320
1694437156774 -0.0004796994830615908 321
1694437156832 -0.00047915296647604855 322
1694437156875 -0.0004786063415453956 323
1694437156946 -0.0004780596082560873 324
1694437157036 -0.0004775127665956891 325
1694437157075 -0.00047696581655198855 326
1694437157118 -0.0004764187581112189 327
1694437157168 -0.0004758715912596134 328
1694437157208 -0.00047532431598673597 329
1694437157240 -0.0004747769322774875 330
1694437157275 -0.0004742294401205438 331
1694437157308 -0.00047368183950324827 332
1694437157371 -0.00047313413041072394 333
1694437157420 -0.0004725863128320906 334
1694437157471 -0.0004720383867546918 335
1694437157508 -0.00047149035216320634 336
1694437157541 -0.0004709422090476423 337
1694437157574 -0.0004703939573944549 338
1694437157608 -0.0004698455971894333 339
1694437157646 -0.00046929712842058713 340
1694437157685 -0.00046874855107548186 341
1694437157728 -0.000468199865141683 342
1694437157768 -0.0004676510706052017 343
1694437157805 -0.00046710216745249333 344
1694437157845 -0.0004665531556728997 345
1694437157888 -0.0004660040352517658 346
1694437157934 -0.0004654548061784336 347
1694437157973 -0.00046490546843713787 348
1694437158017 -0.00046435602201699844 349
1694437158048 -0.0004638064669051367 350
1694437158091 -0.0004632568030886741 351
1694437158124 -0.0004627070305533998 352
1694437158161 -0.0004621571492873233 353
1694437158205 -0.0004616071592784543 354
1694437158240 -0.0004610570605136921 355
1694437158274 -0.0004605068529790479 356
1694437158308 -0.00045995653666208725 357
1694437158354 -0.0004594061115510417 358
1694437158421 -0.00045885557763147844 359
1694437158466 -0.0004583049348922952 360
1694437158502 -0.000457754183318837 361
1694437158535 -0.0004572033228997796 362
1694437158568 -0.0004566523536215783 363
1694437158606 -0.0004561012754713545 364
1694437158641 -0.0004555500884357855 365
1694437158673 -0.000454998792503547 366
1694437158708 -0.00045444738765998416 367
1694437158741 -0.00045389587389355057 368
1694437158775 -0.00045334425119114563 369
1694437158830 -0.00045279251953944666 370
1694437158889 -0.00045224067892646325 371
1694437158935 -0.00045168872933798454 372
1694437158977 -0.0004511366707624642 373
1694437159018 -0.0004505845031861355 374
1694437159057 -0.00045003222659700803 375
1694437159103 -0.0004494798409824252 376
1694437159144 -0.0004489273463281762 377
1694437159176 -0.00044837474262182653 378
1694437159220 -0.0004478220298516078 379
1694437159274 -0.00044726920800419734 380
1694437159350 -0.00044671627706560635 381
1694437159432 -0.00044616323702495464 382
1694437159495 -0.00044561008786758727 383
1694437159535 -0.00044505682958173587 384
1694437159577 -0.0004445034621536337 385
1694437159634 -0.00044394998557151233 386
1694437159669 -0.0004433963998227153 387
1694437159714 -0.0004428427048930317 388
1694437159763 -0.000442288900769805 389
1694437159817 -0.0004417349874412668 390
1694437159889 -0.0004411809648938725 391
1694437159986 -0.0004406268331142993 392
1694437160042 -0.000440072592091445 393
1694437160094 -0.0004395182418106547 394
1694437160128 -0.00043896378225904975 395
1694437160187 -0.00043840921342597206 396
1694437160239 -0.00043785453529632257 397
1694437160286 -0.00043729974785700065 398
1694437160347 -0.00043674485109779226 399
1694437160414 -0.0004361898450033763 400
1694437160457 -0.00043563472956198446 401
1694437160491 -0.0004350795047594058 402
1694437160540 -0.00043452417058542636 403
1694437160575 -0.0004339687270251691 404
1694437160621 -0.00043341317406553337 405
1694437160666 -0.0004328575116949729 406
1694437160720 -0.00043230173990060905 407
1694437160767 -0.0004317458586686751 408
1694437160801 -0.00043118986798584835 409
1694437160837 -0.0004306337678412486 410
1694437160871 -0.00043007755822066507 411
1694437160928 -0.0004295212391112191 412
1694437160969 -0.0004289648105000321 413
1694437161013 -0.00042840827237533574 414
1694437161049 -0.0004278516247226971 415
1694437161079 -0.00042729486753034784 416
1694437161117 -0.0004267380007851873 417
1694437161157 -0.0004261810244743369 418
1694437161228 -0.00042562393858514014 419
1694437161291 -0.0004250667431049404 420
1694437161346 -0.00042450943801974894 421
1694437161425 -0.00042395202331668713 422
1694437161510 -0.0004233944989853189 423
1694437161603 -0.00042283686500943496 424
1694437161652 -0.0004222791213794874 425
1694437161705 -0.0004217212680797111 426
1694437161760 -0.0004211633050996699 427
1694437161806 -0.00042060523242426484 428
1694437161846 -0.00042004705004194953 429
1694437161895 -0.0004194887579402895 430
1694437161958 -0.00041893035610574003 431
1694437161995 -0.00041837184452542253 432
1694437162032 -0.0004178132231864584 433
1694437162062 -0.0004172544920759691 434
1694437162096 -0.00041669565118085394 435
1694437162134 -0.0004161367004897887 436
1694437162170 -0.00041557763998811836 437
1694437162204 -0.0004150184696629644 438
1694437162239 -0.0004144591895032246 439
1694437162276 -0.0004138997994940219 440
1694437162315 -0.0004133402996246982 441
1694437162354 -0.00041278068987993244 442
1694437162435 -0.0004122209702488444 443
1694437162536 -0.0004116611407174453 444
1694437162618 -0.0004111012012730786 445
1694437162678 -0.00041054115190330975 446
1694437162727 -0.0004099809925950382 447
1694437162795 -0.00040942072333627344 448
1694437162862 -0.00040886034411213856 449
1694437162917 -0.0004082998549104211 450
1694437162974 -0.0004077392557200188 451
1694437163024 -0.00040717854652649876 452
1694437163076 -0.0004066177273167604 453
1694437163123 -0.0004060567980790353 454
1694437163219 -0.0004054957587986685 455
1694437163277 -0.000404934609465446 456
1694437163353 -0.00040437335006471287 457
1694437163409 -0.0004038119805838125 458
1694437163473 -0.0004032505010105325 459
1694437163541 -0.00040268891133110607 460
1694437163597 -0.00040212721153376485 461
1694437163634 -0.00040156540160407594 462
1694437163677 -0.0004010034815307151 463
1694437163740 -0.0004004414512999155 464
1694437163800 -0.00039987931089968676 465
1694437163879 -0.0003993170603160401 466
1694437163955 -0.0003987546995372071 467
1694437164011 -0.00039819222854986513 468
1694437164079 -0.00039762964734091355 469
1694437164158 -0.0003970669558972517 470
1694437164203 -0.0003965041542068892 471
1694437164240 -0.00039594124225628136 472
1694437164290 -0.0003953782200318834 473
1694437164336 -0.00039481508752348127 474
1694437164391 -0.0003942518447155319 475
1694437164427 -0.00039368849159626684 476
1694437164479 -0.00039312502815214145 477
1694437164513 -0.0003925614543711653 478
1694437164543 -0.0003919977702409039 479
1694437164579 -0.00039143397574714633 480
1694437164632 -0.0003908700708774582 481
1694437164691 -0.00039030605561918286 482
1694437164784 -0.00038974192995877566 483
1694437164900 -0.0003891776938853564 484
1694437164987 -0.00038861334738404807 485
1694437165057 -0.000388048890441528 486
1694437165125 -0.0003874843230478042 487
1694437165173 -0.00038691964518711153 488
1694437165207 -0.00038635485684856974 489
1694437165240 -0.00038578995801819005 490
1694437165282 -0.0003852249486828718 491
1694437165385 -0.0003846598288308467 492
1694437165419 -0.0003840945984481259 493
1694437165454 -0.0003835292575224969 494
1694437165485 -0.00038296380604152525 495
1694437165514 -0.0003823982439914442 496
1694437165569 -0.00038183257135959714 497
1694437165602 -0.0003812667881337717 498
1694437165635 -0.0003807008943004231 499
