1694444584504 -0.007178880418196032 0
1694444584544 -0.007177979087761299 1
1694444584575 -0.007177068924951957 2
1694444584627 -0.0071761499083977665 3
1694444584700 -0.0071752220166885206 4
1694444584746 -0.007174285228368049 5
1694444584807 -0.007173339521933331 6
1694444584844 -0.007172384875838711 7
1694444584880 -0.007171421268493017 8
1694444584914 -0.0071704486782593335 9
1694444584948 -0.007169467083457448 10
1694444584989 -0.007168476462360518 11
1694444585035 -0.007167476793195959 12
1694444585081 -0.007166468054145891 13
1694444585131 -0.007165450223348913 14
1694444585174 -0.007164423278895882 15
1694444585218 -0.007163387198833249 16
1694444585267 -0.007162341961161278 17
1694444585307 -0.0071612875438340495 18
1694444585340 -0.007160223924761011 19
1694444585374 -0.0071591510818029835 20
1694444585410 -0.007158068992777489 21
1694444585444 -0.007156977635455197 22
1694444585492 -0.007155876987559484 23
1694444585549 -0.007154767026768205 24
1694444585602 -0.007153647730712365 25
1694444585680 -0.007152519076977448 26
1694444585740 -0.007151381043099869 27
1694444585783 -0.00715023360657141 28
1694444585831 -0.00714907674483789 29
1694444585873 -0.007147910435294502 30
1694444585923 -0.007146734655293585 31
1694444585955 -0.007145549382138183 32
1694444585993 -0.007144354593084934 33
1694444586030 -0.007143150265342957 34
1694444586066 -0.007141936376072522 35
1694444586101 -0.00714071290238838 36
1694444586136 -0.007139479821357986 37
1694444586169 -0.0071382371100008335 38
1694444586203 -0.00713698474528579 39
1694444586244 -0.007135722704139091 40
1694444586282 -0.007134450963434791 41
1694444586318 -0.007133169500000314 42
1694444586350 -0.007131878290616012 43
1694444586385 -0.007130577312011832 44
1694444586418 -0.007129266540873314 45
1694444586450 -0.007127945953831816 46
1694444586482 -0.007126615527474955 47
1694444586520 -0.0071252752383406115 48
1694444586552 -0.007123925062918035 49
1694444586585 -0.007122564977645629 50
1694444586625 -0.007121194958916721 51
1694444586668 -0.007119814983071793 52
1694444586706 -0.007118425026405806 53
1694444586744 -0.00711702506516132 54
1694444586775 -0.007115615075535153 55
1694444586812 -0.007114195033671278 56
1694444586852 -0.00711276491566637 57
1694444586882 -0.007111324697567589 58
1694444586919 -0.0071098743553714705 59
1694444586955 -0.00710841386502481 60
1694444586991 -0.007106943202427329 61
1694444587026 -0.007105462343424573 62
1694444587060 -0.00710397126381479 63
1694444587092 -0.007102469939345379 64
1694444587124 -0.007100958345714448 65
1694444587167 -0.007099436458569253 66
1694444587197 -0.007097904253505316 67
1694444587239 -0.007096361706069754 68
1694444587274 -0.007094808791759277 69
1694444587310 -0.0070932454860159755 70
1694444587355 -0.00709167176423553 71
1694444587389 -0.007090087601762551 72
1694444587447 -0.0070884929738876945 73
1694444587477 -0.00708688785585454 74
1694444587515 -0.00708527222285027 75
1694444587550 -0.007083646050015435 76
1694444587587 -0.0070820093124377426 77
1694444587624 -0.007080361985152495 78
1694444587677 -0.007078704043144368 79
1694444587716 -0.007077035461346304 80
1694444587753 -0.007075356214640616 81
1694444587788 -0.007073666277854551 82
1694444587823 -0.00707196562576673 83
1694444587859 -0.007070254233102702 84
1694444587892 -0.007068532074534284 85
1694444587931 -0.007066799124682888 86
1694444587968 -0.007065055358116634 87
1694444588010 -0.007063300749351686 88
1694444588045 -0.007061535272852026 89
1694444588078 -0.00705975890302768 90
1694444588115 -0.007057971614236491 91
1694444588146 -0.00705617338078568 92
1694444588183 -0.007054364176924732 93
1694444588216 -0.007052543976854286 94
1694444588254 -0.007050712754719024 95
1694444588291 -0.007048870484613667 96
1694444588323 -0.007047017140576317 97
1694444588361 -0.007045152696592671 98
1694444588394 -0.0070432771265940275 99
1694444588443 -0.0070413904044610565 100
1694444588475 -0.007039492504018474 101
1694444588516 -0.007037583399034597 102
1694444588559 -0.007035663063229336 103
1694444588594 -0.007033731470263982 104
1694444588646 -0.007031788593746757 105
1694444588679 -0.0070298344072323715 106
1694444588724 -0.0070278688842215775 107
1694444588760 -0.007025891998158951 108
1694444588794 -0.007023903722435776 109
1694444588829 -0.007021904030386716 110
1694444588867 -0.007019892895294921 111
1694444588899 -0.007017870290386252 112
1694444588932 -0.007015836188830837 113
1694444588966 -0.007013790563745292 114
1694444588996 -0.007011733388191832 115
1694444589031 -0.007009664635173607 116
1694444589067 -0.007007584277643364 117
1694444589101 -0.007005492288492787 118
1694444589144 -0.007003388640563379 119
1694444589186 -0.0070012733066366906 120
1694444589216 -0.00699914625943987 121
1694444589249 -0.00699700747164389 122
1694444589285 -0.006994856915865322 123
1694444589317 -0.0069926945646625605 124
1694444589351 -0.006990520390536936 125
1694444589385 -0.006988334365935156 126
1694444589416 -0.006986136463247528 127
1694444589461 -0.006983926654806849 128
1694444589505 -0.006981704912888853 129
1694444589559 -0.006979471209713317 130
1694444589609 -0.006977225517442731 131
1694444589675 -0.006974967808183186 132
1694444589720 -0.006972698053980375 133
1694444589762 -0.0069704162268275915 134
1694444589820 -0.006968122298657731 135
1694444589859 -0.006965816241347067 136
1694444589906 -0.006963498026713255 137
1694444589946 -0.006961167626516884 138
1694444589985 -0.006958825012461478 139
1694444590027 -0.0069564701561914966 140
1694444590071 -0.006954103029293224 141
1694444590119 -0.006951723603296989 142
1694444590166 -0.006949331849672058 143
1694444590207 -0.0069469277398293006 144
1694444590255 -0.006944511245124296 145
1694444590291 -0.006942082336851563 146
1694444590331 -0.006939640986245443 147
1694444590373 -0.006937187164485659 148
1694444590411 -0.0069347208426890905 149
1694444590450 -0.006932241991914445 150
1694444590486 -0.006929750583163807 151
1694444590519 -0.006927246587375979 152
1694444590565 -0.00692472997543403 153
1694444590600 -0.006922200718159299 154
1694444590636 -0.006919658786314509 155
1694444590674 -0.0069171041506013164 156
1694444590709 -0.006914536781662317 157
1694444590748 -0.006911956650082152 158
1694444590783 -0.006909363726381068 159
1694444590835 -0.006906757981023137 160
1694444590875 -0.006904139384410923 161
1694444590914 -0.00690150790688393 162
1694444590953 -0.006898863518725706 163
1694444590991 -0.006896206190155851 164
1694444591030 -0.006893535891334901 165
1694444591076 -0.006890852592360774 166
1694444591112 -0.006888156263270773 167
1694444591151 -0.006885446874044687 168
1694444591191 -0.00688272439459392 169
1694444591227 -0.006879988794776137 170
1694444591270 -0.0068772400443832815 171
1694444591321 -0.006874478113145122 172
1694444591372 -0.006871702970733695 173
1694444591408 -0.0068689145867542045 174
1694444591454 -0.00686611293075301 175
1694444591492 -0.006863297972214966 176
1694444591526 -0.006860469680560977 177
1694444591569 -0.006857628025150886 178
1694444591609 -0.006854772975279699 179
1694444591654 -0.006851904500183581 180
1694444591705 -0.006849022569034746 181
1694444591757 -0.006846127150939019 182
1694444591813 -0.006843218214946267 183
1694444591875 -0.006840295730037305 184
1694444591906 -0.006837359665132325 185
1694444591940 -0.00683440998908913 186
1694444591974 -0.0068314466707009025 187
1694444592007 -0.006828469678696658 188
1694444592050 -0.006825478981743238 189
1694444592095 -0.0068224745484428695 190
1694444592130 -0.006819456347335384 191
1694444592166 -0.006816424346895333 192
1694444592196 -0.006813378515533097 193
1694444592225 -0.006810318821594663 194
1694444592258 -0.00680724523336429 195
1694444592296 -0.00680415771905718 196
1694444592331 -0.006801056246828807 197
1694444592366 -0.0067979407847675866 198
1694444592400 -0.0067948113008962086 199
1694444592431 -0.006791667763174081 200
1694444592459 -0.006788510139494441 201
1694444592493 -0.006785338397687912 202
1694444592532 -0.006782152505515171 203
1694444592570 -0.006778952430676943 204
1694444592605 -0.0067757381408026784 205
1694444592651 -0.006772509603462318 206
1694444592685 -0.006769266786154082 207
1694444592717 -0.006766009656315131 208
1694444592757 -0.006762738181313566 209
1694444592795 -0.006759452328451765 210
1694444592832 -0.006756152064966159 211
1694444592868 -0.006752837358029451 212
1694444592906 -0.006749508174741958 213
1694444592944 -0.006746164482143602 214
1694444592987 -0.006742806247202582 215
1694444593022 -0.006739433436822706 216
1694444593057 -0.006736046017840502 217
1694444593088 -0.0067326439570256635 218
1694444593121 -0.006729227221079714 219
1694444593167 -0.006725795776635568 220
1694444593208 -0.006722349590261967 221
1694444593248 -0.006718888628457709 222
1694444593291 -0.006715412857654979 223
1694444593324 -0.0067119222442153514 224
1694444593364 -0.006708416754434898 225
1694444593400 -0.006704896354541967 226
1694444593432 -0.006701361010695184 227
1694444593460 -0.0066978106889854505 228
1694444593494 -0.006694245355432837 229
1694444593526 -0.0066906649759934655 230
1694444593556 -0.006687069516549071 231
1694444593587 -0.006683458942917442 232
1694444593632 -0.006679833220844866 233
1694444593679 -0.0066761923160065795 234
1694444593722 -0.006672536194013423 235
1694444593758 -0.00666886482040141 236
1694444593795 -0.006665178160640162 237
1694444593827 -0.0066614761801302436 238
1694444593861 -0.0066577588441987245 239
1694444593898 -0.006654026118107392 240
1694444593936 -0.0066502779670432055 241
1694444593972 -0.006646514356126287 242
1694444594010 -0.006642735250404375 243
1694444594054 -0.006638940614856814 244
1694444594091 -0.006635130414391233 245
1694444594141 -0.006631304613842204 246
1694444594187 -0.006627463177977466 247
1694444594237 -0.006623606071491928 248
1694444594276 -0.006619733259006999 249
1694444594338 -0.006615844705077478 250
1694444594373 -0.006611940374182224 251
1694444594415 -0.006608020230731038 252
1694444594456 -0.006604084239062447 253
1694444594491 -0.006600132363441036 254
1694444594528 -0.0065961645680605585 255
1694444594562 -0.0065921808170439355 256
1694444594600 -0.006588181074438371 257
1694444594632 -0.0065841653042229 258
1694444594675 -0.006580133470301286 259
1694444594730 -0.006576085536506016 260
1694444594774 -0.006572021466594302 261
1694444594818 -0.006567941224254081 262
1694444594872 -0.0065638447730982374 263
1694444594928 -0.006559732076667046 264
1694444594971 -0.006555603098425955 265
1694444595018 -0.00655145780176869 266
1694444595058 -0.006547296150014814 267
1694444595092 -0.006543118106409507 268
1694444595125 -0.00653892363412667 269
1694444595168 -0.00653471269626249 270
1694444595201 -0.006530485255840324 271
1694444595232 -0.006526241275812472 272
1694444595272 -0.006521980719050413 273
1694444595319 -0.006517703548357456 274
1694444595361 -0.00651340972645853 275
1694444595419 -0.006509099216004399 276
1694444595459 -0.006504771979571222 277
1694444595507 -0.006500427979660994 278
1694444595542 -0.006496067178696885 279
1694444595586 -0.006491689539032119 280
1694444595624 -0.006487295022939321 281
1694444595663 -0.0064828835926173944 282
1694444595712 -0.006478455210192413 283
1694444595751 -0.006474009837708294 284
1694444595804 -0.006469547437139012 285
1694444595844 -0.006465067970377492 286
1694444595885 -0.0064605713992429425 287
1694444595923 -0.006456057685477079 288
1694444595952 -0.006451526790747453 289
1694444595991 -0.006446978676639903 290
1694444596032 -0.006442413304668326 291
1694444596073 -0.006437830636266018 292
1694444596114 -0.006433230632790554 293
1694444596159 -0.00642861325552202 294
1694444596206 -0.006423978465662117 295
1694444596244 -0.006419326224337718 296
1694444596295 -0.006414656492594872 297
1694444596344 -0.006409969231402135 298
1694444596396 -0.00640526440165079 299
1694444596443 -0.0064005419641530725 300
1694444596483 -0.00639580187964528 301
1694444596520 -0.006391044108781552 302
1694444596552 -0.006386268612139201 303
1694444596591 -0.00638147535021627 304
1694444596622 -0.006376664283433753 305
1694444596661 -0.00637183537213204 306
1694444596700 -0.00636698857656981 307
1694444596733 -0.006362123856932023 308
1694444596768 -0.006357241173318151 309
1694444596799 -0.0063523404857517285 310
1694444596831 -0.006347421754175464 311
1694444596866 -0.006342484938451687 312
1694444596899 -0.00633752999836279 313
1694444596932 -0.006332556893611674 314
1694444596963 -0.006327565583820416 315
1694444596995 -0.0063225560285304905 316
1694444597044 -0.0063175281872003275 317
1694444597093 -0.0063124820192117514 318
1694444597151 -0.006307417483863098 319
1694444597192 -0.006302334540371435 320
1694444597234 -0.006297233147873671 321
1694444597274 -0.006292113265422561 322
1694444597308 -0.006286974851994254 323
1694444597346 -0.006281817866477635 324
1694444597384 -0.006276642267683208 325
1694444597424 -0.006271448014337544 326
1694444597459 -0.006266235065087944 327
1694444597495 -0.0062610033784957775 328
1694444597533 -0.00625575291304048 329
1694444597567 -0.006250483627120218 330
1694444597602 -0.006245195479051224 331
1694444597647 -0.006239888427065132 332
1694444597683 -0.006234562429308976 333
1694444597714 -0.006229217443848745 334
1694444597746 -0.006223853428668491 335
1694444597778 -0.006218470341663673 336
1694444597809 -0.006213068140651368 337
1694444597843 -0.006207646783362053 338
1694444597877 -0.006202206227441831 339
1694444597911 -0.006196746430453537 340
1694444597950 -0.006191267349875185 341
1694444597996 -0.006185768943101966 342
1694444598038 -0.006180251167441586 343
1694444598076 -0.006174713980118041 344
1694444598123 -0.006169157338272946 345
1694444598166 -0.006163581198958656 346
1694444598201 -0.006157985519144704 347
1694444598240 -0.006152370255714912 348
1694444598274 -0.0061467353654658385 349
1694444598311 -0.006141080805111887 350
1694444598359 -0.00613540653127953 351
1694444598401 -0.0061297125005068676 352
1694444598434 -0.006123998669248953 353
1694444598466 -0.006118264993873801 354
1694444598503 -0.006112511430663936 355
1694444598537 -0.006106737935811513 356
1694444598567 -0.006100944465424529 357
1694444598607 -0.006095130975525054 358
1694444598653 -0.006089297422047224 359
1694444598700 -0.006083443760835028 360
1694444598737 -0.00607756994764852 361
1694444598796 -0.006071675938158494 362
1694444598849 -0.006065761687948035 363
1694444598903 -0.006059827152513408 364
1694444598942 -0.006053872287261397 365
1694444598979 -0.006047897047512185 366
1694444599039 -0.006041901388493809 367
1694444599083 -0.006035885265351482 368
1694444599133 -0.006029848633136048 369
1694444599180 -0.006023791446812421 370
1694444599218 -0.006017713661256474 371
1694444599259 -0.006011615231253931 372
1694444599296 -0.006005496111500586 373
1694444599335 -0.005999356256605415 374
1694444599378 -0.005993195621085912 375
1694444599415 -0.005987014159366977 376
1694444599454 -0.005980811825788246 377
1694444599500 -0.00597458857459765 378
1694444599538 -0.005968344359949418 379
1694444599581 -0.005962079135912068 380
1694444599653 -0.00595579285646175 381
1694444599695 -0.005949485475481353 382
1694444599726 -0.005943156946765615 383
1694444599762 -0.005936807224017127 384
1694444599796 -0.00593043626084766 385
1694444599829 -0.005924044010775287 386
1694444599860 -0.005917630427231035 387
1694444599889 -0.0059111954635480135 388
1694444599918 -0.005904739072972287 389
1694444599951 -0.005898261208657107 390
1694444599981 -0.005891761823658914 391
1694444600011 -0.00588524087094644 392
1694444600042 -0.005878698303394714 393
1694444600074 -0.0058721340737855066 394
1694444600107 -0.005865548134806886 395
1694444600138 -0.005858940439054994 396
1694444600182 -0.005852310939030048 397
1694444600220 -0.005845659587143448 398
1694444600268 -0.005838986335707563 399
1694444600304 -0.005832291136946388 400
1694444600337 -0.005825573942984663 401
1694444600376 -0.005818834705855203 402
1694444600422 -0.005812073377497562 403
1694444600458 -0.0058052899097560395 404
1694444600503 -0.0057984842543792325 405
1694444600554 -0.0057916563630231455 406
1694444600597 -0.005784806187243641 407
1694444600629 -0.005777933678508207 408
1694444600668 -0.005771038788184857 409
1694444600707 -0.00576412146754679 410
1694444600748 -0.005757181667771949 411
1694444600779 -0.005750219339941243 412
1694444600811 -0.005743234435040767 413
1694444600847 -0.0057362269039582525 414
1694444600880 -0.005729196697490613 415
1694444600912 -0.005722143766330845 416
1694444600945 -0.0057150680610789095 417
1694444600982 -0.005707969532239288 418
1694444601016 -0.0057008481302172065 419
1694444601045 -0.005693703805320416 420
1694444601077 -0.005686536507759854 421
1694444601110 -0.005679346187648759 422
1694444601146 -0.005672132795003115 423
1694444601179 -0.005664896279739651 424
1694444601212 -0.005657636591679394 425
1694444601243 -0.0056503536805421195 426
1694444601279 -0.005643047495951903 427
1694444601314 -0.005635717987431121 428
1694444601345 -0.005628365104404676 429
1694444601387 -0.0056209887962010985 430
1694444601422 -0.00561358901204434 431
1694444601460 -0.005606165701063981 432
1694444601494 -0.005598718812287462 433
1694444601538 -0.005591248294643636 434
1694444601569 -0.005583754096959215 435
1694444601606 -0.005576236167964321 436
1694444601660 -0.005568694456286494 437
1694444601713 -0.005561128910453572 438
1694444601772 -0.00555353947889059 439
1694444601815 -0.005545926109926214 440
1694444601851 -0.00553828875178608 441
1694444601886 -0.0055306273525908 442
1694444601916 -0.005522941860367947 443
1694444601955 -0.0055152322230351825 444
1694444601991 -0.005507498388412024 445
1694444602026 -0.0054997403042185145 446
1694444602061 -0.005491957918069668 447
1694444602093 -0.005484151177478358 448
1694444602126 -0.005476320029856652 449
1694444602164 -0.0054684644225113654 450
1694444602197 -0.005460584302648064 451
1694444602238 -0.005452679617371947 452
1694444602275 -0.00544475031368008 453
1694444602317 -0.0054367963384709395 454
1694444602371 -0.0054288176385357545 455
1694444602410 -0.00542081416056428 456
1694444602458 -0.005412785851140356 457
1694444602493 -0.005404732656747457 458
1694444602535 -0.005396654523762923 459
1694444602578 -0.005388551398455732 460
1694444602619 -0.005380423226997388 461
1694444602677 -0.005372269955450593 462
1694444602719 -0.005364091529771908 463
1694444602770 -0.0053558878958155365 464
1694444602807 -0.005347658999328653 465
1694444602853 -0.0053394047859534055 466
1694444602890 -0.005331125201228248 467
1694444602924 -0.005322820190581057 468
1694444602973 -0.00531448969933912 469
1694444603010 -0.005306133672718261 470
1694444603047 -0.005297752055830829 471
1694444603083 -0.005289344793683481 472
1694444603116 -0.005280911831174517 473
1694444603169 -0.005272453113093656 474
1694444603201 -0.005263968584125145 475
1694444603230 -0.005255458188847095 476
1694444603266 -0.005246921871729482 477
1694444603298 -0.0052383595771317015 478
1694444603332 -0.005229771249306792 479
1694444603375 -0.0052211568324032065 480
1694444603410 -0.00521251627045527 481
1694444603447 -0.005203849507391611 482
1694444603483 -0.005195156487034502 483
1694444603515 -0.005186437153091639 484
1694444603551 -0.005177691449167687 485
1694444603587 -0.005168919318753407 486
1694444603621 -0.005160120705231419 487
1694444603658 -0.005151295551876878 488
1694444603693 -0.005142443801852581 489
1694444603725 -0.005133565398212303 490
1694444603758 -0.005124660283899685 491
1694444603790 -0.005115728401746011 492
1694444603823 -0.005106769694473989 493
1694444603853 -0.005097784104697078 494
1694444603885 -0.005088771574913498 495
1694444603919 -0.00507973204751333 496
1694444603949 -0.005070665464774082 497
1694444603982 -0.0050615717688615725 498
1694444604017 -0.005052450901832595 499
