1694441569582 161.76711959414527 0
1694441569621 160.0416581855536 1
1694441569661 159.3567202368926 2
1694441569699 157.91315497129762 3
1694441569744 155.66600185666476 4
1694441569797 154.79982854976635 5
1694441569867 153.27930105176313 6
1694441569927 152.89769530628803 7
1694441569993 150.77127551018717 8
1694441570041 149.70934071110779 9
1694441570081 148.57869046143196 10
1694441570122 146.62021426468868 11
1694441570164 146.39511994577583 12
1694441570208 144.82236913856335 13
1694441570250 144.33228258257913 14
1694441570288 141.94558174779306 15
1694441570329 142.00331621605727 16
1694441570401 141.32561008077863 17
1694441570474 140.03744671778938 18
1694441570539 137.8466939780015 19
1694441570589 136.67303496497107 20
1694441570641 135.57468625528514 21
1694441570694 135.7479841862601 22
1694441570746 134.04674101590757 23
1694441570796 132.68811594444637 24
1694441570844 130.97384109378032 25
1694441570890 131.20526661466639 26
1694441570941 129.9463755274828 27
1694441571004 128.03940238877902 28
1694441571061 128.16904941220227 29
1694441571103 127.27079556542914 30
1694441571151 125.76645701975251 31
1694441571197 126.01283532161584 32
1694441571240 124.43422435575671 33
1694441571281 122.829129178331 34
1694441571327 121.58266713105803 35
1694441571376 121.69050041977502 36
1694441571413 119.09198797488956 37
1694441571459 118.94960851212753 38
1694441571502 118.44673309388351 39
1694441571550 116.26005801075442 40
1694441571592 116.01769045206075 41
1694441571632 114.97647989171375 42
1694441571671 114.6694427737855 43
1694441571711 113.28906413377447 44
1694441571750 113.34682874735662 45
1694441571793 111.65378934316841 46
1694441571833 109.76436314459598 47
1694441571871 110.53386025383406 48
1694441571909 109.41163674433987 49
1694441571958 109.18794062211148 50
1694441572005 107.93001275690452 51
1694441572040 107.88993772696189 52
1694441572082 105.79413718968719 53
1694441572129 105.36221792209987 54
1694441572166 104.99427516640415 55
1694441572208 103.69189252026875 56
1694441572247 103.42550520881896 57
1694441572290 102.11523991420133 58
1694441572328 101.19652973050447 59
1694441572366 100.43937419000571 60
1694441572404 100.98854546248937 61
1694441572443 99.04263453669972 62
1694441572482 97.83966822327808 63
1694441572524 98.00878993526034 64
1694441572564 96.53322931123657 65
1694441572602 95.4719573990142 66
1694441572641 95.64851897047873 67
1694441572678 94.50941658976625 68
1694441572711 92.99587320695305 69
1694441572757 93.4718154431979 70
1694441572792 92.49101451850844 71
1694441572828 91.86604600756218 72
1694441572864 90.99896600815234 73
1694441572906 90.41539169780907 74
1694441572945 89.07248686561674 75
1694441572983 88.58108462966773 76
1694441573024 88.00866174092432 77
1694441573065 86.82552975449423 78
1694441573105 86.14429918144822 79
1694441573146 86.41553039582996 80
1694441573187 85.3231604582062 81
1694441573227 83.96951365566073 82
1694441573272 84.22184069752466 83
1694441573312 83.40501865465406 84
1694441573349 83.14272947787104 85
1694441573387 83.22164171001064 86
1694441573431 80.61144478359971 87
1694441573473 80.16227743363598 88
1694441573511 79.98571076006174 89
1694441573550 79.0616839206153 90
1694441573592 78.82778072940172 91
1694441573631 77.90944274560489 92
1694441573676 76.80253802371641 93
1694441573717 77.31602578652459 94
1694441573755 76.88458063950549 95
1694441573794 75.69173976481014 96
1694441573832 75.94272868508664 97
1694441573877 74.2673774826438 98
1694441573917 73.6264294297497 99
1694441573956 72.95303552102071 100
1694441573996 72.68204216900833 101
1694441574032 72.91188510537371 102
1694441574071 71.67204239812932 103
1694441574111 71.67907608388221 104
1694441574151 70.65221179011805 105
1694441574191 70.01473439121213 106
1694441574230 70.0859130538946 107
1694441574273 69.4335147478561 108
1694441574314 69.16910909679231 109
1694441574351 68.28496119203255 110
1694441574394 67.72750077002996 111
1694441574433 66.88482754964991 112
1694441574470 66.72582033967812 113
1694441574511 65.82778325829725 114
1694441574550 65.55904000650679 115
1694441574588 65.36905630186591 116
1694441574625 64.5083585656247 117
1694441574663 63.983682398835434 118
1694441574702 63.558415740921575 119
1694441574744 63.23633920712494 120
1694441574781 62.433539490888556 121
1694441574819 62.21387231483005 122
1694441574862 62.18718029909016 123
1694441574904 61.093477304107886 124
1694441574945 60.02412747286416 125
1694441574985 60.48271582619151 126
1694441575027 59.73797172233252 127
1694441575066 59.331375238919314 128
1694441575107 59.4078162349455 129
1694441575142 58.15553803037628 130
1694441575181 58.512735067627744 131
1694441575222 57.424411565990475 132
1694441575265 57.02686094314975 133
1694441575303 56.95052899557377 134
1694441575346 56.19064265046652 135
1694441575383 55.54274478637489 136
1694441575420 55.54209077105376 137
1694441575458 55.70280986306193 138
1694441575500 54.68286470704932 139
1694441575539 54.12680010104981 140
1694441575579 53.31764566328858 141
1694441575618 53.72643635780065 142
1694441575657 52.63883708041483 143
1694441575699 52.373072436813736 144
1694441575741 52.279411764947106 145
1694441575788 51.25630690575745 146
1694441575835 51.80883265252227 147
1694441575878 50.47241184210479 148
1694441575918 50.396302074331885 149
1694441575959 49.93544847293611 150
1694441576003 49.79027062183963 151
1694441576044 49.3122355257836 152
1694441576084 49.185110725144455 153
1694441576123 48.698870338685026 154
1694441576164 48.299703687706526 155
1694441576209 47.14469847675018 156
1694441576250 47.934410523385466 157
1694441576294 47.358118940158505 158
1694441576333 46.8594323131242 159
1694441576371 46.44192345180492 160
1694441576411 46.33966188431457 161
1694441576453 46.017827632981124 162
1694441576490 45.1382665116544 163
1694441576531 44.59467993712852 164
1694441576574 43.955362916389205 165
1694441576615 44.194212046556075 166
1694441576659 44.35192743639754 167
1694441576696 43.99651750710644 168
1694441576743 43.61451114767957 169
1694441576783 43.23344051179258 170
1694441576825 42.98134791252599 171
1694441576868 42.38126199666108 172
1694441576909 41.96348284954692 173
1694441576950 41.28437821990932 174
1694441576987 41.32833233115085 175
1694441577027 41.34518577990247 176
1694441577067 41.03711955832441 177
1694441577108 40.497608483605035 178
1694441577150 40.46397590535641 179
1694441577191 40.09426155517126 180
1694441577232 39.89549712046537 181
1694441577274 39.45890506758174 182
1694441577315 39.13682532751178 183
1694441577352 38.92044425241088 184
1694441577395 38.292217209260976 185
1694441577437 38.59584792892079 186
1694441577476 38.08618873713533 187
1694441577520 37.23998773599959 188
1694441577562 37.30039864407258 189
1694441577600 37.55930011792632 190
1694441577641 36.92429193684894 191
1694441577679 36.64771662610418 192
1694441577719 36.32702213395798 193
1694441577760 35.80284472823644 194
1694441577800 35.64313104516499 195
1694441577841 35.40274816841698 196
1694441577879 35.012595006039234 197
1694441577918 35.02054885420869 198
1694441577956 34.461386324754585 199
1694441577998 34.47464559982718 200
1694441578038 34.2814671062968 201
1694441578078 33.797936638633885 202
1694441578119 33.41848493026938 203
1694441578160 33.45806487581006 204
1694441578197 33.628535126804664 205
1694441578235 33.18174339437666 206
1694441578277 32.721339974631164 207
1694441578312 32.382711177301594 208
1694441578354 32.37191856564849 209
1694441578396 32.2914967819253 210
1694441578435 31.76254100117855 211
1694441578475 31.33906574304452 212
1694441578513 31.07182142842754 213
1694441578549 31.282949342727562 214
1694441578594 30.777359499674546 215
1694441578634 30.484989307627583 216
1694441578674 30.396465579469897 217
1694441578709 30.0408934525232 218
1694441578753 30.016674262114 219
1694441578794 29.617918360944167 220
1694441578831 29.65978523458739 221
1694441578875 29.057718462481517 222
1694441578911 29.31961860041127 223
1694441578951 28.696276868711404 224
1694441578994 28.500175892912605 225
1694441579033 28.202622243433172 226
1694441579082 28.211443482507956 227
1694441579128 27.90792035668058 228
1694441579167 27.924726088999584 229
1694441579209 27.846833665773254 230
1694441579251 27.51396618925194 231
1694441579291 27.05530439754803 232
1694441579330 26.934630705475378 233
1694441579376 26.733258072065126 234
1694441579416 26.838823232335965 235
1694441579450 26.60820304716813 236
1694441579489 26.29952287032258 237
1694441579531 25.797456287021827 238
1694441579574 25.70718525466246 239
1694441579618 25.74232805050972 240
1694441579661 25.58652603250728 241
1694441579702 25.167010805829047 242
1694441579740 25.414423532720306 243
1694441579781 24.869467384340812 244
1694441579824 24.909119657465034 245
1694441579866 24.503840061560624 246
1694441579904 24.326981159966834 247
1694441579946 24.224183247216587 248
1694441579990 24.106589422229074 249
1694441580038 23.510395617563933 250
1694441580081 23.683955463832554 251
1694441580123 23.741893814747556 252
1694441580168 23.449389479305324 253
1694441580207 23.390461976251725 254
1694441580247 23.251863651387772 255
1694441580284 22.86637515753861 256
1694441580327 22.641347848250835 257
1694441580370 22.6377968471023 258
1694441580410 22.657220116073816 259
1694441580451 22.13609569265 260
1694441580484 21.891783739398853 261
1694441580523 22.389099319543103 262
1694441580560 21.716836141705286 263
1694441580599 21.672686229370544 264
1694441580640 21.602217333518627 265
1694441580679 21.261435906984335 266
1694441580717 21.130575355013764 267
1694441580760 21.113500650704893 268
1694441580799 20.597313329181002 269
1694441580840 20.759973656915513 270
1694441580878 20.277816717519965 271
1694441580915 20.370628245443644 272
1694441580951 20.158350902733176 273
1694441580990 19.969853985235012 274
1694441581031 19.914211551367533 275
1694441581075 19.984378948565155 276
1694441581112 19.741442964794803 277
1694441581148 19.789417843419127 278
1694441581186 19.4837459143374 279
1694441581223 19.291756281192107 280
1694441581263 18.986366235828175 281
1694441581303 19.02895841783789 282
1694441581342 19.022646232449475 283
1694441581383 18.716143660714337 284
1694441581420 18.557247708507592 285
1694441581465 18.474413896049864 286
1694441581507 18.127937420894007 287
1694441581544 18.317506328685386 288
1694441581585 18.166469066618088 289
1694441581625 18.050053033139502 290
1694441581667 17.79833910624506 291
1694441581701 17.698245166510123 292
1694441581743 17.59299904665124 293
1694441581782 17.656940942442645 294
1694441581821 17.30369163588437 295
1694441581863 17.274661551535992 296
1694441581902 17.296373386664623 297
1694441581937 16.83440841836107 298
1694441581977 16.853320977352134 299
1694441582011 16.727933304741693 300
1694441582053 16.799959109444913 301
1694441582094 16.629272039181235 302
1694441582133 16.626344749767494 303
1694441582174 16.37121595210427 304
1694441582211 16.329850988668472 305
1694441582254 16.0121011089902 306
1694441582294 16.129747962688434 307
1694441582333 15.904569899576721 308
1694441582375 15.640820088337092 309
1694441582413 15.5774693711999 310
1694441582453 15.806587641661016 311
1694441582494 15.383232433862394 312
1694441582530 15.21612053181705 313
1694441582568 15.39264100557662 314
1694441582602 14.938894300882799 315
1694441582641 15.162900833940721 316
1694441582681 14.939601601637154 317
1694441582714 14.540846545033288 318
1694441582755 14.81934077112412 319
1694441582793 14.589780838666599 320
1694441582833 14.481792215726419 321
1694441582873 14.462164698019604 322
1694441582911 14.104476980838246 323
1694441582951 14.215997532454143 324
1694441582992 14.316396748377867 325
1694441583032 14.078669457104978 326
1694441583070 13.943118362705087 327
1694441583107 13.752639897811003 328
1694441583141 13.813018950931514 329
1694441583183 13.643992319263011 330
1694441583219 13.669675727363035 331
1694441583258 13.28191603729576 332
1694441583301 13.506127507313717 333
1694441583340 13.322301178849592 334
1694441583381 13.570594813748173 335
1694441583417 12.963974687245736 336
1694441583455 13.032662253727405 337
1694441583494 12.894082485602096 338
1694441583530 12.861076694801636 339
1694441583570 12.589919219185418 340
1694441583607 12.538257994070086 341
1694441583641 12.886215790701533 342
1694441583684 12.45411275990522 343
1694441583723 12.263303507392553 344
1694441583761 12.353528440692836 345
1694441583799 12.25193959799603 346
1694441583836 12.14413566661196 347
1694441583876 11.959555197715682 348
1694441583916 11.899626530228256 349
1694441583960 11.79261440587876 350
1694441584003 11.868635256839044 351
1694441584043 11.924353054465499 352
1694441584080 11.730368680588523 353
1694441584116 11.548613281536571 354
1694441584156 11.406340423749324 355
1694441584195 11.647380956013421 356
1694441584231 11.401275497045468 357
1694441584269 11.348160628768625 358
1694441584307 11.048680413910303 359
1694441584343 11.101352573653495 360
1694441584383 10.996460956663254 361
1694441584417 11.021690769775349 362
1694441584454 10.939855018573656 363
1694441584492 10.93076857110444 364
1694441584533 10.92278999896991 365
1694441584584 10.69015177018952 366
1694441584616 10.712501428912617 367
1694441584654 10.590601698810243 368
1694441584694 10.477737769012249 369
1694441584731 10.55433619109295 370
1694441584771 10.395731289510032 371
1694441584808 10.404249229283142 372
1694441584844 10.260664848092322 373
1694441584882 10.314021970748833 374
1694441584920 10.14142868869557 375
1694441584958 10.236988500329101 376
1694441584996 9.850933965810832 377
1694441585036 10.032981230841836 378
1694441585075 9.815095269440727 379
1694441585112 9.923793025128871 380
1694441585152 9.747198584100765 381
1694441585187 9.747544921701971 382
1694441585223 9.579681962099308 383
1694441585262 9.520097797266358 384
1694441585300 9.599965728114013 385
1694441585338 9.38459075518583 386
1694441585379 9.163848883598645 387
1694441585417 9.262733661353474 388
1694441585456 9.029896849226489 389
1694441585497 9.175914830017298 390
1694441585552 9.12451185298903 391
1694441585609 8.91539514389285 392
1694441585654 8.933951729114897 393
1694441585693 8.89154228048961 394
1694441585728 8.971765763927335 395
1694441585767 8.707308363575466 396
1694441585805 8.888017285818174 397
1694441585842 8.729145147137368 398
1694441585882 8.716167435490709 399
1694441585924 8.529010657496837 400
1694441585962 8.666828089076306 401
1694441586001 8.411027358640807 402
1694441586038 8.442040233187319 403
1694441586075 8.494050262036053 404
1694441586115 8.314451759134974 405
1694441586156 8.328416886066584 406
1694441586201 8.173811734217454 407
1694441586243 8.13054125202621 408
1694441586285 8.20110397272056 409
1694441586328 8.148546050100727 410
1694441586372 7.96400848986958 411
1694441586414 7.9892710047378825 412
1694441586450 7.8140684532436895 413
1694441586491 7.9630436210376265 414
1694441586530 7.969712454563962 415
1694441586571 7.78187395836834 416
1694441586610 7.874895720229373 417
1694441586649 7.787670229454078 418
1694441586689 7.604221727636438 419
1694441586726 7.631388347599837 420
1694441586766 7.590210371267334 421
1694441586806 7.382900951260475 422
1694441586848 7.437381580560055 423
1694441586885 7.439323358300022 424
1694441586932 7.338915035987114 425
1694441586976 7.367956096436991 426
1694441587016 7.1987013995766045 427
1694441587058 7.174084669260315 428
1694441587102 7.1286544983602775 429
1694441587145 7.198258645358954 430
1694441587187 7.054356931369629 431
1694441587226 7.088205698299101 432
1694441587269 7.086366448725421 433
1694441587309 6.942076395468146 434
1694441587351 6.971787282992923 435
1694441587391 6.794016287817961 436
1694441587428 6.951897965081671 437
1694441587465 6.870881394541604 438
1694441587503 6.690972028305991 439
1694441587546 6.798645815563099 440
1694441587584 6.655927607192889 441
1694441587625 6.681858271996428 442
1694441587663 6.495683213241666 443
1694441587701 6.55636136915285 444
1694441587741 6.485421403751286 445
1694441587780 6.436677780345675 446
1694441587820 6.392325076671336 447
1694441587862 6.354966535904808 448
1694441587901 6.308215951759292 449
1694441587942 6.254910634826502 450
1694441587982 6.215920868401355 451
1694441588025 6.229256792130701 452
1694441588067 6.217472013377373 453
1694441588107 6.243378777540118 454
1694441588148 6.1720280799151155 455
1694441588187 6.081154019020785 456
1694441588225 6.0782556282214975 457
1694441588265 6.1012581732216775 458
1694441588306 6.045710928358074 459
1694441588342 5.9874268783476445 460
1694441588384 5.916701201732184 461
1694441588426 5.937767589367882 462
1694441588467 5.767349559494995 463
1694441588505 5.857456424708549 464
1694441588544 5.837988883864979 465
1694441588592 5.838863383054379 466
1694441588631 5.767271406202807 467
1694441588673 5.60618376855214 468
1694441588716 5.575327421601428 469
1694441588752 5.614356418817101 470
1694441588793 5.577307044897967 471
1694441588830 5.581540197783428 472
1694441588865 5.536737038133394 473
1694441588906 5.3893604761157095 474
1694441588946 5.4275099083248195 475
1694441588984 5.5467905753224 476
1694441589019 5.413542031197803 477
1694441589059 5.399505419782904 478
1694441589103 5.405861200865139 479
1694441589139 5.384113011033535 480
1694441589184 5.188976495623088 481
1694441589224 5.14838130138385 482
1694441589265 5.130059449647873 483
1694441589310 5.154840728192191 484
1694441589354 5.083660104548128 485
1694441589398 5.177583896338001 486
1694441589435 5.006950529692288 487
1694441589476 5.039213313925833 488
1694441589517 5.136649703821432 489
1694441589554 4.993203664525659 490
1694441589598 5.023687420694806 491
1694441589633 4.871366213739577 492
1694441589676 4.866856203421451 493
1694441589714 4.941595836619924 494
1694441589752 4.875994280735191 495
1694441589794 4.813375334871119 496
1694441589829 4.7881123653751585 497
1694441589868 4.848477472069874 498
1694441589908 4.791741947884609 499
