1694437100041 161.14696866651417 0
1694437100069 160.8256631499845 1
1694437100096 160.5050665978995 2
1694437100122 160.1851773730456 3
1694437100156 159.86599384210257 4
1694437100196 159.54751437563428 5
1694437100246 159.2297373480789 6
1694437100288 158.9126611377399 7
1694437100331 158.59628412677625 8
1694437100374 158.2806047011934 9
1694437100405 157.9656212508338 10
1694437100435 157.6513321693674 11
1694437100468 157.33773585428264 12
1694437100498 157.02483070687705 13
1694437100523 156.71261513224783 14
1694437100550 156.4010875392829 15
1694437100575 156.09024634065162 16
1694437100602 155.7800899527953 17
1694437100628 155.4706167959185 18
1694437100654 155.1618252939797 19
1694437100678 154.85371387468197 20
1694437100705 154.5462809694641 21
1694437100733 154.23952501349166 22
1694437100761 153.93344444564758 23
1694437100787 153.6280377085234 24
1694437100828 153.32330324841016 25
1694437100879 153.01923951528946 26
1694437100922 152.71584496282435 27
1694437100968 152.4131180483507 28
1694437101012 152.11105723286806 29
1694437101059 151.8096609810308 30
1694437101109 151.508927761139 31
1694437101156 151.2088560451303 32
1694437101192 150.90944430857024 33
1694437101218 150.61069103064398 34
1694437101276 150.3125946941474 35
1694437101322 150.01515378547813 36
1694437101351 149.7183667946272 37
1694437101381 149.4222322151699 38
1694437101408 149.12674854425748 39
1694437101435 148.831914282608 40
1694437101461 148.53772793449832 41
1694437101486 148.24418800775473 42
1694437101512 147.95129301374493 43
1694437101545 147.6590414673691 44
1694437101591 147.36743188705154 45
1694437101637 147.07646279473198 46
1694437101669 146.7861327158571 47
1694437101701 146.49644017937192 48
1694437101745 146.2073837177116 49
1694437101788 145.9189618667927 50
1694437101839 145.63117316600483 51
1694437101889 145.34401615820218 52
1694437101930 145.0574893896953 53
1694437101986 144.77159141024245 54
1694437102042 144.4863207730414 55
1694437102083 144.2016760347212 56
1694437102138 143.91765575533356 57
1694437102187 143.6342584983448 58
1694437102234 143.35148283062745 59
1694437102269 143.06932732245212 60
1694437102302 142.78779054747906 61
1694437102377 142.50687108275022 62
1694437102433 142.22656750868074 63
1694437102489 141.94687840905107 64
1694437102522 141.66780237099857 65
1694437102552 141.3893379850095 66
1694437102578 141.111483844911 67
1694437102614 140.8342385478627 68
1694437102656 140.557600694349 69
1694437102709 140.2815688881707 70
1694437102742 140.0061417364373 71
1694437102771 139.73131784955862 72
1694437102799 139.45709584123702 73
1694437102835 139.1834743284594 74
1694437102870 138.9104519314892 75
1694437102903 138.63802727385857 76
1694437102934 138.36619898236032 77
1694437102961 138.0949656870401 78
1694437102994 137.82432602118843 79
1694437103037 137.554278621333 80
1694437103084 137.2848221272307 81
1694437103131 137.0159551818599 82
1694437103171 136.74767643141257 83
1694437103209 136.47998452528643 84
1694437103236 136.21287811607746 85
1694437103264 135.9463558595718 86
1694437103289 135.6804164147384 87
1694437103316 135.41505844372097 88
1694437103343 135.15028061183048 89
1694437103377 134.88608158753757 90
1694437103418 134.62246004246467 91
1694437103484 134.35941465137856 92
1694437103549 134.0969440921827 93
1694437103604 133.83504704590965 94
1694437103658 133.57372219671345 95
1694437103694 133.31296823186213 96
1694437103726 133.05278384173016 97
1694437103759 132.79316771979094 98
1694437103791 132.53411856260922 99
1694437103826 132.27563506983378 100
1694437103861 132.01771594418986 101
1694437103895 131.76035989147164 102
1694437103926 131.50356562053506 103
1694437103961 131.24733184329014 104
1694437103995 130.99165727469386 105
1694437104027 130.73654063274253 106
1694437104057 130.48198063846468 107
1694437104089 130.22797601591344 108
1694437104118 129.9745254921596 109
1694437104145 129.72162779728396 110
1694437104180 129.46928166437033 111
1694437104219 129.217485829498 112
1694437104277 128.96623903173477 113
1694437104325 128.71554001312953 114
1694437104374 128.46538751870517 115
1694437104432 128.21578029645121 116
1694437104471 127.96671709731699 117
1694437104499 127.71819667520404 118
1694437104526 127.47021778695937 119
1694437104554 127.22277919236812 120
1694437104581 126.97587965414648 121
1694437104619 126.72951793793466 122
1694437104668 126.48369281228986 123
1694437104727 126.23840304867906 124
1694437104787 125.99364742147218 125
1694437104837 125.74942470793493 126
1694437104888 125.50573368822192 127
1694437104952 125.2625731453696 128
1694437105010 125.0199418652893 129
1694437105058 124.77783863676035 130
1694437105106 124.5362622514231 131
1694437105168 124.29521150377198 132
1694437105217 124.05468519114874 133
1694437105252 123.8146821137354 134
1694437105315 123.57520107454752 135
1694437105376 123.33624087942731 136
1694437105408 123.09780033703677 137
1694437105437 122.85987825885093 138
1694437105488 122.62247345915107 139
1694437105532 122.38558475501793 140
1694437105566 122.14921096632486 141
1694437105596 121.91335091573123 142
1694437105623 121.67800342867562 143
1694437105649 121.44316733336915 144
1694437105675 121.20884146078866 145
1694437105701 120.97502464467024 146
1694437105726 120.74171572150247 147
1694437105752 120.50891353051968 148
1694437105779 120.27661691369548 149
1694437105809 120.04482471573611 150
1694437105842 119.81353578407375 151
1694437105872 119.58274896886009 152
1694437105900 119.35246312295963 153
1694437105934 119.12267710194322 154
1694437105968 118.89338976408155 155
1694437105995 118.66459997033853 156
1694437106024 118.43630658436489 157
1694437106054 118.20850847249164 158
1694437106083 117.98120450372367 159
1694437106112 117.75439354973325 160
1694437106140 117.52807448485356 161
1694437106165 117.30224618607235 162
1694437106193 117.07690753302556 163
1694437106229 116.85205740799083 164
1694437106293 116.62769469588115 165
1694437106369 116.40381828423855 166
1694437106430 116.18042706322784 167
1694437106517 115.95751992563005 168
1694437106578 115.7350957668364 169
1694437106611 115.51315348484172 170
1694437106638 115.29169198023848 171
1694437106666 115.07071015621025 172
1694437106691 114.85020691852569 173
1694437106723 114.6301811755321 174
1694437106793 114.41063183814936 175
1694437106837 114.19155781986369 176
1694437106864 113.97295803672142 177
1694437106890 113.75483140732291 178
1694437106916 113.53717685281624 179
1694437106941 113.31999329689131 180
1694437106968 113.10327966577344 181
1694437106993 112.88703488821751 182
1694437107023 112.67125789550167 183
1694437107048 112.45594762142134 184
1694437107078 112.24110300228324 185
1694437107116 112.02672297689912 186
1694437107157 111.81280648657999 187
1694437107188 111.59935247512982 188
1694437107216 111.38635988883982 189
1694437107242 111.17382767648222 190
1694437107268 110.96175478930436 191
1694437107296 110.75014018102283 192
1694437107325 110.53898280781742 193
1694437107353 110.32828162832514 194
1694437107380 110.11803560363451 195
1694437107406 109.90824369727939 196
1694437107431 109.69890487523331 197
1694437107456 109.49001810590349 198
1694437107482 109.28158236012497 199
1694437107507 109.07359661115483 200
1694437107531 108.86605983466632 201
1694437107556 108.65897100874302 202
1694437107581 108.45232911387313 203
1694437107606 108.24613313294357 204
1694437107630 108.04038205123429 205
1694437107656 107.8350748564124 206
1694437107682 107.63021053852663 207
1694437107707 107.42578809000132 208
1694437107732 107.22180650563098 209
1694437107758 107.01826478257439 210
1694437107783 106.81516192034904 211
1694437107808 106.61249692082531 212
1694437107836 106.41026878822098 213
1694437107862 106.2084765290954 214
1694437107889 106.00711915234412 215
1694437107936 105.80619566919289 216
1694437107983 105.60570509319243 217
1694437108028 105.4056464402126 218
1694437108086 105.20601872843693 219
1694437108142 105.00682097835703 220
1694437108200 104.80805221276698 221
1694437108251 104.60971145675789 222
1694437108302 104.41179773771235 223
1694437108335 104.21431008529882 224
1694437108367 104.01724753146631 225
1694437108398 103.82060911043871 226
1694437108427 103.6243938587095 227
1694437108453 103.42860081503609 228
1694437108478 103.23322902043462 229
1694437108511 103.03827751817433 230
1694437108547 102.84374535377219 231
1694437108578 102.64963157498758 232
1694437108610 102.45593523181678 233
1694437108643 102.26265537648773 234
1694437108677 102.0697910634545 235
1694437108707 101.87734134939213 236
1694437108740 101.6853052931911 237
1694437108773 101.49368195595217 238
1694437108804 101.30247040098094 239
1694437108848 101.11166969378264 240
1694437108884 100.92127890205681 241
1694437108921 100.73129709569206 242
1694437108955 100.54172334676073 243
1694437108985 100.35255672951371 244
1694437109019 100.1637963203752 245
1694437109052 99.97544119793747 246
1694437109082 99.7874904429557 247
1694437109112 99.59994313834272 248
1694437109144 99.41279836916384 249
1694437109172 99.22605522263173 250
1694437109197 99.0397127881012 251
1694437109226 98.8537701570641 252
1694437109256 98.66822642314416 253
1694437109281 98.48308068209188 254
1694437109308 98.29833203177947 255
1694437109336 98.11397957219562 256
1694437109367 97.93002240544061 257
1694437109398 97.74645963572107 258
1694437109428 97.56329036934498 259
1694437109465 97.38051371471674 260
1694437109498 97.1981287823319 261
1694437109529 97.01613468477241 262
1694437109560 96.83453053670135 263
1694437109587 96.65331545485816 264
1694437109631 96.47248855805346 265
1694437109663 96.29204896716432 266
1694437109711 96.11199580512903 267
1694437109761 95.9323281969423 268
1694437109803 95.75304526965039 269
1694437109856 95.57414615234599 270
1694437109904 95.39562997616352 271
1694437109953 95.21749587427409 272
1694437109991 95.03974298188065 273
1694437110027 94.86237043621317 274
1694437110061 94.68537737652365 275
1694437110092 94.50876294408143 276
1694437110118 94.33252628216825 277
1694437110143 94.15666653607337 278
1694437110172 93.98118285308897 279
1694437110207 93.8060743825051 280
1694437110234 93.63134027560501 281
1694437110259 93.45697968566039 282
1694437110285 93.2829917679265 283
1694437110312 93.10937567963754 284
1694437110342 92.93613058000182 285
1694437110373 92.76325563019705 286
1694437110398 92.59074999336558 287
1694437110423 92.4186128346098 288
1694437110449 92.24684332098731 289
1694437110551 92.0754406215063 290
1694437110630 91.9044039071209 291
1694437110677 91.73373235072641 292
1694437110756 91.5634251271548 293
1694437110836 91.39348141316992 294
1694437110908 91.22390038746298 295
1694437110986 91.05468123064782 296
1694437111065 90.88582312525645 297
1694437111124 90.71732525573428 298
1694437111181 90.54918680843573 299
1694437111272 90.38140697161947 300
1694437111333 90.21398493544395 301
1694437111376 90.04691989196283 302
1694437111410 89.88021103512048 303
1694437111455 89.71385756074743 304
1694437111490 89.54785866655575 305
1694437111526 89.38221355213473 306
1694437111572 89.21692141894619 307
1694437111610 89.05198147032016 308
1694437111645 88.88739291145028 309
1694437111688 88.72315494938944 310
1694437111726 88.55926679304521 311
1694437111759 88.39572765317553 312
1694437111791 88.23253674238418 313
1694437111823 88.06969327511638 314
1694437111856 87.9071964676544 315
1694437111892 87.74504553811319 316
1694437111936 87.58323970643589 317
1694437111991 87.42177819438957 318
1694437112041 87.26066022556083 319
1694437112088 87.09988502535133 320
1694437112145 86.9394518209736 321
1694437112194 86.77935984144672 322
1694437112239 86.61960831759177 323
1694437112296 86.4601964820278 324
1694437112354 86.30112356916729 325
1694437112408 86.14238881521203 326
1694437112450 85.98399145814875 327
1694437112488 85.82593073774488 328
1694437112574 85.66820589554428 329
1694437112639 85.5108161748629 330
1694437112694 85.35376082078476 331
1694437112740 85.1970390801575 332
1694437112794 85.04065020158828 333
1694437112855 84.88459343543948 334
1694437112895 84.72886803382464 335
1694437112944 84.57347325060412 336
1694437112978 84.41840834138102 337
1694437113014 84.26367256349698 338
1694437113049 84.10926517602796 339
1694437113083 83.9551854397803 340
1694437113125 83.80143261728624 341
1694437113169 83.64800597280015 342
1694437113210 83.49490477229413 343
1694437113254 83.3421282834541 344
1694437113294 83.18967577567561 345
1694437113354 83.0375465200597 346
1694437113410 82.88573978940899 347
1694437113469 82.73425485822341 348
1694437113520 82.58309100269628 349
1694437113570 82.4322475007102 350
1694437113612 82.2817236318331 351
1694437113651 82.13151867731405 352
1694437113695 81.9816319200794 353
1694437113751 81.83206264472865 354
1694437113817 81.68281013753058 355
1694437113883 81.53387368641911 356
1694437113944 81.38525258098943 357
1694437113987 81.23694611249405 358
1694437114024 81.08895357383868 359
1694437114068 80.94127425957842 360
1694437114121 80.79390746591383 361
1694437114183 80.64685249068692 362
1694437114228 80.50010863337728 363
1694437114270 80.35367519509809 364
1694437114319 80.20755147859231 365
1694437114368 80.0617367882288 366
1694437114409 79.91623042999828 367
1694437114458 79.77103171150969 368
1694437114491 79.62613994198608 369
1694437114539 79.48155443226092 370
1694437114584 79.33727449477419 371
1694437114628 79.19329944356859 372
1694437114661 79.0496285942857 373
1694437114706 78.90626126416205 374
1694437114742 78.76319677202547 375
1694437114782 78.62043443829121 376
1694437114821 78.47797358495816 377
1694437114859 78.33581353560508 378
1694437114908 78.19395361538683 379
1694437114958 78.05239315103054 380
1694437115020 77.91113147083196 381
1694437115070 77.77016790465166 382
1694437115124 77.62950178391131 383
1694437115176 77.48913244158989 384
1694437115221 77.34905921222014 385
1694437115264 77.20928143188462 386
1694437115339 77.0697984382122 387
1694437115386 76.9306095703743 388
1694437115458 76.79171416908117 389
1694437115524 76.65311157657828 390
1694437115566 76.51480113664265 391
1694437115608 76.37678219457915 392
1694437115701 76.2390540972169 393
1694437115776 76.1016161929056 394
1694437115853 75.9644678315119 395
1694437115921 75.82760836441585 396
1694437115970 75.69103714450722 397
1694437116028 75.55475352618191 398
1694437116067 75.41875686533837 399
1694437116123 75.28304651937398 400
1694437116168 75.14762184718153 401
1694437116235 75.01248220914565 402
1694437116278 74.87762696713916 403
1694437116326 74.7430554845197 404
1694437116367 74.60876712612598 405
1694437116409 74.47476125827441 406
1694437116456 74.34103724875547 407
1694437116495 74.20759446683023 408
1694437116528 74.07443228322693 409
1694437116573 73.94155007013731 410
1694437116611 73.8089472012133 411
1694437116667 73.67662305156335 412
1694437116705 73.54457699774919 413
1694437116740 73.41280841778219 414
1694437116770 73.28131669111983 415
1694437116803 73.15010119866255 416
1694437116844 73.0191613227501 417
1694437116877 72.88849644715802 418
1694437116919 72.7581059570945 419
1694437116965 72.62798923919671 420
1694437116995 72.49814568152752 421
1694437117045 72.3685746735721 422
1694437117075 72.2392756062345 423
1694437117120 72.11024787183422 424
1694437117155 71.98149086410298 425
1694437117209 71.85300397818123 426
1694437117272 71.72478661061477 427
1694437117320 71.5968381593516 428
1694437117371 71.4691580237383 429
1694437117419 71.34174560451699 430
1694437117476 71.2146003038217 431
1694437117541 71.0877215251753 432
1694437117589 70.96110867348615 433
1694437117659 70.83476115504467 434
1694437117728 70.70867837752017 435
1694437117822 70.58285974995755 436
1694437117890 70.45730468277392 437
1694437117933 70.33201258775556 438
1694437117969 70.20698287805438 439
1694437118001 70.08221496818486 440
1694437118036 69.95770827402076 441
1694437118069 69.83346221279187 442
1694437118102 69.7094762030808 443
1694437118144 69.5857496648197 444
1694437118188 69.46228201928714 445
1694437118233 69.33907268910482 446
1694437118270 69.21612109823445 447
1694437118311 69.09342667197448 448
1694437118351 68.970988836957 449
1694437118404 68.84880702114451 450
1694437118459 68.72688065382675 451
1694437118518 68.60520916561761 452
1694437118568 68.48379198845186 453
1694437118611 68.36262855558212 454
1694437118652 68.24171830157572 455
1694437118688 68.12106066231146 456
1694437118719 68.0006550749766 457
1694437118745 67.88050097806372 458
1694437118795 67.76059781136757 459
1694437118880 67.64094501598204 460
1694437118933 67.52154203429704 461
1694437118977 67.40238830999537 462
1694437119019 67.28348328804975 463
1694437119055 67.16482641471964 464
1694437119088 67.04641713754825 465
1694437119144 66.92825490535947 466
1694437119188 66.81033916825481 467
1694437119240 66.69266937761039 468
1694437119280 66.5752449860739 469
1694437119327 66.45806544756154 470
1694437119401 66.34113021725503 471
1694437119492 66.22443875159864 472
1694437119562 66.10799050829615 473
1694437119647 65.99178494630782 474
1694437119729 65.87582152584748 475
1694437119802 65.76009970837947 476
1694437119887 65.64461895661577 477
1694437119967 65.5293787345129 478
1694437120088 65.41437850726909 479
1694437120172 65.29961774132127 480
1694437120239 65.18509590434209 481
1694437120288 65.07081246523705 482
1694437120329 64.95676689414154 483
1694437120372 64.84295866241793 484
1694437120460 64.72938724265263 485
1694437120525 64.61605210865322 486
1694437120604 64.50295273544549 487
1694437120662 64.39008859927063 488
1694437120719 64.2774591775822 489
1694437120756 64.16506394904349 490
1694437120854 64.05290239352435 491
1694437120928 63.940973992098584 492
1694437121046 63.82927822704091 493
1694437121104 63.71781458182421 494
1694437121155 63.60658254111663 495
1694437121191 63.49558159077881 496
1694437121225 63.38481121786094 497
1694437121261 63.274270910600045 498
1694437121330 63.163960158417105 499
