1694438283652 5.68938107879513 0
1694438283936 3.9938428040691827 1
1694438284200 4.674913320603433 2
1694438284461 7.230679411514662 3
1694438284707 5.1781570207867285 4
1694438284971 1.4349889004927583 5
1694438285241 4.359335499509945 6
1694438285520 2.4500339017381463 7
1694438285768 6.900521348159267 8
1694438286017 3.7085686367527595 9
1694438286279 5.150075451026993 10
1694438286525 5.387994330908727 11
1694438286787 6.102775696504384 12
1694438287029 2.142450063240784 13
1694438287271 3.6923997321400024 14
1694438287528 2.3388960122664493 15
1694438287791 5.818335019806722 16
1694438288051 6.278348191494687 17
1694438288307 3.020672033233327 18
1694438288571 4.561094992763015 19
1694438288817 6.791794464652164 20
1694438289086 6.3968093224020155 21
1694438289328 3.48990199265831 22
1694438289597 3.4943842152107103 23
1694438289836 5.946266146614922 24
1694438290083 5.428853432480479 25
1694438290360 3.8741925482404564 26
1694438290632 5.819107616356603 27
1694438290907 2.918297257573339 28
1694438291170 3.7716165756109206 29
1694438291436 5.337240732512739 30
1694438291703 2.160757043092654 31
1694438292037 5.038529023073421 32
1694438292336 6.6095018065442 33
1694438292593 4.290929130679333 34
1694438292870 4.185660288677751 35
1694438293137 3.1713109153383257 36
1694438293406 4.5442376933174495 37
1694438293674 4.151777624382631 38
1694438294039 3.4317954300994478 39
1694438294291 7.66829130766151 40
1694438294539 3.6889765459697004 41
1694438294776 6.579118065210921 42
1694438295012 3.9311079225287706 43
1694438295240 5.34929632566219 44
1694438295480 4.761027923599044 45
1694438295723 6.91899516627801 46
1694438295970 4.021817586962029 47
1694438296223 5.687025595089315 48
1694438296465 4.142701929280351 49
1694438296724 4.949866527434562 50
1694438296981 3.904700425357198 51
1694438297236 2.939706647627148 52
1694438297483 2.2604595394047218 53
1694438297731 4.719026557257561 54
1694438297989 5.700074837071147 55
1694438298244 8.804253586435214 56
1694438298505 2.429116403619155 57
1694438298752 5.2114592417417525 58
1694438299024 4.151828728012354 59
1694438299269 5.242288435208759 60
1694438299538 8.476010947992092 61
1694438299788 9.8379877032581 62
1694438300039 4.444099131895158 63
1694438300276 2.065566384333984 64
1694438300522 3.198607634491492 65
1694438300736 4.715493366675347 66
1694438301013 5.657166811766065 67
1694438301277 2.433909918630931 68
1694438301533 3.538384662349323 69
1694438301774 0.9959313930141946 70
1694438302016 4.129196359802917 71
1694438302257 5.7240683142851685 72
1694438302493 5.925064405643953 73
1694438302757 5.728133489975689 74
1694438303020 5.280639841224673 75
1694438303259 5.907272911530185 76
1694438303503 3.5661290850524185 77
1694438303724 6.21810506766057 78
1694438303963 4.438608034358884 79
1694438304225 5.4145229932902215 80
1694438304468 3.1268539191984677 81
1694438304713 5.269498618321712 82
1694438304950 3.8574368825583707 83
1694438305203 5.742281807485707 84
1694438305442 3.984268173415358 85
1694438305698 4.059853034539213 86
1694438305900 5.601545251912917 87
1694438306202 5.714084772828808 88
1694438306435 5.213309553126542 89
1694438306689 5.614325496951227 90
1694438306978 5.390780739849717 91
1694438307232 6.43977479455632 92
1694438307489 7.316653340893583 93
1694438307721 5.034224836976018 94
1694438307965 4.758728312293916 95
1694438308214 2.778763953785288 96
1694438308484 2.5659822436980315 97
1694438308752 4.4375178790342 98
1694438308991 4.506918895125796 99
1694438309270 4.539751627475356 100
1694438309556 5.262806057396842 101
1694438309838 3.249361447508266 102
1694438310122 3.97409227210952 103
1694438310392 4.063040981744969 104
1694438310652 4.24735534193991 105
1694438310900 8.61294986914763 106
1694438311156 6.6123503876356375 107
1694438311419 5.2000843065583355 108
1694438311647 3.526914055186244 109
1694438311900 5.339380410298099 110
1694438312146 3.228046395678814 111
1694438312389 1.6823792697057334 112
1694438312650 6.981685719909007 113
1694438312924 9.45629903071637 114
1694438313184 5.310436870626089 115
1694438313430 4.189868495842503 116
1694438313692 1.796052116849288 117
1694438313952 3.1015103851389507 118
1694438314268 4.802253210963117 119
1694438314531 3.8726049910577443 120
1694438314779 4.5102118855479025 121
1694438315034 5.909878829201956 122
1694438315313 3.984869937408613 123
1694438315558 3.37681538552345 124
1694438315836 3.66365485294145 125
1694438316103 3.204067975766513 126
1694438316371 7.891610008758687 127
1694438316633 3.9812497521087447 128
1694438316892 6.322801609083867 129
1694438317140 4.156567215769065 130
1694438317391 4.871342757634908 131
1694438317641 6.168007989388607 132
1694438317890 2.586003597467269 133
1694438318155 4.633416626445348 134
1694438318407 4.479343082672867 135
1694438318645 5.547835569183368 136
1694438318873 6.000726649217497 137
1694438319131 5.14665298524869 138
1694438319396 4.901876969171016 139
1694438319642 5.536300269950793 140
1694438319889 6.478468646870844 141
1694438320135 4.322411122062763 142
1694438320405 4.704189145975033 143
1694438320679 2.2032576853234125 144
1694438320931 7.164391434824777 145
1694438321181 6.594418671417909 146
1694438321456 5.435415656393796 147
1694438321724 4.5965616975358445 148
1694438321969 5.206353379235007 149
1694438322219 5.0770726616828386 150
1694438322458 3.768481840675777 151
1694438322705 3.2227701824739037 152
1694438322959 2.057594567919915 153
1694438323230 6.516665849849958 154
1694438323473 3.3247671707603277 155
1694438323724 4.912886071323555 156
1694438323987 6.411839774285826 157
1694438324246 4.255752525908047 158
1694438324481 4.498092247853157 159
1694438324705 6.257835635193516 160
1694438324941 5.425466884855506 161
1694438325177 3.913429590276388 162
1694438325428 3.1078349046578713 163
1694438325660 5.095910928342589 164
1694438325905 4.158192479007885 165
1694438326155 5.388986115350119 166
1694438326416 3.6477602917482956 167
1694438326674 6.179761343616097 168
1694438326934 4.793062973122724 169
1694438327201 4.88564958756342 170
1694438327469 6.357583578570652 171
1694438327618 7.208173305679357 172
1694438327939 5.108482041969766 173
1694438328188 7.0220375412246 174
1694438328440 4.029453774102777 175
1694438328682 6.119441763933658 176
1694438328936 4.238658305170836 177
1694438329194 4.02492241443084 178
1694438329443 7.487381366518247 179
1694438329704 3.7928828661406793 180
1694438329952 4.91903428433227 181
1694438330208 1.1073125072632595 182
1694438330474 5.110287149229622 183
1694438330695 6.876220184232148 184
1694438330967 4.9265125423757805 185
1694438331255 4.476120364006536 186
1694438331536 2.711504933029284 187
1694438331787 4.831391459491722 188
1694438332029 3.7854771587132983 189
1694438332286 5.9191401438340145 190
1694438332534 5.762022302201813 191
1694438332788 3.6431020789997373 192
1694438333043 5.8928823849060805 193
1694438333296 3.926709240702303 194
1694438333533 5.180592003586242 195
1694438333775 4.44688120766466 196
1694438334018 7.274124346853211 197
1694438334265 5.010707538247293 198
1694438334523 5.28720053718461 199
1694438334780 7.45288953028475 200
1694438335050 4.500326964306795 201
1694438335295 6.203998597911767 202
1694438335539 7.123363444144239 203
1694438335766 4.382731063567062 204
1694438335998 6.001096489932105 205
1694438336233 4.735046241403726 206
1694438336470 3.650997378980249 207
1694438336709 6.172158839518717 208
1694438336924 6.005176582437043 209
1694438337151 4.568747993454939 210
1694438337389 4.028310514631031 211
1694438337626 2.1406894118789443 212
1694438337887 5.951554363742669 213
1694438338163 4.648235027147401 214
1694438338411 4.417929892119701 215
1694438338681 6.343412920279767 216
1694438338945 7.636537836058038 217
1694438339195 3.927264330647791 218
1694438339465 3.3034217905056544 219
1694438339725 4.405286456044984 220
1694438339992 5.608163077688122 221
1694438340271 1.9885597777317163 222
1694438340512 4.77024708734249 223
1694438340757 3.6290981675625558 224
1694438341033 3.6964229889151365 225
1694438341312 4.23719077819338 226
1694438341557 2.4584898706274223 227
1694438341816 6.05574368510968 228
1694438342093 4.54242073558614 229
1694438342349 4.105858222695711 230
1694438342612 5.558473751043693 231
1694438342863 2.961921836603076 232
1694438343133 5.173646952848466 233
1694438343403 3.786142091201542 234
1694438343656 5.484109206216341 235
1694438343903 3.1076918124063493 236
1694438344165 1.8680590432459994 237
1694438344419 9.113859362262813 238
1694438344632 5.0864201970957605 239
1694438344901 2.8425558293845 240
1694438345133 6.347325769850612 241
1694438345393 4.594768277051538 242
1694438345630 1.402686843580175 243
1694438345861 5.27735479081063 244
1694438346100 5.80689082963898 245
1694438346345 7.929167782603832 246
1694438346529 4.878888448073571 247
1694438346803 7.336092208453774 248
1694438347061 5.13296138774962 249
1694438347324 2.098000960879043 250
1694438347578 2.16961753241435 251
1694438347834 4.969853688696666 252
1694438348087 2.7638202376149312 253
1694438348348 6.803015229993851 254
1694438348611 6.098923533101178 255
1694438348875 6.223857722310712 256
1694438349135 4.305304699715659 257
1694438349400 5.680741397410218 258
1694438349651 4.9553115906047065 259
1694438349905 6.076708473157181 260
1694438350166 4.6763796088305245 261
1694438350402 6.2424054473051465 262
1694438350632 5.76748206516006 263
1694438350876 4.869671128683803 264
1694438351125 4.381162607252912 265
1694438351370 3.340708011942412 266
1694438351630 1.9329470472649468 267
1694438351896 4.757876102495403 268
1694438352140 4.146998764539874 269
1694438352401 4.0514133024809995 270
1694438352659 4.539398383998168 271
1694438352907 3.521509332377705 272
1694438353147 6.048575195339059 273
1694438353424 3.3538250816990467 274
1694438353684 3.586529028944589 275
1694438353936 4.032587140975834 276
1694438354207 5.620896311350487 277
1694438354453 3.446703172180363 278
1694438354696 6.6596365494697585 279
1694438354936 3.037470435157831 280
1694438355177 6.1093033420582 281
1694438355423 2.7190175014046556 282
1694438355679 2.8041369454956815 283
1694438355946 6.125603833932 284
1694438356207 4.782126973331198 285
1694438356453 5.377386438069759 286
1694438356710 4.221802327570569 287
1694438356979 1.939306146241054 288
1694438357240 28.63881649885481 289
1694438357505 5.749070320903103 290
1694438357743 5.603854032138796 291
1694438357976 5.082437496356991 292
1694438358217 5.245089861505088 293
1694438358459 5.058615354718127 294
1694438358700 4.096460919118646 295
1694438358943 2.580348725562974 296
1694438359188 5.346449165175563 297
1694438359419 3.101974925014871 298
1694438359675 10.213797165228856 299
1694438359909 5.009338320122476 300
1694438360145 7.211471037846607 301
1694438360397 3.2867143463052146 302
1694438360645 4.457969885652506 303
1694438360873 4.857475326743473 304
1694438361104 3.828592258501291 305
1694438361340 2.040485732130497 306
1694438361583 5.0845617691140585 307
1694438361825 5.119572087850489 308
1694438362064 2.5195316672772026 309
1694438362309 4.290435936380311 310
1694438362568 4.07016167207546 311
1694438362799 3.5069961894390707 312
1694438363035 5.469263149834782 313
1694438363319 7.068339492326343 314
1694438363604 6.14491448760839 315
1694438363875 4.996935330836753 316
1694438364117 6.236691570583213 317
1694438364412 5.62805686725214 318
1694438364652 5.980202838631063 319
1694438364875 4.654108967518379 320
1694438365119 5.421756824508962 321
1694438365367 2.871290148088991 322
1694438365627 4.1315200425139 323
1694438365891 3.7971596940776355 324
1694438366128 5.208911300455659 325
1694438366388 3.440061706757782 326
1694438366649 4.499541573323305 327
1694438366898 5.261416194668079 328
1694438367142 3.8270007693239316 329
1694438367404 5.466199885018242 330
1694438367662 5.031940103661723 331
1694438367920 3.9844798611197207 332
1694438368150 26.13773687368782 333
1694438368417 4.383788446063529 334
1694438368673 5.733628890710662 335
1694438368925 4.810417411210789 336
1694438369192 6.412671172383389 337
1694438369457 7.785681226016565 338
1694438369702 4.437398598993745 339
1694438369931 7.481272093236638 340
1694438370160 4.543696691597066 341
1694438370421 4.088704885620082 342
1694438370664 5.627425935341335 343
1694438370908 5.888115920168152 344
1694438371134 2.351836167804302 345
1694438371395 4.206722258223603 346
1694438371642 3.7782212913250355 347
1694438371907 7.642023538862851 348
1694438372174 10.292731977668218 349
1694438372436 4.9854630851387665 350
1694438372670 4.19608853518865 351
1694438372901 3.675697017337558 352
1694438373120 6.588131671279267 353
1694438373389 3.7535154595986167 354
1694438373645 5.170095130762908 355
1694438373894 4.905413616864403 356
1694438374158 4.886627607665198 357
1694438374427 3.977085098013502 358
1694438374688 2.5045588047195992 359
1694438374923 2.6225787357764747 360
1694438375163 1.8703619120175676 361
1694438375404 3.8617818492947658 362
1694438375655 3.5761082498520795 363
1694438375900 2.3044684175743213 364
1694438376168 7.535251663339926 365
1694438376449 4.059677683766223 366
1694438376691 4.073377698615606 367
1694438376920 4.654110078536722 368
1694438377085 2.641888046939766 369
1694438377368 6.09937765024015 370
1694438377593 5.36479698646427 371
1694438377826 6.196388149898008 372
1694438378069 6.221765170384897 373
1694438378314 4.8532088429509 374
1694438378562 4.83410289962757 375
1694438378800 4.659412108981242 376
1694438379049 4.311613953738415 377
1694438379290 5.190246793694821 378
1694438379545 5.834115776915157 379
1694438379788 4.598420284873099 380
1694438380047 5.385444148204837 381
1694438380309 6.8834117517997795 382
1694438380544 6.335984657251241 383
1694438380793 11.491836843877456 384
1694438381023 5.142046151752715 385
1694438381257 3.0121529331857633 386
1694438381489 6.330534838028149 387
1694438381735 5.749549301377813 388
1694438381954 3.68030399804055 389
1694438382191 4.312958183251721 390
1694438382435 3.414445450540999 391
1694438382673 5.832767966986249 392
1694438382920 6.641927138316355 393
1694438383131 5.328245717534593 394
1694438383407 5.821511489047478 395
1694438383693 2.6364814635598766 396
1694438383907 4.2442731935155695 397
1694438384182 6.1090910571574035 398
1694438384446 4.164259111127667 399
1694438384669 4.419820278870244 400
1694438384928 5.211340182517795 401
1694438385184 1.8218235241331768 402
1694438385439 6.82571387457073 403
1694438385686 4.96190470105516 404
1694438385948 3.8430677306994245 405
1694438386223 4.265374355778359 406
1694438386477 3.984374394606893 407
1694438386717 4.674589669385421 408
1694438386961 7.374544564951248 409
1694438387212 7.058853723072019 410
1694438387480 10.669811275289552 411
1694438387750 3.800642126326996 412
1694438388002 3.6969603502014605 413
1694438388271 3.156759624031756 414
1694438388520 2.469464843813487 415
1694438388782 4.6975769311579905 416
1694438389045 5.1469579928989635 417
1694438389303 5.120394996785136 418
1694438389574 6.002375280479551 419
1694438389822 4.302142392110428 420
1694438390074 6.925770595272312 421
1694438390320 4.286443727898837 422
1694438390572 3.9857482021623016 423
1694438390812 4.523860572615811 424
1694438391065 6.208902696554023 425
1694438391322 4.684549503625097 426
1694438391578 4.4068102379052405 427
1694438391835 5.379175418143285 428
1694438392086 4.471563019086177 429
1694438392324 5.5035765487545 430
1694438392575 6.172209605815626 431
1694438392820 3.957467978463164 432
1694438393083 3.652101347636819 433
1694438393348 4.674287317734322 434
1694438393618 6.68602682731099 435
1694438393870 5.488432582131718 436
1694438394114 5.2912433548869595 437
1694438394362 5.610736167924217 438
1694438394640 3.028758100840095 439
1694438394895 3.93935797851135 440
1694438395161 7.82116316617188 441
1694438395403 2.80508756693298 442
1694438395660 5.4056683999416455 443
1694438395901 6.141845407974996 444
1694438396165 4.646961952664303 445
1694438396438 1.73416803568276 446
1694438396697 3.6344828666498312 447
1694438396946 3.319693034688826 448
1694438397172 4.035049769371626 449
1694438397439 5.577556322291274 450
1694438397700 6.346302062082008 451
1694438397961 7.194853362823473 452
1694438398219 6.946832767062714 453
1694438398470 4.092894097443979 454
1694438398730 7.470224364374868 455
1694438398984 3.5614898206996686 456
1694438399237 2.3621332252466107 457
1694438399484 4.697961145482073 458
1694438399745 4.82707013243812 459
1694438400000 3.784708896405273 460
1694438400271 4.871150537432341 461
1694438400522 6.59529254648511 462
1694438400788 2.131229784210981 463
1694438401037 7.127266395479898 464
1694438401300 5.543137591981844 465
1694438401565 5.980040563179133 466
1694438401814 1.285590475322707 467
1694438402046 2.7767909930498353 468
1694438402295 4.447939010242147 469
1694438402548 2.7166146324792 470
1694438402785 4.7037609980191455 471
1694438403033 5.052518778913414 472
1694438403290 3.6742752711707904 473
1694438403536 5.032143996897093 474
1694438403838 4.422826901947679 475
1694438404100 4.870974308484325 476
1694438404392 5.379364806178568 477
1694438404748 3.3829534965847254 478
1694438405007 4.190227927962796 479
1694438405261 5.70231745462504 480
1694438405563 3.2927553880708973 481
1694438405840 3.6981295037053683 482
1694438406083 3.0601108676824493 483
1694438406335 5.422437304074287 484
1694438406585 1.1973094170436074 485
1694438406833 5.341290631511039 486
1694438407078 5.942547315620024 487
1694438407327 5.962633522719024 488
1694438407587 5.717730842277573 489
1694438407818 4.533957091894256 490
1694438408066 9.190541354074519 491
1694438408300 5.353687541838443 492
1694438408544 3.2597792671543337 493
1694438408801 7.02807355291665 494
1694438409058 3.4138527614100025 495
1694438409319 4.5483945277831 496
1694438409555 3.9586296585203264 497
1694438409817 4.9609480156671255 498
1694438410038 2.8609587323391237 499
