1694444027444 0.0 0
1694444027747 0.0 1
1694444028032 0.0 2
1694444028324 0.0 3
1694444028625 0.0 4
1694444028920 0.0 5
1694444029218 0.0 6
1694444029529 0.0 7
1694444029849 0.0 8
1694444030191 0.0 9
1694444030461 0.0 10
1694444030733 0.0 11
1694444031010 0.0 12
1694444031296 0.0 13
1694444031593 0.0 14
1694444031868 0.0 15
1694444032126 0.0 16
1694444032421 0.0 17
1694444032706 0.0 18
1694444033012 0.0 19
1694444033292 0.0 20
1694444033573 0.0 21
1694444033862 0.0 22
1694444034161 0.0 23
1694444034455 0.0 24
1694444034730 0.0 25
1694444034999 0.0 26
1694444035254 0.0 27
1694444035523 0.0 28
1694444035811 0.0 29
1694444036088 0.0 30
1694444036382 0.0 31
1694444036666 0.0 32
1694444036937 0.0 33
1694444037214 0.0 34
1694444037496 0.0 35
1694444037743 0.0 36
1694444037996 0.0 37
1694444038251 0.0 38
1694444038516 0.0 39
1694444038755 0.0 40
1694444038997 0.0 41
1694444039258 0.0 42
1694444039529 0.0 43
1694444039794 0.0 44
1694444040080 0.0 45
1694444040381 0.0 46
1694444040648 0.0 47
1694444040944 0.0 48
1694444041233 0.0 49
1694444041525 0.0 50
1694444041793 0.0 51
1694444042072 0.0 52
1694444042332 0.0 53
1694444042615 0.0 54
1694444042869 0.0 55
1694444043119 0.0 56
1694444043378 0.0 57
1694444043650 0.0 58
1694444043950 0.0 59
1694444044274 0.0 60
1694444044558 0.0 61
1694444044841 0.0 62
1694444045128 0.0 63
1694444045436 0.0 64
1694444045711 0.0 65
1694444046018 0.0 66
1694444046305 0.0 67
1694444046598 0.0 68
1694444046877 0.0 69
1694444047167 0.0 70
1694444047445 0.0 71
1694444047729 0.0 72
1694444047999 0.0 73
1694444048285 0.0 74
1694444048592 0.0 75
1694444048866 0.0 76
1694444049152 0.0 77
1694444049427 0.0 78
1694444049703 0.0 79
1694444050023 0.0 80
1694444050292 0.0 81
1694444050553 0.0 82
