1694444027435 51.39455614883363 0
1694444027740 32.3098498952105 1
1694444028024 8.763852776316156 2
1694444028314 9.079160364963561 3
1694444028618 7.2656906244428106 4
1694444028912 3.4056500251702846 5
1694444029212 3.7006310531484896 6
1694444029520 1.5506113499761813 7
1694444029842 2.111357244693944 8
1694444030183 0.81279385260367 9
1694444030450 0.7364976828083182 10
1694444030727 0.44586487459577595 11
1694444031002 0.8983730296736108 12
1694444031290 0.14758799039149115 13
1694444031586 0.4314885274528299 14
1694444031848 0.9743764323429311 15
1694444032118 0.2645445323051278 16
1694444032412 0.9372200994782227 17
1694444032698 0.4941980961735987 18
1694444033005 0.40272222812839337 19
1694444033283 0.5950963563967467 20
1694444033563 0.37464131212702106 21
1694444033854 0.5027825905948577 22
1694444034153 0.5142484150725454 23
1694444034447 0.0015509611744773644 24
1694444034723 0.40551776780235055 25
1694444034993 0.6938868131799457 26
1694444035245 0.2875550596120543 27
1694444035515 0.2782583910698112 28
1694444035803 0.3339461247007003 29
1694444036080 1.51254705311657 30
1694444036375 0.778059710087491 31
1694444036658 0.3344000626635967 32
1694444036929 0.6773443815725314 33
1694444037208 0.38759495974089736 34
1694444037490 0.24321849803142628 35
1694444037736 1.1776681473487625 36
1694444037988 0.2563105486934354 37
1694444038244 0.7344289125335961 38
1694444038508 0.5018510276110939 39
1694444038747 0.23183345377329836 40
1694444038990 0.5944849286883995 41
1694444039248 0.36516475859029496 42
1694444039522 0.555200045394381 43
1694444039787 1.2314815559268273 44
1694444040072 0.4461198413638326 45
1694444040372 0.1600912344116762 46
1694444040641 0.15156380546501663 47
1694444040935 0.6152105260772579 48
1694444041225 1.0575600839025594 49
1694444041518 0.7477984409791454 50
1694444041784 0.45422703459028785 51
1694444042062 0.5150587235973252 52
1694444042326 0.29075621668963786 53
1694444042606 0.9977148806032902 54
1694444042862 0.9191197445854721 55
1694444043112 0.022371710755166276 56
1694444043370 0.4903929600842462 57
1694444043641 0.9269457802208559 58
1694444043942 0.3551211228714957 59
1694444044265 1.1275230759003751 60
1694444044550 0.7493307291067862 61
1694444044834 0.0008516168933013194 62
1694444045120 0.3146473984435122 63
1694444045429 0.5055628290870358 64
1694444045702 0.529246548395617 65
1694444046010 0.44067447954455913 66
1694444046297 0.9139340112714819 67
1694444046591 0.15101295861352385 68
1694444046869 0.6642658380400418 69
1694444047157 0.295735701323015 70
1694444047438 0.055284533683516074 71
1694444047722 0.011818464974177583 72
1694444047993 0.19148220146228687 73
1694444048278 0.6206946366707571 74
1694444048583 0.09168944554268728 75
1694444048858 1.1463466720513487 76
1694444049142 0.14401027075088602 77
1694444049421 0.1255713538170754 78
1694444049696 1.1173009093371709 79
1694444050014 0.010433914917211783 80
1694444050283 0.3410241760790374 81
1694444050546 0.760494838876348 82
