1694439143924 -0.007049768278311275 0
1694439143958 -0.007031526221594753 1
1694439143989 -0.007012090860844644 2
1694439144019 -0.006991433310413964 3
1694439144054 -0.006969524086981593 4
1694439144085 -0.006946333098343915 5
1694439144129 -0.006921829632015708 6
1694439144198 -0.006895982343653184 7
1694439144245 -0.006868759245284961 8
1694439144291 -0.0068401276933613975 9
1694439144325 -0.006810054376607866 10
1694439144356 -0.006778505303689508 11
1694439144395 -0.0067454457906823695 12
1694439144429 -0.006710840448347577 13
1694439144467 -0.006674653169212563 14
1694439144503 -0.006656907190900618 15
1694439144547 -0.006638063628017887 16
1694439144586 -0.006618096451162181 17
1694439144623 -0.0065969791013109624 18
1694439144679 -0.006574684480018744 19
1694439144736 -0.006551184939461718 20
1694439144790 -0.006526452272330507 21
1694439144827 -0.006500457701552609 22
1694439144883 -0.006473171869858296 23
1694439144924 -0.006444564829180877 24
1694439144975 -0.006414606029896408 25
1694439145033 -0.006383264309886227 26
1694439145072 -0.0063505078834456 27
1694439145144 -0.006316304330013178 28
1694439145226 -0.006280620582731711 29
1694439145316 -0.006243422916838215 30
1694439145366 -0.00620467693788318 31
1694439145416 -0.006164347569767692 32
1694439145459 -0.006122399042610693 33
1694439145492 -0.006078794880440608 34
1694439145521 -0.00603349788870422 35
1694439145553 -0.005986470141604361 36
1694439145581 -0.00593767296924419 37
1694439145615 -0.005887066944608721 38
1694439145651 -0.005834611870349615 39
1694439145683 -0.005780266765402553 40
1694439145715 -0.005723989851404543 41
1694439145750 -0.005665738538946696 42
1694439145780 -0.005605469413633601 43
1694439145810 -0.0055431382219552905 44
1694439145838 -0.005478699856992231 45
1694439145870 -0.0054121083439164774 46
1694439145912 -0.005343316825321187 47
1694439145949 -0.005272277546368498 48
1694439145979 -0.005198941839746007 49
1694439146014 -0.005123260110447392 50
1694439146050 -0.005045181820372724 51
1694439146078 -0.004964655472735391 52
1694439146112 -0.0048816285963120265 53
1694439146147 -0.00479604772948683 54
1694439146177 -0.004707858404144005 55
1694439146217 -0.004617005129366802 56
1694439146257 -0.004523431374965803 57
1694439146286 -0.0044270795548488895 58
1694439146319 -0.00432789101020048 59
1694439146348 -0.004225805992506881 60
1694439146380 -0.004120763646416004 61
1694439146414 -0.004012701992435641 62
1694439146447 -0.003901557909464115 63
1694439146480 -0.0037872671171759187 64
1694439146515 -0.003669764158255262 65
1694439146548 -0.0035489823804768506 66
1694439146580 -0.003424853918650106 67
1694439146611 -0.0032973096764166154 68
1694439146642 -0.0031662793079230145 69
1694439146675 -0.003031691199360642 70
1694439146705 -0.0028934724503844045 71
1694439146738 -0.0028132389616051245 72
1694439146770 -0.0027305931426058194 73
1694439146802 -0.002645483832989237 74
1694439146830 -0.0025578589350327974 75
1694439146860 -0.0024676653994741837 76
1694439146887 -0.002374849211189911 77
1694439146917 -0.002279355374751324 78
1694439146946 -0.002181127899880231 79
1694439146975 -0.0020801097867968465 80
1694439147003 -0.001976243011470702 81
1694439147033 -0.0018694685107756293 82
1694439147071 -0.0017597261675605935 83
1694439147102 -0.0016469547956159403 84
1694439147137 -0.0015310921245943465 85
1694439147173 -0.0014120747848174187 86
1694439147207 -0.0012898382920467633 87
1694439147239 -0.001164317032181339 88
1694439147274 -0.0010354442458933022 89
1694439147306 -0.0009031520132223303 90
1694439147338 -0.0007673712381348619 91
1694439147372 -0.0006280316330418145 92
1694439147404 -0.00048506170330031573 93
1694439147434 -0.0003383887316787959 94
1694439147468 -0.00018793876285339017 95
1694439147500 -3.363658786703638e-05 96
1694439147533 0.00012459427137556656 97
1694439147573 0.00028683157759401556 98
1694439147607 0.0004531543935890614 99
1694439147640 0.000623643097656168 100
1694439147669 0.0007983793989231325 101
1694439147702 0.0009774463526550647 102
1694439147734 0.0011609283754311361 103
1694439147774 0.00134891126027481 104
1694439147810 0.0015414821916260868 105
1694439147841 0.0017387297602287077 106
1694439147875 0.0019407439778629243 107
1694439147911 0.0021476162919139563 108
1694439147947 0.002359439599779356 109
1694439147982 0.0025763082630995138 110
1694439148015 0.00279831812175535 111
1694439148048 0.0030255665076627247 112
1694439148085 0.003258152258318381 113
1694439148119 0.0034961757300800977 114
1694439148151 0.0037397388111616303 115
1694439148182 0.00398894493433688 116
1694439148213 0.004243899089300007 117
1694439148243 0.004504707834694921 118
1694439148275 0.0047714793097531905 119
1694439148306 0.005044323245554483 120
1694439148335 0.005323350975857788 121
1694439148379 0.005608675447482003 122
1694439148417 0.005900411230226554 123
1694439148452 0.006198674526287085 124
1694439148494 0.006503583179132688 125
1694439148528 0.006815256681835247 126
1694439148560 0.007133816184821895 127
1694439148592 0.007459384502990329 128
1694439148623 0.007792086122198616 129
1694439148653 0.00813204720504268 130
1694439148681 0.00847939559595512 131
1694439148710 0.008834260825542173 132
1694439148738 0.00919677411411468 133
1694439148770 0.00956706837445398 134
1694439148802 0.00994527821365665 135
1694439148832 0.010331539934153144 136
1694439148871 0.010725991533740431 137
1694439148902 0.011128772704680712 138
1694439148937 0.01154002483176575 139
1694439148974 0.011959890989355126 140
1694439149009 0.01238851593729784 141
1694439149040 0.01282604611574123 142
1694439149079 0.01327262963872633 143
1694439149119 0.013728416286613365 144
1694439149161 0.014193557497187537 145
1694439149195 0.014668206355476276 146
1694439149234 0.015152517582212477 147
1694439149280 0.015646647520881407 148
1694439149316 0.016150754123306688 149
1694439149348 0.016664996933738796 150
1694439149386 0.017189537071402472 151
1694439149425 0.017724537211434743 152
1694439149462 0.018270161564158505 153
1694439149495 0.018826575852666005 154
1694439149536 0.019393947288660285 155
1694439149566 0.019972444546469736 156
1694439149596 0.02056223773521848 157
1694439149627 0.021163498369094147 158
1694439149657 0.021776399335639463 159
1694439149688 0.02240111486203855 160
1694439149720 0.023037820479351323 161
1694439149759 0.02368669298462167 162
1694439149792 0.02434791040080453 163
1694439149832 0.02502165193448591 164
1694439149868 0.025708097931339435 165
1694439149899 0.026407429829239826 166
1694439149932 0.02711983010902208 167
1694439149968 0.02784548224279304 168
1694439149999 0.0285845706397988 169
1694439150040 0.02933728058974172 170
1694439150069 0.030103798203555354 171
1694439150102 0.03088431035154615 172
1694439150134 0.031679004598883176 173
1694439150168 0.032488069138369435 174
1694439150200 0.033311692720503716 175
1694439150230 0.034150064580706574 176
1694439150268 0.0350033743637449 177
1694439150311 0.035871812045320306 178
1694439150348 0.036755567850690896 179
1694439150381 0.037654832170452734 180
1694439150417 0.03856979547326744 181
1694439150449 0.03950064821569432 182
1694439150485 0.040447580748936396 183
1694439150522 0.041410783222598835 184
1694439150550 0.0423904454853673 185
1694439150583 0.043386756982663144 186
1694439150615 0.044399906651166554 187
1694439150649 0.045430082810281935 188
1694439150680 0.04647747305054173 189
1694439150710 0.04754226411886775 190
1694439150742 0.048624641800777746 191
1694439150771 0.049724790799546614 192
1694439150806 0.050842894612251 193
1694439150839 0.051979135402817955 194
1694439150870 0.05313369387204436 195
1694439150902 0.05430674912463196 196
1694439150933 0.05549847853327694 197
1694439150966 0.05670905759983491 198
1694439151010 0.057938659813659865 199
1694439151049 0.05918745650709756 200
1694439151090 0.06045561670826538 201
1694439151122 0.06174330699111952 202
1694439151154 0.06305069132292918 203
1694439151186 0.06437793090924104 204
1694439151220 0.06572518403636896 205
1694439151252 0.0670926059115754 206
1694439151286 0.0684803485009513 207
1694439151319 0.06988856036522806 208
1694439151354 0.07131738649353392 209
1694439151388 0.07276696813524242 210
1694439151422 0.07423744263008814 211
1694439151463 0.07572894323664758 212
1694439151510 0.07724159895932103 213
1694439151551 0.07877553437406715 214
1694439151590 0.0803308694528625 215
1694439151628 0.08190771938729935 216
1694439151666 0.0835061944113139 217
1694439151696 0.0851263996232745 218
1694439151730 0.08676843480773067 219
1694439151764 0.08843239425685445 220
1694439151798 0.09011836659191164 221
1694439151836 0.09182643458497752 222
1694439151872 0.0935566749809954 223
1694439151908 0.09530915832061382 224
1694439151942 0.0970839487638343 225
1694439151973 0.09888110391487404 226
1694439152004 0.10070067464838983 227
1694439152039 0.10254270493742867 228
1694439152070 0.10440723168323429 229
1694439152104 0.1062942845472854 230
1694439152135 0.10820388578584605 231
1694439152166 0.11013605008719585 232
1694439152198 0.11209078441195408 233
1694439152234 0.11406808783671418 234
1694439152266 0.11606795140127624 235
1694439152295 0.11809035795983136 236
1694439152324 0.12013528203630974 237
1694439152358 0.12220268968425685 238
1694439152389 0.12429253835149967 239
1694439152419 0.12640477674993433 240
1694439152452 0.1285393447306732 241
1694439152489 0.13069617316493065 242
1694439152517 0.13287518383085595 243
1694439152550 0.1350762893067169 244
1694439152584 0.1372993928705719 245
1694439152616 0.1395443884068721 246
1694439152647 0.1418111603201535 247
1694439152690 0.1440995834561909 248
1694439152758 0.14640952303081345 249
1694439152815 0.14874083456664977 250
1694439152874 0.15109336383809413 251
1694439152909 0.1534669468247315 252
1694439152938 0.1558614096734352 253
1694439152966 0.1582765686693235 254
1694439153000 0.16071223021594006 255
1694439153032 0.16316819082465395 256
1694439153062 0.1656442371136202 257
1694439153098 0.16814014581646108 258
1694439153129 0.17065568380072582 259
1694439153159 0.17319060809640896 260
1694439153191 0.17574466593455185 261
1694439153220 0.17831759479615528 262
1694439153255 0.18090912247134994 263
1694439153285 0.18351896712905869 264
1694439153315 0.18614683739710092 265
1694439153348 0.18879243245287047 266
1694439153380 0.19145544212452592 267
1694439153410 0.19413554700278535 268
1694439153439 0.19683241856322242 269
1694439153468 0.19954571929912346 270
1694439153500 0.20227510286476302 271
1694439153543 0.20502021422910788 272
1694439153574 0.20778068983979547 273
1694439153608 0.21055615779723613 274
1694439153640 0.21334623803886166 275
1694439153675 0.21615054253314137 276
1694439153703 0.21896867548337695 277
1694439153733 0.22180023354094758 278
1694439153764 0.2246448060279107 279
1694439153794 0.22750197516856463 280
1694439153823 0.23037131632984498 281
1694439153857 0.23325239827024635 282
1694439153888 0.23614478339693756 283
1694439153920 0.2390480280307633 284
1694439153951 0.24196168267885054 285
1694439153985 0.2448852923144199 286
1694439154017 0.24781839666346062 287
1694439154049 0.25076053049786695 288
1694439154083 0.2537112239347057 289
1694439154119 0.25667000274110985 290
1694439154158 0.2596363886444871 291
1694439154189 0.26260989964748205 292
1694439154218 0.265590050347434 293
1694439154252 0.2685763522596508 294
1694439154280 0.27156831414426597 295
1694439154315 0.27456544233604074 296
1694439154351 0.2775672410767298 297
1694439154381 0.28057321284950587 298
1694439154420 0.28358285871495725 299
1694439154453 0.2865956786482089 300
1694439154482 0.289611171876588 301
1694439154517 0.292628837217499 302
1694439154551 0.2956481734158909 303
1694439154580 0.29866867948087805 304
1694439154614 0.30168985502105206 305
1694439154646 0.3047112005780215 306
1694439154674 0.3077322179576478 307
1694439154709 0.3107524105585775 308
1694439154742 0.31377128369761353 309
1694439154773 0.3167883449314085 310
1694439154814 0.31980310437415094 311
1694439154848 0.3228150750107479 312
1694439154880 0.3258237730051131 313
1694439154919 0.3288287180031553 314
1694439154957 0.3318294334300985 315
1694439154986 0.3348254467817253 316
1694439155024 0.33781628990924495 317
1694439155058 0.34080149929740233 318
1694439155085 0.34378061633546997 319
1694439155120 0.34675318758095164 320
1694439155154 0.34971876501550436 321
1694439155183 0.3526769062930405 322
1694439155219 0.3556271749795179 323
1694439155256 0.35856914078439606 324
1694439155285 0.3615023797834106 325
1694439155326 0.3644264746324951 326
1694439155363 0.3673410147727195 327
1694439155394 0.3702455966260263 328
1694439155428 0.3731398237816925 329
1694439155459 0.3760233071733253 330
1694439155488 0.37889566524634744 331
1694439155520 0.3817565241158897 332
1694439155552 0.38460551771497775 333
1694439155581 0.38744228793304036 334
1694439155608 0.39026648474467873 335
1694439155634 0.39307776632866687 336
1694439155664 0.39587579917728477 337
1694439155692 0.39866025819588313 338
1694439155724 0.4014308267928316 339
1694439155752 0.4041871969598846 340
1694439155781 0.4069290693430295 341
1694439155818 0.40965615330388083 342
1694439155852 0.4123681669718242 343
1694439155883 0.41506483728691257 344
1694439155922 0.41774590003377643 345
1694439155956 0.42041109986653813 346
1694439155983 0.42306019032508424 347
1694439156034 0.42569293384266327 348
1694439156082 0.4283091017451698 349
1694439156132 0.4309084742421936 350
1694439156164 0.4334908404100565 351
1694439156198 0.4360559981670765 352
1694439156231 0.4386037542412633 353
1694439156264 0.4411339241306601 354
1694439156299 0.44364633205654413 355
1694439156330 0.4461408109097631 356
1694439156362 0.4486172021904513 357
1694439156391 0.4510753559412988 358
1694439156421 0.4535151306746995 359
1694439156461 0.45593639329402913 360
1694439156510 0.45833901900921326 361
1694439156540 0.4607228912469785 362
1694439156573 0.46308790155592805 363
1694439156622 0.4654339495067604 364
1694439156669 0.4677609425878827 365
1694439156719 0.47006879609663565 366
1694439156775 0.4723574330264313 367
1694439156818 0.4746267839500692 368
1694439156851 0.4768767868993914 369
1694439156881 0.47910738724164426 370
1694439156919 0.48131853755271437 371
1694439156955 0.4835101974874998 372
1694439156986 0.4856823336476769 373
1694439157023 0.4878349194470718 374
1694439157053 0.4899679349748667 375
1694439157085 0.49208136685691983 376
1694439157119 0.49417520811530913 377
1694439157152 0.4962494580264679 378
1694439157181 0.4983041219779586 379
1694439157209 0.5003392113242379 380
1694439157236 0.5023547432415059 381
1694439157268 0.5043507405818892 382
1694439157299 0.5063272317271261 383
1694439157330 0.5082842504419447 384
1694439157365 0.510221835727272 385
1694439157393 0.5121400316735301 386
1694439157421 0.5140388873140584 387
1694439157452 0.5159184564789341 388
1694439157480 0.5177787976492711 389
1694439157509 0.5196199738121414 390
1694439157554 0.5214420523163081 391
1694439157582 0.5232451047288363 392
1694439157618 0.5250292066927413 393
1694439157651 0.5267944377858008 394
1694439157680 0.5285408813805904 395
1694439157707 0.5302686245059038 396
1694439157737 0.531977757709654 397
1694439157771 0.5336683749232795 398
1694439157803 0.5353405733278364 399
1694439157831 0.5369944532217827 400
1694439157865 0.5386301178905833 401
1694439157898 0.5402476734781737 402
1694439157929 0.5418472288603362 403
1694439157961 0.5434288955201014 404
1694439157993 0.5449927874251601 405
1694439158023 0.5465390209074054 406
1694439158054 0.5480677145445758 407
1694439158084 0.5495789890440983 408
1694439158117 0.5510729671291374 409
1694439158150 0.552549773426888 410
1694439158182 0.554009534359137 411
1694439158216 0.5554523780351055 412
1694439158249 0.5568784341466321 413
1694439158282 0.5582878338656374 414
1694439158316 0.5596807097439495 415
1694439158347 0.5610571956154793 416
1694439158382 0.5624174265007159 417
1694439158416 0.5637615385135889 418
1694439158443 0.5650896687706729 419
1694439158471 0.5664019553027344 420
1694439158500 0.5676985369685988 421
1694439158528 0.5689795533713642 422
1694439158555 0.5702451447769147 423
1694439158584 0.5714954520347114 424
1694439158618 0.572730616500901 425
1694439158649 0.5739507799636527 426
1694439158681 0.5751560845707506 427
1694439158709 0.5763466727594053 428
1694439158737 0.577522687188236 429
1694439158769 0.5786842706714583 430
1694439158802 0.5798315661151767 431
1694439158835 0.5809647164558156 432
1694439158870 0.5820838646006119 433
1694439158903 0.5831891533701703 434
1694439158937 0.584280725443045 435
1694439158968 0.585358723302295 436
1694439158998 0.5864232891840067 437
1694439159033 0.5874745650277285 438
1694439159072 0.5885126924288011 439
1694439159099 0.589537812592519 440
1694439159142 0.5905500662901375 441
1694439159180 0.5915495938166313 442
1694439159217 0.5925365349502161 443
1694439159252 0.5935110289135535 444
1694439159289 0.5944732143366587 445
1694439159322 0.5954232292214124 446
1694439159355 0.5963612109076745 447
1694439159390 0.5972872960409709 448
1694439159421 0.598201620541682 449
1694439159452 0.5991043195757362 450
1694439159483 0.5999955275267341 451
1694439159515 0.6008753779694982 452
1694439159549 0.6017440036449868 453
1694439159580 0.6026015364365546 454
1694439159612 0.6034481073475184 455
1694439159650 0.6042838464799825 456
1694439159682 0.6051088830148988 457
1694439159715 0.6059233451933411 458
1694439159749 0.6067273602989145 459
1694439159781 0.6075210546413196 460
1694439159814 0.6083045535409952 461
1694439159848 0.6090779813148393 462
1694439159883 0.6098414612629535 463
1694439159919 0.6105951156563751 464
1694439159957 0.6113390657258007 465
1694439160000 0.6120734316512181 466
1694439160042 0.6127983325524664 467
1694439160083 0.6135138864806567 468
1694439160116 0.6142202104104421 469
1694439160150 0.6149174202331138 470
1694439160182 0.6156056307504708 471
1694439160213 0.6162849556694572 472
1694439160259 0.616955507597538 473
1694439160291 0.6176173980387774 474
1694439160330 0.6182707373906005 475
1694439160366 0.6189156349411999 476
1694439160400 0.6195521988675928 477
1694439160435 0.6201805362342695 478
1694439160471 0.6208007529924284 479
1694439160502 0.6214129539797735 480
1694439160535 0.6220172429208455 481
1694439160568 0.6226137224278747 482
1694439160602 0.6232024940021135 483
1694439160635 0.6237836580356578 484
1694439160667 0.6243573138137188 485
1694439160700 0.6249235595173035 486
1694439160732 0.6254824922263542 487
1694439160766 0.6260342079232333 488
1694439160797 0.6265788014966203 489
1694439160828 0.6271163667457543 490
1694439160864 0.6276469963850142 491
1694439160894 0.6281707820488278 492
1694439160927 0.6286878142969005 493
1694439160973 0.6291981826197136 494
1694439161008 0.6297019754443238 495
1694439161043 0.6301992801404113 496
1694439161080 0.6306901830265871 497
1694439161108 0.631174769376922 498
1694439161139 0.6316531234277105 499
