1694443501382 0.0 0
1694443501653 0.0 1
1694443501945 0.0 2
1694443502218 0.0 3
1694443502517 0.0 4
1694443502796 0.0 5
1694443503083 0.0 6
1694443503376 0.0 7
1694443503640 0.0 8
1694443503944 0.0 9
1694443504262 0.0 10
1694443504575 0.0 11
1694443504923 0.0 12
1694443505262 0.0 13
1694443505566 0.0 14
1694443505838 0.0 15
1694443506116 0.0 16
1694443506397 0.0 17
1694443506679 0.0 18
1694443506961 0.0 19
1694443507246 0.0 20
1694443507518 0.0 21
1694443507807 0.0 22
1694443508096 0.0 23
1694443508369 0.0 24
1694443508666 0.0 25
1694443508945 0.0 26
1694443509216 0.0 27
1694443509498 0.0 28
1694443509792 0.0 29
1694443510062 0.0 30
1694443510347 0.0 31
1694443510640 0.0 32
1694443510916 0.0 33
1694443511189 0.0 34
1694443511469 0.0 35
1694443511755 0.0 36
1694443512036 0.0 37
1694443512313 0.0 38
1694443512582 0.0 39
1694443512852 0.0 40
1694443513169 0.0 41
1694443513450 0.0 42
1694443513747 0.0 43
1694443514021 0.0 44
1694443514313 0.0 45
1694443514590 0.0 46
1694443514877 0.0 47
1694443515151 0.0 48
1694443515458 0.0 49
1694443515727 0.0 50
1694443516014 0.0 51
1694443516278 0.0 52
1694443516556 0.0 53
1694443516829 0.0 54
1694443517107 0.0 55
1694443517401 0.0 56
1694443517652 0.0 57
1694443517901 0.0 58
1694443518152 0.0 59
1694443518423 0.0 60
1694443518722 0.0 61
1694443518988 0.0 62
1694443519257 0.0 63
1694443519546 0.0 64
1694443519847 0.0 65
1694443520117 0.0 66
1694443520416 0.0 67
1694443520726 0.0 68
1694443521017 0.0 69
1694443521321 0.0 70
1694443521611 0.0 71
1694443521895 0.0 72
1694443522189 0.0 73
1694443522475 0.0 74
1694443522750 0.0 75
1694443523023 0.0 76
1694443523305 0.0 77
1694443523578 0.0 78
1694443523868 0.0 79
1694443524149 0.0 80
1694443524435 0.0 81
1694443524715 0.0 82
1694443524984 0.0 83
1694443525287 0.0 84
1694443525577 0.0 85
1694443525893 0.0 86
1694443526197 0.0 87
1694443526472 0.0 88
1694443526774 0.0 89
1694443527063 0.0 90
1694443527356 0.0 91
1694443527631 0.0 92
1694443527909 0.0 93
1694443528195 0.0 94
1694443528480 0.0 95
1694443528759 0.0 96
1694443529017 0.0 97
1694443529307 0.0 98
1694443529599 0.0 99
1694443529881 0.0 100
1694443530161 0.0 101
1694443530452 0.0 102
1694443530775 0.0 103
1694443531061 0.0 104
1694443531351 0.0 105
1694443531632 0.0 106
1694443531923 0.0 107
1694443532216 0.0 108
1694443532505 0.0 109
1694443532794 0.0 110
1694443533084 0.0 111
1694443533366 0.0 112
1694443533642 0.0 113
1694443533939 0.0 114
1694443534225 0.0 115
1694443534500 0.0 116
1694443534782 0.0 117
1694443535074 0.0 118
1694443535369 0.0 119
1694443535646 0.0 120
1694443535918 0.0 121
1694443536214 0.0 122
1694443536505 0.0 123
1694443536830 0.0 124
1694443537104 0.0 125
1694443537384 0.0 126
1694443537666 0.0 127
1694443537951 0.0 128
1694443538245 0.0 129
1694443538524 0.0 130
1694443538808 0.0 131
1694443539088 0.0 132
1694443539371 0.0 133
1694443539674 0.0 134
1694443539958 0.0 135
1694443540244 0.0 136
1694443540513 0.0 137
1694443540818 0.0 138
1694443541087 0.0 139
1694443541410 0.0 140
1694443541727 0.0 141
1694443542032 0.0 142
1694443542350 0.0 143
1694443542636 0.0 144
1694443542927 0.0 145
1694443543233 0.0 146
1694443543533 0.0 147
1694443543814 0.0 148
1694443544135 0.0 149
1694443544425 0.0 150
1694443544686 0.0 151
1694443544979 0.0 152
1694443545305 0.0 153
1694443545601 0.0 154
1694443545870 0.0 155
1694443546200 0.0 156
1694443546465 0.0 157
1694443546751 0.0 158
1694443547038 0.0 159
1694443547331 0.0 160
1694443547610 0.0 161
1694443547907 0.0 162
1694443548184 0.0 163
1694443548475 0.0 164
1694443548778 0.0 165
1694443549070 0.0 166
1694443549369 0.0 167
1694443549640 0.0 168
1694443549974 0.0 169
1694443550255 0.0 170
1694443550523 0.0 171
1694443550803 0.0 172
1694443551095 0.0 173
1694443551383 0.0 174
1694443551669 0.0 175
1694443551982 0.0 176
1694443552257 0.0 177
1694443552546 0.0 178
1694443552825 0.0 179
1694443553096 0.0 180
1694443553387 0.0 181
1694443553676 0.0 182
1694443553964 0.0 183
1694443554239 0.0 184
1694443554535 0.0 185
1694443554820 0.0 186
1694443555106 0.0 187
1694443555401 0.0 188
1694443555686 0.0 189
1694443555965 0.0 190
1694443556231 0.0 191
1694443556493 0.0 192
1694443556767 0.0 193
1694443557040 0.0 194
1694443557308 0.0 195
1694443557589 0.0 196
1694443557882 0.0 197
1694443558154 0.0 198
1694443558460 0.0 199
1694443558748 0.0 200
1694443559030 0.0 201
1694443559317 0.0 202
1694443559598 0.0 203
1694443559864 0.0 204
1694443560160 0.0 205
1694443560451 0.0 206
1694443560734 0.0 207
1694443561038 0.0 208
1694443561314 0.0 209
1694443561585 0.0 210
1694443561888 0.0 211
1694443562163 0.0 212
1694443562451 0.0 213
1694443562718 0.0 214
1694443563000 0.0 215
1694443563285 0.0 216
1694443563571 0.0 217
1694443563872 0.0 218
1694443564191 0.0 219
1694443564478 0.0 220
1694443564795 0.0 221
1694443565055 0.0 222
1694443565344 0.0 223
1694443565620 0.0 224
1694443565945 0.0 225
1694443566245 0.0 226
1694443566531 0.0 227
1694443566839 0.0 228
1694443567119 0.0 229
1694443567413 0.0 230
1694443567684 0.0 231
1694443567970 0.0 232
1694443568247 0.0 233
1694443568574 0.0 234
1694443568862 0.0 235
1694443569133 0.0 236
1694443569438 0.0 237
1694443569709 0.0 238
1694443569980 0.0 239
1694443570262 0.0 240
1694443570533 0.0 241
1694443570814 0.0 242
1694443571120 0.0 243
1694443571398 0.0 244
1694443571679 0.0 245
1694443571957 0.0 246
1694443572233 0.0 247
1694443572514 0.0 248
1694443572794 0.0 249
1694443573054 0.0 250
1694443573334 0.0 251
1694443573616 0.0 252
1694443573882 0.0 253
1694443574170 0.0 254
1694443574462 0.0 255
1694443574741 0.0 256
1694443575021 0.0 257
1694443575303 0.0 258
1694443575585 0.0 259
1694443575854 0.0 260
1694443576140 0.0 261
1694443576431 0.0 262
1694443576721 0.0 263
1694443577003 0.0 264
1694443577279 0.0 265
1694443577552 0.0 266
1694443577812 0.0 267
1694443578110 0.0 268
1694443578397 0.0 269
1694443578698 0.0 270
1694443578968 0.0 271
1694443579278 0.0 272
1694443579563 0.0 273
1694443579854 0.0 274
1694443580146 0.0 275
1694443580445 0.0 276
1694443580724 0.0 277
1694443581002 0.0 278
1694443581327 0.0 279
1694443581623 0.0 280
1694443581896 0.0 281
1694443582186 0.0 282
1694443582465 0.0 283
1694443582744 0.0 284
1694443583019 0.0 285
1694443583301 0.0 286
1694443583579 0.0 287
1694443583853 0.0 288
1694443584143 0.0 289
1694443584485 0.0 290
1694443584786 0.0 291
1694443585066 0.0 292
1694443585339 0.0 293
1694443585623 0.0 294
1694443585905 0.0 295
1694443586202 0.0 296
1694443586470 0.0 297
1694443586751 0.0 298
1694443587086 0.0 299
1694443587367 0.0 300
1694443587634 0.0 301
1694443587904 0.0 302
1694443588185 0.0 303
1694443588467 0.0 304
1694443588733 0.0 305
1694443589005 0.0 306
1694443589302 0.0 307
1694443589579 0.0 308
1694443589864 0.0 309
1694443590155 0.0 310
1694443590446 0.0 311
1694443590713 0.0 312
1694443590999 0.0 313
1694443591286 0.0 314
1694443591575 0.0 315
1694443591855 0.0 316
1694443592146 0.0 317
1694443592448 0.0 318
1694443592730 0.0 319
1694443593004 0.0 320
1694443593289 0.0 321
1694443593585 0.0 322
1694443593887 0.0 323
1694443594153 0.0 324
1694443594469 0.0 325
1694443594776 0.0 326
1694443595056 0.0 327
1694443595336 0.0 328
1694443595610 0.0 329
1694443595882 0.0 330
1694443596157 0.0 331
1694443596444 0.0 332
1694443596720 0.0 333
1694443596979 0.0 334
1694443597348 0.0 335
1694443597626 0.0 336
1694443597893 0.0 337
1694443598170 0.0 338
1694443598437 0.0 339
1694443598709 0.0 340
1694443598979 0.0 341
1694443599237 0.0 342
1694443599502 0.0 343
1694443599781 0.0 344
1694443600072 0.0 345
1694443600362 0.0 346
1694443600639 0.0 347
1694443600923 0.0 348
1694443601194 0.0 349
1694443601493 0.0 350
1694443601767 0.0 351
1694443602006 0.0 352
1694443602265 0.0 353
1694443602547 0.0 354
1694443602823 0.0 355
1694443603091 0.0 356
1694443603382 0.0 357
1694443603666 0.0 358
1694443603922 0.0 359
1694443604202 0.0 360
1694443604478 0.0 361
1694443604760 0.0 362
1694443605039 0.0 363
1694443605325 0.0 364
1694443605582 0.0 365
1694443605849 0.0 366
1694443606101 0.0 367
1694443606358 0.0 368
1694443606615 0.0 369
1694443606880 0.0 370
1694443607150 0.0 371
1694443607452 0.0 372
1694443607747 0.0 373
1694443608015 0.0 374
1694443608311 0.0 375
1694443608594 0.0 376
1694443608872 0.0 377
1694443609176 0.0 378
1694443609452 0.0 379
1694443609713 0.0 380
1694443609984 0.0 381
1694443610280 0.0 382
1694443610605 0.0 383
1694443610873 0.0 384
1694443611141 0.0 385
1694443611425 0.0 386
1694443611709 0.0 387
1694443612000 0.0 388
1694443612278 0.0 389
1694443612548 0.0 390
1694443612834 0.0 391
1694443613119 0.0 392
1694443613387 0.0 393
1694443613661 0.0 394
1694443613921 0.0 395
1694443614204 0.0 396
1694443614492 0.0 397
1694443614757 0.0 398
1694443615001 0.0 399
1694443615272 0.0 400
1694443615531 0.0 401
1694443615777 0.0 402
1694443616027 0.0 403
1694443616287 0.0 404
1694443616531 0.0 405
1694443616769 0.0 406
1694443617018 0.0 407
1694443617275 0.0 408
1694443617541 0.0 409
1694443617814 0.0 410
1694443618060 0.0 411
1694443618339 0.0 412
1694443618622 0.0 413
1694443618904 0.0 414
1694443619184 0.0 415
1694443619460 0.0 416
1694443619747 0.0 417
1694443620019 0.0 418
1694443620278 0.0 419
1694443620541 0.0 420
1694443620786 0.0 421
1694443621051 0.0 422
1694443621321 0.0 423
1694443621611 0.0 424
1694443621874 0.0 425
1694443622132 0.0 426
1694443622400 0.0 427
1694443622672 0.0 428
1694443622940 0.0 429
1694443623228 0.0 430
1694443623508 0.0 431
1694443623795 0.0 432
1694443624089 0.0 433
1694443624401 0.0 434
1694443624699 0.0 435
1694443624972 0.0 436
1694443625253 0.0 437
1694443625515 0.0 438
1694443625803 0.0 439
1694443626082 0.0 440
1694443626408 0.0 441
1694443626714 0.0 442
1694443626985 0.0 443
1694443627265 0.0 444
1694443627558 0.0 445
1694443627847 0.0 446
1694443628153 0.0 447
1694443628439 0.0 448
1694443628713 0.0 449
1694443628984 0.0 450
1694443629266 0.0 451
1694443629533 0.0 452
1694443629785 0.0 453
1694443630031 0.0 454
1694443630309 0.0 455
1694443630556 0.0 456
1694443630806 0.0 457
1694443631051 0.0 458
1694443631292 0.0 459
1694443631541 0.0 460
1694443631794 0.0 461
1694443632047 0.0 462
1694443632340 0.0 463
1694443632622 0.0 464
1694443632877 0.0 465
1694443633141 0.0 466
1694443633415 0.0 467
1694443633693 0.0 468
1694443633960 0.0 469
1694443634229 0.0 470
1694443634521 0.0 471
1694443634791 0.0 472
1694443635068 0.0 473
1694443635346 0.0 474
1694443635632 0.0 475
1694443635902 0.0 476
1694443636171 0.0 477
1694443636453 0.0 478
1694443636720 0.0 479
1694443637010 0.0 480
1694443637282 0.0 481
1694443637583 0.0 482
1694443637841 0.0 483
1694443638111 0.0 484
1694443638364 0.0 485
1694443638638 0.0 486
1694443638935 0.0 487
1694443639222 0.0 488
1694443639492 0.0 489
1694443639772 0.0 490
1694443640060 0.0 491
1694443640349 0.0 492
1694443640633 0.0 493
1694443640904 0.0 494
1694443641160 0.0 495
1694443641426 0.0 496
1694443641707 0.0 497
1694443642013 0.0 498
1694443642305 0.0 499
