1694443079695 0.0 0
1694443079979 0.0 1
1694443080311 0.0 2
1694443080591 0.0 3
1694443080893 0.0 4
1694443081198 0.0 5
1694443081496 0.0 6
1694443081852 0.0 7
1694443082136 0.0 8
1694443082433 0.0 9
1694443082732 0.0 10
1694443083023 0.0 11
1694443083311 0.0 12
1694443083679 0.0 13
1694443084014 0.0 14
1694443084291 0.0 15
1694443084559 0.0 16
1694443084920 0.0 17
1694443085232 0.0 18
1694443085507 0.0 19
1694443085775 0.0 20
1694443086052 0.0 21
1694443086358 0.0 22
1694443086645 0.0 23
1694443086942 0.0 24
1694443087206 0.0 25
1694443087481 0.0 26
1694443087761 0.0 27
1694443088056 0.0 28
1694443088348 0.0 29
1694443088622 0.0 30
1694443088908 0.0 31
1694443089190 0.0 32
1694443089477 0.0 33
1694443089766 0.0 34
1694443090048 0.0 35
1694443090337 0.0 36
1694443090620 0.0 37
1694443090910 0.0 38
1694443091203 0.0 39
1694443091492 0.0 40
1694443091778 0.0 41
1694443092049 0.0 42
1694443092316 0.0 43
1694443092604 0.0 44
1694443092863 0.0 45
1694443093137 0.0 46
1694443093423 0.0 47
1694443093719 0.0 48
1694443094009 0.0 49
1694443094293 0.0 50
1694443094586 0.0 51
1694443094855 0.0 52
1694443095136 0.0 53
1694443095419 0.0 54
1694443095710 0.0 55
1694443095992 0.0 56
1694443096256 0.0 57
1694443096545 0.0 58
1694443096814 0.0 59
1694443097081 0.0 60
1694443097347 0.0 61
1694443097653 0.0 62
1694443097940 0.0 63
1694443098222 0.0 64
1694443098499 0.0 65
1694443098789 0.0 66
1694443099090 0.0 67
1694443099387 0.0 68
1694443099645 0.0 69
1694443099937 0.0 70
1694443100226 0.0 71
1694443100511 0.0 72
1694443100801 0.0 73
1694443101060 0.0 74
1694443101364 0.0 75
1694443101618 0.0 76
1694443101906 0.0 77
1694443102202 0.0 78
1694443102493 0.0 79
1694443102760 0.0 80
1694443103035 0.0 81
1694443103311 0.0 82
1694443103587 0.0 83
1694443103896 0.0 84
1694443104175 0.0 85
1694443104447 0.0 86
1694443104696 0.0 87
1694443104950 0.0 88
1694443105214 0.0 89
1694443105499 0.0 90
1694443105783 0.0 91
1694443106060 0.0 92
1694443106360 0.0 93
1694443106659 0.0 94
1694443106948 0.0 95
1694443107228 0.0 96
1694443107507 0.0 97
1694443107767 0.0 98
1694443108029 0.0 99
1694443108301 0.0 100
1694443108576 0.0 101
1694443108847 0.0 102
1694443109128 0.0 103
1694443109426 0.0 104
1694443109706 0.0 105
1694443109974 0.0 106
1694443110256 0.0 107
1694443110522 0.0 108
1694443110795 0.0 109
1694443111070 0.0 110
1694443111334 0.0 111
1694443111598 0.0 112
1694443111897 0.0 113
1694443112186 0.0 114
1694443112453 0.0 115
1694443112730 0.0 116
1694443113005 0.0 117
1694443113296 0.0 118
1694443113578 0.0 119
1694443113875 0.0 120
1694443114172 0.0 121
1694443114454 0.0 122
1694443114732 0.0 123
1694443114999 0.0 124
1694443115271 0.0 125
1694443115545 0.0 126
1694443115804 0.0 127
1694443116092 0.0 128
1694443116374 0.0 129
1694443116662 0.0 130
1694443116930 0.0 131
1694443117205 0.0 132
1694443117467 0.0 133
1694443117730 0.0 134
1694443118020 0.0 135
1694443118299 0.0 136
1694443118559 0.0 137
1694443118836 0.0 138
1694443119109 0.0 139
1694443119406 0.0 140
1694443119695 0.0 141
1694443119946 0.0 142
1694443120234 0.0 143
1694443120517 0.0 144
1694443120815 0.0 145
1694443121087 0.0 146
1694443121365 0.0 147
1694443121626 0.0 148
1694443121908 0.0 149
1694443122199 0.0 150
1694443122478 0.0 151
1694443122764 0.0 152
1694443123044 0.0 153
1694443123307 0.0 154
1694443123595 0.0 155
1694443123845 0.0 156
1694443124236 0.0 157
1694443124509 0.0 158
1694443124771 0.0 159
1694443125038 0.0 160
1694443125308 0.0 161
1694443125575 0.0 162
1694443125854 0.0 163
1694443126117 0.0 164
1694443126384 0.0 165
1694443126683 0.0 166
1694443126960 0.0 167
1694443127229 0.0 168
1694443127518 0.0 169
1694443127810 0.0 170
1694443128106 0.0 171
1694443128391 0.0 172
1694443128653 0.0 173
1694443128937 0.0 174
1694443129215 0.0 175
1694443129528 0.0 176
1694443129801 0.0 177
1694443130073 0.0 178
1694443130348 0.0 179
1694443130611 0.0 180
1694443130877 0.0 181
1694443131161 0.0 182
1694443131456 0.0 183
1694443131758 0.0 184
1694443132023 0.0 185
1694443132298 0.0 186
1694443132569 0.0 187
1694443132852 0.0 188
1694443133133 0.0 189
1694443133418 0.0 190
1694443133701 0.0 191
1694443133994 0.0 192
1694443134285 0.0 193
1694443134568 0.0 194
1694443134852 0.0 195
1694443135128 0.0 196
1694443135398 0.0 197
1694443135671 0.0 198
1694443135956 0.0 199
1694443136223 0.0 200
1694443136491 0.0 201
1694443136746 0.0 202
1694443137051 0.0 203
1694443137353 0.0 204
1694443137623 0.0 205
1694443137929 0.0 206
1694443138209 0.0 207
1694443138480 0.0 208
1694443138732 0.0 209
1694443138978 0.0 210
1694443139234 0.0 211
1694443139483 0.0 212
1694443139730 0.0 213
1694443140017 0.0 214
1694443140304 0.0 215
1694443140577 0.0 216
1694443140837 0.0 217
1694443141087 0.0 218
1694443141363 0.0 219
1694443141618 0.0 220
1694443141876 0.0 221
1694443142177 0.0 222
1694443142468 0.0 223
1694443142752 0.0 224
1694443143025 0.0 225
1694443143317 0.0 226
1694443143627 0.0 227
1694443143898 0.0 228
1694443144176 0.0 229
1694443144452 0.0 230
1694443144733 0.0 231
1694443144992 0.0 232
1694443145275 0.0 233
1694443145600 0.0 234
1694443145874 0.0 235
1694443146177 0.0 236
1694443146450 0.0 237
1694443146774 0.0 238
1694443147032 0.0 239
1694443147315 0.0 240
1694443147586 0.0 241
1694443147846 0.0 242
1694443148136 0.0 243
1694443148444 0.0 244
1694443148702 0.0 245
1694443148968 0.0 246
1694443149262 0.0 247
1694443149557 0.0 248
1694443149829 0.0 249
1694443150105 0.0 250
1694443150385 0.0 251
1694443150676 0.0 252
1694443150941 0.0 253
1694443151212 0.0 254
1694443151492 0.0 255
1694443151777 0.0 256
1694443152057 0.0 257
1694443152356 0.0 258
1694443152648 0.0 259
1694443152910 0.0 260
1694443153177 0.0 261
1694443153442 0.0 262
1694443153694 0.0 263
1694443153952 0.0 264
1694443154203 0.0 265
1694443154466 0.0 266
1694443154736 0.0 267
1694443155034 0.0 268
1694443155298 0.0 269
1694443155557 0.0 270
1694443155817 0.0 271
1694443156072 0.0 272
1694443156349 0.0 273
1694443156605 0.0 274
1694443156912 0.0 275
1694443157189 0.0 276
1694443157460 0.0 277
1694443157733 0.0 278
1694443158003 0.0 279
1694443158291 0.0 280
1694443158571 0.0 281
1694443158838 0.0 282
1694443159108 0.0 283
1694443159378 0.0 284
1694443159672 0.0 285
1694443159940 0.0 286
1694443160224 0.0 287
1694443160493 0.0 288
1694443160753 0.0 289
1694443161036 0.0 290
1694443161326 0.0 291
1694443161589 0.0 292
1694443161874 0.0 293
1694443162160 0.0 294
1694443162472 0.0 295
1694443162760 0.0 296
1694443163053 0.0 297
1694443163345 0.0 298
1694443163624 0.0 299
1694443163901 0.0 300
1694443164219 0.0 301
1694443164509 0.0 302
1694443164791 0.0 303
1694443165073 0.0 304
1694443165356 0.0 305
1694443165638 0.0 306
1694443165907 0.0 307
1694443166192 0.0 308
1694443166472 0.0 309
1694443166745 0.0 310
1694443167034 0.0 311
1694443167309 0.0 312
1694443167576 0.0 313
1694443167860 0.0 314
1694443168148 0.0 315
1694443168420 0.0 316
1694443168698 0.0 317
1694443168970 0.0 318
1694443169277 0.0 319
1694443169554 0.0 320
1694443169828 0.0 321
1694443170107 0.0 322
1694443170372 0.0 323
1694443170650 0.0 324
1694443170907 0.0 325
1694443171165 0.0 326
1694443171424 0.0 327
1694443171677 0.0 328
1694443171931 0.0 329
1694443172222 0.0 330
1694443172504 0.0 331
1694443172769 0.0 332
1694443173029 0.0 333
1694443173291 0.0 334
1694443173587 0.0 335
1694443173873 0.0 336
1694443174166 0.0 337
1694443174503 0.0 338
1694443174789 0.0 339
1694443175065 0.0 340
1694443175351 0.0 341
1694443175655 0.0 342
1694443175936 0.0 343
1694443176231 0.0 344
1694443176528 0.0 345
1694443176816 0.0 346
1694443177088 0.0 347
1694443177378 0.0 348
1694443177637 0.0 349
1694443177912 0.0 350
1694443178192 0.0 351
1694443178467 0.0 352
1694443178761 0.0 353
1694443179046 0.0 354
1694443179318 0.0 355
1694443179594 0.0 356
1694443179868 0.0 357
1694443180145 0.0 358
1694443180436 0.0 359
1694443180702 0.0 360
1694443180984 0.0 361
1694443181250 0.0 362
1694443181517 0.0 363
1694443181773 0.0 364
1694443182025 0.0 365
1694443182274 0.0 366
1694443182538 0.0 367
1694443182820 0.0 368
1694443183083 0.0 369
1694443183371 0.0 370
1694443183649 0.0 371
1694443183941 0.0 372
1694443184221 0.0 373
1694443184567 0.0 374
1694443184849 0.0 375
1694443185133 0.0 376
1694443185400 0.0 377
1694443185650 0.0 378
1694443185899 0.0 379
1694443186171 0.0 380
1694443186418 0.0 381
1694443186692 0.0 382
1694443186961 0.0 383
1694443187255 0.0 384
1694443187531 0.0 385
1694443187809 0.0 386
1694443188089 0.0 387
1694443188368 0.0 388
1694443188646 0.0 389
1694443188935 0.0 390
1694443189216 0.0 391
1694443189500 0.0 392
1694443189786 0.0 393
1694443190046 0.0 394
1694443190322 0.0 395
1694443190602 0.0 396
1694443190885 0.0 397
1694443191174 0.0 398
1694443191451 0.0 399
1694443191738 0.0 400
1694443192021 0.0 401
1694443192293 0.0 402
1694443192548 0.0 403
1694443192814 0.0 404
1694443193071 0.0 405
1694443193335 0.0 406
1694443193611 0.0 407
1694443193888 0.0 408
1694443194148 0.0 409
1694443194416 0.0 410
1694443194689 0.0 411
1694443194975 0.0 412
1694443195275 0.0 413
1694443195554 0.0 414
1694443195823 0.0 415
1694443196118 0.0 416
1694443196405 0.0 417
1694443196708 0.0 418
1694443196999 0.0 419
1694443197292 0.0 420
1694443197569 0.0 421
1694443197829 0.0 422
1694443198095 0.0 423
1694443198372 0.0 424
1694443198627 0.0 425
1694443198890 0.0 426
1694443199138 0.0 427
1694443199398 0.0 428
1694443199664 0.0 429
1694443199910 0.0 430
1694443200211 0.0 431
1694443200473 0.0 432
1694443200733 0.0 433
1694443200985 0.0 434
1694443201237 0.0 435
1694443201489 0.0 436
1694443201757 0.0 437
1694443202036 0.0 438
1694443202318 0.0 439
1694443202632 0.0 440
1694443202940 0.0 441
1694443203217 0.0 442
1694443203497 0.0 443
1694443203788 0.0 444
1694443204080 0.0 445
1694443204342 0.0 446
1694443204666 0.0 447
1694443204946 0.0 448
1694443205242 0.0 449
1694443205514 0.0 450
1694443205766 0.0 451
1694443206057 0.0 452
1694443206359 0.0 453
1694443206650 0.0 454
1694443206940 0.0 455
1694443207207 0.0 456
1694443207492 0.0 457
1694443207779 0.0 458
1694443208049 0.0 459
1694443208341 0.0 460
1694443208604 0.0 461
1694443208858 0.0 462
1694443209112 0.0 463
1694443209372 0.0 464
1694443209634 0.0 465
1694443209894 0.0 466
1694443210152 0.0 467
1694443210441 0.0 468
1694443210723 0.0 469
1694443211013 0.0 470
1694443211295 0.0 471
1694443211545 0.0 472
1694443211845 0.0 473
1694443212158 0.0 474
1694443212430 0.0 475
1694443212744 0.0 476
1694443213019 0.0 477
1694443213289 0.0 478
1694443213576 0.0 479
1694443213849 0.0 480
1694443214134 0.0 481
1694443214462 0.0 482
1694443214748 0.0 483
1694443215024 0.0 484
1694443215307 0.0 485
1694443215638 0.0 486
1694443215897 0.0 487
1694443216168 0.0 488
1694443216439 0.0 489
1694443216678 0.0 490
1694443216941 0.0 491
1694443217200 0.0 492
1694443217478 0.0 493
1694443217719 0.0 494
1694443217976 0.0 495
1694443218230 0.0 496
1694443218477 0.0 497
1694443218748 0.0 498
1694443219024 0.0 499
