1694443079687 1.1493197293774968 0
1694443079969 0.7997965985503116 1
1694443080303 0.9315723014840281 2
1694443080581 0.5001238825169674 3
1694443080886 0.3998116974768771 4
1694443081191 0.8507178267916462 5
1694443081487 1.138140197111854 6
1694443081842 0.2544437068245802 7
1694443082129 0.23448476382865444 8
1694443082424 0.37368052386723966 9
1694443082725 1.0898118613043561 10
1694443083016 0.5075144491360603 11
1694443083304 0.677984144884552 12
1694443083668 0.8176871053332039 13
1694443084006 0.9125037182783121 14
1694443084284 0.08185926048937978 15
1694443084551 0.22670201598460557 16
1694443084905 0.21094773492275995 17
1694443085225 0.49587275615339377 18
1694443085498 0.9877692183616498 19
1694443085767 0.9853205801330263 20
1694443086043 0.38415663980193876 21
1694443086349 0.0048472357828301385 22
1694443086638 0.051085382468384455 23
1694443086933 0.7133607003727205 24
1694443087198 0.8124459439852358 25
1694443087473 0.15724038013598005 26
1694443087754 0.17969379730970456 27
1694443088048 0.07173876052023573 28
1694443088340 0.7867389476395997 29
1694443088615 0.21187520473971178 30
1694443088901 0.6433216329549984 31
1694443089183 0.4003045841324093 32
1694443089470 0.32318166495229617 33
1694443089758 0.7916506357545219 34
1694443090041 1.1182303947402876 35
1694443090330 0.5864081421134194 36
1694443090612 0.2528823306076497 37
1694443090902 0.8502208457313915 38
1694443091195 1.573488422848839 39
1694443091484 0.3149518939509412 40
1694443091771 0.32515788007096647 41
1694443092041 0.6458847265060276 42
1694443092308 0.15440006642670312 43
1694443092597 0.189446762899309 44
1694443092855 0.4516715388491551 45
1694443093130 0.9617164012891279 46
1694443093416 1.5881798146507204 47
1694443093711 0.42178888914679513 48
1694443094000 0.3452590095587696 49
1694443094283 0.26305858947089883 50
1694443094576 0.49170916583023294 51
1694443094848 0.1663162595501855 52
1694443095128 0.31186947303164103 53
1694443095411 1.0279124856447233 54
1694443095703 0.49935547571848116 55
1694443095984 0.3801010294866039 56
1694443096247 0.5972880664894411 57
1694443096539 0.630896669567682 58
1694443096807 0.5115758570874209 59
1694443097075 0.24373548831382263 60
1694443097340 0.2186333553117242 61
1694443097643 0.49746282126342894 62
1694443097931 0.6232332626631087 63
1694443098214 0.4552049301023264 64
1694443098492 0.31812695526391943 65
1694443098781 0.5442249150219873 66
1694443099082 0.2095566178892142 67
1694443099379 0.16566550765296417 68
1694443099637 0.11110659601745483 69
1694443099931 0.22039305496430944 70
1694443100218 0.5909692473276894 71
1694443100504 0.009867813184019202 72
1694443100794 0.5429893258323552 73
1694443101051 0.05077198247688989 74
1694443101355 0.15692765117525873 75
1694443101610 1.1122129565789034 76
1694443101899 0.4026671428243221 77
1694443102194 1.450806831157438 78
1694443102485 0.8071623726314074 79
1694443102754 0.7570148835300171 80
1694443103029 0.7937009605344657 81
1694443103304 0.536091150560076 82
1694443103579 0.06923664187163908 83
1694443103888 1.4613806039809643 84
1694443104166 0.37451843729170015 85
1694443104440 0.19938274179533963 86
1694443104689 0.5829620573990762 87
1694443104941 0.6806259041109436 88
1694443105207 1.0175533922513922 89
1694443105491 1.034972328686311 90
1694443105777 0.28360917528139296 91
1694443106052 0.3153404019745728 92
1694443106350 0.3142936751610112 93
1694443106651 0.2467722292025585 94
1694443106941 1.2791002268700162 95
1694443107219 0.03319887674993135 96
1694443107501 0.1257308956267746 97
1694443107759 0.43240107249073045 98
1694443108022 0.4968498663040056 99
1694443108292 0.7118288784155333 100
1694443108569 0.03564966909207812 101
1694443108839 0.008781604146930112 102
1694443109120 0.7609239263491112 103
1694443109418 0.17934773267651322 104
1694443109700 0.17068829602702956 105
1694443109967 0.00020343839568780827 106
1694443110247 0.6489578871859318 107
1694443110515 0.7079971569828458 108
1694443110786 1.0873676749458532 109
1694443111061 0.17357654008376103 110
1694443111325 0.41816797157228414 111
1694443111591 0.12264725443913173 112
1694443111889 0.27503810993205585 113
1694443112177 0.2334233643316954 114
1694443112445 1.2342715916905427 115
1694443112723 0.46340691999983 116
1694443112997 0.45195241396146063 117
1694443113288 0.08111230419076267 118
1694443113570 0.00691095251975876 119
1694443113867 0.2998238391660132 120
1694443114163 0.6009777639885433 121
1694443114444 0.5823668669558295 122
1694443114726 0.36835799287786586 123
1694443114992 0.3522481307075976 124
1694443115264 0.05372602270428806 125
1694443115537 0.0525277719571913 126
1694443115798 0.5972614989208366 127
1694443116084 0.329308157275129 128
1694443116363 0.5987427758617057 129
1694443116653 1.1601592261223124 130
1694443116923 0.4727194234966893 131
1694443117198 0.6823569371884869 132
1694443117459 0.5486405046372494 133
1694443117723 1.0732169589723732 134
1694443118013 0.16200412764539876 135
1694443118292 0.8255320205395318 136
1694443118551 0.7345318495758097 137
1694443118827 0.681082964620881 138
1694443119101 0.2376115388580606 139
1694443119398 0.5146890282095329 140
1694443119687 0.8700141091880814 141
1694443119939 0.25813525462878606 142
1694443120225 0.3806875602970118 143
1694443120465 0.8485688903337559 144
1694443120808 0.8414664256863051 145
1694443121079 0.5890666957494288 146
1694443121358 0.20306029724202118 147
1694443121619 0.24051430012262473 148
1694443121901 1.036455845535596 149
1694443122192 0.4849467787713835 150
1694443122472 0.7991665558101277 151
1694443122756 0.8488181551820324 152
1694443123035 0.7049193380574538 153
1694443123300 0.8629851285602886 154
1694443123587 0.1298462437462905 155
1694443123838 0.7045701894669929 156
1694443124228 0.5286046867202119 157
1694443124503 0.39880637720528805 158
1694443124763 0.20378551683658006 159
1694443125031 0.3079969800426926 160
1694443125302 0.5943121319495712 161
1694443125549 0.3577079975616062 162
1694443125847 2.283590513140539 163
1694443126111 0.01328012964142865 164
1694443126377 0.46868468043743094 165
1694443126675 0.8041147007080357 166
1694443126952 0.08126553596564332 167
1694443127198 0.8162925407475883 168
1694443127511 0.21905491781409464 169
1694443127802 1.2023300114011108 170
1694443128099 0.6403947946938747 171
1694443128384 0.32471786367254785 172
1694443128646 1.3258318335591592 173
1694443128928 0.030991021524951097 174
1694443129206 0.13567098315722087 175
1694443129519 0.6661230566923807 176
1694443129794 2.0389284260477756 177
1694443130064 0.9281526290308167 178
1694443130341 0.16373953826847903 179
1694443130605 0.336845131600405 180
1694443130871 0.7171983120641902 181
1694443131154 0.43635821958127347 182
1694443131447 0.4671622497292156 183
1694443131750 0.18194625980711773 184
1694443132015 1.1653082228557081 185
1694443132290 0.6932681088444593 186
1694443132561 0.9716546024594122 187
1694443132844 0.12720357232485402 188
1694443133126 0.5775514051833937 189
1694443133411 0.00653630499421081 190
1694443133694 0.47971591641409195 191
1694443133986 1.581710495611706 192
1694443134278 0.6066613992782584 193
1694443134561 0.4388360963603045 194
1694443134844 0.5899849734042789 195
1694443135121 0.012180995481476508 196
1694443135391 0.8023313891993541 197
1694443135663 0.500028726177369 198
1694443135948 0.9143948188305411 199
1694443136216 0.08743017335519923 200
1694443136483 0.08166513463378 201
1694443136738 0.8668270145318934 202
1694443137042 0.36800013108119994 203
1694443137345 0.09528612615060766 204
1694443137613 0.34596368137026573 205
1694443137921 0.7304757716012522 206
1694443138203 0.3635820945108996 207
1694443138473 1.0005058451272888 208
1694443138727 0.8554691974848608 209
1694443138970 0.3715463129462885 210
1694443139227 0.24148074124376215 211
1694443139477 0.024628405289652617 212
1694443139723 0.6981099306119695 213
1694443140008 0.8621001580005857 214
1694443140295 0.03867156252411862 215
1694443140570 0.46314173156497157 216
1694443140830 0.2098640198259667 217
1694443141080 0.23272442172328053 218
1694443141356 0.5559983875400862 219
1694443141611 0.023102111117474854 220
1694443141869 0.5396239975624536 221
1694443142168 0.5785853477432406 222
1694443142460 0.5300183173754041 223
1694443142745 0.4711009863964665 224
1694443143017 0.3331552875896946 225
1694443143308 0.5685226740192763 226
1694443143619 1.3350555637380626 227
1694443143891 0.14725757355667402 228
1694443144168 0.11930301669031336 229
1694443144445 0.01185879894514419 230
1694443144725 0.6070754387059364 231
1694443144985 1.2953042723708006 232
1694443145264 0.7846062273929415 233
1694443145592 0.6877908376782923 234
1694443145864 0.7578156937597923 235
1694443146167 0.10570334194007117 236
1694443146441 0.045303150168395874 237
1694443146767 1.3167521751162992 238
1694443147025 0.04057233386964094 239
1694443147308 0.08916339068385537 240
1694443147577 1.0286296420827996 241
1694443147839 0.8628486044672582 242
1694443148128 0.21730767712204616 243
1694443148436 0.30850596109168654 244
1694443148695 0.5150076984155016 245
1694443148960 0.07277911076402906 246
1694443149255 0.48456839479502567 247
1694443149550 0.5988332926902441 248
1694443149821 0.6106926674488191 249
1694443150097 0.10495533518804465 250
1694443150377 0.0009782549462221879 251
1694443150669 0.0009543969470281822 252
1694443150933 0.001364461359242403 253
1694443151205 0.6141403699799126 254
1694443151485 0.13170621810609384 255
1694443151766 0.576559649298478 256
1694443152049 0.01602629230475792 257
1694443152344 1.014899960363762 258
1694443152639 0.9741182358265392 259
1694443152904 0.943605631747668 260
1694443153168 0.6171416555912265 261
1694443153432 1.3403752526086172 262
1694443153686 0.3348323200533243 263
1694443153944 0.10246746601056814 264
1694443154195 0.7097330489351357 265
1694443154458 0.10890268239253714 266
1694443154729 0.9412766175453324 267
1694443155026 1.3288864687888433 268
1694443155292 1.0661393573520912 269
1694443155548 0.8816829851762504 270
1694443155810 0.23766859494518067 271
1694443156065 0.23817329057404305 272
1694443156341 0.1900766722860321 273
1694443156596 0.04662677176901001 274
1694443156903 2.4692232040949613 275
1694443157181 0.40713422755620154 276
1694443157452 0.8865217707206061 277
1694443157726 0.7658928488838554 278
1694443157996 0.5328057657574596 279
1694443158282 0.5858501824548198 280
1694443158564 0.49267599224699204 281
1694443158830 0.231732465669196 282
1694443159101 1.0637705912180029 283
1694443159370 0.0619086316030743 284
1694443159661 0.15292209304403842 285
1694443159931 0.4084718127991665 286
1694443160216 0.08878504298888772 287
1694443160484 1.68090158383686 288
1694443160746 0.5331750433646838 289
1694443161029 0.1250809644113528 290
1694443161318 0.745167702060762 291
1694443161582 1.1702692309669163 292
1694443161867 0.45157617112359205 293
1694443162150 0.23544617613621333 294
1694443162464 0.43659101842550685 295
1694443162753 0.7393941936886387 296
1694443163045 0.1944290090895928 297
1694443163337 0.41266319348452063 298
1694443163583 0.0004346469674501182 299
1694443163893 0.6452533131983542 300
1694443164211 0.0011874027073256123 301
1694443164501 0.44626279736725544 302
1694443164784 0.4079575575511833 303
1694443165066 0.21139435589386948 304
1694443165348 0.6059367773541393 305
1694443165629 0.41129059500037024 306
1694443165900 5.128036143625466e-07 307
1694443166185 1.1222453595914286 308
1694443166462 0.33971723162968426 309
1694443166736 3.0873749401767436 310
1694443167028 0.5965788212890428 311
1694443167303 0.2707615500645368 312
1694443167570 0.7086642294161271 313
1694443167852 0.16971814354142564 314
1694443168140 0.04685809758164563 315
1694443168412 0.4231109042184684 316
1694443168690 2.360515935919344 317
1694443168956 0.0038785707420443028 318
1694443169269 0.4411815605356739 319
1694443169546 9.405806353890505e-05 320
1694443169822 2.1461286026189232 321
1694443170099 0.15595605187985823 322
1694443170365 0.672926250329529 323
1694443170641 0.2947730377325016 324
1694443170901 0.4386689263641273 325
1694443171156 0.6476141473935507 326
1694443171416 0.7177079180588865 327
1694443171670 0.07076772180862888 328
1694443171924 0.09357867830973819 329
1694443172214 0.6702005912095584 330
1694443172497 0.32865698876988664 331
1694443172762 0.06096293494142885 332
1694443172983 0.37601595386830655 333
1694443173283 0.12311639799190695 334
1694443173580 2.338217297054568 335
1694443173864 0.8295013703249886 336
1694443174158 0.7237975438103835 337
1694443174495 1.1808364667736357 338
1694443174780 0.10198397429726805 339
1694443175057 0.8372872418077225 340
1694443175344 0.20352838813637994 341
1694443175646 0.13940575610335887 342
1694443175928 0.017802331942428463 343
1694443176223 1.235404351800942 344
1694443176520 0.06778495591694954 345
1694443176810 0.730752430910988 346
1694443177080 0.5900387874948796 347
1694443177369 0.7037959143838486 348
1694443177630 0.030605186941185882 349
1694443177904 0.812408191320217 350
1694443178184 0.16754325064310702 351
1694443178460 0.3543629054747758 352
1694443178752 0.7447380591112812 353
1694443179037 1.4482471277272244 354
1694443179310 0.21691494786995968 355
1694443179587 0.29558255607021633 356
1694443179860 0.5751228588234979 357
1694443180137 0.10386244957419898 358
1694443180428 0.5042230751203125 359
1694443180696 0.3569213076530278 360
1694443180977 0.7038647595520247 361
1694443181243 0.5595885534178 362
1694443181509 0.42932046430091764 363
1694443181766 0.5447173603006548 364
1694443182018 0.4885382278369643 365
1694443182266 0.4694695882875342 366
1694443182531 1.0242857355670059 367
1694443182812 0.5224935319068587 368
1694443183076 0.003109777925278769 369
1694443183363 1.376077634000959 370
1694443183640 0.09497332758503789 371
1694443183932 0.15304582463039987 372
1694443184213 0.7762295740005326 373
1694443184560 0.16204761112080623 374
1694443184842 1.1718311066107026 375
1694443185124 0.06764341348742639 376
1694443185393 0.2890221208473847 377
1694443185642 1.1769318648319478 378
1694443185892 0.30446323257924657 379
1694443186165 2.5132727662664354 380
1694443186412 0.6945889010537488 381
1694443186684 1.5012365523154012 382
1694443186954 0.19677076978840125 383
1694443187246 1.4879569266842076 384
1694443187524 0.23035348053350987 385
1694443187801 1.2641279507140362 386
1694443188081 0.47294326947493226 387
1694443188358 0.8114089344007845 388
1694443188637 0.5923438680539876 389
1694443188927 0.34315840786581403 390
1694443189209 0.5834361893359689 391
1694443189491 1.0558823246181313 392
1694443189777 0.021059230037208037 393
1694443190039 0.00014222472761741718 394
1694443190313 0.6892404899990625 395
1694443190595 1.1628540496923552 396
1694443190877 0.6775335798177211 397
1694443191167 0.37773437310077856 398
1694443191444 0.7372079363541504 399
1694443191729 0.8137694380127052 400
1694443192014 0.901336856644453 401
1694443192286 0.27067069853906617 402
1694443192499 0.341586794569361 403
1694443192806 0.3832141173829549 404
1694443192993 0.1609929208327232 405
1694443193328 0.5268772773306767 406
1694443193603 0.8135344239121485 407
1694443193879 0.4913521806989977 408
1694443194139 0.793724166863557 409
1694443194410 1.015466571354486 410
1694443194682 0.005382279959779865 411
1694443194967 0.10089927624957074 412
1694443195268 0.2519386467972071 413
1694443195547 0.6434240945686499 414
1694443195814 0.9074895336084412 415
1694443196111 0.6861632500114954 416
1694443196399 1.330666525554306 417
1694443196701 0.16850770124562067 418
1694443196991 0.8113530299106209 419
1694443197285 0.1854347328570565 420
1694443197562 0.8012141858462655 421
1694443197821 0.09585555471330703 422
1694443198066 0.3779229871520018 423
1694443198365 0.16748218596532166 424
1694443198619 0.6762900596839333 425
1694443198883 0.25492742820954645 426
1694443199131 1.088029148550807 427
1694443199391 0.020393368208093423 428
1694443199656 0.39539204497385505 429
1694443199904 0.1665138162409822 430
1694443200204 0.24158373474005568 431
1694443200466 0.01663709234501481 432
1694443200727 0.252242903464688 433
1694443200979 0.4753057152260743 434
1694443201230 0.9974967128822861 435
1694443201481 0.39433771903750087 436
1694443201734 0.6343593662863429 437
1694443202028 0.4689587892478118 438
1694443202311 0.7376841936465094 439
1694443202624 0.032371456265250606 440
1694443202931 0.1320790326616971 441
1694443203210 1.1584447013744308 442
1694443203490 0.9055552967754735 443
1694443203780 0.00943492475009206 444
1694443204073 0.22237207194027536 445
1694443204333 0.7297335571490214 446
1694443204659 0.2085950459746543 447
1694443204940 0.7698594489693203 448
1694443205236 0.6046500838741087 449
1694443205507 1.1015164053122843 450
1694443205758 0.6782059893250533 451
1694443206048 0.5383678940791946 452
1694443206349 0.4778417694188999 453
1694443206640 0.16024722819878565 454
1694443206932 1.3924240449524714 455
1694443207200 0.583774259143392 456
1694443207484 0.11647591263724319 457
1694443207772 0.09039501962510661 458
1694443208042 0.8042636420751176 459
1694443208332 0.17359742750748564 460
1694443208598 0.669228385045321 461
1694443208850 1.5417775691320712 462
1694443209106 0.10788305423886717 463
1694443209364 0.4076540515530645 464
1694443209627 0.4366582067554217 465
1694443209887 0.6491120168486476 466
1694443210144 0.7581131190388053 467
1694443210433 0.8597726449837397 468
1694443210715 1.3568835353297455 469
1694443211005 0.5019454436583719 470
1694443211287 0.8668087223269499 471
1694443211539 0.05785148726578247 472
1694443211838 0.6114417854092447 473
1694443212147 0.49450632460865657 474
1694443212423 0.2983532973543851 475
1694443212736 0.28135912957873765 476
1694443213012 0.2426004019710049 477
1694443213280 0.7947396892655929 478
1694443213568 0.5605836672061477 479
1694443213842 0.8813801003030488 480
1694443214127 0.014905897217847611 481
1694443214454 1.276445150166154 482
1694443214740 0.006067295014063819 483
1694443215016 0.4225341410599219 484
1694443215299 0.5415236686950934 485
1694443215631 0.0902345248735109 486
1694443215889 0.44762977257970676 487
1694443216161 0.5531923044235931 488
1694443216432 0.6799723812778152 489
1694443216671 0.6628519741382134 490
1694443216934 0.369485809961715 491
1694443217192 0.26606842135351466 492
1694443217471 0.7531942604303296 493
1694443217712 0.47569666343600564 494
1694443217968 0.2760138410246562 495
1694443218224 1.1143837700772847 496
1694443218470 0.9112774333280339 497
1694443218741 0.45208885756611183 498
1694443219016 0.5415245127216641 499
