1694444544308 -0.007954227919915846 0
1694444544341 -0.00795293810220743 1
1694444544382 -0.007951639903852836 2
1694444544420 -0.007950333305323243 3
1694444544460 -0.007949018287046528 4
1694444544538 -0.00794769482940949 5
1694444544572 -0.007946362912754967 6
1694444544633 -0.007945022517384048 7
1694444544669 -0.00794367362355386 8
1694444544703 -0.007942316211478673 9
1694444544742 -0.007940950261331237 10
1694444544784 -0.007939575753239225 11
1694444544829 -0.007938192667287236 12
1694444544870 -0.007936800983518344 13
1694444544916 -0.007935400681930771 14
1694444544950 -0.007933991742478552 15
1694444544985 -0.0079325741450742 16
1694444545023 -0.007931147869584931 17
1694444545056 -0.00792971289583444 18
1694444545090 -0.007928269203602678 19
1694444545137 -0.007926816772626744 20
1694444545176 -0.007925355582597549 21
1694444545223 -0.007923885613164261 22
1694444545268 -0.007922406843929641 23
1694444545310 -0.007920919254454262 24
1694444545356 -0.007919422824252065 25
1694444545394 -0.007917917532794805 26
1694444545444 -0.007916403359507829 27
1694444545488 -0.007914880283773185 28
1694444545524 -0.007913348284926958 29
1694444545559 -0.00791180734226149 30
1694444545605 -0.007910257435023826 31
1694444545650 -0.007908698542415049 32
1694444545684 -0.007907130643593607 33
1694444545722 -0.007905553717669989 34
1694444545757 -0.007903967743710272 35
1694444545792 -0.007902372700736793 36
1694444545826 -0.007900768567723926 37
1694444545863 -0.007899155323602303 38
1694444545895 -0.007897532947256147 39
1694444545929 -0.00789590141752372 40
1694444545961 -0.007894260713198653 41
1694444545993 -0.0078926108130275 42
1694444546031 -0.007890951695709969 43
1694444546063 -0.007889283339902686 44
1694444546092 -0.007887605724212765 45
1694444546128 -0.007885918827203575 46
1694444546159 -0.007884222627390303 47
1694444546190 -0.007882517103242836 48
1694444546225 -0.007880802233183326 49
1694444546267 -0.007879077995588624 50
1694444546304 -0.007877344368788286 51
1694444546344 -0.007875601331064352 52
1694444546384 -0.007873848860652677 53
1694444546424 -0.007872086935742262 54
1694444546464 -0.007870315534474148 55
1694444546504 -0.007868534634943636 56
1694444546543 -0.007866744215194954 57
1694444546579 -0.007864944253230366 58
1694444546613 -0.007863134727001064 59
1694444546653 -0.007861315614411613 60
1694444546688 -0.007859486893318612 61
1694444546726 -0.007857648541530926 62
1694444546765 -0.007855800536809676 63
1694444546806 -0.007853942856867802 64
1694444546846 -0.007852075479370724 65
1694444546884 -0.007850198381934792 66
1694444546924 -0.007848311542128616 67
1694444546967 -0.007846414937472623 68
1694444547014 -0.007844508545438611 69
1694444547057 -0.007842592343449528 70
1694444547094 -0.007840666308879696 71
1694444547154 -0.007838730419054585 72
1694444547191 -0.007836784651252149 73
1694444547233 -0.007834828982699493 74
1694444547278 -0.007832863390575762 75
1694444547325 -0.007830887852010582 76
1694444547364 -0.007828902344084732 77
1694444547394 -0.007826906843829029 78
1694444547429 -0.00782490132822522 79
1694444547462 -0.007822885774205757 80
1694444547493 -0.007820860158653353 81
1694444547527 -0.007818824458399654 82
1694444547561 -0.007816778650229006 83
1694444547593 -0.0078147227108738 84
1694444547627 -0.007812656617017133 85
1694444547666 -0.00781058034529214 86
1694444547699 -0.007808493872280886 87
1694444547728 -0.007806397174516144 88
1694444547760 -0.007804290228479838 89
1694444547790 -0.00780217301060282 90
1694444547831 -0.007800045497266206 91
1694444547870 -0.007797907664799819 92
1694444547907 -0.007795759489482634 93
1694444547941 -0.007793600947543444 94
1694444547976 -0.007791432015158417 95
1694444548009 -0.007789252668454427 96
1694444548048 -0.007787062883505724 97
1694444548080 -0.007784862636336154 98
1694444548113 -0.007782651902917603 99
1694444548152 -0.007780430659170223 100
1694444548195 -0.007778198880963094 101
1694444548228 -0.007775956544112894 102
1694444548270 -0.007773703624385231 103
1694444548306 -0.0077714400974928655 104
1694444548342 -0.007769165939097489 105
1694444548383 -0.007766881124807501 106
1694444548421 -0.007764585630180232 107
1694444548463 -0.007762279430719499 108
1694444548499 -0.007759962501877382 109
1694444548542 -0.007757634819053116 110
1694444548585 -0.007755296357593533 111
1694444548624 -0.007752947092792173 112
1694444548672 -0.007750586999890174 113
1694444548721 -0.007748216054075163 114
1694444548790 -0.007745834230482362 115
1694444548847 -0.007743441504192816 116
1694444548888 -0.007741037850235388 117
1694444548934 -0.0077386232435847635 118
1694444548971 -0.007736197659162114 119
1694444549005 -0.007733761071835321 120
1694444549043 -0.007731313456418087 121
1694444549092 -0.007728854787671047 122
1694444549125 -0.007726385040299988 123
1694444549158 -0.007723904188957187 124
1694444549192 -0.007721412208240519 125
1694444549223 -0.00771890907269368 126
1694444549259 -0.0077163947568059665 127
1694444549293 -0.007713869235012494 128
1694444549324 -0.007711332481692645 129
1694444549359 -0.007708784471172736 130
1694444549393 -0.007706225177723569 131
1694444549425 -0.007703654575559993 132
1694444549466 -0.007701072638843565 133
1694444549496 -0.007698479341679665 134
1694444549527 -0.007695874658118829 135
1694444549559 -0.007693258562155636 136
1694444549598 -0.007690631027730044 137
1694444549642 -0.007687992028726054 138
1694444549698 -0.007685341538971491 139
1694444549727 -0.007682679532239334 140
1694444549758 -0.007680005982245941 141
1694444549801 -0.007677320862652159 142
1694444549838 -0.0076746241470619925 143
1694444549883 -0.0076719158090239326 144
1694444549920 -0.007669195822029851 145
1694444549956 -0.007666464159514996 146
1694444549994 -0.007663720794858442 147
1694444550026 -0.007660965701382194 148
1694444550057 -0.007658198852351861 149
1694444550093 -0.0076554202209755395 150
1694444550123 -0.007652629780404707 151
1694444550163 -0.007649827503734219 152
1694444550200 -0.007647013364000532 153
1694444550236 -0.007644187334183483 154
1694444550271 -0.00764134938720562 155
1694444550307 -0.007638499495931317 156
1694444550346 -0.00763563763316788 157
1694444550388 -0.007632763771664219 158
1694444550423 -0.007629877884111291 159
1694444550464 -0.007626979943142986 160
1694444550499 -0.007624069921333909 161
1694444550536 -0.007621147791200933 162
1694444550568 -0.007618213525202755 163
1694444550604 -0.007615267095739231 164
1694444550636 -0.007612308475151153 165
1694444550671 -0.007609337635721802 166
1694444550705 -0.00760635454967451 167
1694444550733 -0.007603359189174208 168
1694444550763 -0.007600351526326765 169
1694444550795 -0.007597331533178764 170
1694444550825 -0.007594299181717057 171
1694444550861 -0.007591254443869877 172
1694444550896 -0.007588197291505283 173
1694444550931 -0.007585127696432048 174
1694444550960 -0.0075820456303987704 175
1694444550992 -0.007578951065094985 176
1694444551031 -0.0075758439721493875 177
1694444551069 -0.0075727243231304975 178
1694444551105 -0.007569592089547328 179
1694444551154 -0.007566447242847829 180
1694444551207 -0.0075632897544202216 181
1694444551243 -0.007560119595591219 182
1694444551282 -0.007556936737627806 183
1694444551323 -0.007553741151735016 184
1694444551366 -0.0075505328090581525 185
1694444551402 -0.0075473116806805685 186
1694444551435 -0.007544077737624555 187
1694444551473 -0.0075408309508513405 188
1694444551507 -0.007537571291260647 189
1694444551539 -0.0075342987296904695 190
1694444551575 -0.007531013236917294 191
1694444551609 -0.007527714783656103 192
1694444551643 -0.00752440334055926 193
1694444551685 -0.007521078878217624 194
1694444551722 -0.007517741367159658 195
1694444551753 -0.007514390777851876 196
1694444551792 -0.007511027080698174 197
1694444551826 -0.00750765024603961 198
1694444551861 -0.00750426024415507 199
1694444551894 -0.007500857045261267 200
1694444551926 -0.00749744061950941 201
1694444551961 -0.007494010936991202 202
1694444551994 -0.007490567967732842 203
1694444552027 -0.007487111681698799 204
1694444552061 -0.007483642048788486 205
1694444552095 -0.007480159038838918 206
1694444552126 -0.007476662621623609 207
1694444552171 -0.007473152766851676 208
1694444552207 -0.007469629444168513 209
1694444552244 -0.0074660926231557845 210
1694444552277 -0.007462542273330985 211
1694444552309 -0.007458978364147439 212
1694444552345 -0.007455400864993189 213
1694444552381 -0.007451809745193438 214
1694444552418 -0.007448204974007444 215
1694444552460 -0.007444586520629848 216
1694444552499 -0.0074409543541908985 217
1694444552530 -0.007437308443755786 218
1694444552568 -0.007433648758324862 219
1694444552604 -0.007429975266830313 220
1694444552640 -0.007426287938144371 221
1694444552676 -0.007422586741069326 222
1694444552709 -0.0074188716443432945 223
1694444552740 -0.007415142616639114 224
1694444552776 -0.007411399626562787 225
1694444552806 -0.007407642642654588 226
1694444552844 -0.007403871633388848 227
1694444552900 -0.007400086567173947 228
1694444552938 -0.00739628741235121 229
1694444553008 -0.007392474137195348 230
1694444553049 -0.007388646709914903 231
1694444553082 -0.007384805098651359 232
1694444553115 -0.007380949271479587 233
1694444553155 -0.007377079196407177 234
1694444553197 -0.007373194841373998 235
1694444553229 -0.007369296174253304 236
1694444553272 -0.007365383162851069 237
1694444553307 -0.007361455774904879 238
1694444553345 -0.007357513978085706 239
1694444553387 -0.00735355773999502 240
1694444553423 -0.007349587028168347 241
1694444553453 -0.007345601810071711 242
1694444553503 -0.007341602053103191 243
1694444553540 -0.007337587724592254 244
1694444553601 -0.007333558791800865 245
1694444553644 -0.007329515221921712 246
1694444553689 -0.0073254569820782045 247
1694444553739 -0.0073213840393244745 248
1694444553780 -0.007317296360648484 249
1694444553822 -0.007313193912966032 250
1694444553857 -0.007309076663124747 251
1694444553891 -0.007304944577902539 252
1694444553940 -0.0073007976240082595 253
1694444553994 -0.007296635768080595 254
1694444554038 -0.007292458976687843 255
1694444554088 -0.007288267216329691 256
1694444554124 -0.007284060453435215 257
1694444554171 -0.007279838654362436 258
1694444554215 -0.007275601785400321 259
1694444554253 -0.007271349812766781 260
1694444554290 -0.007267082702606675 261
1694444554332 -0.007262800420998916 262
1694444554371 -0.007258502933947808 263
1694444554414 -0.007254190207387934 264
1694444554452 -0.007249862207182822 265
1694444554493 -0.007245518899122949 266
1694444554539 -0.007241160248929734 267
1694444554587 -0.007236786222252212 268
1694444554637 -0.007232396784666362 269
1694444554692 -0.007227991901677777 270
1694444554736 -0.007223571538719442 271
1694444554785 -0.00721913566115262 272
1694444554826 -0.007214684234265301 273
1694444554860 -0.0072102172232735295 274
1694444554894 -0.007205734593321855 275
1694444554938 -0.007201236309480441 276
1694444554984 -0.0071967223367472855 277
1694444555031 -0.007192192640047335 278
1694444555075 -0.007187647184232926 279
1694444555121 -0.007183085934082456 280
1694444555183 -0.007178508854300825 281
1694444555214 -0.007173915909519657 282
1694444555253 -0.007169307064297081 283
1694444555286 -0.007164682283117063 284
1694444555320 -0.007160041530389627 285
1694444555359 -0.007155384770450635 286
1694444555393 -0.007150711967562007 287
1694444555436 -0.007146023085910613 288
1694444555476 -0.007141318089609383 289
1694444555526 -0.007136596942696416 290
1694444555583 -0.007131859609134761 291
1694444555627 -0.007127106052812193 292
1694444555673 -0.007122336237542548 293
1694444555704 -0.007117550127062833 294
1694444555735 -0.007112747685035892 295
1694444555766 -0.007107928875048186 296
1694444555800 -0.007103093660611126 297
1694444555834 -0.007098242005159516 298
1694444555864 -0.00709337387205311 299
1694444555901 -0.007088489224574612 300
1694444555935 -0.007083588025930787 301
1694444555965 -0.007078670239252016 302
1694444555995 -0.007073735827592076 303
1694444556031 -0.007068784753928359 304
1694444556068 -0.0070638169811616525 305
1694444556109 -0.007058832472112808 306
1694444556159 -0.007053831189529625 307
1694444556203 -0.0070488130960806306 308
1694444556243 -0.007043778154356861 309
1694444556286 -0.00703872632687208 310
1694444556316 -0.007033657576062113 311
1694444556353 -0.007028571864284405 312
1694444556390 -0.007023469153819573 313
1694444556424 -0.00701834940686874 314
1694444556469 -0.0070132125855557614 315
1694444556502 -0.007008058651924998 316
1694444556540 -0.007002887567942873 317
1694444556575 -0.00699769929549654 318
1694444556614 -0.006992493796394772 319
1694444556657 -0.0069872710323666265 320
1694444556696 -0.006982030965062336 321
1694444556734 -0.006976773556052418 322
1694444556767 -0.006971498766828121 323
1694444556804 -0.00696620655880098 324
1694444556844 -0.006960896893302149 325
1694444556877 -0.006955569731583511 326
1694444556924 -0.006950225034816349 327
1694444556959 -0.006944862764092008 328
1694444556999 -0.006939482880420789 329
1694444557040 -0.006934085344732388 330
1694444557072 -0.0069286701178765675 331
1694444557114 -0.006923237160620932 332
1694444557159 -0.006917786433653816 333
1694444557201 -0.006912317897581177 334
1694444557251 -0.00690683151292526 335
1694444557283 -0.006901327240131261 336
1694444557334 -0.006895805039560665 337
1694444557373 -0.0068902648714921355 338
1694444557433 -0.00688470669612351 339
1694444557472 -0.00687913047357025 340
1694444557507 -0.0068735361638647685 341
1694444557553 -0.006867923726958214 342
1694444557588 -0.006862293122718244 343
1694444557636 -0.006856644310929916 344
1694444557671 -0.006850977251295687 345
1694444557707 -0.006845291903434747 346
1694444557746 -0.006839588226882354 347
1694444557786 -0.006833866181091386 348
1694444557818 -0.006828125725430789 349
1694444557853 -0.006822366819184911 350
1694444557890 -0.006816589421555941 351
1694444557924 -0.006810793491660583 352
1694444557963 -0.006804978988532051 353
1694444557996 -0.006799145871118961 354
1694444558031 -0.0067932940982848855 355
1694444558061 -0.006787423628809686 356
1694444558109 -0.006781534421387958 357
1694444558152 -0.006775626434629478 358
1694444558183 -0.00676969962705809 359
1694444558217 -0.006763753957113261 360
1694444558255 -0.006757789383148305 361
1694444558283 -0.006751805863431493 362
1694444558314 -0.0067458033561447195 363
1694444558346 -0.006739781819384616 364
1694444558377 -0.006733741211160771 365
1694444558412 -0.006727681489397286 366
1694444558444 -0.006721602611930999 367
1694444558473 -0.0067155045365132615 368
1694444558505 -0.0067093872208072725 369
1694444558542 -0.006703250622390744 370
1694444558570 -0.0066970946987534585 371
1694444558599 -0.006690919407297047 372
1694444558630 -0.006684724705337652 373
1694444558665 -0.006678510550102601 374
1694444558694 -0.006672276898731955 375
1694444558724 -0.006666023708278068 376
1694444558756 -0.006659750935701814 377
1694444558785 -0.006653458537882129 378
1694444558819 -0.0066471464716051365 379
1694444558851 -0.006640814693568808 380
1694444558880 -0.006634463160383408 381
1694444558911 -0.0066280918285697155 382
1694444558947 -0.006621700654559026 383
1694444558977 -0.0066152895946947066 384
1694444559016 -0.006608858605229084 385
1694444559057 -0.0066024076423261135 386
1694444559094 -0.006595936662059376 387
1694444559125 -0.006589445620412748 388
1694444559159 -0.0065829344732801776 389
1694444559189 -0.006576403176464352 390
1694444559225 -0.006569851685679362 391
1694444559264 -0.006563279956547152 392
1694444559300 -0.006556687944599293 393
1694444559329 -0.00655007560527654 394
1694444559367 -0.006543442893929052 395
1694444559405 -0.006536789765814399 396
1694444559448 -0.006530116176099998 397
1694444559479 -0.006523422079861119 398
1694444559514 -0.006516707432081548 399
1694444559552 -0.00650997218765248 400
1694444559584 -0.006503216301372738 401
1694444559622 -0.006496439727950776 402
1694444559663 -0.00648964242200023 403
1694444559698 -0.00648282433804348 404
1694444559740 -0.0064759854305100895 405
1694444559770 -0.006469125653735697 406
1694444559809 -0.006462244961962904 407
1694444559839 -0.006455343309342609 408
1694444559874 -0.006448420649930009 409
1694444559912 -0.006441476937688595 410
1694444559942 -0.006434512126485936 411
1694444559975 -0.006427526170097231 412
1694444560014 -0.006420519022203752 413
1694444560057 -0.006413490636388408 414
1694444560092 -0.006406440966145954 415
1694444560128 -0.006399369964871893 416
1694444560173 -0.006392277585868689 417
1694444560214 -0.006385163782342218 418
1694444560252 -0.006378028507403988 419
1694444560294 -0.00637087171407047 420
1694444560324 -0.006363693355262212 421
1694444560365 -0.006356493383803397 422
1694444560401 -0.006349271752422947 423
1694444560433 -0.00634202841375342 424
1694444560468 -0.006334763320330783 425
1694444560500 -0.00632747642459508 426
1694444560536 -0.006320167678889099 427
1694444560568 -0.00631283703545904 428
1694444560599 -0.00630548444645429 429
1694444560635 -0.0062981098639263156 430
1694444560676 -0.0062907132398297705 431
1694444560715 -0.006283294526021832 432
1694444560755 -0.006275853674261311 433
1694444560788 -0.006268390636209764 434
1694444560827 -0.006260905363430158 435
1694444560861 -0.00625339780738754 436
1694444560892 -0.006245867919447923 437
1694444560925 -0.006238315650879178 438
1694444560960 -0.0062307409528501445 439
1694444560991 -0.0062231437764306285 440
1694444561024 -0.006215524072591405 441
1694444561060 -0.006207881792203329 442
1694444561100 -0.006200216886039112 443
1694444561136 -0.006192529304768435 444
1694444561172 -0.006184818998964836 445
1694444561210 -0.006177085919100378 446
1694444561255 -0.006169330015546093 447
1694444561299 -0.006161551238573315 448
1694444561335 -0.006153749538351905 449
1694444561367 -0.006145924864951802 450
1694444561395 -0.0061380771683414714 451
1694444561428 -0.006130206398387683 452
1694444561463 -0.00612231250485662 453
1694444561492 -0.006114395437412767 454
1694444561523 -0.006106455145617806 455
1694444561559 -0.006098491578933052 456
1694444561589 -0.006090504686715903 457
1694444561619 -0.006082494418223172 458
1694444561659 -0.006074460722607755 459
1694444561689 -0.006066403548920407 460
1694444561724 -0.0060583228461090766 461
1694444561763 -0.006050218563018017 462
1694444561794 -0.006042090648389342 463
1694444561828 -0.006033939050860138 464
1694444561865 -0.006025763718965349 465
1694444561896 -0.006017564601135117 466
1694444561931 -0.006009341645695665 467
1694444561963 -0.0060010948008693 468
1694444561991 -0.0059928240147737455 469
1694444562024 -0.00598452923542192 470
1694444562063 -0.005976210410721938 471
1694444562092 -0.005967867488477774 472
1694444562128 -0.00595950041638682 473
1694444562165 -0.005951109142042332 474
1694444562204 -0.005942693612930983 475
1694444562241 -0.005934253776434417 476
1694444562276 -0.005925789579828145 477
1694444562313 -0.005917300970281314 478
1694444562347 -0.005908787894856937 479
1694444562385 -0.005900250300511445 480
1694444562421 -0.005891688134094686 481
1694444562452 -0.00588310134234904 482
1694444562489 -0.0058744898719105265 483
1694444562526 -0.005865853669307475 484
1694444562562 -0.005857192680960299 485
1694444562593 -0.005848506853182833 486
1694444562627 -0.005839796132179664 487
1694444562665 -0.005831060464048576 488
1694444562696 -0.0058222997947781074 489
1694444562728 -0.005813514070248882 490
1694444562766 -0.0058047032362325 491
1694444562796 -0.005795867238391761 492
1694444562831 -0.005787006022280217 493
1694444562864 -0.005778119533343284 494
1694444562896 -0.005769207716914915 495
1694444562926 -0.0057602705182215885 496
1694444562963 -0.005751307882377876 497
1694444562993 -0.005742319754389991 498
1694444563026 -0.005733306079152456 499
