1694444544300 162.61839988226077 0
1694444544333 162.29155241852075 1
1694444544374 161.96536595429086 2
1694444544409 161.63983914053503 3
1694444544450 161.31497063101244 4
1694444544519 160.99075908227135 5
1694444544564 160.6672031536434 6
1694444544615 160.34430150723756 7
1694444544660 160.02205280793427 8
1694444544694 159.70045572337958 9
1694444544735 159.3795089239793 10
1694444544772 159.059211082893 11
1694444544821 158.73956087602835 12
1694444544859 158.42055698203535 13
1694444544905 158.10219808230016 14
1694444544941 157.7844828609396 15
1694444544976 157.4674100047953 16
1694444545015 157.15097820342788 17
1694444545049 156.83518614911122 18
1694444545082 156.52003253682662 19
1694444545122 156.2055160642572 20
1694444545167 155.89163543178205 21
1694444545214 155.5783893424706 22
1694444545260 155.26577650207676 23
1694444545303 154.95379561903354 24
1694444545343 154.64244540444702 25
1694444545384 154.33172457209096 26
1694444545436 154.02163183840085 27
1694444545477 153.71216592246867 28
1694444545517 153.4033255460369 29
1694444545552 153.0951094334931 30
1694444545588 152.7875163118642 31
1694444545638 152.480544910811 32
1694444545675 152.17419396262255 33
1694444545715 151.86846220221062 34
1694444545750 151.56334836710397 35
1694444545785 151.2588511974431 36
1694444545819 150.9549694359745 37
1694444545853 150.65170182804522 38
1694444545887 150.34904712159732 39
1694444545922 150.0470040671624 40
1694444545954 149.7455714178561 41
1694444545986 149.4447479293727 42
1694444546023 149.1445323599796 43
1694444546055 148.84492347051184 44
1694444546086 148.54592002436672 45
1694444546121 148.24752078749844 46
1694444546152 147.9497245284125 47
1694444546184 147.6525300181605 48
1694444546218 147.35593603033465 49
1694444546257 147.05994134106243 50
1694444546293 146.7645447290012 51
1694444546337 146.46974497533282 52
1694444546375 146.1755408637585 53
1694444546417 145.88193118049324 54
1694444546453 145.5889147142605 55
1694444546492 145.29649025628717 56
1694444546536 145.00465660029795 57
1694444546570 144.7134125425104 58
1694444546604 144.42275688162937 59
1694444546642 144.1326884188419 60
1694444546681 143.8432059578119 61
1694444546717 143.554308304675 62
1694444546754 143.26599426803335 63
1694444546791 142.97826265895014 64
1694444546837 142.6911122909448 65
1694444546874 142.40454197998758 66
1694444546917 142.11855054449424 67
1694444546957 141.8331368053212 68
1694444547004 141.54829958576025 69
1694444547043 141.2640377115333 70
1694444547084 140.98035001078733 71
1694444547137 140.69723531408928 72
1694444547184 140.41469245442104 73
1694444547224 140.13272026717408 74
1694444547270 139.85131759014467 75
1694444547314 139.57048326352853 76
1694444547356 139.29021612991596 77
1694444547387 139.01051503428675 78
1694444547421 138.73137882400502 79
1694444547454 138.45280634881436 80
1694444547486 138.1747964608326 81
1694444547520 137.89734801454705 82
1694444547554 137.6204598668093 83
1694444547584 137.3441308768303 84
1694444547620 137.06835990617537 85
1694444547656 136.7931458187593 86
1694444547690 136.51848748084132 87
1694444547721 136.2443837610201 88
1694444547753 135.97083353022896 89
1694444547782 135.69783566173092 90
1694444547822 135.4253890311136 91
1694444547859 135.15349251628464 92
1694444547901 134.88214499746644 93
1694444547933 134.61134535719162 94
1694444547969 134.3410924802979 95
1694444548002 134.07138525392338 96
1694444548040 133.80222256750167 97
1694444548072 133.53360331275695 98
1694444548105 133.2655263836993 99
1694444548141 132.9979906766197 100
1694444548186 132.73099509008554 101
1694444548221 132.46453852493536 102
1694444548260 132.19861988427445 103
1694444548298 131.93323807346988 104
1694444548334 131.6683920001459 105
1694444548374 131.40408057417892 106
1694444548407 131.14030270769308 107
1694444548453 130.87705731505523 108
1694444548488 130.61434331287043 109
1694444548534 130.35215961997704 110
1694444548574 130.09050515744227 111
1694444548609 129.82937884855718 112
1694444548665 129.56877961883228 113
1694444548699 129.30870639599263 114
1694444548781 129.04915810997332 115
1694444548837 128.79013369291476 116
1694444548881 128.53163207915816 117
1694444548924 128.27365220524058 118
1694444548963 128.01619300989074 119
1694444548997 127.75925343402399 120
1694444549028 127.50283242073809 121
1694444549081 127.2469289153083 122
1694444549117 126.99154186518298 123
1694444549150 126.73667021997899 124
1694444549185 126.48231293147705 125
1694444549215 126.22846895361732 126
1694444549251 125.97513724249471 127
1694444549285 125.72231675635447 128
1694444549316 125.4700064555876 129
1694444549351 125.21820530272632 130
1694444549386 124.96691226243972 131
1694444549418 124.71612630152899 132
1694444549458 124.46584638892321 133
1694444549489 124.21607149567474 134
1694444549519 123.96680059495478 135
1694444549551 123.71803266204884 136
1694444549588 123.46976667435248 137
1694444549625 123.22200161136674 138
1694444549689 122.97473645469364 139
1694444549720 122.72797018803202 140
1694444549751 122.48170179717285 141
1694444549793 122.23593026999504 142
1694444549825 121.99065459646091 143
1694444549872 121.74587376861197 144
1694444549909 121.50158678056437 145
1694444549949 121.25779262850465 146
1694444549988 121.0144903106854 147
1694444550019 120.77167882742089 148
1694444550051 120.52935718108274 149
1694444550085 120.28752437609556 150
1694444550116 120.04617941893271 151
1694444550154 119.80532131811204 152
1694444550192 119.56494908419137 153
1694444550222 119.32506172976449 154
1694444550264 119.08565826945672 155
1694444550300 118.84673771992064 156
1694444550338 118.60829909983197 157
1694444550373 118.37034142988514 158
1694444550415 118.13286373278919 159
1694444550455 117.89586503326349 160
1694444550489 117.65934435803352 161
1694444550525 117.42330073582667 162
1694444550560 117.18773319736803 163
1694444550597 116.95264077537622 164
1694444550627 116.71802250455916 165
1694444550664 116.48387742160999 166
1694444550698 116.25020456520275 167
1694444550726 116.01700297598842 168
1694444550756 115.78427169659062 169
1694444550788 115.55200977160152 170
1694444550818 115.32021624757773 171
1694444550854 115.08889017303618 172
1694444550888 114.85803059844996 173
1694444550922 114.62763657624431 174
1694444550954 114.39770716079241 175
1694444550986 114.1682414084114 176
1694444551023 113.93923837735828 177
1694444551059 113.71069712782572 178
1694444551094 113.48261672193829 179
1694444551142 113.25499622374802 180
1694444551199 113.02783469923078 181
1694444551235 112.80113121628186 182
1694444551273 112.57488484471223 183
1694444551316 112.3490946562444 184
1694444551355 112.12375972450843 185
1694444551391 111.89887912503795 186
1694444551426 111.67445193526616 187
1694444551464 111.45047723452181 188
1694444551500 111.22695410402535 189
1694444551533 111.00388162688483 190
1694444551568 110.78125888809204 191
1694444551602 110.55908497451853 192
1694444551636 110.33735897491162 193
1694444551677 110.11607997989064 194
1694444551715 109.89524708194277 195
1694444551744 109.67485937541935 196
1694444551785 109.45491595653185 197
1694444551818 109.23541592334799 198
1694444551853 109.01635837578792 199
1694444551887 108.79774241562025 200
1694444551919 108.57956714645825 201
1694444551954 108.36183167375596 202
1694444551987 108.14453510480435 203
1694444552020 107.92767654872748 204
1694444552053 107.71125511647861 205
1694444552088 107.49526992083646 206
1694444552120 107.27972007640136 207
1694444552164 107.06460469959134 208
1694444552198 106.84992290863852 209
1694444552235 106.63567382358515 210
1694444552270 106.4218565662799 211
1694444552303 106.20847026037401 212
1694444552337 105.99551403131767 213
1694444552373 105.7829870063561 214
1694444552407 105.57088831452585 215
1694444552453 105.3592170866511 216
1694444552491 105.14797245533983 217
1694444552521 104.93715355498021 218
1694444552559 104.72675952173675 219
1694444552596 104.5167894935467 220
1694444552628 104.30724261011623 221
1694444552668 104.0981180129169 222
1694444552700 103.88941484518172 223
1694444552734 103.68113225190174 224
1694444552769 103.4732693798222 225
1694444552799 103.26582537743889 226
1694444552837 103.05879939499454 227
1694444552889 102.85219058447517 228
1694444552926 102.64599809960636 229
1694444553000 102.44022109584974 230
1694444553039 102.23485873039925 231
1694444553074 102.02991016217763 232
1694444553106 101.82537455183268 233
1694444553140 101.62125106173379 234
1694444553189 101.41753885596825 235
1694444553221 101.21423710033767 236
1694444553257 101.01134496235449 237
1694444553299 100.8088616112383 238
1694444553336 100.60678621791233 239
1694444553381 100.40511795499981 240
1694444553415 100.20385599682064 241
1694444553444 100.00299951938754 242
1694444553487 99.80254770040277 243
1694444553532 99.60249971925445 244
1694444553592 99.40285475701316 245
1694444553637 99.20361199642828 246
1694444553682 99.00477062192466 247
1694444553731 98.806329819599 248
1694444553771 98.60828877721636 249
1694444553814 98.41064668420678 250
1694444553850 98.21340273166169 251
1694444553883 98.01655611233052 252
1694444553931 97.82010602061719 253
1694444553974 97.62405165257674 254
1694444554030 97.42839220591172 255
1694444554081 97.23312687996898 256
1694444554116 97.03825487573607 257
1694444554159 96.84377539583788 258
1694444554205 96.64968764453319 259
1694444554240 96.45599082771132 260
1694444554281 96.26268415288865 261
1694444554321 96.06976682920535 262
1694444554360 95.87723806742186 263
1694444554404 95.68509707991556 264
1694444554442 95.4933430806775 265
1694444554484 95.30197528530883 266
1694444554531 95.11099291101762 267
1694444554576 94.92039517661547 268
1694444554622 94.73018130251408 269
1694444554684 94.54035051072205 270
1694444554727 94.3509020248414 271
1694444554774 94.16183507006447 272
1694444554819 93.9731488731703 273
1694444554853 93.78484266252161 274
1694444554887 93.59691566806138 275
1694444554924 93.40936712130949 276
1694444554973 93.22219625535955 277
1694444555020 93.03540230487556 278
1694444555060 92.84898450608871 279
1694444555106 92.66294209679397 280
1694444555171 92.47727431634698 281
1694444555207 92.29198040566074 282
1694444555242 92.10705960720233 283
1694444555277 91.9225111649898 284
1694444555310 91.73833432458876 285
1694444555349 91.55452833310923 286
1694444555386 91.3710924392026 287
1694444555425 91.1880258930581 288
1694444555470 91.00532794639983 289
1694444555508 90.82299785248354 290
1694444555571 90.64103486609328 291
1694444555610 90.45943824353846 292
1694444555659 90.27820724265051 293
1694444555697 90.09734112277974 294
1694444555726 89.91683914479218 295
1694444555759 89.73670057106649 296
1694444555790 89.55692466549071 297
1694444555824 89.37751069345923 298
1694444555856 89.19845792186953 299
1694444555891 89.01976561911917 300
1694444555926 88.84143305510258 301
1694444555958 88.66345950120802 302
1694444555988 88.4858442303144 303
1694444556022 88.30858651678825 304
1694444556060 88.13168563648055 305
1694444556098 87.95514086672375 306
1694444556147 87.77895148632854 307
1694444556192 87.6031167755809 308
1694444556234 87.42763601623899 309
1694444556276 87.25250849153012 310
1694444556309 87.07773348614757 311
1694444556345 86.9033102862477 312
1694444556382 86.72923817944688 313
1694444556415 86.55551645481833 314
1694444556453 86.38214440288925 315
1694444556493 86.20912131563769 316
1694444556533 86.03644648648957 317
1694444556568 85.86411921031568 318
1694444556605 85.69213878342867 319
1694444556649 85.52050450358004 320
1694444556688 85.34921566995719 321
1694444556726 85.17827158318036 322
1694444556759 85.00767154529974 323
1694444556798 84.83741485979246 324
1694444556837 84.6675008315596 325
1694444556870 84.49792876692322 326
1694444556909 84.32869797362353 327
1694444556951 84.15980776081581 328
1694444556991 83.99125743906751 329
1694444557032 83.8230463203553 330
1694444557065 83.65517371806224 331
1694444557106 83.48763894697471 332
1694444557151 83.32044132327965 333
1694444557189 83.15358016456148 334
1694444557236 82.98705478979933 335
1694444557274 82.82086451936415 336
1694444557321 82.65500867501572 337
1694444557366 82.48948657989982 338
1694444557411 82.32429755854535 339
1694444557463 82.15944093686154 340
1694444557500 81.99491604213489 341
1694444557543 81.83072220302647 342
1694444557576 81.66685874956906 343
1694444557624 81.50332501316423 344
1694444557664 81.34012032657954 345
1694444557699 81.17724402394573 346
1694444557739 81.01469544075378 347
1694444557773 80.85247391385226 348
1694444557810 80.69057878144439 349
1694444557845 80.52900938308521 350
1694444557876 80.3677650596789 351
1694444557916 80.2068451534759 352
1694444557955 80.04624900807005 353
1694444557989 79.88597596839595 354
1694444558024 79.72602538072607 355
1694444558054 79.566396592668 356
1694444558101 79.40708895316173 357
1694444558143 79.24810181247685 358
1694444558175 79.08943452220973 359
1694444558209 78.93108643528085 360
1694444558241 78.77305690593204 361
1694444558276 78.61534528972376 362
1694444558306 78.45795094353231 363
1694444558339 78.30087322554712 364
1694444558371 78.14411149526805 365
1694444558404 77.98766511350264 366
1694444558437 77.83153344236347 367
1694444558467 77.67571584526532 368
1694444558498 77.52021168692265 369
1694444558534 77.3650203333467 370
1694444558564 77.21014115184305 371
1694444558592 77.05557351100865 372
1694444558622 76.90131678072937 373
1694444558657 76.7473703321773 374
1694444558687 76.59373353780794 375
1694444558716 76.44040577135766 376
1694444558749 76.28738640784104 377
1694444558777 76.13467482354825 378
1694444558811 75.9822703960423 379
1694444558843 75.83017250415647 380
1694444558874 75.67838052799168 381
1694444558904 75.52689384891384 382
1694444558938 75.3757118495513 383
1694444558970 75.22483391379211 384
1694444559007 75.07425942678155 385
1694444559050 74.92398777491944 386
1694444559088 74.7740183458575 387
1694444559118 74.6243505284969 388
1694444559151 74.47498371298555 389
1694444559180 74.32591729071552 390
1694444559218 74.17715065432063 391
1694444559256 74.02868319767359 392
1694444559290 73.88051431588372 393
1694444559322 73.73264340529418 394
1694444559358 73.58506986347959 395
1694444559394 73.43779308924329 396
1694444559440 73.29081248261501 397
1694444559472 73.14412744484811 398
1694444559506 72.99773737841726 399
1694444559542 72.85164168701573 400
1694444559576 72.70583977555299 401
1694444559613 72.56033105015217 402
1694444559654 72.41511491814744 403
1694444559688 72.27019078808169 404
1694444559726 72.12555806970393 405
1694444559763 71.98121617396673 406
1694444559802 71.83716451302382 407
1694444559832 71.69340250022763 408
1694444559867 71.54992955012672 409
1694444559905 71.40674507846337 410
1694444559935 71.26384850217103 411
1694444559968 71.12123923937199 412
1694444560007 70.97891670937484 413
1694444560041 70.83688033267194 414
1694444560083 70.69512953093715 415
1694444560121 70.55366372702325 416
1694444560166 70.41248234495956 417
1694444560204 70.27158480994946 418
1694444560242 70.13097054836797 419
1694444560286 69.99063898775943 420
1694444560318 69.85058955683498 421
1694444560356 69.7108216854701 422
1694444560392 69.57133480470235 423
1694444560425 69.43212834672883 424
1694444560460 69.29320174490394 425
1694444560492 69.15455443373675 426
1694444560527 69.01618584888888 427
1694444560562 68.87809542717193 428
1694444560590 68.74028260654516 429
1694444560621 68.60274682611318 430
1694444560669 68.46548752612345 431
1694444560707 68.32850414796407 432
1694444560741 68.19179613416128 433
1694444560777 68.05536292837724 434
1694444560818 67.91920397540754 435
1694444560852 67.78331872117904 436
1694444560885 67.64770661274736 437
1694444560917 67.5123670982946 438
1694444560954 67.37729962712712 439
1694444560984 67.24250364967303 440
1694444561017 67.10797861748006 441
1694444561051 66.97372398321308 442
1694444561089 66.83973920065193 443
1694444561125 66.70602372468906 444
1694444561165 66.57257701132714 445
1694444561201 66.439398517677 446
1694444561242 66.3064877019551 447
1694444561289 66.1738440234814 448
1694444561327 66.04146694267698 449
1694444561360 65.90935592106185 450
1694444561388 65.77751042125266 451
1694444561420 65.64592990696038 452
1694444561455 65.5146138429881 453
1694444561485 65.38356169522879 454
1694444561515 65.25277293066299 455
1694444561551 65.1222470173566 456
1694444561582 64.99198342445861 457
1694444561610 64.86198162219894 458
1694444561652 64.73224108188612 459
1694444561682 64.60276127590511 460
1694444561717 64.47354167771506 461
1694444561755 64.34458176184714 462
1694444561786 64.21588100390227 463
1694444561820 64.0874388805489 464
1694444561856 63.95925486952088 465
1694444561888 63.83132844961524 466
1694444561924 63.70365910068995 467
1694444561956 63.57624630366177 468
1694444561984 63.44908954050404 469
1694444562017 63.322188294244555 470
1694444562054 63.19554204896332 471
1694444562086 63.06915028979042 472
1694444562121 62.94301250290387 473
1694444562157 62.8171281755274 474
1694444562194 62.691496795928344 475
1694444562234 62.566117853415456 476
1694444562270 62.440990838336795 477
1694444562304 62.31611524207757 478
1694444562339 62.19149055705799 479
1694444562376 62.06711627673111 480
1694444562411 61.942991895580796 481
1694444562445 61.819116909119444 482
1694444562481 61.69549081388602 483
1694444562519 61.57211310744385 484
1694444562554 61.44898328837851 485
1694444562586 61.32610085629575 486
1694444562619 61.203465311819414 487
1694444562657 61.08107615658927 488
1694444562689 60.958932893258925 489
1694444562720 60.83703502549385 490
1694444562759 60.715382057969116 491
1694444562789 60.593973496367475 492
1694444562824 60.472808847377166 493
1694444562856 60.35188761868994 494
1694444562888 60.23120931899892 495
1694444562919 60.11077345799653 496
1694444562955 59.9905795463725 497
1694444562985 59.8706270958118 498
1694444563018 59.75091561899253 499
