1694442935689 0.0 0
1694442935963 0.0 1
1694442936232 0.0 2
1694442936502 0.0 3
1694442936806 0.0 4
1694442937090 0.0 5
1694442937381 0.0 6
1694442937636 0.0 7
1694442937916 0.0 8
1694442938180 0.0 9
1694442938458 0.0 10
1694442938714 0.0 11
1694442938995 0.0 12
1694442939278 0.0 13
1694442939554 0.0 14
1694442939835 0.0 15
1694442940100 0.0 16
1694442940382 0.0 17
1694442940659 0.0 18
1694442940928 0.0 19
1694442941201 0.0 20
1694442941486 0.0 21
1694442941787 0.0 22
1694442942073 0.0 23
1694442942418 0.0 24
1694442942704 0.0 25
1694442942972 0.0 26
1694442943264 0.0 27
1694442943521 0.0 28
1694442943775 0.0 29
1694442944033 0.0 30
1694442944304 0.0 31
1694442944560 0.0 32
1694442944832 0.0 33
1694442945105 0.0 34
1694442945392 0.0 35
1694442945692 0.0 36
1694442945999 0.0 37
1694442946285 0.0 38
1694442946563 0.0 39
1694442946846 0.0 40
1694442947133 0.0 41
1694442947424 0.0 42
1694442947705 0.0 43
1694442947980 0.0 44
1694442948284 0.0 45
1694442948588 0.0 46
1694442948870 0.0 47
1694442949214 0.0 48
1694442949527 0.0 49
1694442949907 0.0 50
1694442950255 0.0 51
1694442950537 0.0 52
1694442950810 0.0 53
1694442951127 0.0 54
1694442951409 0.0 55
1694442951693 0.0 56
1694442952004 0.0 57
1694442952280 0.0 58
1694442952590 0.0 59
1694442952859 0.0 60
1694442953156 0.0 61
1694442953441 0.0 62
1694442953725 0.0 63
1694442954013 0.0 64
1694442954309 0.0 65
1694442954591 0.0 66
1694442954889 0.0 67
1694442955170 0.0 68
1694442955468 0.0 69
1694442955756 0.0 70
1694442956057 0.0 71
1694442956337 0.0 72
1694442956612 0.0 73
1694442956895 0.0 74
1694442957174 0.0 75
1694442957466 0.0 76
1694442957736 0.0 77
1694442958007 0.0 78
1694442958291 0.0 79
1694442958579 0.0 80
1694442958889 0.0 81
1694442959169 0.0 82
1694442959475 0.0 83
1694442959746 0.0 84
1694442959982 0.0 85
1694442960265 0.0 86
1694442960551 0.0 87
1694442960822 0.0 88
1694442961086 0.0 89
1694442961369 0.0 90
1694442961656 0.0 91
1694442961923 0.0 92
1694442962193 0.0 93
1694442962482 0.0 94
1694442962755 0.0 95
1694442963044 0.0 96
1694442963332 0.0 97
1694442963601 0.0 98
1694442963885 0.0 99
1694442964183 0.0 100
1694442964457 0.0 101
1694442964748 0.0 102
1694442965036 0.0 103
1694442965309 0.0 104
1694442965585 0.0 105
1694442965862 0.0 106
1694442966156 0.0 107
1694442966457 0.0 108
1694442966782 0.0 109
1694442967070 0.0 110
1694442967367 0.0 111
1694442967695 0.0 112
1694442967974 0.0 113
1694442968250 0.0 114
1694442968509 0.0 115
1694442968793 0.0 116
1694442969072 0.0 117
1694442969338 0.0 118
1694442969623 0.0 119
1694442969928 0.0 120
1694442970238 0.0 121
1694442970528 0.0 122
1694442970818 0.0 123
1694442971107 0.0 124
1694442971373 0.0 125
1694442971648 0.0 126
1694442971934 0.0 127
1694442972206 0.0 128
1694442972494 0.0 129
1694442972774 0.0 130
1694442973060 0.0 131
1694442973341 0.0 132
1694442973621 0.0 133
1694442973900 0.0 134
1694442974170 0.0 135
1694442974432 0.0 136
1694442974714 0.0 137
1694442975021 0.0 138
1694442975292 0.0 139
1694442975592 0.0 140
1694442975863 0.0 141
1694442976128 0.0 142
1694442976422 0.0 143
1694442976700 0.0 144
1694442976976 0.0 145
1694442977253 0.0 146
1694442977527 0.0 147
1694442977816 0.0 148
1694442978103 0.0 149
1694442978390 0.0 150
1694442978695 0.0 151
1694442978981 0.0 152
1694442979293 0.0 153
1694442979586 0.0 154
1694442979879 0.0 155
1694442980161 0.0 156
1694442980440 0.0 157
1694442980724 0.0 158
1694442981000 0.0 159
1694442981284 0.0 160
1694442981564 0.0 161
1694442981846 0.0 162
1694442982116 0.0 163
1694442982385 0.0 164
1694442982732 0.0 165
1694442983020 0.0 166
1694442983307 0.0 167
1694442983591 0.0 168
1694442983880 0.0 169
1694442984166 0.0 170
1694442984453 0.0 171
1694442984734 0.0 172
1694442985025 0.0 173
1694442985323 0.0 174
1694442985600 0.0 175
1694442985872 0.0 176
1694442986158 0.0 177
1694442986440 0.0 178
1694442986716 0.0 179
1694442986987 0.0 180
1694442987282 0.0 181
1694442987555 0.0 182
1694442987826 0.0 183
1694442988104 0.0 184
1694442988387 0.0 185
1694442988662 0.0 186
1694442988939 0.0 187
1694442989235 0.0 188
1694442989519 0.0 189
1694442989813 0.0 190
1694442990100 0.0 191
1694442990367 0.0 192
1694442990642 0.0 193
1694442990911 0.0 194
1694442991187 0.0 195
1694442991463 0.0 196
1694442991751 0.0 197
1694442992039 0.0 198
1694442992323 0.0 199
1694442992587 0.0 200
1694442992854 0.0 201
1694442993150 0.0 202
1694442993440 0.0 203
1694442993723 0.0 204
1694442994018 0.0 205
1694442994310 0.0 206
1694442994609 0.0 207
1694442994891 0.0 208
1694442995173 0.0 209
1694442995436 0.0 210
1694442995724 0.0 211
1694442996006 0.0 212
1694442996277 0.0 213
1694442996558 0.0 214
1694442996830 0.0 215
1694442997098 0.0 216
1694442997370 0.0 217
1694442997638 0.0 218
1694442997919 0.0 219
1694442998201 0.0 220
1694442998482 0.0 221
1694442998760 0.0 222
1694442999039 0.0 223
1694442999329 0.0 224
1694442999621 0.0 225
1694442999878 0.0 226
1694443000185 0.0 227
1694443000475 0.0 228
1694443000758 0.0 229
1694443001044 0.0 230
1694443001308 0.0 231
1694443001597 0.0 232
1694443001862 0.0 233
1694443002149 0.0 234
1694443002432 0.0 235
1694443002704 0.0 236
1694443003130 0.0 237
1694443003415 0.0 238
1694443003688 0.0 239
1694443003960 0.0 240
1694443004241 0.0 241
1694443004527 0.0 242
1694443004803 0.0 243
1694443005081 0.0 244
1694443005364 0.0 245
1694443005634 0.0 246
1694443005909 0.0 247
1694443006176 0.0 248
1694443006458 0.0 249
1694443006739 0.0 250
1694443007007 0.0 251
1694443007287 0.0 252
1694443007588 0.0 253
1694443007867 0.0 254
1694443008147 0.0 255
1694443008429 0.0 256
1694443008725 0.0 257
1694443008997 0.0 258
1694443009291 0.0 259
1694443009553 0.0 260
1694443009843 0.0 261
1694443010128 0.0 262
1694443010421 0.0 263
1694443010688 0.0 264
1694443010956 0.0 265
1694443011237 0.0 266
1694443011536 0.0 267
1694443011820 0.0 268
1694443012097 0.0 269
1694443012386 0.0 270
1694443012664 0.0 271
1694443012928 0.0 272
1694443013244 0.0 273
1694443013527 0.0 274
1694443013832 0.0 275
1694443014123 0.0 276
1694443014389 0.0 277
1694443014688 0.0 278
1694443014958 0.0 279
1694443015258 0.0 280
1694443015541 0.0 281
1694443015828 0.0 282
1694443016116 0.0 283
1694443016436 0.0 284
1694443016718 0.0 285
1694443016995 0.0 286
1694443017277 0.0 287
1694443017567 0.0 288
1694443017835 0.0 289
1694443018109 0.0 290
1694443018379 0.0 291
1694443018654 0.0 292
1694443018923 0.0 293
1694443019194 0.0 294
1694443019461 0.0 295
1694443019744 0.0 296
1694443020033 0.0 297
1694443020308 0.0 298
1694443020580 0.0 299
1694443020861 0.0 300
1694443021155 0.0 301
1694443021445 0.0 302
1694443021720 0.0 303
1694443022004 0.0 304
1694443022271 0.0 305
1694443022569 0.0 306
1694443022863 0.0 307
1694443023142 0.0 308
1694443023419 0.0 309
1694443023696 0.0 310
1694443023991 0.0 311
1694443024251 0.0 312
1694443024550 0.0 313
1694443024840 0.0 314
1694443025127 0.0 315
1694443025419 0.0 316
1694443025707 0.0 317
1694443025987 0.0 318
1694443026271 0.0 319
1694443026539 0.0 320
1694443026813 0.0 321
1694443027094 0.0 322
1694443027366 0.0 323
1694443027651 0.0 324
1694443027931 0.0 325
1694443028223 0.0 326
1694443028508 0.0 327
1694443028775 0.0 328
1694443029056 0.0 329
1694443029345 0.0 330
1694443029630 0.0 331
1694443029906 0.0 332
1694443030196 0.0 333
1694443030475 0.0 334
1694443030770 0.0 335
1694443031054 0.0 336
1694443031341 0.0 337
1694443031620 0.0 338
1694443031907 0.0 339
1694443032176 0.0 340
1694443032451 0.0 341
1694443032740 0.0 342
1694443033012 0.0 343
1694443033316 0.0 344
1694443033602 0.0 345
1694443033886 0.0 346
1694443034158 0.0 347
1694443034431 0.0 348
1694443034712 0.0 349
1694443034995 0.0 350
1694443035268 0.0 351
1694443035571 0.0 352
1694443035848 0.0 353
1694443036120 0.0 354
1694443036404 0.0 355
1694443036679 0.0 356
1694443036946 0.0 357
1694443037229 0.0 358
1694443037508 0.0 359
1694443037785 0.0 360
1694443038052 0.0 361
1694443038328 0.0 362
1694443038602 0.0 363
1694443038890 0.0 364
1694443039159 0.0 365
1694443039441 0.0 366
1694443039737 0.0 367
1694443040014 0.0 368
1694443040292 0.0 369
1694443040586 0.0 370
1694443040853 0.0 371
1694443041122 0.0 372
1694443041392 0.0 373
1694443041658 0.0 374
1694443041921 0.0 375
1694443042207 0.0 376
1694443042490 0.0 377
1694443042756 0.0 378
1694443043041 0.0 379
1694443043343 0.0 380
1694443043619 0.0 381
1694443043908 0.0 382
1694443044178 0.0 383
1694443044464 0.0 384
1694443044729 0.0 385
1694443045010 0.0 386
1694443045280 0.0 387
1694443045548 0.0 388
1694443045852 0.0 389
1694443046122 0.0 390
1694443046421 0.0 391
1694443046703 0.0 392
1694443046959 0.0 393
1694443047257 0.0 394
1694443047517 0.0 395
1694443047791 0.0 396
1694443048074 0.0 397
1694443048346 0.0 398
1694443048630 0.0 399
1694443048913 0.0 400
1694443049205 0.0 401
1694443049490 0.0 402
1694443049768 0.0 403
1694443050052 0.0 404
1694443050323 0.0 405
1694443050604 0.0 406
1694443050891 0.0 407
1694443051186 0.0 408
1694443051483 0.0 409
1694443051744 0.0 410
1694443052013 0.0 411
1694443052296 0.0 412
1694443052575 0.0 413
1694443052865 0.0 414
1694443053143 0.0 415
1694443053414 0.0 416
1694443053690 0.0 417
1694443053976 0.0 418
1694443054276 0.0 419
1694443054547 0.0 420
1694443054821 0.0 421
1694443055096 0.0 422
1694443055396 0.0 423
1694443055686 0.0 424
1694443055985 0.0 425
1694443056274 0.0 426
1694443056562 0.0 427
1694443056831 0.0 428
1694443057105 0.0 429
1694443057389 0.0 430
1694443057666 0.0 431
1694443057943 0.0 432
1694443058231 0.0 433
1694443058513 0.0 434
1694443058788 0.0 435
1694443059074 0.0 436
1694443059364 0.0 437
1694443059647 0.0 438
1694443059921 0.0 439
1694443060229 0.0 440
1694443060503 0.0 441
1694443060786 0.0 442
1694443061030 0.0 443
1694443061324 0.0 444
1694443061604 0.0 445
1694443061876 0.0 446
1694443062171 0.0 447
1694443062455 0.0 448
1694443062738 0.0 449
1694443063026 0.0 450
1694443063309 0.0 451
1694443063621 0.0 452
1694443063923 0.0 453
1694443064190 0.0 454
1694443064455 0.0 455
1694443064718 0.0 456
1694443065001 0.0 457
1694443065275 0.0 458
1694443065555 0.0 459
1694443065830 0.0 460
1694443066121 0.0 461
1694443066406 0.0 462
1694443066680 0.0 463
1694443066955 0.0 464
1694443067253 0.0 465
1694443067525 0.0 466
1694443067819 0.0 467
1694443068109 0.0 468
1694443068407 0.0 469
1694443068697 0.0 470
1694443068977 0.0 471
1694443069294 0.0 472
1694443069603 0.0 473
1694443069892 0.0 474
1694443070170 0.0 475
1694443070460 0.0 476
1694443070747 0.0 477
1694443071035 0.0 478
1694443071322 0.0 479
1694443071606 0.0 480
1694443071888 0.0 481
1694443072185 0.0 482
1694443072474 0.0 483
1694443072749 0.0 484
1694443073038 0.0 485
1694443073330 0.0 486
1694443073607 0.0 487
1694443073896 0.0 488
1694443074186 0.0 489
1694443074454 0.0 490
1694443074734 0.0 491
1694443075013 0.0 492
1694443075291 0.0 493
1694443075560 0.0 494
1694443075858 0.0 495
1694443076160 0.0 496
1694443076439 0.0 497
1694443076721 0.0 498
1694443077009 0.0 499
