1694442935678 0.312606592239742 0
1694442935954 0.00803924429941489 1
1694442936224 0.22343744874523525 2
1694442936494 0.7962335443519915 3
1694442936798 0.5777443805223411 4
1694442937083 0.225834403664795 5
1694442937373 0.6007482751453826 6
1694442937628 0.3766383586388445 7
1694442937909 0.4447224104287451 8
1694442938173 0.6425321391549825 9
1694442938451 0.04827621611376002 10
1694442938677 0.15866615285122418 11
1694442938986 0.9434764335329358 12
1694442939271 0.13389430403429953 13
1694442939547 0.8170394146720232 14
1694442939822 0.2693626618613171 15
1694442940092 1.1409800819780107 16
1694442940374 0.2335992456137935 17
1694442940649 0.37062889177593233 18
1694442940920 0.1798200630394092 19
1694442941194 0.18853946968232266 20
1694442941477 0.4041157051761353 21
1694442941780 0.26304405524797564 22
1694442942066 0.3125017804973975 23
1694442942411 1.6303954435558863 24
1694442942697 0.26049272776480875 25
1694442942964 0.1250239694941608 26
1694442943256 0.01667642552416163 27
1694442943514 0.5932420310491509 28
1694442943769 0.8853475333912383 29
1694442944025 0.13320699829548194 30
1694442944297 0.1607372539831582 31
1694442944553 0.015847794878749665 32
1694442944824 0.7235836332749088 33
1694442945098 0.4647368247855829 34
1694442945383 0.8629920115542558 35
1694442945684 1.2856869569329865 36
1694442945992 0.39021885872203876 37
1694442946276 0.9541102185231384 38
1694442946556 0.0016116277346308898 39
1694442946839 0.49286462301694367 40
1694442947125 0.738201276807888 41
1694442947414 0.8121519221403635 42
1694442947695 0.0522919057568403 43
1694442947971 0.7470460155012464 44
1694442948276 0.31161869067443987 45
1694442948579 0.2899478755611197 46
1694442948861 0.04339468456687172 47
1694442949206 0.1485234752812559 48
1694442949520 1.2765136311278926 49
1694442949895 0.7924398453763601 50
1694442950245 0.33549636757576623 51
1694442950529 0.41181267184768167 52
1694442950802 0.8829042318375391 53
1694442951117 0.5837791217797108 54
1694442951402 0.778172847204754 55
1694442951686 0.02747628627839741 56
1694442951995 0.878485664564233 57
1694442952273 0.5296640359595376 58
1694442952580 0.47816837612763746 59
1694442952851 0.9938194055086336 60
1694442953148 0.3455423205403945 61
1694442953434 0.6146163198163157 62
1694442953718 8.576160753145911e-05 63
1694442954006 0.5627031704015028 64
1694442954301 0.250110408719909 65
1694442954584 0.01306612583828699 66
1694442954881 1.2721489774599066 67
1694442955161 0.5371993685279324 68
1694442955461 0.24283680273111508 69
1694442955749 0.11452475423004461 70
1694442956043 1.3645709958796228 71
1694442956329 0.6487037076926961 72
1694442956604 0.3652142960916098 73
1694442956887 0.854086388369135 74
1694442957166 1.0820637462035396 75
1694442957457 1.2274217755129653 76
1694442957728 0.7454302110029594 77
1694442958000 0.07330909016004136 78
1694442958282 0.61398661468776 79
1694442958572 0.8029251344045927 80
1694442958881 0.22776762127395925 81
1694442959160 0.45739599190847036 82
1694442959467 0.043024275197532255 83
1694442959738 1.1519612291614394 84
1694442959810 0.48690666406243366 85
1694442960258 0.4731896145222629 86
1694442960542 0.7522258213922802 87
1694442960815 0.5842535321173594 88
1694442961045 2.0168325718597635 89
1694442961361 0.5863941664421245 90
1694442961643 0.005981361988457983 91
1694442961915 1.0577974541860578 92
1694442962186 1.0858459728117469 93
1694442962475 0.2638609246173102 94
1694442962747 0.5325103161607188 95
1694442963038 0.5900644128060354 96
1694442963324 0.6413386514751158 97
1694442963592 0.270620450737127 98
1694442963876 0.7682741193396089 99
1694442964176 1.2297744370095276 100
1694442964450 0.3728425556411718 101
1694442964740 0.5718396265897585 102
1694442965028 0.6510104470379016 103
1694442965303 0.698998956959294 104
1694442965578 0.13612475130915977 105
1694442965855 0.8474537286553426 106
1694442966148 0.8439724167109766 107
1694442966445 0.3793713858272725 108
1694442966774 0.8990514358004659 109
1694442967062 0.0012351686330796432 110
1694442967353 2.87577209705288 111
1694442967687 0.4636842035226217 112
1694442967966 0.09113247073086636 113
1694442968241 0.6889097337913219 114
1694442968501 1.2178116706170852 115
1694442968786 0.5541333214368838 116
1694442969065 0.5834210085186684 117
1694442969330 2.6842493980872275 118
1694442969615 0.9599529291786588 119
1694442969920 0.7835754355544764 120
1694442970230 0.6789102307843132 121
1694442970520 0.7583987447587245 122
1694442970808 0.6564630095216574 123
1694442971099 1.0637988404829692 124
1694442971366 0.26274752822582614 125
1694442971641 0.7226863450437254 126
1694442971924 1.010855430684986 127
1694442972199 0.6256308496897888 128
1694442972488 1.900884462003965 129
1694442972767 1.8142949576023386 130
1694442973052 1.5034098946932455 131
1694442973333 0.5472885991451528 132
1694442973613 0.24506701068141537 133
1694442973891 0.41743075216567754 134
1694442974163 0.017348546412931674 135
1694442974423 0.5446897580050585 136
1694442974708 0.4914440957449443 137
1694442975013 0.057490641751324394 138
1694442975276 0.46720171151084117 139
1694442975583 1.238033407218986 140
1694442975846 0.8093368371084718 141
1694442976121 1.0993424394140607 142
1694442976414 0.7821146042822067 143
1694442976691 0.9909380273290556 144
1694442976967 0.18126972253277054 145
1694442977246 0.56604147157427 146
1694442977520 0.161307681302396 147
1694442977809 0.26550747657769913 148
1694442978093 0.7284298904566509 149
1694442978383 1.0056218902477723 150
1694442978688 0.5592053201527099 151
1694442978971 0.21430209582466953 152
1694442979286 0.14936959722453882 153
1694442979577 0.24787333748383647 154
1694442979872 1.1389936905328226 155
1694442980152 0.014674315162382923 156
1694442980433 0.9765415681468491 157
1694442980717 1.008906509044744 158
1694442980993 1.0558307798935285 159
1694442981276 2.6570808235153187 160
1694442981557 0.16386118027878277 161
1694442981839 0.7743588069261738 162
1694442982107 0.6243282351838674 163
1694442982377 0.7113023171074004 164
1694442982723 0.15728967357028328 165
1694442983012 0.5634132215865946 166
1694442983299 0.06009236863667159 167
1694442983584 0.900663481392652 168
1694442983872 1.5811934421463911 169
1694442984158 0.160587561115408 170
1694442984444 0.975378011980505 171
1694442984727 0.7983756065462835 172
1694442985015 0.7168726149480882 173
1694442985316 0.08548743892146014 174
1694442985592 0.5451091404440349 175
1694442985865 1.204233351126459 176
1694442986150 0.5688556105571304 177
1694442986433 0.49182476212108206 178
1694442986708 0.3901740960904877 179
1694442986979 0.9018265175446624 180
1694442987275 0.9292961796771101 181
1694442987547 0.4838515603481977 182
1694442987819 0.6664144299454768 183
1694442988097 0.264591763682289 184
1694442988378 0.06846254256618219 185
1694442988654 0.3264708717262211 186
1694442988930 6.635568048154433e-07 187
1694442989227 0.6503187408335925 188
1694442989512 0.676376212306506 189
1694442989805 0.6882958033671408 190
1694442990091 0.33652407240695303 191
1694442990358 0.02780700620743433 192
1694442990635 0.3043382133709734 193
1694442990904 0.058394367874017715 194
1694442991178 0.048498181211801196 195
1694442991455 0.7088510139419592 196
1694442991742 0.11594431939137004 197
1694442992033 0.6504699827193088 198
1694442992314 0.7783308519014813 199
1694442992581 0.8921227689900983 200
1694442992846 0.7453628184519886 201
1694442993143 0.6431217817650923 202
1694442993433 0.1828426823968626 203
1694442993713 0.12943478182009652 204
1694442994008 0.4310096563220539 205
1694442994302 0.3816649939040687 206
1694442994601 0.3086567522785142 207
1694442994884 1.0175386753351259 208
1694442995162 1.683425352261322 209
1694442995429 0.8140759886730482 210
1694442995716 0.15428107330865737 211
1694442995999 0.06600568616184026 212
1694442996269 1.3898773475748802 213
1694442996550 0.6148448615370163 214
1694442996824 1.7933770562253184 215
1694442997091 0.32047671887783313 216
1694442997362 2.6971997397075023 217
1694442997630 1.648388230644364 218
1694442997910 0.533262510059189 219
1694442998194 0.5908019642230339 220
1694442998474 1.4645964503670978 221
1694442998753 0.5574370408575212 222
1694442999032 0.09922485775913466 223
1694442999320 0.3291918941361147 224
1694442999613 0.44866575265223235 225
1694442999775 0.5060745073094093 226
1694443000176 0.27292481832253407 227
1694443000446 0.6732404807512009 228
1694443000751 0.3173329974111087 229
1694443001038 0.06778693312454354 230
1694443001301 0.8619765553983584 231
1694443001591 1.1017129727571757 232
1694443001854 0.38116690081604543 233
1694443002142 1.740198154367357 234
1694443002424 0.18624954791320927 235
1694443002696 1.0587736168761663 236
1694443003121 0.37991115742879794 237
1694443003409 0.104773646069545 238
1694443003681 0.09773622127210381 239
1694443003951 0.001615810565513104 240
1694443004233 0.17101261159595837 241
1694443004520 0.5398600458836402 242
1694443004795 0.5090997776297863 243
1694443005074 0.12024603638568458 244
1694443005356 1.3535142706445362 245
1694443005625 0.3036369312110764 246
1694443005903 0.2125984054232753 247
1694443006169 0.2418501496228359 248
1694443006451 0.2958067641020563 249
1694443006732 1.0149754169323748 250
1694443006999 0.3672610038195924 251
1694443007276 0.3781017404998367 252
1694443007579 0.8438144530512284 253
1694443007860 0.5162440134944701 254
1694443008139 0.00025408652046378426 255
1694443008421 0.10799657745293238 256
1694443008718 1.0992064655416247 257
1694443008991 0.9652536832929011 258
1694443009283 0.35061645849965273 259
1694443009543 0.6661930182399237 260
1694443009835 0.5673971540679649 261
1694443010120 0.4436202732486518 262
1694443010413 0.4107817586238337 263
1694443010679 0.21319006716689512 264
1694443010948 0.06455387384037314 265
1694443011229 0.17428941480112536 266
1694443011529 0.27507588363385926 267
1694443011813 0.4245432749380267 268
1694443012089 0.9504072412923485 269
1694443012377 0.6908015729278073 270
1694443012657 0.8640683448706538 271
1694443012920 0.7411820189708443 272
1694443013236 0.20720184951696552 273
1694443013519 0.031531679853742244 274
1694443013826 0.699269192351441 275
1694443014116 1.0067405368591027 276
1694443014381 0.3176854951488968 277
1694443014679 0.22231409538006217 278
1694443014949 0.6360266512252926 279
1694443015248 0.32595422105842276 280
1694443015530 0.20028934200950343 281
1694443015822 0.06243997018953413 282
1694443016109 0.5650340398355056 283
1694443016428 0.6842897193237033 284
1694443016711 0.40593240337320624 285
1694443016989 0.00025795177857639034 286
1694443017260 0.024275123102099776 287
1694443017560 0.9903373510523016 288
1694443017827 0.27311624634643644 289
1694443018102 0.8039573908438471 290
1694443018371 0.15884901716343583 291
1694443018646 0.13795156599215835 292
1694443018915 0.6172440625117906 293
1694443019187 0.7312470437945562 294
1694443019454 0.2787256673140077 295
1694443019737 0.8073429995247166 296
1694443020026 1.202980826875899 297
1694443020301 1.884784339603305 298
1694443020573 0.06473289508622393 299
1694443020853 0.382974950745477 300
1694443021146 0.9915225343198232 301
1694443021434 0.29393743703156977 302
1694443021713 0.540746102158586 303
1694443021995 0.6277941381751092 304
1694443022264 0.6022645402744069 305
1694443022561 1.0460090860657383 306
1694443022854 0.01468232012768151 307
1694443023134 1.495985335404749 308
1694443023411 1.7350713859329727 309
1694443023689 0.308225189079039 310
1694443023983 0.6597832607285066 311
1694443024243 0.7536729055555783 312
1694443024541 0.42471945193453964 313
1694443024833 0.2925756846237441 314
1694443025119 0.25996146408473697 315
1694443025410 0.3789076548872868 316
1694443025700 0.08661564621483177 317
1694443025979 0.9141237654156953 318
1694443026263 2.0767355051006873 319
1694443026532 0.49652767782119855 320
1694443026806 0.27585258030272947 321
1694443027087 0.5421356450978901 322
1694443027359 0.4356061396461138 323
1694443027643 1.0955538196877677 324
1694443027924 2.1841395375102906 325
1694443028216 0.3363651228307462 326
1694443028500 2.62774835553639 327
1694443028763 0.7031380561353148 328
1694443029047 1.5071247546043254 329
1694443029339 0.16605944609669715 330
1694443029622 0.5885681325123749 331
1694443029899 0.568105079724081 332
1694443030188 0.2062366986408101 333
1694443030468 0.5025708510351291 334
1694443030761 0.5297148950977266 335
1694443031047 1.6894768941576377 336
1694443031334 0.3926419105647689 337
1694443031612 0.6348071732917956 338
1694443031900 0.5479106195071092 339
1694443032168 0.5252805298715875 340
1694443032441 0.8749867816830937 341
1694443032733 0.4626537671987562 342
1694443033005 0.20153566298902778 343
1694443033310 1.1424247746621754 344
1694443033595 1.167203193983866 345
1694443033879 0.4511144191742859 346
1694443034149 0.562089668376106 347
1694443034424 0.201449005855701 348
1694443034704 0.001692436563204627 349
1694443034988 0.5993794218451995 350
1694443035260 0.9554624440089311 351
1694443035562 1.0229618687258482 352
1694443035842 0.03013767758995114 353
1694443036112 1.0136484390338079 354
1694443036397 0.4072421828496586 355
1694443036671 3.0004847375401287 356
1694443036939 0.2775390030600605 357
1694443037221 0.001751936574201833 358
1694443037500 1.081396891604512 359
1694443037776 0.6968792672689821 360
1694443038044 0.9413242052015204 361
1694443038322 1.4244884540392224 362
1694443038594 0.2152458338821559 363
1694443038882 0.5509037586406144 364
1694443039150 0.41661341031429233 365
1694443039434 0.16760448431530886 366
1694443039729 0.2599273776471901 367
1694443040007 0.3948842382960514 368
1694443040285 1.1184395236130775 369
1694443040577 0.6780984380705952 370
1694443040844 0.038132157671983635 371
1694443041113 0.12105281122839566 372
1694443041385 0.14823719348270573 373
1694443041650 0.6887529201531991 374
1694443041914 0.4423453754361446 375
1694443042201 0.8336089463385039 376
1694443042482 0.33499429221320504 377
1694443042749 1.550176006638877 378
1694443043033 0.0990900683477316 379
1694443043336 0.2343246004253123 380
1694443043612 0.45153478347158404 381
1694443043901 0.40105206620386763 382
1694443044169 0.3820316770141208 383
1694443044458 0.06992659181070048 384
1694443044722 0.2846965956333293 385
1694443045004 0.1077645698522946 386
1694443045273 0.09252753253270156 387
1694443045541 0.0005278298874182404 388
1694443045844 0.690133977790666 389
1694443046115 0.19670041471279553 390
1694443046413 0.224035058890764 391
1694443046695 1.2593081478744492 392
1694443046952 0.5798181171509876 393
1694443047247 0.5728800038124785 394
1694443047509 0.6843763415843235 395
1694443047781 0.7362487956958116 396
1694443048064 0.3496784343547662 397
1694443048339 0.2511763030928219 398
1694443048622 0.0042361352982857375 399
1694443048877 0.0647683663588922 400
1694443049199 0.8413390701257567 401
1694443049483 0.7258495733821969 402
1694443049761 0.7833206037578913 403
1694443050043 1.043414394225558 404
1694443050314 0.6061262141005362 405
1694443050596 0.45578162313894166 406
1694443050883 0.4654419283817043 407
1694443051177 0.14825134906292414 408
1694443051473 1.414636258477687 409
1694443051737 0.24799183928568103 410
1694443052007 0.16276823360460105 411
1694443052288 0.19235203973455764 412
1694443052567 0.6714190475377538 413
1694443052857 0.5596050445149787 414
1694443053136 0.2015982142116219 415
1694443053408 0.9208313247494708 416
1694443053683 0.010879286155371697 417
1694443053965 0.013499492159279269 418
1694443054268 0.2741846838961652 419
1694443054540 0.00788918483778293 420
1694443054811 0.3334340675036699 421
1694443055089 0.5820821273827671 422
1694443055389 0.23471405534327008 423
1694443055678 1.1113724545144772 424
1694443055931 0.07091650279160852 425
1694443056266 0.7918833582568778 426
1694443056554 0.5914997944965827 427
1694443056823 1.5486277890975988 428
1694443057097 0.007765237242485334 429
1694443057382 0.8494240793393776 430
1694443057658 0.0510802254333556 431
1694443057936 0.511152812350339 432
1694443058222 1.002734404196941 433
1694443058507 0.3500687367880274 434
1694443058780 1.4193485393298102 435
1694443059067 0.8654669195971005 436
1694443059355 0.17863698785794216 437
1694443059640 0.3123881255613675 438
1694443059912 6.509368676635438e-05 439
1694443060220 0.49794171895142814 440
1694443060496 0.8097142399089464 441
1694443060778 3.648234908528234 442
1694443061011 0.12200831568432034 443
1694443061314 0.30507178128134593 444
1694443061597 0.2081181691823996 445
1694443061864 0.1121178686222231 446
1694443062164 0.5019970549342767 447
1694443062447 0.3263909830853482 448
1694443062731 0.10737878923947955 449
1694443063019 0.28550723233035014 450
1694443063301 0.606178208069449 451
1694443063613 0.8628018704506577 452
1694443063914 0.24140351578149727 453
1694443064183 0.40080916299964336 454
1694443064448 1.5764488584170828 455
1694443064711 0.880453359148291 456
1694443064990 1.7685495430817644 457
1694443065267 1.7810003238892782 458
1694443065547 0.4010721905273314 459
1694443065824 1.2823626902580776 460
1694443066113 0.13607376697248222 461
1694443066398 0.2263665738939332 462
1694443066672 0.32624268927881056 463
1694443066948 0.2602181919762905 464
1694443067244 0.6148088661576112 465
1694443067519 1.0492832111020938 466
1694443067809 0.1426283079313597 467
1694443068102 0.013383109456647327 468
1694443068398 0.46273684501464446 469
1694443068690 0.9103855321100532 470
1694443068968 0.5222387470533187 471
1694443069285 0.7712547700436281 472
1694443069595 1.5047982921588299 473
1694443069883 0.7740339277935567 474
1694443070161 0.6067195659693884 475
1694443070453 0.01603560436659285 476
1694443070739 0.43486998914993524 477
1694443071027 0.8416735926827393 478
1694443071313 1.42127386435378 479
1694443071599 0.6539062070885175 480
1694443071880 0.3032501523474159 481
1694443072174 0.2022989910426173 482
1694443072467 0.45467601469606495 483
1694443072742 0.40076384019902095 484
1694443073029 1.0218243842011367 485
1694443073324 0.2337030514397934 486
1694443073600 0.003379308388755526 487
1694443073889 0.7296542171284133 488
1694443074179 0.003579727883632759 489
1694443074443 0.7914800954746621 490
1694443074725 0.07792023049780485 491
1694443075004 0.24691632198862118 492
1694443075283 0.13996463601476256 493
1694443075552 0.7090952323535763 494
1694443075850 1.195766270179042 495
1694443076151 0.03229347182775241 496
1694443076431 0.46244397519367847 497
1694443076713 0.00942231591434205 498
1694443077001 0.9620510028216638 499
