1694439801599 0.0 0
1694439801912 0.0 1
1694439802200 0.0 2
1694439802516 0.0 3
1694439802828 0.0 4
1694439803106 0.0 5
1694439803354 0.0 6
1694439803604 0.0 7
1694439803861 0.0 8
1694439804119 0.0 9
1694439804374 0.0 10
1694439804632 0.0 11
1694439804893 0.0 12
1694439805152 0.0 13
1694439805416 0.0 14
1694439805688 0.0 15
1694439806014 0.0 16
1694439806275 0.0 17
1694439806544 0.0 18
1694439806788 0.0 19
1694439807049 0.0 20
1694439807338 0.0 21
1694439807611 0.0 22
1694439807879 0.0 23
1694439808150 0.0 24
1694439808421 0.0 25
1694439808694 0.0 26
1694439808960 0.0 27
1694439809220 0.0 28
1694439809546 0.0 29
1694439809805 0.0 30
1694439810080 0.0 31
1694439810354 0.0 32
1694439810614 0.0 33
1694439810879 0.0 34
1694439811125 0.0 35
1694439811404 0.0 36
1694439811647 0.0 37
1694439811890 0.0 38
1694439812135 0.0 39
1694439812393 0.0 40
1694439812645 0.0 41
1694439812899 0.0 42
1694439813147 0.0 43
1694439813425 0.0 44
1694439813697 0.0 45
1694439813970 0.0 46
1694439814221 0.0 47
1694439814478 0.0 48
1694439814726 0.0 49
1694439814972 0.0 50
1694439815229 0.0 51
1694439815484 0.0 52
1694439815714 0.0 53
1694439815962 0.0 54
1694439816233 0.0 55
1694439816496 0.0 56
1694439816766 0.0 57
1694439817021 0.0 58
1694439817294 0.0 59
1694439817578 0.0 60
1694439817815 0.0 61
1694439818065 0.0 62
1694439818327 0.0 63
1694439818592 0.0 64
1694439818824 0.0 65
1694439819112 0.0 66
1694439819366 0.0 67
1694439819664 0.0 68
1694439819913 0.0 69
1694439820179 0.0 70
1694439820439 0.0 71
1694439820698 0.0 72
1694439820953 0.0 73
1694439821216 0.0 74
1694439821488 0.0 75
1694439821739 0.0 76
1694439821996 0.0 77
1694439822244 0.0 78
1694439822503 0.0 79
1694439822776 0.0 80
1694439823010 0.0 81
1694439823262 0.0 82
1694439823529 0.0 83
1694439823792 0.0 84
1694439824054 0.0 85
1694439824310 0.0 86
1694439824584 0.0 87
1694439824824 0.0 88
1694439825079 0.0 89
1694439825342 0.0 90
1694439825609 0.0 91
1694439825861 0.0 92
1694439826102 0.0 93
1694439826377 0.0 94
1694439826639 0.0 95
1694439826882 0.0 96
1694439827150 0.0 97
1694439827407 0.0 98
1694439827637 0.0 99
1694439827874 0.0 100
1694439828120 0.0 101
1694439828373 0.0 102
1694439828661 0.0 103
1694439828918 0.0 104
1694439829171 0.0 105
1694439829413 0.0 106
1694439829646 0.0 107
1694439829872 0.0 108
1694439830109 0.0 109
1694439830347 0.0 110
1694439830595 0.0 111
1694439830862 0.0 112
1694439831163 0.0 113
1694439831465 0.0 114
1694439831726 0.0 115
1694439831975 0.0 116
1694439832230 0.0 117
1694439832504 0.0 118
1694439832765 0.0 119
1694439833026 0.0 120
1694439833288 0.0 121
1694439833533 0.0 122
1694439833758 0.0 123
1694439833999 0.0 124
1694439834241 0.0 125
1694439834499 0.0 126
1694439834726 0.0 127
1694439834966 0.0 128
1694439835200 0.0 129
1694439835432 0.0 130
1694439835657 0.0 131
1694439835903 0.0 132
1694439836142 0.0 133
1694439836366 0.0 134
1694439836598 0.0 135
1694439836826 0.0 136
1694439837048 0.0 137
1694439837274 0.0 138
1694439837503 0.0 139
1694439837738 0.0 140
1694439837958 0.0 141
1694439838184 0.0 142
1694439838464 0.0 143
1694439838754 0.0 144
1694439838999 0.0 145
1694439839257 0.0 146
1694439839527 0.0 147
1694439839838 0.0 148
1694439840112 0.0 149
1694439840353 0.0 150
1694439840607 0.0 151
1694439840846 0.0 152
1694439841080 0.0 153
1694439841355 0.0 154
1694439841626 0.0 155
1694439841896 0.0 156
1694439842165 0.0 157
1694439842426 0.0 158
1694439842695 0.0 159
1694439842928 0.0 160
1694439843179 0.0 161
1694439843442 0.0 162
1694439843713 0.0 163
1694439843957 0.0 164
1694439844182 0.0 165
1694439844417 0.0 166
1694439844652 0.0 167
1694439844892 0.0 168
1694439845157 0.0 169
1694439845403 0.0 170
1694439845660 0.0 171
1694439845917 0.0 172
1694439846163 0.0 173
1694439846423 0.0 174
1694439846668 0.0 175
1694439846908 0.0 176
1694439847144 0.0 177
1694439847401 0.0 178
1694439847635 0.0 179
1694439847878 0.0 180
1694439848109 0.0 181
1694439848381 0.0 182
1694439848637 0.0 183
1694439848899 0.0 184
1694439849153 0.0 185
1694439849419 0.0 186
1694439849664 0.0 187
1694439849929 0.0 188
1694439850183 0.0 189
1694439850424 0.0 190
1694439850696 0.0 191
1694439850955 0.0 192
1694439851216 0.0 193
1694439851473 0.0 194
1694439851734 0.0 195
1694439852000 0.0 196
1694439852232 0.0 197
1694439852500 0.0 198
1694439852775 0.0 199
1694439853042 0.0 200
1694439853313 0.0 201
1694439853590 0.0 202
1694439853879 0.0 203
1694439854171 0.0 204
1694439854427 0.0 205
1694439854725 0.0 206
1694439854984 0.0 207
1694439855258 0.0 208
1694439855522 0.0 209
1694439855778 0.0 210
1694439856016 0.0 211
1694439856300 0.0 212
1694439856559 0.0 213
1694439856789 0.0 214
1694439857028 0.0 215
1694439857261 0.0 216
1694439857548 0.0 217
1694439857787 0.0 218
1694439858017 0.0 219
1694439858251 0.0 220
1694439858497 0.0 221
1694439858765 0.0 222
1694439859045 0.0 223
1694439859326 0.0 224
1694439859597 0.0 225
1694439859880 0.0 226
1694439860136 0.0 227
1694439860372 0.0 228
1694439860630 0.0 229
1694439860880 0.0 230
1694439861150 0.0 231
1694439861428 0.0 232
1694439861694 0.0 233
1694439861939 0.0 234
1694439862196 0.0 235
1694439862456 0.0 236
1694439862699 0.0 237
1694439862955 0.0 238
1694439863206 0.0 239
1694439863466 0.0 240
1694439863720 0.0 241
1694439863959 0.0 242
1694439864201 0.0 243
1694439864472 0.0 244
1694439864718 0.0 245
1694439864968 0.0 246
1694439865217 0.0 247
1694439865503 0.0 248
1694439865775 0.0 249
1694439866011 0.0 250
1694439866261 0.0 251
1694439866553 0.0 252
1694439866780 0.0 253
1694439867044 0.0 254
1694439867278 0.0 255
1694439867512 0.0 256
1694439867746 0.0 257
1694439867992 0.0 258
1694439868234 0.0 259
1694439868492 0.0 260
1694439868733 0.0 261
1694439869012 0.0 262
1694439869280 0.0 263
1694439869522 0.0 264
1694439869764 0.0 265
1694439870019 0.0 266
1694439870281 0.0 267
1694439870529 0.0 268
1694439870784 0.0 269
1694439871026 0.0 270
1694439871277 0.0 271
1694439871540 0.0 272
1694439871801 0.0 273
1694439872075 0.0 274
1694439872346 0.0 275
1694439872588 0.0 276
1694439872843 0.0 277
1694439873079 0.0 278
1694439873338 0.0 279
1694439873593 0.0 280
1694439873840 0.0 281
1694439874078 0.0 282
1694439874326 0.0 283
1694439874582 0.0 284
1694439874830 0.0 285
1694439875092 0.0 286
1694439875357 0.0 287
1694439875610 0.0 288
1694439875845 0.0 289
1694439876090 0.0 290
1694439876361 0.0 291
1694439876644 0.0 292
1694439876912 0.0 293
1694439877172 0.0 294
1694439877410 0.0 295
1694439877654 0.0 296
1694439877896 0.0 297
1694439878152 0.0 298
1694439878408 0.0 299
1694439878659 0.0 300
1694439878910 0.0 301
1694439879207 0.0 302
1694439879485 0.0 303
1694439879723 0.0 304
1694439879957 0.0 305
1694439880230 0.0 306
1694439880511 0.0 307
1694439880793 0.0 308
1694439881072 0.0 309
1694439881325 0.0 310
1694439881577 0.0 311
1694439881822 0.0 312
1694439882074 0.0 313
1694439882323 0.0 314
1694439882562 0.0 315
1694439882817 0.0 316
1694439883077 0.0 317
1694439883341 0.0 318
1694439883585 0.0 319
1694439883848 0.0 320
1694439884093 0.0 321
1694439884331 0.0 322
1694439884570 0.0 323
1694439884830 0.0 324
1694439885074 0.0 325
1694439885316 0.0 326
1694439885577 0.0 327
1694439885831 0.0 328
1694439886088 0.0 329
1694439886360 0.0 330
1694439886611 0.0 331
1694439886874 0.0 332
1694439887142 0.0 333
1694439887409 0.0 334
1694439887673 0.0 335
1694439887943 0.0 336
1694439888212 0.0 337
1694439888478 0.0 338
1694439888726 0.0 339
1694439888984 0.0 340
1694439889262 0.0 341
1694439889491 0.0 342
1694439889731 0.0 343
1694439890013 0.0 344
1694439890261 0.0 345
1694439890495 0.0 346
1694439890719 0.0 347
1694439890957 0.0 348
1694439891201 0.0 349
1694439891468 0.0 350
1694439891705 0.0 351
1694439891966 0.0 352
1694439892211 0.0 353
1694439892479 0.0 354
1694439892706 0.0 355
1694439892945 0.0 356
1694439893184 0.0 357
1694439893414 0.0 358
1694439893644 0.0 359
1694439893880 0.0 360
1694439894117 0.0 361
1694439894369 0.0 362
1694439894620 0.0 363
1694439894870 0.0 364
1694439895126 0.0 365
1694439895392 0.0 366
1694439895652 0.0 367
1694439895904 0.0 368
1694439896164 0.0 369
1694439896418 0.0 370
1694439896664 0.0 371
1694439896925 0.0 372
1694439897194 0.0 373
1694439897445 0.0 374
1694439897695 0.0 375
1694439897945 0.0 376
1694439898195 0.0 377
1694439898462 0.0 378
1694439898711 0.0 379
1694439898951 0.0 380
1694439899192 0.0 381
1694439899468 0.0 382
1694439899713 0.0 383
1694439899947 0.0 384
1694439900242 0.0 385
1694439900532 0.0 386
1694439900802 0.0 387
1694439901045 0.0 388
1694439901287 0.0 389
1694439901523 0.0 390
1694439901780 0.0 391
1694439902064 0.0 392
1694439902306 0.0 393
1694439902544 0.0 394
1694439902779 0.0 395
1694439903013 0.0 396
1694439903246 0.0 397
1694439903489 0.0 398
1694439903749 0.0 399
1694439904017 0.0 400
1694439904266 0.0 401
1694439904507 0.0 402
1694439904759 0.0 403
1694439905002 0.0 404
1694439905240 0.0 405
1694439905516 0.0 406
1694439905786 0.0 407
1694439906052 0.0 408
1694439906314 0.0 409
1694439906582 0.0 410
1694439906833 0.0 411
1694439907091 0.0 412
1694439907355 0.0 413
1694439907621 0.0 414
1694439907868 0.0 415
1694439908107 0.0 416
1694439908355 0.0 417
1694439908602 0.0 418
1694439908836 0.0 419
1694439909084 0.0 420
1694439909352 0.0 421
1694439909629 0.0 422
1694439909856 0.0 423
1694439910104 0.0 424
1694439910362 0.0 425
1694439910630 0.0 426
1694439910892 0.0 427
1694439911127 0.0 428
1694439911375 0.0 429
1694439911609 0.0 430
1694439911837 0.0 431
1694439912066 0.0 432
1694439912302 0.0 433
1694439912541 0.0 434
1694439912768 0.0 435
1694439912994 0.0 436
1694439913240 0.0 437
1694439913472 0.0 438
1694439913697 0.0 439
1694439913917 0.0 440
1694439914142 0.0 441
1694439914380 0.0 442
1694439914604 0.0 443
1694439914856 0.0 444
1694439915098 0.0 445
1694439915328 0.0 446
1694439915585 0.0 447
1694439915814 0.0 448
1694439916049 0.0 449
1694439916286 0.0 450
1694439916547 0.0 451
1694439916794 0.0 452
1694439917073 0.0 453
1694439917346 0.0 454
1694439917598 0.0 455
1694439917856 0.0 456
1694439918126 0.0 457
1694439918397 0.0 458
1694439918647 0.0 459
1694439918889 0.0 460
1694439919148 0.0 461
1694439919395 0.0 462
1694439919682 0.0 463
1694439919926 0.0 464
1694439920268 0.0 465
1694439920504 0.0 466
1694439920742 0.0 467
1694439921024 0.0 468
1694439921285 0.0 469
1694439921547 0.0 470
1694439921851 0.0 471
1694439922116 0.0 472
1694439922381 0.0 473
1694439922630 0.0 474
1694439922894 0.0 475
1694439923176 0.0 476
1694439923442 0.0 477
1694439923673 0.0 478
1694439923919 0.0 479
1694439924165 0.0 480
1694439924419 0.0 481
1694439924665 0.0 482
1694439924906 0.0 483
1694439925150 0.0 484
1694439925374 0.0 485
1694439925610 0.0 486
1694439925830 0.0 487
1694439926053 0.0 488
1694439926299 0.0 489
1694439926555 0.0 490
1694439926835 0.0 491
1694439927133 0.0 492
1694439927395 0.0 493
1694439927670 0.0 494
1694439927941 0.0 495
1694439928185 0.0 496
1694439928424 0.0 497
1694439928681 0.0 498
1694439928937 0.0 499
