1694439668779 0.0 0
1694439669077 0.0 1
1694439669331 0.0 2
1694439669602 0.0 3
1694439669906 0.0 4
1694439670209 0.0 5
1694439670479 0.0 6
1694439670748 0.0 7
1694439671010 0.0 8
1694439671280 0.0 9
1694439671532 0.0 10
1694439671790 0.0 11
1694439672054 0.0 12
1694439672337 0.0 13
1694439672595 0.0 14
1694439672851 0.0 15
1694439673108 0.0 16
1694439673375 0.0 17
1694439673622 0.0 18
1694439673873 0.0 19
1694439674135 0.0 20
1694439674406 0.0 21
1694439674654 0.0 22
1694439674892 0.0 23
1694439675160 0.0 24
1694439675426 0.0 25
1694439675701 0.0 26
1694439675951 0.0 27
1694439676198 0.0 28
1694439676472 0.0 29
1694439676731 0.0 30
1694439676987 0.0 31
1694439677257 0.0 32
1694439677504 0.0 33
1694439677755 0.0 34
1694439678004 0.0 35
1694439678254 0.0 36
1694439678510 0.0 37
1694439678781 0.0 38
1694439679046 0.0 39
1694439679298 0.0 40
1694439679557 0.0 41
1694439679815 0.0 42
1694439680075 0.0 43
1694439680350 0.0 44
1694439680620 0.0 45
1694439680883 0.0 46
1694439681161 0.0 47
1694439681436 0.0 48
1694439681715 0.0 49
1694439681962 0.0 50
1694439682216 0.0 51
1694439682463 0.0 52
1694439682721 0.0 53
1694439682974 0.0 54
1694439683239 0.0 55
1694439683494 0.0 56
1694439683748 0.0 57
1694439684007 0.0 58
1694439684268 0.0 59
1694439684528 0.0 60
1694439684776 0.0 61
1694439685054 0.0 62
1694439685307 0.0 63
1694439685574 0.0 64
1694439685820 0.0 65
1694439686086 0.0 66
1694439686351 0.0 67
1694439686605 0.0 68
1694439686861 0.0 69
1694439687123 0.0 70
1694439687408 0.0 71
1694439687670 0.0 72
1694439687934 0.0 73
1694439688190 0.0 74
1694439688473 0.0 75
1694439688782 0.0 76
1694439689039 0.0 77
1694439689302 0.0 78
1694439689550 0.0 79
1694439689839 0.0 80
1694439690125 0.0 81
1694439690392 0.0 82
1694439690660 0.0 83
1694439690920 0.0 84
1694439691186 0.0 85
1694439691454 0.0 86
1694439691724 0.0 87
1694439691978 0.0 88
1694439692243 0.0 89
1694439692509 0.0 90
1694439692757 0.0 91
1694439693021 0.0 92
1694439693273 0.0 93
1694439693542 0.0 94
1694439693789 0.0 95
1694439694068 0.0 96
1694439694311 0.0 97
1694439694580 0.0 98
1694439694858 0.0 99
1694439695127 0.0 100
1694439695392 0.0 101
1694439695661 0.0 102
1694439695916 0.0 103
1694439696185 0.0 104
1694439696463 0.0 105
1694439696730 0.0 106
1694439696977 0.0 107
1694439697249 0.0 108
1694439697545 0.0 109
1694439697819 0.0 110
1694439698078 0.0 111
1694439698335 0.0 112
1694439698619 0.0 113
1694439698896 0.0 114
1694439699158 0.0 115
1694439699408 0.0 116
1694439699643 0.0 117
1694439699902 0.0 118
1694439700151 0.0 119
1694439700416 0.0 120
1694439700678 0.0 121
1694439700946 0.0 122
1694439701212 0.0 123
1694439701482 0.0 124
1694439701734 0.0 125
1694439701990 0.0 126
1694439702252 0.0 127
1694439702501 0.0 128
1694439702754 0.0 129
1694439703005 0.0 130
1694439703256 0.0 131
1694439703519 0.0 132
1694439703769 0.0 133
1694439704035 0.0 134
1694439704298 0.0 135
1694439704603 0.0 136
1694439704842 0.0 137
1694439705088 0.0 138
1694439705349 0.0 139
1694439705599 0.0 140
1694439705840 0.0 141
1694439706084 0.0 142
1694439706342 0.0 143
1694439706593 0.0 144
1694439706854 0.0 145
1694439707099 0.0 146
1694439707376 0.0 147
1694439707630 0.0 148
1694439707879 0.0 149
1694439708123 0.0 150
1694439708372 0.0 151
1694439708621 0.0 152
1694439708883 0.0 153
1694439709144 0.0 154
1694439709389 0.0 155
1694439709634 0.0 156
1694439709891 0.0 157
1694439710159 0.0 158
1694439710410 0.0 159
1694439710645 0.0 160
1694439710902 0.0 161
1694439711175 0.0 162
1694439711444 0.0 163
1694439711718 0.0 164
1694439711984 0.0 165
1694439712240 0.0 166
1694439712500 0.0 167
1694439712774 0.0 168
1694439713039 0.0 169
1694439713306 0.0 170
1694439713559 0.0 171
1694439713822 0.0 172
1694439714071 0.0 173
1694439714338 0.0 174
1694439714592 0.0 175
1694439714843 0.0 176
1694439715075 0.0 177
1694439715346 0.0 178
1694439715614 0.0 179
1694439715853 0.0 180
1694439716134 0.0 181
1694439716394 0.0 182
1694439716655 0.0 183
1694439716894 0.0 184
1694439717162 0.0 185
1694439717441 0.0 186
1694439717725 0.0 187
1694439717988 0.0 188
1694439718256 0.0 189
1694439718511 0.0 190
1694439718772 0.0 191
1694439719038 0.0 192
1694439719301 0.0 193
1694439719561 0.0 194
1694439719811 0.0 195
1694439720078 0.0 196
1694439720342 0.0 197
1694439720603 0.0 198
1694439720884 0.0 199
1694439721188 0.0 200
1694439721476 0.0 201
1694439721751 0.0 202
1694439722030 0.0 203
1694439722305 0.0 204
1694439722572 0.0 205
1694439722860 0.0 206
1694439723127 0.0 207
1694439723379 0.0 208
1694439723628 0.0 209
1694439723898 0.0 210
1694439724187 0.0 211
1694439724447 0.0 212
1694439724687 0.0 213
1694439724980 0.0 214
1694439725261 0.0 215
1694439725544 0.0 216
1694439725825 0.0 217
1694439726075 0.0 218
1694439726339 0.0 219
1694439726631 0.0 220
1694439726889 0.0 221
1694439727159 0.0 222
1694439727437 0.0 223
1694439727717 0.0 224
1694439727990 0.0 225
1694439728254 0.0 226
1694439728529 0.0 227
1694439728789 0.0 228
1694439729074 0.0 229
1694439729338 0.0 230
1694439729589 0.0 231
1694439729840 0.0 232
1694439730097 0.0 233
1694439730353 0.0 234
1694439730618 0.0 235
1694439730871 0.0 236
1694439731130 0.0 237
1694439731380 0.0 238
1694439731621 0.0 239
1694439731876 0.0 240
1694439732127 0.0 241
1694439732381 0.0 242
1694439732646 0.0 243
1694439732906 0.0 244
1694439733157 0.0 245
1694439733426 0.0 246
1694439733684 0.0 247
1694439733937 0.0 248
1694439734212 0.0 249
1694439734484 0.0 250
1694439734759 0.0 251
1694439735017 0.0 252
1694439735280 0.0 253
1694439735553 0.0 254
1694439735814 0.0 255
1694439736078 0.0 256
1694439736344 0.0 257
1694439736609 0.0 258
1694439736873 0.0 259
1694439737152 0.0 260
1694439737424 0.0 261
1694439737693 0.0 262
1694439737954 0.0 263
1694439738213 0.0 264
1694439738481 0.0 265
1694439738747 0.0 266
1694439739029 0.0 267
1694439739297 0.0 268
1694439739572 0.0 269
1694439739810 0.0 270
1694439740059 0.0 271
1694439740315 0.0 272
1694439740579 0.0 273
1694439740831 0.0 274
1694439741090 0.0 275
1694439741390 0.0 276
1694439741676 0.0 277
1694439741940 0.0 278
1694439742199 0.0 279
1694439742456 0.0 280
1694439742715 0.0 281
1694439742972 0.0 282
1694439743244 0.0 283
1694439743534 0.0 284
1694439743800 0.0 285
1694439744052 0.0 286
1694439744329 0.0 287
1694439744593 0.0 288
1694439744856 0.0 289
1694439745123 0.0 290
1694439745414 0.0 291
1694439745693 0.0 292
1694439745965 0.0 293
1694439746223 0.0 294
1694439746484 0.0 295
1694439746738 0.0 296
1694439746987 0.0 297
1694439747241 0.0 298
1694439747492 0.0 299
1694439747745 0.0 300
1694439748036 0.0 301
1694439748293 0.0 302
1694439748556 0.0 303
1694439748814 0.0 304
1694439749080 0.0 305
1694439749348 0.0 306
1694439749623 0.0 307
1694439749880 0.0 308
1694439750145 0.0 309
1694439750414 0.0 310
1694439750672 0.0 311
1694439750916 0.0 312
1694439751173 0.0 313
1694439751432 0.0 314
1694439751693 0.0 315
1694439751961 0.0 316
1694439752225 0.0 317
1694439752478 0.0 318
1694439752746 0.0 319
1694439753007 0.0 320
1694439753282 0.0 321
1694439753541 0.0 322
1694439753807 0.0 323
1694439754060 0.0 324
1694439754336 0.0 325
1694439754603 0.0 326
1694439754864 0.0 327
1694439755115 0.0 328
1694439755410 0.0 329
1694439755664 0.0 330
1694439755909 0.0 331
1694439756193 0.0 332
1694439756509 0.0 333
1694439756796 0.0 334
1694439757056 0.0 335
1694439757326 0.0 336
1694439757589 0.0 337
1694439757855 0.0 338
1694439758137 0.0 339
1694439758403 0.0 340
1694439758668 0.0 341
1694439758930 0.0 342
1694439759234 0.0 343
1694439759495 0.0 344
1694439759766 0.0 345
1694439760022 0.0 346
1694439760302 0.0 347
1694439760577 0.0 348
1694439760837 0.0 349
1694439761098 0.0 350
1694439761350 0.0 351
1694439761621 0.0 352
1694439761890 0.0 353
1694439762130 0.0 354
1694439762390 0.0 355
1694439762630 0.0 356
1694439762860 0.0 357
1694439763094 0.0 358
1694439763345 0.0 359
1694439763623 0.0 360
1694439763869 0.0 361
1694439764095 0.0 362
1694439764324 0.0 363
1694439764554 0.0 364
1694439764796 0.0 365
1694439765045 0.0 366
1694439765312 0.0 367
1694439765572 0.0 368
1694439765827 0.0 369
1694439766081 0.0 370
1694439766339 0.0 371
1694439766573 0.0 372
1694439766821 0.0 373
1694439767074 0.0 374
1694439767317 0.0 375
1694439767553 0.0 376
1694439767784 0.0 377
1694439768035 0.0 378
1694439768283 0.0 379
1694439768517 0.0 380
1694439768748 0.0 381
1694439768973 0.0 382
1694439769219 0.0 383
1694439769467 0.0 384
1694439769712 0.0 385
1694439769937 0.0 386
1694439770165 0.0 387
1694439770411 0.0 388
1694439770655 0.0 389
1694439770910 0.0 390
1694439771156 0.0 391
1694439771414 0.0 392
1694439771680 0.0 393
1694439771929 0.0 394
1694439772179 0.0 395
1694439772423 0.0 396
1694439772670 0.0 397
1694439772917 0.0 398
1694439773167 0.0 399
1694439773426 0.0 400
1694439773675 0.0 401
1694439773927 0.0 402
1694439774194 0.0 403
1694439774437 0.0 404
1694439774710 0.0 405
1694439774979 0.0 406
1694439775239 0.0 407
1694439775508 0.0 408
1694439775775 0.0 409
1694439776025 0.0 410
1694439776289 0.0 411
1694439776546 0.0 412
1694439776806 0.0 413
1694439777041 0.0 414
1694439777282 0.0 415
1694439777522 0.0 416
1694439777770 0.0 417
1694439778027 0.0 418
1694439778301 0.0 419
1694439778556 0.0 420
1694439778804 0.0 421
1694439779054 0.0 422
1694439779329 0.0 423
1694439779597 0.0 424
1694439779864 0.0 425
1694439780120 0.0 426
1694439780392 0.0 427
1694439780647 0.0 428
1694439780903 0.0 429
1694439781144 0.0 430
1694439781405 0.0 431
1694439781659 0.0 432
1694439781928 0.0 433
1694439782179 0.0 434
1694439782440 0.0 435
1694439782694 0.0 436
1694439782950 0.0 437
1694439783196 0.0 438
1694439783452 0.0 439
1694439783716 0.0 440
1694439783982 0.0 441
1694439784239 0.0 442
1694439784509 0.0 443
1694439784750 0.0 444
1694439785005 0.0 445
1694439785253 0.0 446
1694439785536 0.0 447
1694439785822 0.0 448
1694439786073 0.0 449
1694439786333 0.0 450
1694439786618 0.0 451
1694439786876 0.0 452
1694439787142 0.0 453
1694439787407 0.0 454
1694439787677 0.0 455
1694439787924 0.0 456
1694439788215 0.0 457
1694439788459 0.0 458
1694439788705 0.0 459
1694439788992 0.0 460
1694439789321 0.0 461
1694439789572 0.0 462
1694439789826 0.0 463
1694439790075 0.0 464
1694439790299 0.0 465
1694439790549 0.0 466
1694439790829 0.0 467
1694439791095 0.0 468
1694439791365 0.0 469
1694439791646 0.0 470
1694439791930 0.0 471
1694439792195 0.0 472
1694439792449 0.0 473
1694439792730 0.0 474
1694439792996 0.0 475
1694439793258 0.0 476
1694439793526 0.0 477
1694439793771 0.0 478
1694439794037 0.0 479
1694439794297 0.0 480
1694439794549 0.0 481
1694439794796 0.0 482
1694439795055 0.0 483
1694439795304 0.0 484
1694439795540 0.0 485
1694439795771 0.0 486
1694439796018 0.0 487
1694439796283 0.0 488
1694439796536 0.0 489
1694439796759 0.0 490
1694439796998 0.0 491
1694439797261 0.0 492
1694439797504 0.0 493
1694439797731 0.0 494
1694439797965 0.0 495
1694439798192 0.0 496
1694439798468 0.0 497
1694439798705 0.0 498
1694439798936 0.0 499
