1694439668768 0.07519801330463811 0
1694439669070 0.0038757703689376345 1
1694439669322 3.5891845470790355e-05 2
1694439669594 0.04866248519302104 3
1694439669896 0.5168876072553594 4
1694439670200 7.165910189105618e-05 5
1694439670472 0.24144084620861508 6
1694439670741 0.18082860628652814 7
1694439671003 0.38102757422984895 8
1694439671272 0.15124223215754568 9
1694439671496 0.008422733889810253 10
1694439671782 0.11201594034288904 11
1694439672046 0.15424002607570242 12
1694439672330 0.0035250309801321926 13
1694439672589 0.3800184018003876 14
1694439672843 0.5275250004456008 15
1694439673101 0.3667858513910488 16
1694439673368 0.0015535322246613486 17
1694439673614 0.06442160690127609 18
1694439673865 0.012359087263584067 19
1694439674128 0.00825854052995432 20
1694439674394 0.2258964471402631 21
1694439674647 0.10543620562218972 22
1694439674885 0.007776698750412878 23
1694439675153 0.006163765004137605 24
1694439675420 0.014722233720501856 25
1694439675691 0.025443449322660135 26
1694439675927 0.0005446939517626871 27
1694439676192 0.0011509499729712809 28
1694439676465 0.09706660179941465 29
1694439676724 0.03154449239591333 30
1694439676979 0.9273407869309636 31
1694439677247 0.35797750875801404 32
1694439677496 0.00018611174821064598 33
1694439677747 0.0660963751551905 34
1694439677996 0.03992325880357523 35
1694439678245 0.02762721110616608 36
1694439678502 1.0968170917128455 37
1694439678775 0.22859869496752355 38
1694439679039 0.007556433995660489 39
1694439679292 0.1006134287130199 40
1694439679550 0.12594910732940048 41
1694439679808 0.2618117742939992 42
1694439680067 0.370248434133964 43
1694439680341 0.16777226845243473 44
1694439680613 0.2990483814889581 45
1694439680875 0.4369910393443421 46
1694439681152 0.02873571929368561 47
1694439681428 0.06738618402108948 48
1694439681707 0.04026631268854075 49
1694439681955 0.019918636325935945 50
1694439682209 0.8504956115989399 51
1694439682457 0.004176216796562339 52
1694439682714 0.0002618213643363038 53
1694439682967 0.0019711742835308533 54
1694439683232 0.055012475425741704 55
1694439683487 0.025935444255283897 56
1694439683740 0.22206638452778235 57
1694439684000 0.0010920435155007283 58
1694439684260 0.013826785052473721 59
1694439684513 0.005055576344459512 60
1694439684769 0.13064214385202474 61
1694439685044 0.1816038604856814 62
1694439685300 0.21525600429122302 63
1694439685567 0.9492403958379634 64
1694439685812 0.14736313213336594 65
1694439686079 0.007364743222720325 66
1694439686342 0.17114958495722132 67
1694439686598 0.16339032028647535 68
1694439686854 0.027804099165642342 69
1694439687114 0.016519095071457802 70
1694439687401 0.04764660391369825 71
1694439687661 1.1677821179615069 72
1694439687926 0.019472983019216215 73
1694439688183 0.018497731757794462 74
1694439688465 0.17802615082769116 75
1694439688773 0.3045961141038999 76
1694439689032 0.003094997481532725 77
1694439689295 0.005481060730240094 78
1694439689542 0.1264972757763968 79
1694439689831 0.0500990714606242 80
1694439690118 0.014698154442647257 81
1694439690385 0.04144905541564454 82
1694439690650 0.057386418520438104 83
1694439690913 0.0005198597635967473 84
1694439691178 0.002752206943816684 85
1694439691445 0.0042531088253211875 86
1694439691717 0.09226344217576309 87
1694439691970 0.41637174723929316 88
1694439692237 0.024799695469630453 89
1694439692501 0.06067026423790192 90
1694439692730 0.12891126637293424 91
1694439693013 0.2725304887804655 92
1694439693266 0.03930076302386693 93
1694439693535 0.051000803905193876 94
1694439693781 0.000643469719191365 95
1694439694059 0.030883899528900575 96
1694439694303 0.0008971704052679843 97
1694439694573 0.08596936758296568 98
1694439694850 0.0414360914050679 99
1694439695120 0.04225440456575814 100
1694439695385 0.0012218382316653907 101
1694439695654 0.007934811889288686 102
1694439695908 0.058729084625845286 103
1694439696176 0.06270608429544479 104
1694439696455 0.002507583240521302 105
1694439696721 0.015396867825582083 106
1694439696971 0.09667879132677959 107
1694439697239 0.3994490964210787 108
1694439697538 0.1950652621341451 109
1694439697811 0.06613296440225587 110
1694439698069 0.10719235334725093 111
1694439698327 0.09661464097099695 112
1694439698611 0.0018836091642578062 113
1694439698878 0.18317954089719443 114
1694439699151 0.0014790325168496919 115
1694439699402 0.03742271623414642 116
1694439699594 0.011893219607414327 117
1694439699893 0.17304745614431744 118
1694439700144 0.9198566137430211 119
1694439700408 0.00016884286532054815 120
1694439700670 0.0023047447546204374 121
1694439700940 0.007353391291851292 122
1694439701205 0.0006760435953320385 123
1694439701475 0.0013703237447613963 124
1694439701725 0.1303965902684812 125
1694439701984 0.027397346745032535 126
1694439702242 0.18386763600132197 127
1694439702491 0.06519248601134267 128
1694439702745 0.10902124052928894 129
1694439702998 0.0667794401036008 130
1694439703248 0.012640268882590676 131
1694439703509 0.08919346980574255 132
1694439703762 1.003792301770208 133
1694439704027 0.09934647595853986 134
1694439704292 0.00020432874764261894 135
1694439704596 0.1663411513662034 136
1694439704813 0.7654748039757336 137
1694439705080 0.020595719725584355 138
1694439705341 0.000834599041578066 139
1694439705592 0.050438488952251205 140
1694439705833 0.16496004934484187 141
1694439706075 0.030112907815504325 142
1694439706334 3.60555990852101e-07 143
1694439706586 0.3558744683748299 144
1694439706847 0.3852448142961997 145
1694439707092 0.015941513088331048 146
1694439707367 0.16939408689113966 147
1694439707623 0.05784198154663931 148
1694439707872 0.05549026253201541 149
1694439708116 0.6771674368525015 150
1694439708363 0.41210445762648457 151
1694439708614 0.05677959082031276 152
1694439708875 0.012545469891724618 153
1694439709138 0.017861298013162233 154
1694439709382 0.21720519003918337 155
1694439709627 0.00032167539037566886 156
1694439709884 0.2014978997666161 157
1694439710153 0.08307630096984592 158
1694439710403 0.004239099370503836 159
1694439710639 0.13236896430506936 160
1694439710896 0.01563517395602691 161
1694439711168 0.00016772947230960463 162
1694439711437 0.04659506048268087 163
1694439711710 0.14127474100907514 164
1694439711977 0.025858369312640107 165
1694439712234 0.07222057444879616 166
1694439712493 0.006640649515171265 167
1694439712766 0.22999733291383523 168
1694439713031 0.004522040341692368 169
1694439713298 0.10584574222126189 170
1694439713551 0.8388687069488433 171
1694439713815 0.010964057377462047 172
1694439714063 0.03439501053433738 173
1694439714331 0.015852343079348984 174
1694439714584 0.01741711879569146 175
1694439714837 0.08916844339418326 176
1694439715068 0.1857839876612189 177
1694439715337 0.32536446826083837 178
1694439715608 0.23625909455139202 179
1694439715845 0.4500852250814323 180
1694439716126 0.06784658676892719 181
1694439716388 0.02661546565314971 182
1694439716646 0.016494962547448068 183
1694439716814 0.009673607367131373 184
1694439717155 0.051744488320108244 185
1694439717430 0.09763662976117986 186
1694439717717 0.08125842971235298 187
1694439717978 0.001719114142791332 188
1694439718250 0.20157684371416784 189
1694439718503 0.08603712959594438 190
1694439718766 0.18338630290436972 191
1694439719030 0.1207189852219372 192
1694439719294 0.36577488210037457 193
1694439719528 0.0012305413829036 194
1694439719805 0.003125001426181308 195
1694439720072 0.035603999295889206 196
1694439720334 0.03252072539593769 197
1694439720595 0.3243469639930866 198
1694439720877 0.03016882101456023 199
1694439721180 0.06821492812886115 200
1694439721468 0.022730498913001836 201
1694439721743 0.177354006044038 202
1694439722023 0.03617198466964739 203
1694439722297 0.12595812450557306 204
1694439722564 0.059772030543079974 205
1694439722852 0.001795066686689021 206
1694439723120 0.1835381967983159 207
1694439723372 0.007276453052049892 208
1694439723622 0.019794209806317447 209
1694439723892 0.11508227516243075 210
1694439724178 0.0005493545892437164 211
1694439724438 0.03878741919904325 212
1694439724612 0.0014716532537064635 213
1694439724972 0.041747789327694164 214
1694439725254 0.007589769887502945 215
1694439725536 0.17781929726470097 216
1694439725817 0.12509553810683835 217
1694439726067 0.022444091000011386 218
1694439726331 2.9049738655232505e-05 219
1694439726623 0.10787931944614274 220
1694439726882 0.005984366274584304 221
1694439727152 0.0016533645782463879 222
1694439727429 0.051929062430561085 223
1694439727709 1.4487729691081976 224
1694439727982 0.31156247023181965 225
1694439728246 0.01657837592673215 226
1694439728523 0.4865769902152718 227
1694439728783 0.2538021135960762 228
1694439729066 0.004171442988576956 229
1694439729329 0.130150431108744 230
1694439729582 0.16750334256549146 231
1694439729832 1.0244378913829688 232
1694439730090 0.2725731032080862 233
1694439730345 0.0015490795556160804 234
1694439730611 0.22873455769286746 235
1694439730864 0.09025098614470661 236
1694439731123 0.028067991778541256 237
1694439731374 0.23444803022994545 238
1694439731615 0.548037219287302 239
1694439731868 0.7129106103351599 240
1694439732120 0.23267894895076102 241
1694439732375 0.048845628526723486 242
1694439732639 0.06825324892288259 243
1694439732899 0.2803855126653912 244
1694439733149 1.6931749250059135e-05 245
1694439733419 0.011185505275577406 246
1694439733676 0.10947124305878805 247
1694439733929 0.16223418889891922 248
1694439734205 0.38837648183639706 249
1694439734476 0.11348417915977155 250
1694439734752 0.0066492023839697136 251
1694439735009 0.0828831119945586 252
1694439735273 0.07172255349627552 253
1694439735546 0.0005969252139476617 254
1694439735807 0.6785375933074573 255
1694439736070 0.4197571417603691 256
1694439736338 0.0987017512981647 257
1694439736600 7.199587931313798e-07 258
1694439736866 0.03311574036351942 259
1694439737145 0.04661357216336855 260
1694439737415 0.40852685602405775 261
1694439737682 0.03876730247453938 262
1694439737946 0.0014311262359765484 263
1694439738207 0.8597351816202465 264
1694439738474 0.0992650791583677 265
1694439738741 0.03956283994335135 266
1694439739022 0.0036852877567010427 267
1694439739290 0.002122352825403081 268
1694439739565 0.05793776968391685 269
1694439739802 0.00036994238507977845 270
1694439740053 0.7473515348518778 271
1694439740308 0.03784601618261716 272
1694439740573 0.1772484221351938 273
1694439740823 0.04483018157835676 274
1694439741082 0.24178437185867008 275
1694439741383 0.0035859513680052066 276
1694439741670 6.377272278433149e-06 277
1694439741932 0.15767272670160654 278
1694439742162 0.0710678886073503 279
1694439742449 0.6687026931663551 280
1694439742709 0.13177638521956506 281
1694439742964 0.02152662584699105 282
1694439743237 2.8655686699038908e-06 283
1694439743522 0.012006439725895917 284
1694439743792 0.29272852920277825 285
1694439744045 0.0007921176875949528 286
1694439744322 0.3211568795881181 287
1694439744587 0.09828545428254949 288
1694439744849 0.000923687698647797 289
1694439745113 0.012218651343034632 290
1694439745406 0.07676217567324468 291
1694439745686 0.008685235340294003 292
1694439745956 0.00956614253851332 293
1694439746215 0.01675647580703767 294
1694439746476 0.008674022508548334 295
1694439746731 0.15891954239093686 296
1694439746980 0.005862478343697794 297
1694439747233 0.38599328741905664 298
1694439747479 0.09543539867698449 299
1694439747736 0.026145655711563912 300
1694439748028 0.00011855517306065835 301
1694439748286 0.007932877086850986 302
1694439748550 0.15384333246999604 303
1694439748807 0.00834626802777724 304
1694439749073 0.023128005720047414 305
1694439749342 0.005953936395200757 306
1694439749614 0.0023832659983883983 307
1694439749873 0.8864592230579511 308
1694439750138 0.006012240149649115 309
1694439750407 0.00611594552003698 310
1694439750664 0.05418046451202107 311
1694439750909 0.08848072572590987 312
1694439751165 0.016035886322082395 313
1694439751426 0.06043686426745759 314
1694439751685 0.11890189836184917 315
1694439751954 0.001291921932134997 316
1694439752218 0.0020045041740087088 317
1694439752471 0.004490869153982307 318
1694439752740 0.14445187765678869 319
1694439752996 0.04221819760533797 320
1694439753273 0.12404086996715408 321
1694439753534 0.020256925412866413 322
1694439753782 0.0660397483327924 323
1694439754053 0.024076123690637382 324
1694439754329 0.021595707007729514 325
1694439754595 0.45184373211132467 326
1694439754857 0.01668721178507829 327
1694439755108 0.1331635902784085 328
1694439755402 0.1879072276232623 329
1694439755658 0.010567752097665233 330
1694439755902 0.100130745862874 331
1694439756185 0.0019772307709955694 332
1694439756500 0.13231541785129433 333
1694439756790 0.0010487731033881251 334
1694439757048 0.039655299736316055 335
1694439757320 0.3077947508961532 336
1694439757582 0.007230876806992364 337
1694439757844 0.17555214954036572 338
1694439758131 0.8043211191339954 339
1694439758393 0.20606367611241497 340
1694439758660 0.02161126147443812 341
1694439758923 0.007368446534366427 342
1694439759227 0.32623964179489123 343
1694439759487 0.04156730040733781 344
1694439759759 0.05294875653930766 345
1694439760015 0.3281018420624071 346
1694439760294 0.1404529250219877 347
1694439760569 0.13019295902707834 348
1694439760830 0.005489708533400036 349
1694439761091 3.419907324036929e-05 350
1694439761312 0.008750024831656546 351
1694439761614 0.007785689940969504 352
1694439761882 0.33746139485345156 353
1694439762123 0.34601933683740504 354
1694439762382 0.017268326005676904 355
1694439762622 0.2075658790035563 356
1694439762853 0.17832055853359455 357
1694439763086 0.027078168783534508 358
1694439763337 0.08799267790113494 359
1694439763615 0.24448452653618047 360
1694439763859 0.007671121054606685 361
1694439764082 0.025891218809164014 362
1694439764318 0.1885129055665248 363
1694439764548 0.01877057024231682 364
1694439764788 0.19514169945036422 365
1694439765008 0.08114965534540482 366
1694439765306 0.11439696102842756 367
1694439765565 0.3164995395034647 368
1694439765820 0.051596524004177906 369
1694439766074 0.03641215254253148 370
1694439766331 0.029128387877218595 371
1694439766566 0.007588922838553866 372
1694439766813 1.1980929273275602e-05 373
1694439767067 0.010416413424147987 374
1694439767310 0.08559696498890007 375
1694439767546 0.001656841222770026 376
1694439767777 0.21075614472522966 377
1694439768027 0.04492796107025751 378
1694439768276 0.004482596088477927 379
1694439768511 0.005438050616216758 380
1694439768742 0.09955702586922317 381
1694439768965 0.14302430767577975 382
1694439769211 0.012271377389579074 383
1694439769458 0.0025472769112241597 384
1694439769705 0.0023192966994038553 385
1694439769930 0.24063325144665912 386
1694439770160 0.025919292176059282 387
1694439770403 0.017778987967773458 388
1694439770647 0.07590412912280593 389
1694439770902 0.0682808050889436 390
1694439771149 0.05261054431793242 391
1694439771408 0.2608669750404705 392
1694439771672 0.2809594124146107 393
1694439771923 0.27252902557082204 394
1694439772172 0.007988377578434978 395
1694439772415 0.24774682739519394 396
1694439772662 0.03502863052683528 397
1694439772910 0.0002559271044380157 398
1694439773161 0.18554815736764935 399
1694439773420 0.11353237602592554 400
1694439773669 0.321148667358833 401
1694439773920 0.13164289997555065 402
1694439774187 0.004104319861247299 403
1694439774431 0.020758193273303062 404
1694439774702 0.2001774312740333 405
1694439774973 0.00614082908575717 406
1694439775232 0.04274090377981502 407
1694439775500 0.05857270002957973 408
1694439775769 0.00818379908101905 409
1694439776018 0.34933099412371593 410
1694439776281 0.0559457512796211 411
1694439776539 0.29740342867529257 412
1694439776799 0.41218261231163333 413
1694439777034 7.829302884822279e-05 414
1694439777275 0.0019914485843344947 415
1694439777515 0.0022833644292587245 416
1694439777762 0.0079026281043187 417
1694439778019 0.041916325002061744 418
1694439778294 0.3322000509809106 419
1694439778548 0.2430401270691994 420
1694439778798 0.4042411902746561 421
1694439779047 0.009866529006166946 422
1694439779323 1.2466961527572197e-05 423
1694439779591 0.8648983329502486 424
1694439779856 0.21150342358575724 425
1694439780113 0.2444161590288813 426
1694439780385 0.5773249644222785 427
1694439780640 0.037344262629802616 428
1694439780896 0.035143668863597474 429
1694439781136 0.6144837591678728 430
1694439781399 1.2849154138168901 431
1694439781653 0.0008221215800929385 432
1694439781920 0.4613716559602657 433
1694439782172 0.0004704762069397187 434
1694439782433 0.2910044246625543 435
1694439782686 0.00010979559410577812 436
1694439782943 0.03656186983219743 437
1694439783189 0.03731334607211782 438
1694439783443 0.0018787980797694902 439
1694439783709 0.031165272953239537 440
1694439783976 0.00856929246865656 441
1694439784230 0.12802016959177584 442
1694439784504 0.23612516411716916 443
1694439784743 0.053870125111382706 444
1694439784997 0.020951713626856442 445
1694439785245 0.016874398923034054 446
1694439785529 0.0018071815137384094 447
1694439785815 0.12212548348167354 448
1694439786066 0.07005933405747213 449
1694439786327 0.000551765907163406 450
1694439786610 0.011777809189115827 451
1694439786868 0.09359795562118264 452
1694439787134 0.02146666282924414 453
1694439787399 0.011182599251245985 454
1694439787670 0.04477590691189442 455
1694439787917 0.3544267175735164 456
1694439788208 0.08193857707236135 457
1694439788453 0.00032595725409793067 458
1694439788698 0.35415290949233336 459
1694439788984 0.15756909513332482 460
1694439789311 0.2342787645709379 461
1694439789564 0.19155230591091854 462
1694439789818 0.009965738750985097 463
1694439790067 0.02172464951736096 464
1694439790292 0.6133004519693822 465
1694439790543 0.0007975452122887807 466
1694439790822 0.0025481489562533045 467
1694439791088 0.005437151212283339 468
1694439791357 0.41152369260679184 469
1694439791638 0.038906636787038984 470
1694439791922 0.7311097508536041 471
1694439792187 0.03870462075340425 472
1694439792441 0.21836735413788935 473
1694439792721 0.00348880412603009 474
1694439792989 0.045161394010256345 475
1694439793250 0.06048499216292759 476
1694439793519 0.0861965842008984 477
1694439793763 0.005759615721861199 478
1694439794029 0.09108955986841188 479
1694439794289 0.014013154384859424 480
1694439794541 3.5753975534369276e-05 481
1694439794775 0.006367308883039562 482
1694439795049 0.006112724597442168 483
1694439795298 0.005227660213974843 484
1694439795533 0.0038089171158236716 485
1694439795764 0.08814653722008928 486
1694439796009 0.00483811956119008 487
1694439796275 0.11309530156597221 488
1694439796528 0.3617033234689924 489
1694439796753 0.0002194755657569186 490
1694439796992 0.33989113075583055 491
1694439797253 0.12639171359961232 492
1694439797497 0.0022299725355151433 493
1694439797725 0.023163927131540106 494
1694439797958 0.0049893295833907435 495
1694439798185 0.08524318745888862 496
1694439798461 0.005566214575990697 497
1694439798699 0.0008604902403986969 498
1694439798930 5.1121458514920585e-06 499
