1694444198474 -0.011363415303618396 0
1694444198505 -0.010975121631910723 1
1694444198536 -0.011359734080149897 2
1694444198568 -0.010227526513505447 3
1694444198599 -0.01081552695471344 4
1694444198631 -0.011474936830193627 5
1694444198670 -0.010170780253894396 6
1694444198711 -0.010830706879094931 7
1694444198754 -0.010770782919165 8
1694444198794 -0.011499152373685817 9
1694444198824 -0.010575705300749805 10
1694444198855 -0.00999042697154473 11
1694444198885 -0.01041321138067186 12
1694444198915 -0.00956284611654512 13
1694444198947 -0.011029784639966955 14
1694444198978 -0.011410063804547788 15
1694444199012 -0.009990596927079487 16
1694444199041 -0.010506769666310811 17
1694444199072 -0.010430990223111003 18
1694444199106 -0.012584528970821962 19
1694444199137 -0.011159381255399614 20
1694444199172 -0.011229361321790199 21
1694444199206 -0.011274825402890043 22
1694444199236 -0.009883443437674666 23
1694444199267 -0.009898312588612068 24
1694444199298 -0.01046227825295265 25
1694444199328 -0.011504105101060924 26
1694444199363 -0.011147119491475843 27
1694444199395 -0.010778303240329024 28
1694444199424 -0.0103036870162585 29
1694444199455 -0.011040292429301601 30
1694444199487 -0.010000247556528619 31
1694444199517 -0.01086337536054427 32
1694444199549 -0.010918350162493207 33
1694444199581 -0.010584147448608361 34
1694444199613 -0.01084690942128752 35
1694444199644 -0.010001541830873206 36
1694444199683 -0.00973370918537686 37
1694444199713 -0.00920498745552556 38
1694444199745 -0.01105686360223479 39
1694444199775 -0.010194196930193078 40
1694444199808 -0.010424203700552415 41
1694444199840 -0.010441975865026931 42
1694444199870 -0.010257925855705619 43
1694444199902 -0.011137339836264637 44
1694444199934 -0.010135484012974816 45
1694444199965 -0.010328035288746706 46
1694444200000 -0.010592013792060095 47
1694444200036 -0.010878838705293159 48
1694444200072 -0.010591047360469563 49
1694444200111 -0.01075720167328198 50
1694444200147 -0.010012315027287944 51
1694444200185 -0.011220591080906672 52
1694444200218 -0.011461074334000676 53
1694444200252 -0.010872555676064932 54
1694444200285 -0.01136109782330319 55
1694444200318 -0.011041150359224261 56
1694444200350 -0.01056006636901241 57
1694444200384 -0.010409161873396133 58
1694444200423 -0.010340440828207287 59
1694444200460 -0.010825733795483128 60
1694444200496 -0.010040657632547134 61
1694444200529 -0.010012336108822018 62
1694444200564 -0.011343809786601877 63
1694444200600 -0.009986369793262062 64
1694444200633 -0.010073095820068545 65
1694444200664 -0.011361206651370859 66
1694444200696 -0.01088965628519678 67
1694444200726 -0.010604635628441716 68
1694444200757 -0.009911409470254595 69
1694444200788 -0.01071827547634574 70
1694444200818 -0.010626286052023426 71
1694444200852 -0.010533498325204338 72
1694444200885 -0.010173933369460153 73
1694444200917 -0.009904805565425168 74
1694444200947 -0.011589015577908812 75
1694444200980 -0.011033704899476637 76
1694444201015 -0.009992754388083336 77
1694444201050 -0.010405206407570367 78
1694444201085 -0.010352284934187272 79
1694444201122 -0.010447294751348535 80
1694444201158 -0.011679677144692313 81
1694444201192 -0.009048046921091402 82
1694444201224 -0.010342857971620267 83
1694444201256 -0.010175492125513719 84
1694444201286 -0.010805775498608172 85
1694444201317 -0.011090975094618871 86
1694444201347 -0.010443218172633495 87
1694444201381 -0.011305589688034079 88
1694444201413 -0.010424805753393107 89
1694444201445 -0.009633056649587912 90
1694444201476 -0.011140942469796578 91
1694444201507 -0.010418688223082784 92
1694444201537 -0.010382688803576512 93
1694444201569 -0.01068516918058493 94
1694444201603 -0.00946681182608966 95
1694444201634 -0.010714461565947797 96
1694444201667 -0.010331920152729213 97
1694444201698 -0.011220387493458883 98
1694444201729 -0.00924782933105095 99
1694444201760 -0.009959816674645294 100
1694444201790 -0.010744356282003764 101
1694444201826 -0.010167360961407246 102
1694444201861 -0.010479975936865005 103
1694444201895 -0.009730635947122535 104
1694444201932 -0.009831026560460865 105
1694444201969 -0.010600833020643075 106
1694444202002 -0.010343709069345008 107
1694444202034 -0.009259283242025962 108
1694444202067 -0.009586141523108438 109
1694444202099 -0.009958546635507881 110
1694444202129 -0.0103687041021987 111
1694444202162 -0.009012003766812882 112
1694444202194 -0.010669630953590525 113
1694444202224 -0.010325933002395704 114
1694444202255 -0.010330285331460853 115
1694444202286 -0.01025666720752616 116
1694444202318 -0.011053297971594267 117
1694444202350 -0.010117823513208668 118
1694444202382 -0.00970942776482886 119
1694444202413 -0.009721137187347129 120
1694444202443 -0.01124254877453823 121
1694444202475 -0.009460995014440199 122
1694444202506 -0.010049110117018367 123
1694444202537 -0.009468170363545525 124
1694444202569 -0.008345311396222854 125
1694444202599 -0.009188559301769539 126
1694444202630 -0.009409744487491434 127
1694444202664 -0.009329904946209666 128
1694444202701 -0.009519435458346992 129
1694444202732 -0.009127753007833972 130
1694444202764 -0.009648518968255804 131
1694444202796 -0.008940037655284616 132
1694444202834 -0.008652258885518238 133
1694444202872 -0.0091175849671985 134
1694444202910 -0.008097501358829806 135
1694444202947 -0.00870318663814662 136
1694444202981 -0.00875336604471344 137
1694444203014 -0.009216399715238133 138
1694444203045 -0.008678502017772649 139
1694444203075 -0.008993435431500219 140
1694444203106 -0.009082748116998829 141
1694444203137 -0.00883055348406181 142
1694444203169 -0.00965236878588982 143
1694444203202 -0.008590325912018137 144
1694444203233 -0.008998226445804836 145
1694444203264 -0.008260727923220523 146
1694444203296 -0.00845825025053637 147
1694444203328 -0.008802206038699412 148
1694444203366 -0.008803986689103649 149
1694444203400 -0.008777588829963934 150
1694444203431 -0.009074613365151585 151
1694444203466 -0.008268869793624622 152
1694444203498 -0.008786712250798745 153
1694444203532 -0.00863883627573836 154
1694444203564 -0.008785912104591453 155
1694444203595 -0.007786793849335449 156
1694444203627 -0.007627180336605921 157
1694444203660 -0.00851176412734067 158
1694444203691 -0.00806919482786328 159
1694444203724 -0.007935519384078438 160
1694444203754 -0.008339964607429584 161
1694444203785 -0.008177725363504473 162
1694444203817 -0.007657597438655017 163
1694444203848 -0.007953205441316724 164
1694444203879 -0.008364540587517233 165
1694444203909 -0.007241256942683405 166
1694444203949 -0.00711806579738572 167
1694444203983 -0.00798669087975612 168
1694444204021 -0.008210554662438474 169
1694444204055 -0.007120277653406726 170
1694444204090 -0.007058112547630335 171
1694444204125 -0.006752792932261498 172
1694444204160 -0.007513999774242386 173
1694444204194 -0.007047671213699536 174
1694444204223 -0.006729716531053143 175
1694444204253 -0.006576836071179315 176
1694444204283 -0.0071948933771628365 177
1694444204316 -0.006940485812985564 178
1694444204346 -0.006654031597990162 179
1694444204380 -0.006422240056129569 180
1694444204411 -0.0068619877695839104 181
1694444204442 -0.006399225569586164 182
1694444204474 -0.006202020838610878 183
1694444204504 -0.006006852005711494 184
1694444204536 -0.006808355190372817 185
1694444204568 -0.005844399256210497 186
1694444204598 -0.007368331514126192 187
1694444204628 -0.006519959513643814 188
1694444204659 -0.006480375557170515 189
1694444204689 -0.005962674287376846 190
1694444204720 -0.005912309063937471 191
1694444204750 -0.006235570879200347 192
1694444204781 -0.006641920015692859 193
1694444204812 -0.006201144584150553 194
1694444204843 -0.0057091836869926915 195
1694444204873 -0.005207110143177873 196
1694444204904 -0.0063550469320146075 197
1694444204934 -0.0060672883462074 198
1694444204966 -0.00602091013732986 199
1694444204997 -0.005856640221883369 200
1694444205028 -0.005086156646986639 201
1694444205058 -0.005299772593603924 202
1694444205090 -0.004556485718140824 203
1694444205122 -0.005384505153504415 204
1694444205154 -0.005402587639298018 205
1694444205189 -0.004002183833774708 206
1694444205218 -0.0041655718251421 207
1694444205250 -0.0045692247729245405 208
1694444205281 -0.0054581320203903605 209
1694444205312 -0.004661476253912555 210
1694444205343 -0.004752874267798912 211
1694444205378 -0.004284915308893078 212
1694444205408 -0.0046599227013433 213
1694444205439 -0.004243051597447645 214
1694444205471 -0.004186044059952376 215
1694444205503 -0.004260107241055744 216
1694444205535 -0.0034426260958588806 217
1694444205567 -0.0044166804100347345 218
1694444205598 -0.002943724042737683 219
1694444205628 -0.0038716562666269994 220
1694444205661 -0.0037572694349778946 221
1694444205692 -0.003085367498424807 222
1694444205725 -0.002875562652954855 223
1694444205755 -0.003677622712133566 224
1694444205786 -0.003616055470935242 225
1694444205817 -0.00300370001478778 226
1694444205848 -0.0036841195772161495 227
1694444205878 -0.0024084328930982224 228
1694444205910 -0.0027790307205652898 229
1694444205942 -0.0022499299138536433 230
1694444205972 -0.0029002712133019415 231
1694444206003 -0.0028214243577078246 232
1694444206034 -0.002608285146339817 233
1694444206066 -0.0024777955943591223 234
1694444206098 -0.0026381269298021426 235
1694444206128 -0.0030075841119705515 236
1694444206161 -0.0025247872834137652 237
1694444206193 -0.0019239217766111594 238
1694444206224 -0.001185774935272832 239
1694444206256 -0.0014533295463918794 240
1694444206288 -0.0031206708237796477 241
1694444206321 -0.0030290497106901793 242
1694444206354 -0.000781520187925766 243
1694444206386 -0.0010869008695371107 244
1694444206418 -0.0009523165843510206 245
1694444206449 -0.0005775283327988934 246
1694444206480 -0.0012541397134853138 247
1694444206513 -0.0013359705287192547 248
1694444206544 -0.0007150420196042617 249
1694444206574 -0.00021296024080452725 250
1694444206605 -0.0006939308187952076 251
1694444206636 0.0006517374018308875 252
1694444206668 0.00014466087054310073 253
1694444206701 0.0007303402430340888 254
1694444206733 -0.0001268357822916677 255
1694444206767 -0.0007271892760478682 256
1694444206799 0.0015394112772231239 257
1694444206830 0.0012870033068185238 258
1694444206861 0.0021526473468004292 259
1694444206893 0.0007208451655551507 260
1694444206925 0.0013591363830558478 261
1694444206954 0.0021421656046394233 262
1694444206986 0.001179681216883166 263
1694444207017 0.00046990495385101916 264
1694444207047 0.00021966442392773455 265
1694444207079 0.002218034633773014 266
1694444207109 0.001959685437316505 267
1694444207142 0.002843113241529971 268
1694444207176 0.002212836767020998 269
1694444207209 0.003891839218156612 270
1694444207239 0.002979689724907697 271
1694444207269 0.0018653367437877488 272
1694444207301 0.003648106062742573 273
1694444207334 0.004591640045933265 274
1694444207371 0.0023358421730613754 275
1694444207403 0.0038183032859335775 276
1694444207435 0.0033200443843092176 277
1694444207468 0.004018834851135855 278
1694444207502 0.005228576242911509 279
1694444207538 0.0055653954957540774 280
1694444207570 0.004489286743935228 281
1694444207602 0.005143263069917969 282
1694444207636 0.003936705759389536 283
1694444207670 0.003850253519565916 284
1694444207700 0.004468203134680548 285
1694444207731 0.005414969449416107 286
1694444207761 0.004846551026879253 287
1694444207793 0.006242924136460881 288
1694444207822 0.008151202598268181 289
1694444207853 0.00573424006675971 290
1694444207885 0.007477955465045927 291
1694444207917 0.0073805538454735364 292
1694444207950 0.007645099792921495 293
1694444207979 0.006118020207444674 294
1694444208012 0.007061863757349518 295
1694444208044 0.008261553753216355 296
1694444208075 0.00792554324919803 297
1694444208105 0.00961514321046486 298
1694444208137 0.008246705097335716 299
1694444208172 0.008500860162419133 300
1694444208205 0.009201813636578682 301
1694444208237 0.008975309165324519 302
1694444208268 0.006989670401133186 303
1694444208299 0.006835869010666018 304
1694444208331 0.008146890951465036 305
1694444208361 0.010257360179203201 306
1694444208393 0.010999992445898665 307
1694444208422 0.008028332758320822 308
1694444208454 0.010729596082852177 309
1694444208486 0.012017202907904312 310
1694444208519 0.009134070342297185 311
1694444208552 0.01273678367118214 312
1694444208585 0.010229291983972266 313
1694444208618 0.009373129924707735 314
1694444208652 0.010430546792192907 315
1694444208686 0.011341466523027699 316
1694444208719 0.014171018150103354 317
1694444208750 0.011521519802927038 318
1694444208782 0.013306945997704434 319
1694444208814 0.014466624784159277 320
1694444208842 0.014353843124355059 321
1694444208877 0.011646248187525021 322
1694444208911 0.013462079263250826 323
1694444208945 0.01291477724098189 324
1694444208977 0.013505311935091191 325
1694444209013 0.01382961779224734 326
1694444209044 0.01636037987431538 327
1694444209076 0.01806076827747405 328
1694444209109 0.01592289781520384 329
1694444209142 0.017803030961068056 330
1694444209182 0.014187467241441487 331
1694444209213 0.02093486002943823 332
1694444209246 0.01846125214300076 333
1694444209278 0.015443590091162362 334
1694444209309 0.01421880287786248 335
1694444209343 0.018446915315821433 336
1694444209377 0.016900384105017485 337
1694444209409 0.02001840774905883 338
1694444209441 0.018128343598547536 339
1694444209473 0.017572692016408764 340
1694444209507 0.01929253257682695 341
1694444209540 0.016678143863507633 342
1694444209573 0.019303139361520838 343
1694444209609 0.018426754957222236 344
1694444209643 0.01819865752451122 345
1694444209676 0.019373280793609005 346
1694444209710 0.021979621679146355 347
1694444209744 0.025087258456437 348
1694444209777 0.02058349725290254 349
1694444209808 0.021195784278526864 350
1694444209841 0.02399738948042507 351
1694444209875 0.02027711383551245 352
1694444209908 0.02501570734702918 353
1694444209938 0.02659792528977467 354
1694444209969 0.02705647597029892 355
1694444210002 0.024062635547004052 356
1694444210033 0.02439956920016717 357
1694444210065 0.024037886393356023 358
1694444210096 0.023615058838159397 359
1694444210127 0.022537221844563304 360
1694444210156 0.024256398929788148 361
1694444210193 0.022503600787038947 362
1694444210225 0.02545130391085837 363
1694444210258 0.0241010316416691 364
1694444210292 0.024220121334738165 365
1694444210324 0.026460669089565347 366
1694444210356 0.024994630948027008 367
1694444210390 0.02621812147032887 368
1694444210423 0.02967714882939121 369
1694444210453 0.029733462233792363 370
1694444210486 0.026816773924336568 371
1694444210520 0.03065484046034961 372
1694444210551 0.025904171157867473 373
1694444210583 0.02588344964557221 374
1694444210613 0.0274875918804961 375
1694444210644 0.027132491785700097 376
1694444210680 0.03254686419187791 377
1694444210712 0.030254606623179026 378
1694444210744 0.033247458299254684 379
1694444210778 0.03141132749643105 380
1694444210812 0.03339320743586105 381
1694444210843 0.034486892227524324 382
1694444210877 0.03572161681578179 383
1694444210908 0.034273122060642924 384
1694444210936 0.03346304828980662 385
1694444210967 0.035259096750550833 386
1694444210998 0.04022191918936702 387
1694444211028 0.04108284560273612 388
1694444211059 0.03592115346746527 389
1694444211090 0.03901832660872462 390
1694444211121 0.03480879024869776 391
1694444211152 0.03477082880626858 392
1694444211186 0.038436662204349936 393
1694444211218 0.03812475000507798 394
1694444211249 0.03736852222893383 395
1694444211280 0.03978047333905588 396
1694444211310 0.04217037180822669 397
1694444211342 0.04046225190304509 398
1694444211375 0.032790799176475316 399
1694444211406 0.0407696515729109 400
1694444211437 0.04246627456830243 401
1694444211469 0.047279775885524566 402
1694444211505 0.047333258128954614 403
1694444211541 0.05010179654785851 404
1694444211578 0.04351120403992004 405
1694444211611 0.04916025822971093 406
1694444211641 0.0417667624189324 407
1694444211675 0.04475745447698676 408
1694444211705 0.04787444179397238 409
1694444211736 0.05122454092491202 410
1694444211767 0.05524085171935855 411
1694444211797 0.05108983823438873 412
1694444211829 0.05853226350400953 413
1694444211860 0.05549859212993846 414
1694444211889 0.04490047803036701 415
1694444211921 0.047063057454716395 416
1694444211952 0.04587171344110719 417
1694444211983 0.05032767466254884 418
1694444212014 0.05873103912533739 419
1694444212044 0.052673704932985066 420
1694444212075 0.05003150035657433 421
1694444212106 0.04901078129578207 422
1694444212137 0.05441792025604719 423
1694444212174 0.05281819366813911 424
1694444212207 0.05858728776848143 425
1694444212236 0.05099712151887559 426
1694444212268 0.051407827501587455 427
1694444212301 0.05717872031141846 428
1694444212332 0.06509368089237477 429
1694444212364 0.05523141928914688 430
1694444212396 0.05767420579750193 431
1694444212426 0.06348270242162957 432
1694444212456 0.06418385494807233 433
1694444212487 0.07064465256947583 434
1694444212518 0.06740706161387755 435
1694444212549 0.060167782780377044 436
1694444212582 0.05472590878820338 437
1694444212612 0.06109135899528384 438
1694444212641 0.05925784575324211 439
1694444212672 0.0692292893040235 440
1694444212705 0.055354635335544855 441
1694444212735 0.06316414850634311 442
1694444212766 0.06339801622291108 443
1694444212799 0.06698073170679197 444
1694444212830 0.06472300944791554 445
1694444212860 0.06399905874967016 446
1694444212892 0.05768282907532485 447
1694444212923 0.06835385441250141 448
1694444212953 0.07431223002680643 449
1694444212983 0.06306259039293505 450
1694444213015 0.06658402595014035 451
1694444213045 0.06804811962786805 452
1694444213076 0.05990722999346576 453
1694444213106 0.06914081287753215 454
1694444213136 0.06826333295843279 455
1694444213167 0.07262714951151017 456
1694444213199 0.08215227108917955 457
1694444213230 0.07009784117446083 458
1694444213260 0.08353280820933073 459
1694444213293 0.06940690582895959 460
1694444213323 0.07840236883233132 461
1694444213354 0.07591886010689897 462
1694444213385 0.08092994477755477 463
1694444213417 0.08170479253584462 464
1694444213448 0.0855974994691232 465
1694444213479 0.07923301041919928 466
1694444213509 0.08167446420230506 467
1694444213540 0.07792819865773304 468
1694444213569 0.07535673534643395 469
1694444213601 0.08577971569102161 470
1694444213630 0.08983265868933121 471
1694444213662 0.09243044812301804 472
1694444213694 0.10096985280189796 473
1694444213724 0.09283737242539314 474
1694444213754 0.08369141224035315 475
1694444213785 0.0910893091961229 476
1694444213815 0.08633529253786953 477
1694444213844 0.09107468199111601 478
1694444213877 0.0964719998774981 479
1694444213911 0.10366411824420341 480
1694444213941 0.09841550152420353 481
1694444213971 0.08546408267279015 482
1694444214001 0.0888316352380274 483
1694444214030 0.10192789127301682 484
1694444214060 0.09510373921866189 485
1694444214092 0.08648865599702027 486
1694444214126 0.0941542722135098 487
1694444214158 0.11581123237690283 488
1694444214192 0.09646202606788201 489
1694444214223 0.10003858289012013 490
1694444214253 0.1106636470730924 491
1694444214284 0.1141156867000015 492
1694444214317 0.10282850311673675 493
1694444214346 0.12155995793545349 494
1694444214380 0.10699439211633854 495
1694444214410 0.10401943797601076 496
1694444214440 0.10351913292627923 497
1694444214472 0.106961998941829 498
1694444214503 0.1084063496636064 499
