1694444464158 176.74348760942718 0
1694444464189 173.2222010891101 1
1694444464234 169.77116831631568 2
1694444464281 166.38898624005085 3
1694444464328 163.07427987254079 4
1694444464388 159.82570172655053 5
1694444464439 156.64193126403418 6
1694444464485 153.5216743558811 7
1694444464524 150.46366275253513 8
1694444464570 147.46665356526626 9
1694444464642 144.52942875787878 10
1694444464702 141.65079464864527 11
1694444464762 138.8295814222589 12
1694444464799 136.06464265160128 13
1694444464862 133.35485482912773 14
1694444464903 130.69911690767518 15
1694444464956 128.0963498505017 16
1694444465007 125.54549619037185 17
1694444465082 123.04551959750418 18
1694444465175 120.59540445620227 19
1694444465239 118.19415544999346 20
1694444465289 115.84079715510376 21
1694444465342 113.53437364210001 22
1694444465387 111.27394808553511 23
1694444465436 109.05860238143364 24
1694444465480 106.88743677246067 25
1694444465526 104.75956948061786 26
1694444465583 102.67413634731535 27
1694444465650 100.63029048067033 28
1694444465698 98.62720190988682 29
1694444465736 96.6640572465734 30
1694444465769 94.74005935285915 31
1694444465800 92.8544270161709 32
1694444465835 91.00639463053706 33
1694444465870 89.19521188428675 34
1694444465904 87.42014345401535 35
1694444465939 85.68046870468973 36
1694444465981 83.97548139577019 37
1694444466024 82.30448939322717 38
1694444466069 80.6668143873344 39
1694444466105 79.06179161612182 40
1694444466140 77.48876959437496 41
1694444466192 75.94710984806792 42
1694444466300 74.43618665412177 43
1694444466353 72.95538678538053 44
1694444466412 71.50410926069961 45
1694444466447 70.08176510004424 46
1694444466485 68.68777708449682 47
1694444466515 67.32157952107427 48
1694444466552 65.9826180122592 49
1694444466587 64.67034923014914 50
1694444466619 63.384240695132064 51
1694444466652 62.1237705589961 52
1694444466690 60.88842739238515 53
1694444466725 59.67770997651249 54
1694444466764 58.49112709904689 55
1694444466814 57.32819735408758 56
1694444466858 56.18844894614559 57
1694444466891 55.071419498051156 58
1694444466924 53.976655862708185 59
1694444466959 52.90371393861853 60
1694444466996 51.85215848910051 61
1694444467035 50.82156296512694 62
1694444467069 49.81150933171072 63
1694444467105 48.821587897766136 64
1694444467140 47.851397149376325 65
1694444467191 46.9005435863985 66
1694444467247 45.9686415623399 67
1694444467287 45.055313127438794 68
1694444467325 44.1601878748862 69
1694444467393 43.282902790125334 70
1694444467452 42.42310210316699 71
1694444467499 41.58043714386018 72
1694444467546 40.75456620005914 73
1694444467623 39.94515437862807 74
1694444467668 39.15187346922711 75
1694444467713 38.37440181082352 76
1694444467748 37.61242416087336 77
1694444467786 36.865631567120445 78
1694444467826 36.133721241959684 79
1694444467867 35.416396439313566 80
1694444467913 34.713366333971436 81
1694444467956 34.024345903342095 82
1694444467988 33.34905581157138 83
1694444468023 32.68722229597734 84
1694444468058 32.03857705575644 85
1694444468091 31.40285714291546 86
1694444468125 30.779804855384274 87
1694444468163 30.16916763226597 88
1694444468203 29.570697951181387 89
1694444468238 28.984153227666134 90
1694444468279 28.409295716578946 91
1694444468313 27.845892415481114 92
1694444468350 27.293714969947477 93
1694444468386 26.75253958077028 94
1694444468419 26.222146913018005 95
1694444468453 25.702322006911974 96
1694444468484 25.192854190484418 97
1694444468516 24.693536993982164 98
1694444468551 24.20416806598119 99
1694444468583 23.72454909117761 100
1694444468616 23.254485709821655 101
1694444468652 22.79378743876164 102
1694444468683 22.342267594065795 103
1694444468714 21.899743215190288 104
1694444468752 21.466034990662504 105
1694444468783 21.040967185249347 106
1694444468820 20.624367568580585 107
1694444468855 20.216067345198546 108
1694444468888 19.81590108600507 109
1694444468924 19.423706661078324 110
1694444468956 19.039325173831568 111
1694444468988 18.66260089648739 112
1694444469023 18.29338120684085 113
1694444469055 17.931516526285893 114
1694444469086 17.57686025907966 115
1694444469118 17.229268732819996 116
1694444469155 16.888601140111845 117
1694444469192 16.55471948139877 118
1694444469230 16.227488508936275 119
1694444469269 15.906775671884121 120
1694444469313 15.592451062495213 121
1694444469354 15.284387363379187 122
1694444469392 14.982459795819114 123
1694444469425 14.686546069120348 124
1694444469457 14.396526330970865 125
1694444469489 14.112283118792739 126
1694444469520 13.833701312065207 127
1694444469555 13.560668085599582 128
1694444469587 13.293072863747206 129
1694444469618 13.030807275521722 130
1694444469656 12.773765110617342 131
1694444469690 12.521842276305245 132
1694444469723 12.274936755190572 133
1694444469756 12.032948563812752 134
1694444469787 11.79577971207237 135
1694444469822 11.563334163467959 136
1694444469856 11.335517796126657 137
1694444469887 11.112238364612764 138
1694444469919 10.89340546249868 139
1694444469953 10.678930485683017 140
1694444469984 10.46872659644087 141
1694444470014 10.262708688191745 142
1694444470052 10.060793350970703 143
1694444470087 9.862898837588673 144
1694444470122 9.66894503046822 145
1694444470159 9.478853409141227 146
1694444470202 9.29254701839526 147
1694444470266 9.109950437055732 148
1694444470313 8.930989747391017 149
1694444470353 8.755592505128243 150
1694444470391 8.583687710067432 151
1694444470430 8.415205777282093 152
1694444470464 8.250078508894529 153
1694444470501 8.088239066414415 154
1694444470533 7.92962194362933 155
1694444470563 7.774162940036322 156
1694444470601 7.621799134803543 157
1694444470635 7.472468861251574 158
1694444470671 7.3261116818438365 159
1694444470705 7.182668363676097 160
1694444470739 7.042080854455044 161
1694444470782 6.904292258956096 162
1694444470821 6.7692468159510035 163
1694444470862 6.636889875595723 164
1694444470897 6.5071678772695165 165
1694444470934 6.380028327856139 166
1694444470979 6.255419780458363 167
1694444471021 6.133291813537141 168
1694444471063 6.0135950104669815 169
1694444471098 5.896280939499164 170
1694444471135 5.7813021341247195 171
1694444471181 5.66861207382912 172
1694444471218 5.558165165230926 173
1694444471252 5.44991672359666 174
1694444471285 5.343822954724466 175
1694444471320 5.239840937189141 176
1694444471354 5.137928604941342 177
1694444471409 5.038044730253893 178
1694444471473 4.9401489070082585 179
1694444471523 4.84420153431443 180
1694444471580 4.750163800457515 181
1694444471638 4.657997667164544 182
1694444471690 4.567665854185084 183
1694444471722 4.47913182417942 184
1694444471756 4.392359767908145 185
1694444471791 4.307314589717142 186
1694444471825 4.223961893312068 187
1694444471858 4.1422679678165615 188
1694444471892 4.062199774108527 189
1694444471924 3.9837249314289083 190
1694444471957 3.9068117042575543 191
1694444471991 3.831428989450827 192
1694444472024 3.757546303635706 193
1694444472059 3.685133770855337 194
1694444472090 3.6141621104609083 195
1694444472123 3.5446026252450484 196
1694444472158 3.476427189811849 197
1694444472189 3.4096082391788167 198
1694444472220 3.3441187576061164 199
1694444472256 3.2799322676485962 200
1694444472290 3.217022819426104 201
1694444472325 3.1553649801078096 202
1694444472357 3.0949338236061745 203
1694444472395 3.035704920476459 204
1694444472429 2.977654328017623 205
1694444472459 2.920758580570643 206
1694444472491 2.8649946800102475 207
1694444472521 2.8103400864262778 208
1694444472553 2.7567727089908223 209
1694444472587 2.704270897007498 210
1694444472623 2.652813431139181 211
1694444472658 2.6023795148106244 212
1694444472690 2.552948765782542 213
1694444472729 2.504501207893671 214
1694444472769 2.4570172629674696 215
1694444472804 2.410477742880209 216
1694444472839 2.364863841787189 217
1694444472871 2.3201571285039546 218
1694444472903 2.2763395390394146 219
1694444472936 2.2333933692778283 220
1694444472971 2.1913012678066894 221
1694444473002 2.1500462288876063 222
1694444473034 2.1096115855673014 223
1694444473070 2.0699810029259815 224
1694444473101 2.0311384714602956 225
1694444473136 1.99306830059821 226
1694444473171 1.9557551123431784 227
1694444473207 1.919183835045009 228
1694444473245 1.8833396972949317 229
1694444473280 1.848208221942352 230
1694444473318 1.813775220230887 231
1694444473356 1.780026786051305 232
1694444473398 1.7469492903090305 233
1694444473446 1.7145293754039304 234
1694444473490 1.682753949820141 235
1694444473532 1.6516101828237464 236
1694444473576 1.6210854992661576 237
1694444473636 1.59116757449107 238
1694444473704 1.5618443293429611 239
1694444473755 1.533103925275063 240
1694444473805 1.5049347595548856 241
1694444473871 1.477325460565268 242
1694444473915 1.4502648831991398 243
1694444473956 1.4237421043460323 244
1694444473990 1.3977464184685955 245
1694444474035 1.3722673332672655 246
1694444474070 1.3472945654313497 247
1694444474104 1.3228180364748094 248
1694444474139 1.2988278686550323 249
1694444474179 1.275314380972968 250
1694444474216 1.252268085252977 251
1694444474256 1.2296796823008165 252
1694444474290 1.2075400581382059 253
1694444474325 1.1858402803124426 254
1694444474356 1.164571594279574 255
1694444474391 1.1437254198596543 256
1694444474422 1.1232933477626479 257
1694444474454 1.1032671361835784 258
1694444474496 1.0836387074655398 259
1694444474537 1.0644001448292155 260
1694444474569 1.0455436891675758 261
1694444474607 1.0270617359044631 262
1694444474646 1.0089468319157808 263
1694444474676 0.9911916725120395 264
1694444474714 0.9737890984810509 265
1694444474744 0.9567320931895567 266
1694444474783 0.9400137797426095 267
1694444474814 0.9236274181995829 268
1694444474848 0.9075664028456543 269
1694444474888 0.8918242595176609 270
1694444474923 0.8763946429832559 271
1694444474963 0.8612713343722949 272
1694444475006 0.8464482386594043 273
1694444475051 0.8319193821967303 274
1694444475086 0.8176789102958435 275
1694444475121 0.8037210848578396 276
1694444475153 0.7900402820506662 277
1694444475185 0.7766309900327356 278
1694444475217 0.763487806721898 279
1694444475256 0.7506054376088839 280
1694444475289 0.7379786936143057 281
1694444475323 0.7256024889883727 282
1694444475358 0.7134718392524559 283
1694444475393 0.7015818591816755 284
1694444475425 0.6899277608276859 285
1694444475461 0.6785048515808603 286
1694444475492 0.6673085322710937 287
1694444475525 0.6563342953064415 288
1694444475559 0.6455777228488642 289
1694444475592 0.6350344850263064 290
1694444475633 0.6247003381804144 291
1694444475666 0.6145711231491612 292
1694444475698 0.6046427635837015 293
1694444475739 0.5949112642987565 294
1694444475769 0.585372709655871 295
1694444475808 0.5760232619788879 296
1694444475851 0.566859160000997 297
1694444475888 0.5578767173427156 298
1694444475919 0.5490723210202099 299
1694444475957 0.5404424299833308 300
1694444475997 0.5319835736827799 301
1694444476037 0.523692350665828 302
1694444476072 0.5155654272000041 303
1694444476114 0.5075995359242249 304
1694444476159 0.4997914745267825 305
1694444476202 0.4921381044496791 306
1694444476251 0.4846363496187782 307
1694444476289 0.47728319519925966 308
1694444476321 0.4700756863758583 309
1694444476354 0.463010927157423 310
1694444476386 0.4560860792052778 311
1694444476420 0.4492983606849336 312
1694444476456 0.4426450451406829 313
1694444476488 0.4361234603926047 314
1694444476522 0.4297309874555546 315
1694444476557 0.423465059479687 316
1694444476589 0.4173231607120876 317
1694444476622 0.4113028254790923 318
1694444476652 0.40540163718888617 319
1694444476681 0.3996172273539649 320
1694444476718 0.39394727463307433 321
1694444476751 0.388389503892243 322
1694444476781 0.382941685284513 323
1694444476820 0.37760163334801405 324
1694444476856 0.372367206121992 325
1694444476886 0.3672363042804636 326
1694444476925 0.3622068702831209 327
1694444476966 0.3572768875431544 328
1694444477006 0.3524443796116508 329
1694444477041 0.3477074093782489 330
1694444477071 0.3430640782877033 331
1694444477098 0.3385125255720742 332
1694444477134 0.33405092749820087 333
1694444477167 0.3296774966301639 334
1694444477201 0.3253904811064541 335
1694444477238 0.3211881639315259 336
1694444477271 0.31706886228147213 337
1694444477308 0.3130309268235298 338
1694444477354 0.30907274104913623 339
1694444477388 0.30519272062027764 340
1694444477431 0.30138931272885733 341
1694444477472 0.2976609954688198 342
1694444477511 0.29400627722079237 343
1694444477541 0.29042369604897383 344
1694444477577 0.2869118191100463 345
1694444477616 0.28346924207385576 346
1694444477662 0.2800945885556364 347
1694444477691 0.2767865095595388 348
1694444477724 0.2735436829332507 349
1694444477758 0.27036481283347763 350
1694444477791 0.2672486292020683 351
1694444477831 0.2641938872525776 352
1694444477861 0.2611993669670596 353
1694444477900 0.2582638726028798 354
1694444477940 0.255386232209351 355
1694444477973 0.252565297154002 356
1694444478006 0.24979994165827604 357
1694444478041 0.2470890623424816 358
1694444478072 0.2444315777798065 359
1694444478107 0.24182642805921575 360
1694444478155 0.23927257435705163 361
1694444478187 0.23676899851717342 362
1694444478223 0.23431470263945423 363
1694444478260 0.23190870867647714 364
1694444478294 0.22955005803826153 365
1694444478323 0.22723781120486852 366
1694444478354 0.22497104734671294 367
1694444478383 0.22274886395244572 368
1694444478418 0.22057037646424424 369
1694444478461 0.21843471792036984 370
1694444478503 0.21634103860483606 371
1694444478540 0.21428850570406646 372
1694444478590 0.21227630297038355 373
1694444478623 0.21030363039219857 374
1694444478676 0.20836970387077652 375
1694444478722 0.20647375490343103 376
1694444478769 0.2046150302730369 377
1694444478834 0.20279279174371928 378
1694444478875 0.20100631576260716 379
1694444478917 0.19925489316752854 380
1694444478961 0.19753782890052282 381
1694444479011 0.19585444172706115 382
1694444479043 0.19420406396086026 383
1694444479102 0.19258604119417377 384
1694444479154 0.19099973203345488 385
1694444479202 0.1894445078402871 386
1694444479254 0.1879197524774717 387
1694444479303 0.18642486206017078 388
1694444479355 0.18495924471200995 389
1694444479404 0.18352232032603516 390
1694444479449 0.18211352033043018 391
1694444479484 0.1807322874589027 392
1694444479561 0.17937807552563997 393
1694444479605 0.17805034920474694 394
1694444479657 0.17674858381407577 395
1694444479691 0.17547226510336505 396
1694444479738 0.174220889046592 397
1694444479785 0.17299396163846129 398
1694444479838 0.17179099869494963 399
1694444479872 0.17061152565781887 400
1694444479903 0.16945507740302432 401
1694444479937 0.16832119805293705 402
1694444479973 0.16720944079230426 403
1694444480023 0.16611936768787894 404
1694444480059 0.1650505495116349 405
1694444480121 0.16400256556750908 406
1694444480203 0.1629750035215874 407
1694444480275 0.16196745923567724 408
1694444480331 0.16097953660418984 409
1694444480384 0.16001084739427612 410
1694444480421 0.15906101108913967 411
1694444480476 0.1581296547344738 412
1694444480520 0.15721641278795423 413
1694444480554 0.15632092697173058 414
1694444480597 0.15544284612785478 415
1694444480641 0.1545818260765854 416
1694444480680 0.15373752947751815 417
1694444480721 0.15290962569347677 418
1694444480757 0.15209779065711765 419
1694444480802 0.15130170674018795 420
1694444480838 0.1505210626253889 421
1694444480885 0.14975555318078929 422
1694444480924 0.14900487933674053 423
1694444480955 0.1482687479652405 424
1694444480989 0.14754687176170217 425
1694444481023 0.14683896912907343 426
1694444481056 0.14614476406426716 427
1694444481086 0.14546398604684901 428
1694444481123 0.14479636992994419 429
1694444481156 0.14414165583331665 430
1694444481187 0.1434995890385729 431
1694444481220 0.14286991988645864 432
1694444481253 0.1422524036761939 433
1694444481286 0.14164680056681717 434
1694444481317 0.1410528754804924 435
1694444481351 0.14047039800773745 436
1694444481388 0.13989914231454487 437
1694444481423 0.13933888705135036 438
1694444481453 0.13878941526381033 439
1694444481486 0.13825051430535903 440
1694444481520 0.13772197575150577 441
1694444481556 0.1372035953158373 442
1694444481591 0.13669517276769508 443
1694444481623 0.13619651185148843 444
1694444481666 0.1357074202076153 445
1694444481701 0.1352277092949576 446
1694444481743 0.13475719431491948 447
1694444481783 0.1342956941369778 448
1694444481825 0.1338430312257129 449
1694444481858 0.13339903156929525 450
1694444481897 0.13296352460939406 451
1694444481935 0.1325363431724801 452
1694444481975 0.13211732340249827 453
1694444482007 0.13170630469487857 454
1694444482042 0.13130312963186214 455
1694444482082 0.13090764391911355 456
1694444482122 0.13051969632359664 457
1694444482170 0.13013913861268445 458
1694444482220 0.12976582549448262 459
1694444482264 0.1293996145593424 460
1694444482304 0.1290403662225346 461
1694444482338 0.12868794366806652 462
1694444482385 0.12834221279361743 463
1694444482422 0.1280030421565696 464
1694444482453 0.12767030292111384 465
1694444482489 0.127343868806407 466
1694444482530 0.12702361603576282 467
1694444482563 0.1267094232868533 468
1694444482604 0.12640117164290107 469
1694444482658 0.12609874454484404 470
1694444482697 0.1258020277444517 471
1694444482737 0.12551090925837477 472
1694444482770 0.125225279323108 473
1694444482807 0.12494503035085255 474
1694444482842 0.12467005688625406 475
1694444482877 0.1244002555640027 476
1694444482921 0.1241355250672768 477
1694444482959 0.12387576608701564 478
1694444482991 0.12362088128199826 479
1694444483032 0.12337077523972204 480
1694444483063 0.12312535443805678 481
1694444483097 0.12288452720766205 482
1694444483140 0.12264820369515429 483
1694444483173 0.12241629582700414 484
1694444483206 0.12218871727415646 485
1694444483242 0.12196538341734932 486
1694444483274 0.12174621131312796 487
1694444483309 0.12153111966053123 488
1694444483347 0.12132002876844385 489
1694444483388 0.12111286052359754 490
1694444483420 0.12090953835920766 491
1694444483452 0.12070998722423587 492
1694444483486 0.12051413355326335 493
1694444483519 0.12032190523696402 494
1694444483552 0.12013323159316461 495
1694444483590 0.11994804333848251 496
1694444483624 0.11976627256052572 497
1694444483666 0.11958785269064644 498
1694444483698 0.1194127184772384 499
