1694439294514 170.94983569703135 0
1694439294552 170.9155484509664 1
1694439294589 170.88126816473533 2
1694439294631 170.8469948369048 3
1694439294668 170.81272846604185 4
1694439294722 170.7784690507136 5
1694439294793 170.74421658948762 6
1694439294867 170.7099710809319 7
1694439294919 170.6757325236145 8
1694439294954 170.64150091610384 9
1694439294987 170.60727625696882 10
1694439295022 170.5730585447784 11
1694439295059 170.53884777810188 12
1694439295091 170.50464395550912 13
1694439295133 170.47044707556995 14
1694439295163 170.43625713685464 15
1694439295201 170.4020741379338 16
1694439295238 170.3678980773783 17
1694439295282 170.33372895375928 18
1694439295321 170.29956676564825 19
1694439295363 170.2654115116169 20
1694439295404 170.23126319023734 21
1694439295488 170.19712180008204 22
1694439295581 170.16298733972354 23
1694439295621 170.12885980773487 24
1694439295658 170.0947392026893 25
1694439295695 170.0606255231604 26
1694439295755 170.02651876772202 27
1694439295795 169.99241893494838 28
1694439295850 169.95832602341392 29
1694439295887 169.92424003169342 30
1694439295935 169.89016095836192 31
1694439295979 169.85608880199487 32
1694439296020 169.82202356116784 33
1694439296056 169.7879652344569 34
1694439296099 169.75391382043827 35
1694439296134 169.71986931768853 36
1694439296167 169.68583172478455 37
1694439296202 169.6518010403035 38
1694439296242 169.6177772628229 39
1694439296283 169.58376039092042 40
1694439296328 169.54975042317417 41
1694439296377 169.5157473581625 42
1694439296419 169.48175119446418 43
1694439296466 169.44776193065806 44
1694439296499 169.4137795653234 45
1694439296532 169.37980409703982 46
1694439296566 169.34583552438718 47
1694439296595 169.31187384594566 48
1694439296630 169.27791906029563 49
1694439296661 169.2439711660179 50
1694439296693 169.21003016169354 51
1694439296731 169.17609604590388 52
1694439296762 169.14216881723056 53
1694439296792 169.10824847425562 54
1694439296832 169.0743350155612 55
1694439296864 169.04042843972988 56
1694439296895 169.0065287453445 57
1694439296930 168.97263593098828 58
1694439296961 168.9387499952446 59
1694439296994 168.9048709366972 60
1694439297022 168.87099875393008 61
1694439297053 168.83713344552766 62
1694439297087 168.8032750100745 63
1694439297120 168.7694234461556 64
1694439297152 168.73557875235608 65
1694439297186 168.7017409272616 66
1694439297215 168.66790996945792 67
1694439297246 168.6340858775312 68
1694439297282 168.60026865006773 69
1694439297315 168.56645828565436 70
1694439297351 168.53265478287813 71
1694439297383 168.49885814032618 72
1694439297415 168.46506835658627 73
1694439297449 168.43128543024625 74
1694439297480 168.39750935989434 75
1694439297513 168.363740144119 76
1694439297554 168.32997778150906 77
1694439297592 168.29622227065363 78
1694439297630 168.26247361014205 79
1694439297664 168.22873179856404 80
1694439297697 168.19499683450957 81
1694439297732 168.16126871656894 82
1694439297765 168.12754744333265 83
1694439297798 168.09383301339165 84
1694439297832 168.06012542533713 85
1694439297861 168.02642467776047 86
1694439297894 167.99273076925348 87
1694439297926 167.95904369840818 88
1694439297960 167.92536346381704 89
1694439297993 167.89169006407252 90
1694439298026 167.85802349776776 91
1694439298079 167.82436376349585 92
1694439298117 167.79071085985038 93
1694439298185 167.75706478542523 94
1694439298224 167.7234255388144 95
1694439298269 167.68979311861247 96
1694439298320 167.6561675234141 97
1694439298368 167.62254875181426 98
1694439298405 167.58893680240826 99
1694439298443 167.5553316737918 100
1694439298475 167.5217333645607 101
1694439298509 167.48814187331115 102
1694439298543 167.4545571986397 103
1694439298576 167.4209793391431 104
1694439298610 167.3874082934184 105
1694439298645 167.35384406006304 106
1694439298678 167.32028663767466 107
1694439298709 167.28673602485128 108
1694439298743 167.25319222019107 109
1694439298780 167.21965522229263 110
1694439298813 167.1861250297548 111
1694439298847 167.15260164117674 112
1694439298880 167.11908505515794 113
1694439298914 167.085575270298 114
1694439298948 167.05207228519708 115
1694439298979 167.01857609845544 116
1694439299012 166.98508670867372 117
1694439299047 166.95160411445278 118
1694439299082 166.9181283143939 119
1694439299115 166.88465930709853 120
1694439299150 166.85119709116847 121
1694439299187 166.8177416652059 122
1694439299220 166.78429302781305 123
1694439299266 166.7508511775927 124
1694439299300 166.71741611314778 125
1694439299334 166.68398783308155 126
1694439299368 166.6505663359976 127
1694439299398 166.61715162049973 128
1694439299433 166.58374368519213 129
1694439299468 166.55034252867918 130
1694439299503 166.5169481495657 131
1694439299533 166.48356054645663 132
1694439299563 166.45017971795738 133
1694439299607 166.41680566267345 134
1694439299636 166.38343837921084 135
1694439299672 166.35007786617572 136
1694439299706 166.31672412217452 137
1694439299738 166.2833771458141 138
1694439299780 166.25003693570147 139
1694439299815 166.21670349044408 140
1694439299853 166.18337680864948 141
1694439299887 166.15005688892575 142
1694439299927 166.11674372988105 143
1694439299959 166.08343733012396 144
1694439299988 166.0501376882633 145
1694439300031 166.01684480290817 146
1694439300067 165.98355867266804 147
1694439300106 165.9502792961526 148
1694439300148 165.91700667197182 149
1694439300181 165.883740798736 150
1694439300217 165.85048167505573 151
1694439300252 165.8172292995419 152
1694439300286 165.78398367080572 153
1694439300316 165.75074478745861 154
1694439300355 165.7175126481123 155
1694439300401 165.68428725137886 156
1694439300439 165.6510685958706 157
1694439300489 165.61785668020025 158
1694439300522 165.5846515029806 159
1694439300563 165.55145306282495 160
1694439300603 165.51826135834673 161
1694439300638 165.4850763881598 162
1694439300681 165.45189815087824 163
1694439300713 165.4187266451164 164
1694439300752 165.38556186948898 165
1694439300788 165.35240382261085 166
1694439300820 165.3192525030974 167
1694439300861 165.28610790956407 168
1694439300898 165.25297004062674 169
1694439300930 165.21983889490156 170
1694439300967 165.18671447100482 171
1694439301002 165.15359676755344 172
1694439301034 165.12048578316418 173
1694439301072 165.08738151645449 174
1694439301109 165.0542839660419 175
1694439301146 165.02119313054422 176
1694439301180 164.9881090085797 177
1694439301212 164.95503159876674 178
1694439301244 164.92196089972413 179
1694439301285 164.88889691007086 180
1694439301318 164.8558396284262 181
1694439301364 164.82278905340985 182
1694439301401 164.7897451836417 183
1694439301432 164.75670801774186 184
1694439301479 164.72367755433092 185
1694439301510 164.69065379202956 186
1694439301547 164.6576367294589 187
1694439301583 164.62462636524026 188
1694439301621 164.5916226979953 189
1694439301660 164.55862572634592 190
1694439301699 164.52563544891436 191
1694439301729 164.49265186432314 192
1694439301768 164.459674971195 193
1694439301806 164.42670476815312 194
1694439301838 164.3937412538208 195
1694439301881 164.36078442682174 196
1694439301915 164.32783428577991 197
1694439301947 164.29489082931954 198
1694439301981 164.26195405606515 199
1694439302012 164.22902396464158 200
1694439302047 164.19610055367392 201
1694439302080 164.1631838217876 202
1694439302116 164.1302737676083 203
1694439302149 164.09737038976198 204
1694439302184 164.06447368687492 205
1694439302217 164.03158365757366 206
1694439302251 163.9987003004851 207
1694439302285 163.9658236142363 208
1694439302326 163.93295359745477 209
1694439302362 163.90009024876815 210
1694439302398 163.8672335668044 211
1694439302433 163.83438355019192 212
1694439302466 163.80154019755918 213
1694439302499 163.76870350753518 214
1694439302533 163.73587347874889 215
1694439302565 163.7030501098299 216
1694439302596 163.67023339940783 217
1694439302626 163.63742334611277 218
1694439302654 163.604619948575 219
1694439302685 163.5718232054251 220
1694439302715 163.5390331152939 221
1694439302748 163.5062496768127 222
1694439302780 163.47347288861283 223
1694439302810 163.4407027493261 224
1694439302842 163.40793925758453 225
1694439302876 163.3751824120204 226
1694439302905 163.34243221126627 227
1694439302936 163.3096886539552 228
1694439302968 163.2769517387202 229
1694439302999 163.24422146419482 230
1694439303031 163.21149782901276 231
1694439303066 163.1787808318081 232
1694439303110 163.14607047121518 233
1694439303166 163.11336674586857 234
1694439303217 163.08066965440324 235
1694439303251 163.04797919545427 236
1694439303300 163.01529536765722 237
1694439303334 162.98261816964776 238
1694439303378 162.9499476000621 239
1694439303418 162.91728365753642 240
1694439303450 162.8846263407074 241
1694439303487 162.85197564821192 242
1694439303526 162.81933157868718 243
1694439303565 162.78669413077068 244
1694439303605 162.7540633031002 245
1694439303638 162.72143909431372 246
1694439303676 162.68882150304964 247
1694439303713 162.6562105279466 248
1694439303746 162.6236061676434 249
1694439303786 162.59100842077942 250
1694439303823 162.55841728599393 251
1694439303854 162.52583276192686 252
1694439303899 162.4932548472182 253
1694439303930 162.4606835405083 254
1694439303971 162.42811884043775 255
1694439304011 162.39556074564751 256
1694439304048 162.36300925477872 257
1694439304086 162.33046436647288 258
1694439304128 162.29792607937182 259
1694439304165 162.2653943921175 260
1694439304197 162.23286930335235 261
1694439304231 162.2003508117189 262
1694439304265 162.16783891586007 263
1694439304298 162.1353336144191 264
1694439304333 162.10283490603948 265
1694439304371 162.0703427893649 266
1694439304404 162.03785726303946 267
1694439304436 162.00537832570743 268
1694439304468 161.97290597601355 269
1694439304500 161.94044021260254 270
1694439304530 161.90798103411973 271
1694439304563 161.8755284392106 272
1694439304598 161.84308242652077 273
1694439304630 161.81064299469645 274
1694439304666 161.77821014238378 275
1694439304699 161.74578386822952 276
1694439304732 161.7133641708805 277
1694439304767 161.6809510489839 278
1694439304799 161.64854450118716 279
1694439304834 161.61614452613807 280
1694439304866 161.5837511224846 281
1694439304896 161.55136428887516 282
1694439304926 161.51898402395827 283
1694439304963 161.4866103263828 284
1694439304998 161.45424319479793 285
1694439305031 161.4218826278531 286
1694439305068 161.38952862419814 287
1694439305097 161.3571811824829 288
1694439305131 161.3248403013578 289
1694439305164 161.29250597947336 290
1694439305194 161.2601782154805 291
1694439305227 161.2278570080303 292
1694439305262 161.19554235577422 293
1694439305293 161.16323425736402 294
1694439305328 161.1309327114516 295
1694439305368 161.09863771668938 296
1694439305400 161.0663492717298 297
1694439305436 161.03406737522576 298
1694439305466 161.00179202583038 299
1694439305503 160.9695232221971 300
1694439305537 160.93726096297956 301
1694439305570 160.9050052468318 302
1694439305616 160.87275607240807 303
1694439305646 160.84051343836282 304
1694439305680 160.80827734335102 305
1694439305714 160.7760477860277 306
1694439305748 160.74382476504826 307
1694439305784 160.71160827906834 308
1694439305818 160.679398326744 309
1694439305850 160.64719490673136 310
1694439305888 160.61499801768701 311
1694439305930 160.5828076582677 312
1694439305963 160.55062382713058 313
1694439305998 160.51844652293303 314
1694439306063 160.4862757443326 315
1694439306098 160.45411148998724 316
1694439306142 160.42195375855528 317
1694439306182 160.38980254869506 318
1694439306212 160.35765785906543 319
1694439306247 160.32551968832544 320
1694439306279 160.29338803513443 321
1694439306310 160.26126289815207 322
1694439306338 160.22914427603814 323
1694439306372 160.19703216745293 324
1694439306404 160.16492657105687 325
1694439306438 160.1328274855107 326
1694439306472 160.10073490947545 327
1694439306517 160.06864884161243 328
1694439306564 160.0365692805832 329
1694439306612 160.00449622504965 330
1694439306656 159.972429673674 331
1694439306697 159.94036962511856 332
1694439306741 159.9083160780461 333
1694439306781 159.87626903111968 334
1694439306826 159.84422848300247 335
1694439306863 159.81219443235807 336
1694439306903 159.7801668778503 337
1694439306946 159.74814581814329 338
1694439306988 159.7161312519014 339
1694439307036 159.6841231777894 340
1694439307068 159.65212159447213 341
1694439307113 159.6201265006149 342
1694439307148 159.5881378948832 343
1694439307187 159.55615577594287 344
1694439307229 159.5241801424599 345
1694439307269 159.49221099310074 346
1694439307314 159.460248326532 347
1694439307349 159.42829214142054 348
1694439307383 159.39634243643366 349
1694439307416 159.36439921023876 350
1694439307451 159.33246246150358 351
1694439307483 159.30053218889628 352
1694439307514 159.26860839108502 353
1694439307545 159.23669106673853 354
1694439307573 159.20478021452556 355
1694439307612 159.17287583311534 356
1694439307646 159.14097792117735 357
1694439307683 159.10908647738117 358
1694439307715 159.0772015003969 359
1694439307748 159.0453229888948 360
1694439307780 159.0134509415454 361
1694439307815 158.9815853570195 362
1694439307860 158.94972623398826 363
1694439307896 158.91787357112307 364
1694439307933 158.88602736709555 365
1694439307964 158.85418762057765 366
1694439307997 158.82235433024167 367
1694439308034 158.79052749476006 368
1694439308067 158.75870711280558 369
1694439308097 158.7268931830513 370
1694439308129 158.6950857041706 371
1694439308181 158.663284674837 372
1694439308217 158.63149009372452 373
1694439308282 158.59970195950729 374
1694439308333 158.5679202708597 375
1694439308367 158.53614502645658 376
1694439308403 158.50437622497287 377
1694439308436 158.47261386508384 378
1694439308469 158.44085794546515 379
1694439308503 158.40910846479258 380
1694439308539 158.37736542174227 381
1694439308578 158.34562881499056 382
1694439308611 158.3138986432142 383
1694439308648 158.2821749050901 384
1694439308685 158.25045759929552 385
1694439308727 158.21874672450798 386
1694439308764 158.1870422794052 387
1694439308803 158.15534426266532 388
1694439308837 158.1236526729666 389
1694439308872 158.09196750898775 390
1694439308911 158.0602887694077 391
1694439308946 158.02861645290545 392
1694439308981 157.9969505581606 393
1694439309017 157.96529108385283 394
1694439309052 157.93363802866213 395
1694439309085 157.90199139126878 396
1694439309120 157.8703511703534 397
1694439309159 157.8387173645968 398
1694439309197 157.80708997268002 399
1694439309227 157.77546899328456 400
1694439309259 157.74385442509202 401
1694439309296 157.71224626678435 402
1694439309328 157.68064451704382 403
1694439309362 157.64904917455283 404
1694439309397 157.61746023799424 405
1694439309426 157.58587770605106 406
1694439309460 157.55430157740665 407
1694439309502 157.52273185074455 408
1694439309537 157.49116852474867 409
1694439309579 157.45961159810318 410
1694439309618 157.42806106949251 411
1694439309659 157.39651693760135 412
1694439309700 157.3649792011147 413
1694439309734 157.3334478587178 414
1694439309767 157.3019229090962 415
1694439309800 157.27040435093573 416
1694439309832 157.23889218292237 417
1694439309864 157.20738640374265 418
1694439309900 157.17588701208305 419
1694439309932 157.14439400663056 420
1694439309965 157.11290738607238 421
1694439310000 157.08142714909596 422
1694439310031 157.04995329438904 423
1694439310061 157.0184858206396 424
1694439310097 156.98702472653596 425
1694439310128 156.9555700107667 426
1694439310161 156.92412167202065 427
1694439310197 156.8926797089869 428
1694439310252 156.86124412035485 429
1694439310285 156.82981490481424 430
1694439310320 156.7983920610549 431
1694439310364 156.7669755877671 432
1694439310397 156.7355654836413 433
1694439310434 156.70416174736832 434
1694439310469 156.67276437763914 435
1694439310505 156.64137337314514 436
1694439310547 156.60998873257785 437
1694439310584 156.5786104546291 438
1694439310619 156.54723853799118 439
1694439310654 156.51587298135635 440
1694439310688 156.48451378341736 441
1694439310728 156.45316094286713 442
1694439310763 156.42181445839896 443
1694439310800 156.39047432870632 444
1694439310834 156.359140552483 445
1694439310871 156.32781312842306 446
1694439310909 156.2964920552208 447
1694439310947 156.26517733157087 448
1694439310980 156.23386895616815 449
1694439311014 156.20256692770778 450
1694439311049 156.17127124488516 451
1694439311088 156.139981906396 452
1694439311129 156.1086989109363 453
1694439311167 156.07742225720227 454
1694439311202 156.04615194389052 455
1694439311233 156.01488796969772 456
1694439311268 155.98363033332103 457
1694439311305 155.95237903345776 458
1694439311336 155.9211340688055 459
1694439311372 155.88989543806213 460
1694439311405 155.85866313992588 461
1694439311439 155.82743717309515 462
1694439311467 155.7962175362686 463
1694439311497 155.7650042281453 464
1694439311529 155.73379724742446 465
1694439311559 155.70259659280558 466
1694439311588 155.6714022629885 467
1694439311621 155.64021425667323 468
1694439311653 155.60903257256018 469
1694439311685 155.57785720934993 470
1694439311726 155.5466881657434 471
1694439311760 155.51552544044168 472
1694439311797 155.4843690321463 473
1694439311827 155.4532189395589 474
1694439311860 155.42207516138149 475
1694439311896 155.3909376963163 476
1694439311928 155.3598065430659 477
1694439311963 155.32868170033305 478
1694439311997 155.29756316682077 479
1694439312032 155.26645094123245 480
1694439312068 155.23534502227173 481
1694439312106 155.20424540864246 482
1694439312139 155.17315209904874 483
1694439312177 155.1420650921951 484
1694439312213 155.1109843867862 485
1694439312245 155.07990998152704 486
1694439312283 155.04884187512275 487
1694439312319 155.01778006627893 488
1694439312363 154.98672455370138 489
1694439312397 154.95567533609614 490
1694439312434 154.92463241216947 491
1694439312466 154.89359578062806 492
1694439312498 154.86256544017877 493
1694439312532 154.8315413895287 494
1694439312567 154.80052362738527 495
1694439312600 154.7695121524562 496
1694439312635 154.73850696344942 497
1694439312669 154.70750805907312 498
1694439312701 154.67651543803586 499
