1694444464164 -0.003911353264866024 0
1694444464195 -0.003890993229469286 1
1694444464243 -0.003869677430454299 2
1694444464290 -0.0038473831722367624 3
1694444464339 -0.0038240872861803332 4
1694444464396 -0.0037997661213713396 5
1694444464450 -0.0037743955352314007 6
1694444464493 -0.003747950883951967 7
1694444464534 -0.003720407012767435 8
1694444464581 -0.0036917382460468495 9
1694444464658 -0.0036619183772175212 10
1694444464720 -0.003630920658508785 11
1694444464770 -0.003598717790510353 12
1694444464808 -0.003565281911548812 13
1694444464871 -0.0035305845868869312 14
1694444464919 -0.003494596797721794 15
1694444464969 -0.003457288930006186 16
1694444465032 -0.0034186307630603707 17
1694444465091 -0.003378591458003566 18
1694444465190 -0.0033371395459818043 19
1694444465251 -0.0032942429161868514 20
1694444465299 -0.003249868803689493 21
1694444465355 -0.00320398377704767 22
1694444465398 -0.0031565537257238763 23
1694444465444 -0.003107543847275851 24
1694444465488 -0.003056918634350092 25
1694444465536 -0.003004641861449553 26
1694444465594 -0.002950676571486177 27
1694444465670 -0.002894985062110056 28
1694444465706 -0.0028375288718307523 29
1694444465744 -0.0027782687658901573 30
1694444465776 -0.0027171647219306205 31
1694444465806 -0.0026541759154217193 32
1694444465843 -0.0025892607048583205 33
1694444465879 -0.0025223766167274952 34
1694444465913 -0.0024534803302411756 35
1694444465951 -0.0023825276618230085 36
1694444465989 -0.002309473549366947 37
1694444466039 -0.0022342720362511503 38
1694444466080 -0.0021568762551082976 39
1694444466114 -0.002077238411344551 40
1694444466158 -0.001995309766433806 41
1694444466205 -0.0019110406209379427 42
1694444466314 -0.0018243802972959244 43
1694444466369 -0.0017352771223613228 44
1694444466420 -0.0016436784096844903 45
1694444466455 -0.0015495304415382716 46
1694444466492 -0.0014527784507054609 47
1694444466522 -0.001353366602000916 48
1694444466559 -0.0012512379735376555 49
1694444466596 -0.0011463345377491496 50
1694444466626 -0.0010385971421524864 51
1694444466659 -0.0009279654898461942 52
1694444466699 -0.0008143781197704758 53
1694444466734 -0.0006977723867047647 54
1694444466773 -0.00057808444100238 55
1694444466824 -0.0004552492080949211 56
1694444466865 -0.00032920036771599825 57
1694444466899 -0.0001998703329018081 58
1694444466934 -6.719022871704006e-05 59
1694444466968 6.891012924448159e-05 60
1694444467005 0.000208502256620835 61
1694444467044 0.00035165902228562196 62
1694444467075 0.0004984546705747439 63
1694444467114 0.0006489648437769668 64
1694444467152 0.0008032666048385373 65
1694444467204 0.0009614384603137127 66
1694444467257 0.0011235603835215713 67
1694444467297 0.0012897138379567297 68
1694444467334 0.0014599818008814713 69
1694444467404 0.0016344487871639002 70
1694444467463 0.001813200873298726 71
1694444467511 0.0019963257216369934 72
1694444467553 0.0021839126048216473 73
1694444467631 0.002376052430383746 74
1694444467676 0.0025728377655465096 75
1694444467720 0.0027743628621804683 76
1694444467757 0.002980723681936248 77
1694444467797 0.0031920179215159106 78
1694444467838 0.003408345038094951 79
1694444467874 0.003629806274882963 80
1694444467921 0.003856504686802209 81
1694444467966 0.004088545166263224 82
1694444467997 0.004326034469060991 83
1694444468033 0.004569081240336059 84
1694444468068 0.004817796040620381 85
1694444468100 0.005072291371923332 86
1694444468133 0.005332681703867026 87
1694444468172 0.005599083499847501 88
1694444468212 0.005871615243191908 89
1694444468247 0.006150397463316026 90
1694444468286 0.006435552761829388 91
1694444468320 0.006727205838619077 92
1694444468359 0.007025483517831832 93
1694444468394 0.0073305147737742216 94
1694444468426 0.007642430756700125 95
1694444468459 0.00796136481844334 96
1694444468490 0.008287452537895312 97
1694444468523 0.008620831746272928 98
1694444468558 0.008961642552179239 99
1694444468590 0.009310027366405627 100
1694444468622 0.009666130926454963 101
1694444468660 0.010030100320751134 102
1694444468690 0.01040208501249773 103
1694444468721 0.010782236863177141 104
1694444468758 0.011170710155598784 105
1694444468790 0.011567661616538438 106
1694444468828 0.011973250438848781 107
1694444468863 0.012387638303055892 108
1694444468897 0.012810989398390538 109
1694444468932 0.013243470443192518 110
1694444468964 0.013685250704655316 111
1694444468996 0.01413650201786909 112
1694444469031 0.014597398804109929 113
1694444469063 0.015068118088320648 114
1694444469093 0.015548839515739599 115
1694444469124 0.016039745367619762 116
1694444469166 0.0165410205759855 117
1694444469200 0.017052852737359014 118
1694444469238 0.01757543212543422 119
1694444469277 0.018108951702577647 120
1694444469320 0.018653607130144634 121
1694444469363 0.01920959677753642 122
1694444469401 0.01977712172990964 123
1694444469433 0.020356385794492615 124
1694444469466 0.02094759550542935 125
1694444469496 0.021550960127086682 126
1694444469528 0.022166691655729487 127
1694444469562 0.022795004819520792 128
1694444469594 0.02343611707672988 129
1694444469624 0.0240902486121215 130
1694444469664 0.024757622331371243 131
1694444469699 0.02543846385349635 132
1694444469731 0.026133001501160158 133
1694444469765 0.02684146628880535 134
1694444469795 0.027564091908502286 135
1694444469828 0.028301114713391362 136
1694444469864 0.029052773698722723 137
1694444469895 0.029819310480271755 138
1694444469926 0.030600969270135114 139
1694444469960 0.031397996849753196 140
1694444469990 0.0322106425400801 141
1694444470021 0.03303915816879077 142
1694444470060 0.03388379803442654 143
1694444470095 0.03474481886737668 144
1694444470129 0.03562247978756783 145
1694444470168 0.036517042258811694 146
1694444470214 0.037428770039604764 147
1694444470279 0.038357929130392154 148
1694444470322 0.03930478771706225 149
1694444470364 0.04026961611067048 150
1694444470401 0.041252686683207695 151
1694444470437 0.04225427379931124 152
1694444470472 0.04327465374385853 153
1694444470508 0.04431410464526053 154
1694444470540 0.045372906394388735 155
1694444470571 0.04645134055902267 156
1694444470608 0.04754969029366174 157
1694444470642 0.048668240244673755 158
1694444470679 0.04980727645058691 159
1694444470714 0.05096708623748447 160
1694444470755 0.05214795810932582 161
1694444470789 0.053350181633197824 162
1694444470833 0.054574047319252306 163
1694444470871 0.0558198464953884 164
1694444470904 0.0570878711764371 165
1694444470941 0.05837841392786891 166
1694444470988 0.05969176772387241 167
1694444471030 0.061028225799733105 168
1694444471070 0.0623880814984723 169
1694444471105 0.06377162811157744 170
1694444471142 0.06517915871387425 171
1694444471188 0.06661096599238947 172
1694444471226 0.06806734206915299 173
1694444471259 0.06954857831795414 174
1694444471292 0.07105496517493903 175
1694444471328 0.07258679194302808 176
1694444471371 0.07414434659014835 177
1694444471424 0.07572791554125646 178
1694444471487 0.07733778346412745 179
1694444471537 0.07897423304889073 180
1694444471590 0.08063754478139373 181
1694444471655 0.08232799671034241 182
1694444471698 0.08404586420827076 183
1694444471730 0.08579141972639703 184
1694444471765 0.08756493254342679 185
1694444471799 0.08936666850834896 186
1694444471834 0.09119688977730689 187
1694444471867 0.09305585454467413 188
1694444471900 0.09494381676841235 189
1694444471933 0.09686102588985424 190
1694444471967 0.09880772654804548 191
1694444471999 0.10078415828880827 192
1694444472035 0.10279055526869996 193
1694444472067 0.10482714595405762 194
1694444472097 0.1068941528153241 195
1694444472132 0.10899179201691789 196
1694444472168 0.111120273102855 197
1694444472197 0.11327979867838167 198
1694444472230 0.11547056408794365 199
1694444472265 0.11769275708975002 200
1694444472298 0.11994655752727301 201
1694444472333 0.12223213699799651 202
1694444472367 0.12454965851984301 203
1694444472403 0.12689927619554142 204
1694444472436 0.12928113487545012 205
1694444472468 0.13169536981918273 206
1694444472499 0.13414210635650214 207
1694444472529 0.13662145954791427 208
1694444472562 0.1391335338455043 209
1694444472596 0.14167842275440168 210
1694444472630 0.1442562084954775 211
1694444472667 0.14686696166980817 212
1694444472698 0.14951074092536365 213
1694444472739 0.1521875926265821 214
1694444472778 0.15489755052738674 215
1694444472811 0.15764063544822504 216
1694444472847 0.16041685495772295 217
1694444472879 0.16322620305966506 218
1694444472911 0.16606865988586417 219
1694444472944 0.16894419139555827 220
1694444472978 0.17185274908207593 221
1694444473009 0.174794269687381 222
1694444473042 0.17776867492518744 223
1694444473079 0.18077587121330863 224
1694444473109 0.18381574941598045 225
1694444473143 0.1868881845967888 226
1694444473180 0.189993035782955 227
1694444473216 0.19313014574160892 228
1694444473255 0.19629934076879751 229
1694444473288 0.19950043049185262 230
1694444473326 0.202733207685868 231
1694444473366 0.2059974481048782 232
1694444473405 0.2092929103284975 233
1694444473454 0.21261933562452118 234
1694444473500 0.2159764478283045 235
1694444473542 0.21936395323935598 236
1694444473588 0.22278154053585586 237
1694444473654 0.22622888070764924 238
1694444473720 0.2297056270082385 239
1694444473764 0.23321141492629882 240
1694444473821 0.23674586217725457 241
1694444473881 0.24030856871532003 242
1694444473924 0.24389911676651543 243
1694444473966 0.24751707088294717 244
1694444473999 0.25116197801881446 245
1694444474044 0.25483336762840303 246
1694444474079 0.2585307517863664 247
1694444474112 0.262253625330508 248
1694444474150 0.2660014660273031 249
1694444474187 0.26977373476026256 250
1694444474224 0.2735698757412117 251
1694444474264 0.2773893167446354 252
1694444474299 0.28123146936496735 253
1694444474332 0.28509572929684146 254
1694444474366 0.28898147663817575 255
1694444474399 0.2928880762159438 256
1694444474429 0.2968148779343699 257
1694444474462 0.3007612171453732 258
1694444474504 0.3047264150408402 259
1694444474546 0.3087097790664032 260
1694444474576 0.3127106033562963 261
1694444474615 0.31672816918875535 262
1694444474654 0.3207617454614903 263
1694444474688 0.3248105891865751 264
1694444474721 0.3288739460041714 265
1694444474753 0.33295105071433007 266
1694444474791 0.33704112782619144 267
1694444474822 0.3411433921237276 268
1694444474856 0.3452570492472583 269
1694444474897 0.3493812962898145 270
1694444474937 0.3535153224074499 271
1694444474972 0.3576583094425192 272
1694444475015 0.361809432558969 273
1694444475059 0.36596786088857347 274
1694444475096 0.3701327581870336 275
1694444475127 0.3743032834989364 276
1694444475160 0.3784785918303596 277
1694444475193 0.38265783482805626 278
1694444475227 0.38684016146401345 279
1694444475263 0.3910247187242438 280
1694444475299 0.39521065230065844 281
1694444475331 0.39939710728472166 282
1694444475367 0.40358322886183184 283
1694444475402 0.4077681630051315 284
1694444475434 0.41195105716757463 285
1694444475468 0.4161310609710841 286
1694444475500 0.42030732689161265 287
1694444475532 0.4244790109389258 288
1694444475567 0.4286452733299495 289
1694444475603 0.4328052791545748 290
1694444475641 0.4369581990328242 291
1694444475674 0.4411032097622237 292
1694444475706 0.44523949495441595 293
1694444475746 0.44936624565991967 294
1694444475784 0.4534826609801189 295
1694444475817 0.4575879486654374 296
1694444475858 0.4616813256988793 297
1694444475896 0.46576201886399937 298
1694444475932 0.4698292652965361 299
1694444475965 0.4738823130188511 300
1694444476004 0.4779204214565087 301
1694444476046 0.4819428619362953 302
1694444476083 0.4859489181650193 303
1694444476121 0.48993788668853155 304
1694444476167 0.49390907733043765 305
1694444476214 0.49786181361001114 306
1694444476258 0.5017954331389128 307
1694444476297 0.5057092879962743 308
1694444476327 0.5096027450819522 309
1694444476363 0.5134751864475702 310
1694444476394 0.5173260096052077 311
1694444476427 0.5211546278135487 312
1694444476464 0.5249604703414398 313
1694444476495 0.5287429827087231 314
1694444476529 0.53250162690442 315
1694444476565 0.5362358815822678 316
1694444476598 0.5399452422337374 317
1694444476629 0.543629221338658 318
1694444476659 0.5472873484936249 319
1694444476688 0.550919170518468 320
1694444476726 0.5545242515410086 321
1694444476760 0.5581021730604565 322
1694444476789 0.5616525339897779 323
1694444476832 0.565174950677418 324
1694444476863 0.5686690569088384 325
1694444476892 0.5721345038882852 326
1694444476941 0.5755709602012841 327
1694444476974 0.5789781117584066 328
1694444477013 0.5823556617207803 329
1694444477049 0.5857033304079773 330
1694444477077 0.5890208551888113 331
1694444477107 0.5923079903556716 332
1694444477142 0.5955645069829876 333
1694444477174 0.5987901927704924 334
1694444477209 0.6019848518718891 335
1694444477246 0.6051483047096056 336
1694444477279 0.608280387776273 337
1694444477320 0.6113809534236362 338
1694444477362 0.6144498696395054 339
1694444477402 0.6174870198135065 340
1694444477441 0.6204923024922113 341
1694444477480 0.6234656311244162 342
1694444477519 0.626406933797161 343
1694444477555 0.6293161529632046 344
1694444477586 0.6321932451605916 345
1694444477625 0.6350381807249806 346
1694444477668 0.6378509434953529 347
1694444477698 0.6406315305137692 348
1694444477734 0.6433799517197649 349
1694444477766 0.6460962296400131 350
1694444477799 0.6487803990738483 351
1694444477837 0.6514325067752235 352
1694444477869 0.6540526111316944 353
1694444477910 0.6566407818409362 354
1694444477948 0.6591970995853873 355
1694444477980 0.6617216557054835 356
1694444478015 0.6642145518720267 357
1694444478048 0.6666758997581348 358
1694444478082 0.6691058207112618 359
1694444478118 0.6715044454257366 360
1694444478163 0.673871913616217 361
1694444478196 0.6762083736925081 362
1694444478233 0.678513982436103 363
1694444478268 0.6807889046788309 364
1694444478300 0.6830333129839679 365
1694444478331 0.6852473873301135 366
1694444478361 0.6874313147982053 367
1694444478390 0.6895852892618908 368
1694444478426 0.6917095110816083 369
1694444478467 0.6938041868025708 370
1694444478510 0.6958695288569431 371
1694444478548 0.6979057552704101 372
1694444478599 0.699913089373339 373
1694444478631 0.7018917595167429 374
1694444478686 0.7038419987932127 375
1694444478736 0.7057640447629558 376
1694444478780 0.7076581391851143 377
1694444478841 0.7095245277544711 378
1694444478886 0.7113634598436471 379
1694444478923 0.713175188250919 380
1694444478970 0.7149599689537052 381
1694444479018 0.71671806086782 382
1694444479056 0.7184497256125422 383
1694444479113 0.7201552272815497 384
1694444479165 0.721834832219751 385
1694444479210 0.7234888088060404 386
1694444479262 0.7251174272420001 387
1694444479311 0.7267209593465406 388
1694444479364 0.7282996783564792 389
1694444479412 0.7298538587330481 390
1694444479457 0.7313837759743059 391
1694444479492 0.7328897064334151 392
1694444479569 0.734371927142764 393
1694444479615 0.7358307156438733 394
1694444479664 0.737266349823053 395
1694444479703 0.7386791077527213 396
1694444479748 0.7400692675383695 397
1694444479794 0.7414371071710603 398
1694444479846 0.7427829043854108 399
1694444479880 0.7441069365229807 400
1694444479910 0.7454094804009765 401
1694444479944 0.7466908121861908 402
1694444479985 0.7479512072740967 403
1694444480034 0.7491909401729862 404
1694444480082 0.7504102843930838 405
1694444480151 0.7516095123405089 406
1694444480222 0.7527888952160242 407
1694444480289 0.7539487029184397 408
1694444480345 0.7550892039525805 409
1694444480394 0.7562106653417267 410
1694444480438 0.757313352544403 411
1694444480485 0.7583975293754267 412
1694444480527 0.759463457931107 413
1694444480569 0.7605113985184826 414
1694444480605 0.7615416095885 415
1694444480653 0.7625543476730263 416
1694444480687 0.7635498673255838 417
1694444480732 0.7645284210657156 418
1694444480773 0.7654902593268595 419
1694444480808 0.7664356304076426 420
1694444480847 0.7673647804264891 421
1694444480892 0.7682779532794287 422
1694444480932 0.7691753906010262 423
1694444480963 0.7700573317283086 424
1694444480997 0.7709240136676119 425
1694444481032 0.7717756710642358 426
1694444481062 0.7726125361748188 427
1694444481095 0.7734348388423373 428
1694444481131 0.7742428064736343 429
1694444481163 0.7750366640193852 430
1694444481195 0.7758166339564234 431
1694444481229 0.7765829362723178 432
1694444481260 0.7773357884521334 433
1694444481293 0.7780754054672805 434
1694444481325 0.778801999766376 435
1694444481359 0.7795157812680378 436
1694444481397 0.7802169573555205 437
1694444481430 0.7809057328731279 438
1694444481461 0.7815823101243313 439
1694444481493 0.7822468888715015 440
1694444481532 0.782899666337202 441
1694444481563 0.7835408372069608 442
1694444481600 0.7841705936334646 443
1694444481630 0.7847891252420947 444
1694444481674 0.785396619137758 445
1694444481709 0.7859932599129372 446
1694444481751 0.7865792296569023 447
1694444481790 0.787154707966031 448
1694444481833 0.7877198719551772 449
1694444481873 0.7882748962700263 450
1694444481906 0.7888199531003979 451
1694444481943 0.7893552121944262 452
1694444481982 0.7898808408735872 453
1694444482015 0.7903970040485093 454
1694444482051 0.7909038642355247 455
1694444482091 0.7914015815739213 456
1694444482129 0.7918903138438442 457
1694444482181 0.7923702164848098 458
1694444482230 0.7928414426147886 459
1694444482272 0.7933041430498181 460
1694444482312 0.7937584663241122 461
1694444482346 0.7942045587106209 462
1694444482392 0.7946425642420161 463
1694444482430 0.795072624732063 464
1694444482461 0.7954948797973453 465
1694444482498 0.7959094668793196 466
1694444482537 0.7963165212666551 467
1694444482570 0.7967161761178473 468
1694444482621 0.7971085624840628 469
1694444482666 0.7974938093321992 470
1694444482705 0.7978720435681282 471
1694444482746 0.798243390060102 472
1694444482783 0.7986079716622989 473
1694444482819 0.7989659092384822 474
1694444482852 0.7993173216857565 475
1694444482885 0.7996623259583978 476
1694444482931 0.8000010370917385 477
1694444482967 0.8003335682260915 478
1694444483001 0.8006600306306908 479
1694444483041 0.8009805337276379 480
1694444483070 0.8012951851158311 481
1694444483104 0.8016040905948715 482
1694444483151 0.8019073541889209 483
1694444483180 0.8022050781705077 484
1694444483214 0.8024973630842609 485
1694444483252 0.8027843077705643 486
1694444483282 0.8030660093891152 487
1694444483316 0.8033425634423845 488
1694444483354 0.8036140637989548 489
1694444483395 0.8038806027167396 490
1694444483427 0.8041422708660698 491
1694444483459 0.8043991573526355 492
1694444483494 0.8046513497402785 493
1694444483527 0.8048989340736291 494
1694444483561 0.8051419949005776 495
1694444483599 0.8053806152945722 496
1694444483641 0.805614876876743 497
1694444483672 0.8058448598378432 498
1694444483706 0.8060706429599971 499
