1694437808618 0.0 0
1694437808861 0.0 1
1694437809087 0.0 2
1694437809351 0.0 3
1694437809645 0.0 4
1694437809936 0.0 5
1694437810208 0.0 6
1694437810465 0.0 7
1694437810736 0.0 8
1694437811018 0.0 9
1694437811319 0.0 10
1694437811577 0.0 11
1694437811889 0.0 12
1694437812134 0.0 13
1694437812392 0.0 14
1694437812676 0.0 15
1694437812914 0.0 16
1694437813179 0.0 17
1694437813435 0.0 18
1694437813735 0.0 19
1694437814093 0.0 20
1694437814355 0.0 21
1694437814612 0.0 22
1694437814860 0.0 23
1694437815122 0.0 24
1694437815421 0.0 25
1694437815688 0.0 26
1694437815956 0.0 27
1694437816221 0.0 28
1694437816474 0.0 29
1694437816734 0.0 30
1694437817000 0.0 31
1694437817264 0.0 32
1694437817527 0.0 33
1694437817777 0.0 34
1694437818084 0.0 35
1694437818356 0.0 36
1694437818602 0.0 37
1694437818848 0.0 38
1694437819106 0.0 39
1694437819348 0.0 40
1694437819582 0.0 41
1694437819832 0.0 42
1694437820092 0.0 43
1694437820342 0.0 44
1694437820605 0.0 45
1694437820862 0.0 46
1694437821130 0.0 47
1694437821509 0.0 48
1694437821769 0.0 49
1694437822047 0.0 50
1694437822309 0.0 51
1694437822569 0.0 52
1694437822813 0.0 53
1694437823048 0.0 54
1694437823305 0.0 55
1694437823566 0.0 56
1694437823819 0.0 57
1694437824080 0.0 58
1694437824334 0.0 59
1694437824582 0.0 60
1694437824822 0.0 61
1694437825085 0.0 62
1694437825355 0.0 63
1694437825606 0.0 64
1694437825847 0.0 65
1694437826076 0.0 66
1694437826330 0.0 67
1694437826563 0.0 68
1694437826796 0.0 69
1694437827046 0.0 70
1694437827292 0.0 71
1694437827558 0.0 72
1694437827799 0.0 73
1694437828102 0.0 74
1694437828367 0.0 75
1694437828645 0.0 76
1694437828909 0.0 77
1694437829180 0.0 78
1694437829445 0.0 79
1694437829697 0.0 80
1694437829946 0.0 81
1694437830192 0.0 82
1694437830436 0.0 83
1694437830690 0.0 84
1694437830933 0.0 85
1694437831186 0.0 86
1694437831443 0.0 87
1694437831703 0.0 88
1694437831954 0.0 89
1694437832203 0.0 90
1694437832469 0.0 91
1694437832715 0.0 92
1694437832967 0.0 93
1694437833207 0.0 94
1694437833467 0.0 95
1694437833704 0.0 96
1694437833944 0.0 97
1694437834207 0.0 98
1694437834463 0.0 99
1694437834710 0.0 100
1694437834976 0.0 101
1694437835218 0.0 102
1694437835466 0.0 103
1694437835718 0.0 104
1694437835946 0.0 105
1694437836236 0.0 106
1694437836507 0.0 107
1694437836763 0.0 108
1694437837012 0.0 109
1694437837261 0.0 110
1694437837504 0.0 111
1694437837741 0.0 112
1694437837998 0.0 113
1694437838261 0.0 114
1694437838501 0.0 115
1694437838742 0.0 116
1694437838987 0.0 117
1694437839234 0.0 118
1694437839472 0.0 119
1694437839728 0.0 120
1694437839992 0.0 121
1694437840250 0.0 122
1694437840517 0.0 123
1694437840786 0.0 124
1694437841054 0.0 125
1694437841290 0.0 126
1694437841545 0.0 127
1694437841791 0.0 128
1694437842042 0.0 129
1694437842292 0.0 130
1694437842550 0.0 131
1694437842801 0.0 132
1694437843055 0.0 133
1694437843289 0.0 134
1694437843564 0.0 135
1694437843825 0.0 136
1694437844085 0.0 137
1694437844339 0.0 138
1694437844591 0.0 139
1694437844865 0.0 140
1694437845116 0.0 141
1694437845370 0.0 142
1694437845622 0.0 143
1694437845874 0.0 144
1694437846134 0.0 145
1694437846368 0.0 146
1694437846602 0.0 147
1694437846864 0.0 148
1694437847119 0.0 149
1694437847376 0.0 150
1694437847633 0.0 151
1694437847881 0.0 152
1694437848140 0.0 153
1694437848405 0.0 154
1694437848666 0.0 155
1694437848933 0.0 156
1694437849216 0.0 157
1694437849485 0.0 158
1694437849755 0.0 159
1694437849973 0.0 160
1694437850219 0.0 161
1694437850486 0.0 162
1694437850744 0.0 163
1694437851014 0.0 164
1694437851267 0.0 165
1694437851549 0.0 166
1694437851801 0.0 167
1694437852061 0.0 168
1694437852331 0.0 169
1694437852570 0.0 170
1694437852810 0.0 171
1694437853060 0.0 172
1694437853305 0.0 173
1694437853542 0.0 174
1694437853780 0.0 175
1694437854027 0.0 176
1694437854285 0.0 177
1694437854522 0.0 178
1694437854764 0.0 179
1694437855013 0.0 180
1694437855257 0.0 181
1694437855500 0.0 182
1694437855745 0.0 183
1694437855982 0.0 184
1694437856240 0.0 185
1694437856508 0.0 186
1694437856742 0.0 187
1694437856951 0.0 188
1694437857185 0.0 189
1694437857443 0.0 190
1694437857707 0.0 191
1694437857941 0.0 192
1694437858213 0.0 193
1694437858505 0.0 194
1694437858748 0.0 195
1694437858993 0.0 196
1694437859221 0.0 197
1694437859459 0.0 198
1694437859690 0.0 199
1694437859925 0.0 200
1694437860200 0.0 201
1694437860471 0.0 202
1694437860723 0.0 203
1694437860974 0.0 204
1694437861233 0.0 205
1694437861486 0.0 206
1694437861730 0.0 207
1694437861974 0.0 208
1694437862241 0.0 209
1694437862470 0.0 210
1694437862726 0.0 211
1694437862960 0.0 212
1694437863221 0.0 213
1694437863479 0.0 214
1694437863710 0.0 215
1694437863949 0.0 216
1694437864201 0.0 217
1694437864461 0.0 218
1694437864702 0.0 219
1694437864953 0.0 220
1694437865211 0.0 221
1694437865468 0.0 222
1694437865712 0.0 223
1694437865975 0.0 224
1694437866236 0.0 225
1694437866490 0.0 226
1694437866732 0.0 227
1694437866985 0.0 228
1694437867224 0.0 229
1694437867473 0.0 230
1694437867700 0.0 231
1694437867921 0.0 232
1694437868151 0.0 233
1694437868408 0.0 234
1694437868710 0.0 235
1694437868958 0.0 236
1694437869193 0.0 237
1694437869433 0.0 238
1694437869697 0.0 239
1694437869944 0.0 240
1694437870201 0.0 241
1694437870461 0.0 242
1694437870700 0.0 243
1694437870937 0.0 244
1694437871184 0.0 245
1694437871416 0.0 246
1694437871761 0.0 247
1694437872027 0.0 248
1694437872291 0.0 249
1694437872557 0.0 250
1694437872824 0.0 251
1694437873082 0.0 252
1694437873348 0.0 253
1694437873628 0.0 254
1694437873867 0.0 255
1694437874110 0.0 256
1694437874359 0.0 257
1694437874610 0.0 258
1694437874860 0.0 259
1694437875111 0.0 260
1694437875352 0.0 261
1694437875580 0.0 262
1694437875840 0.0 263
1694437876086 0.0 264
1694437876346 0.0 265
1694437876625 0.0 266
1694437876862 0.0 267
1694437877142 0.0 268
1694437877405 0.0 269
1694437877689 0.0 270
1694437877938 0.0 271
1694437878173 0.0 272
1694437878453 0.0 273
1694437878767 0.0 274
1694437879035 0.0 275
1694437879339 0.0 276
1694437879587 0.0 277
1694437879851 0.0 278
1694437880113 0.0 279
1694437880351 0.0 280
1694437880575 0.0 281
1694437880856 0.0 282
1694437881118 0.0 283
1694437881357 0.0 284
1694437881631 0.0 285
1694437881875 0.0 286
1694437882117 0.0 287
1694437882356 0.0 288
1694437882587 0.0 289
1694437882819 0.0 290
1694437883059 0.0 291
1694437883303 0.0 292
1694437883557 0.0 293
1694437883825 0.0 294
1694437884057 0.0 295
1694437884313 0.0 296
1694437884554 0.0 297
1694437884794 0.0 298
1694437885024 0.0 299
1694437885266 0.0 300
1694437885508 0.0 301
1694437885768 0.0 302
1694437886008 0.0 303
1694437886266 0.0 304
1694437886509 0.0 305
1694437886737 0.0 306
1694437886987 0.0 307
1694437887242 0.0 308
1694437887468 0.0 309
1694437887727 0.0 310
1694437887981 0.0 311
1694437888246 0.0 312
1694437888499 0.0 313
1694437888776 0.0 314
1694437889016 0.0 315
1694437889293 0.0 316
1694437889576 0.0 317
1694437889844 0.0 318
1694437890081 0.0 319
1694437890316 0.0 320
1694437890572 0.0 321
1694437890847 0.0 322
1694437891087 0.0 323
1694437891336 0.0 324
1694437891588 0.0 325
1694437891838 0.0 326
1694437892083 0.0 327
1694437892327 0.0 328
1694437892590 0.0 329
1694437892837 0.0 330
1694437893076 0.0 331
1694437893300 0.0 332
1694437893559 0.0 333
1694437893803 0.0 334
1694437894039 0.0 335
1694437894285 0.0 336
1694437894538 0.0 337
1694437894763 0.0 338
1694437895002 0.0 339
1694437895242 0.0 340
1694437895491 0.0 341
1694437895742 0.0 342
1694437895994 0.0 343
1694437896248 0.0 344
1694437896495 0.0 345
1694437896756 0.0 346
1694437896987 0.0 347
1694437897220 0.0 348
1694437897460 0.0 349
1694437897686 0.0 350
1694437897928 0.0 351
1694437898180 0.0 352
1694437898427 0.0 353
1694437898670 0.0 354
1694437898939 0.0 355
1694437899166 0.0 356
1694437899412 0.0 357
1694437899635 0.0 358
1694437899856 0.0 359
1694437900103 0.0 360
1694437900335 0.0 361
1694437900566 0.0 362
1694437900790 0.0 363
1694437901081 0.0 364
1694437901318 0.0 365
1694437901562 0.0 366
1694437901779 0.0 367
1694437902005 0.0 368
1694437902225 0.0 369
1694437902461 0.0 370
1694437902720 0.0 371
1694437902981 0.0 372
1694437903249 0.0 373
1694437903523 0.0 374
1694437903794 0.0 375
1694437904066 0.0 376
1694437904322 0.0 377
1694437904589 0.0 378
1694437904844 0.0 379
1694437905092 0.0 380
1694437905332 0.0 381
1694437905613 0.0 382
1694437905854 0.0 383
1694437906091 0.0 384
1694437906315 0.0 385
1694437906553 0.0 386
1694437906775 0.0 387
1694437907000 0.0 388
1694437907226 0.0 389
1694437907455 0.0 390
1694437907677 0.0 391
1694437907902 0.0 392
1694437908136 0.0 393
1694437908379 0.0 394
1694437908613 0.0 395
1694437908879 0.0 396
1694437909149 0.0 397
1694437909389 0.0 398
1694437909622 0.0 399
1694437909870 0.0 400
1694437910118 0.0 401
1694437910369 0.0 402
1694437910626 0.0 403
1694437910886 0.0 404
1694437911136 0.0 405
1694437911388 0.0 406
1694437911652 0.0 407
1694437911914 0.0 408
1694437912184 0.0 409
1694437912423 0.0 410
1694437912680 0.0 411
1694437912928 0.0 412
1694437913178 0.0 413
1694437913434 0.0 414
1694437913690 0.0 415
1694437913927 0.0 416
1694437914195 0.0 417
1694437914468 0.0 418
1694437914704 0.0 419
1694437914921 0.0 420
1694437915167 0.0 421
1694437915414 0.0 422
1694437915662 0.0 423
1694437915896 0.0 424
1694437916128 0.0 425
1694437916374 0.0 426
1694437916609 0.0 427
1694437916856 0.0 428
1694437917093 0.0 429
1694437917357 0.0 430
1694437917599 0.0 431
1694437917840 0.0 432
1694437918103 0.0 433
1694437918365 0.0 434
1694437918628 0.0 435
1694437918868 0.0 436
1694437919151 0.0 437
1694437919389 0.0 438
1694437919651 0.0 439
1694437919873 0.0 440
1694437920120 0.0 441
1694437920355 0.0 442
1694437920585 0.0 443
1694437920831 0.0 444
1694437921075 0.0 445
1694437921308 0.0 446
1694437921551 0.0 447
1694437921793 0.0 448
1694437922043 0.0 449
1694437922284 0.0 450
1694437922534 0.0 451
1694437922777 0.0 452
1694437923031 0.0 453
1694437923291 0.0 454
1694437923537 0.0 455
1694437923786 0.0 456
1694437924021 0.0 457
1694437924269 0.0 458
1694437924535 0.0 459
1694437924796 0.0 460
1694437925040 0.0 461
1694437925294 0.0 462
1694437925538 0.0 463
1694437925774 0.0 464
1694437926010 0.0 465
1694437926250 0.0 466
1694437926501 0.0 467
1694437926765 0.0 468
1694437927022 0.0 469
1694437927284 0.0 470
1694437927538 0.0 471
1694437927785 0.0 472
1694437928028 0.0 473
1694437928276 0.0 474
1694437928544 0.0 475
1694437928810 0.0 476
1694437929127 0.0 477
1694437929375 0.0 478
1694437929627 0.0 479
1694437929872 0.0 480
1694437930128 0.0 481
1694437930373 0.0 482
1694437930631 0.0 483
1694437930886 0.0 484
1694437931142 0.0 485
1694437931389 0.0 486
1694437931651 0.0 487
1694437931883 0.0 488
1694437932161 0.0 489
1694437932439 0.0 490
1694437932705 0.0 491
1694437932971 0.0 492
1694437933203 0.0 493
1694437933479 0.0 494
1694437933744 0.0 495
1694437933996 0.0 496
1694437934227 0.0 497
1694437934503 0.0 498
1694437934761 0.0 499
