1694437935066 0.0 0
1694437935303 0.0 1
1694437935594 0.0 2
1694437935851 0.0 3
1694437936116 0.0 4
1694437936377 0.0 5
1694437936642 0.0 6
1694437936880 0.0 7
1694437937147 0.0 8
1694437937402 0.0 9
1694437937637 0.0 10
1694437937880 0.0 11
1694437938111 0.0 12
1694437938345 0.0 13
1694437938586 0.0 14
1694437938829 0.0 15
1694437939061 0.0 16
1694437939331 0.0 17
1694437939590 0.0 18
1694437939859 0.0 19
1694437940118 0.0 20
1694437940373 0.0 21
1694437940639 0.0 22
1694437940892 0.0 23
1694437941124 0.0 24
1694437941384 0.0 25
1694437941655 0.0 26
1694437941911 0.0 27
1694437942178 0.0 28
1694437942472 0.0 29
1694437942766 0.0 30
1694437943034 0.0 31
1694437943299 0.0 32
1694437943577 0.0 33
1694437943853 0.0 34
1694437944160 0.0 35
1694437944441 0.0 36
1694437944735 0.0 37
1694437945006 0.0 38
1694437945304 0.0 39
1694437945565 0.0 40
1694437945835 0.0 41
1694437946093 0.0 42
1694437946340 0.0 43
1694437946584 0.0 44
1694437946867 0.0 45
1694437947122 0.0 46
1694437947381 0.0 47
1694437947652 0.0 48
1694437947892 0.0 49
1694437948137 0.0 50
1694437948400 0.0 51
1694437948653 0.0 52
1694437949010 0.0 53
1694437949292 0.0 54
1694437949562 0.0 55
1694437949811 0.0 56
1694437950048 0.0 57
1694437950296 0.0 58
1694437950558 0.0 59
1694437950792 0.0 60
1694437951051 0.0 61
1694437951289 0.0 62
1694437951543 0.0 63
1694437951793 0.0 64
1694437952060 0.0 65
1694437952323 0.0 66
1694437952567 0.0 67
1694437952809 0.0 68
1694437953074 0.0 69
1694437953327 0.0 70
1694437953594 0.0 71
1694437953858 0.0 72
1694437954112 0.0 73
1694437954361 0.0 74
1694437954609 0.0 75
1694437954870 0.0 76
1694437955114 0.0 77
1694437955363 0.0 78
1694437955594 0.0 79
1694437955843 0.0 80
1694437956105 0.0 81
1694437956335 0.0 82
1694437956574 0.0 83
1694437956825 0.0 84
1694437957082 0.0 85
1694437957338 0.0 86
1694437957590 0.0 87
1694437957846 0.0 88
1694437958096 0.0 89
1694437958343 0.0 90
1694437958594 0.0 91
1694437958841 0.0 92
1694437959094 0.0 93
1694437959381 0.0 94
1694437959627 0.0 95
1694437959876 0.0 96
1694437960147 0.0 97
1694437960400 0.0 98
1694437960638 0.0 99
1694437960879 0.0 100
1694437961108 0.0 101
1694437961377 0.0 102
1694437961608 0.0 103
1694437961840 0.0 104
1694437962093 0.0 105
1694437962342 0.0 106
1694437962588 0.0 107
1694437962824 0.0 108
1694437963075 0.0 109
1694437963330 0.0 110
1694437963595 0.0 111
1694437963845 0.0 112
1694437964096 0.0 113
1694437964360 0.0 114
1694437964606 0.0 115
1694437964864 0.0 116
1694437965105 0.0 117
1694437965333 0.0 118
1694437965595 0.0 119
1694437965859 0.0 120
1694437966097 0.0 121
1694437966339 0.0 122
1694437966615 0.0 123
1694437966884 0.0 124
1694437967145 0.0 125
1694437967392 0.0 126
1694437967644 0.0 127
1694437967898 0.0 128
1694437968147 0.0 129
1694437968382 0.0 130
1694437968652 0.0 131
1694437968888 0.0 132
1694437969151 0.0 133
1694437969399 0.0 134
1694437969667 0.0 135
1694437969898 0.0 136
1694437970130 0.0 137
1694437970381 0.0 138
1694437970610 0.0 139
1694437970852 0.0 140
1694437971095 0.0 141
1694437971331 0.0 142
1694437971578 0.0 143
1694437971811 0.0 144
1694437972065 0.0 145
1694437972328 0.0 146
1694437972565 0.0 147
1694437972823 0.0 148
1694437973075 0.0 149
1694437973341 0.0 150
1694437973621 0.0 151
1694437973882 0.0 152
1694437974148 0.0 153
1694437974388 0.0 154
1694437974633 0.0 155
1694437974871 0.0 156
1694437975105 0.0 157
1694437975339 0.0 158
1694437975575 0.0 159
1694437975829 0.0 160
1694437976095 0.0 161
1694437976329 0.0 162
1694437976546 0.0 163
1694437976782 0.0 164
1694437977038 0.0 165
1694437977281 0.0 166
1694437977521 0.0 167
1694437977763 0.0 168
1694437978021 0.0 169
1694437978260 0.0 170
1694437978517 0.0 171
1694437978780 0.0 172
1694437979029 0.0 173
1694437979277 0.0 174
1694437979555 0.0 175
1694437979815 0.0 176
1694437980076 0.0 177
1694437980328 0.0 178
1694437980580 0.0 179
1694437980836 0.0 180
1694437981083 0.0 181
1694437981339 0.0 182
1694437981581 0.0 183
1694437981813 0.0 184
1694437982054 0.0 185
1694437982317 0.0 186
1694437982544 0.0 187
1694437982804 0.0 188
1694437983071 0.0 189
1694437983329 0.0 190
1694437983594 0.0 191
1694437983846 0.0 192
1694437984096 0.0 193
1694437984341 0.0 194
1694437984601 0.0 195
1694437984856 0.0 196
1694437985114 0.0 197
1694437985381 0.0 198
1694437985621 0.0 199
1694437985879 0.0 200
1694437986132 0.0 201
1694437986377 0.0 202
1694437986640 0.0 203
1694437986886 0.0 204
1694437987138 0.0 205
1694437987362 0.0 206
1694437987598 0.0 207
1694437987837 0.0 208
1694437988092 0.0 209
1694437988368 0.0 210
1694437988630 0.0 211
1694437988877 0.0 212
1694437989142 0.0 213
1694437989414 0.0 214
1694437989731 0.0 215
1694437989974 0.0 216
1694437990210 0.0 217
1694437990479 0.0 218
1694437990738 0.0 219
1694437990988 0.0 220
1694437991242 0.0 221
1694437991479 0.0 222
1694437991735 0.0 223
1694437991990 0.0 224
1694437992255 0.0 225
1694437992520 0.0 226
1694437992756 0.0 227
1694437993004 0.0 228
1694437993247 0.0 229
1694437993489 0.0 230
1694437993752 0.0 231
1694437994013 0.0 232
1694437994265 0.0 233
1694437994515 0.0 234
1694437994761 0.0 235
1694437994991 0.0 236
1694437995228 0.0 237
1694437995483 0.0 238
1694437995730 0.0 239
1694437995946 0.0 240
1694437996190 0.0 241
1694437996436 0.0 242
1694437996698 0.0 243
1694437996947 0.0 244
1694437997204 0.0 245
1694437997454 0.0 246
1694437997690 0.0 247
1694437997932 0.0 248
1694437998178 0.0 249
1694437998434 0.0 250
1694437998687 0.0 251
1694437998919 0.0 252
1694437999164 0.0 253
1694437999420 0.0 254
1694437999679 0.0 255
1694437999946 0.0 256
1694438000191 0.0 257
1694438000446 0.0 258
1694438000718 0.0 259
1694438000976 0.0 260
1694438001231 0.0 261
1694438001485 0.0 262
1694438001742 0.0 263
1694438001995 0.0 264
1694438002242 0.0 265
1694438002492 0.0 266
1694438002757 0.0 267
1694438003024 0.0 268
1694438003294 0.0 269
1694438003564 0.0 270
1694438003814 0.0 271
1694438004067 0.0 272
1694438004310 0.0 273
1694438004545 0.0 274
1694438004789 0.0 275
1694438005043 0.0 276
1694438005289 0.0 277
1694438005544 0.0 278
1694438005781 0.0 279
1694438006016 0.0 280
1694438006247 0.0 281
1694438006481 0.0 282
1694438006713 0.0 283
1694438006981 0.0 284
1694438007209 0.0 285
1694438007454 0.0 286
1694438007711 0.0 287
1694438007976 0.0 288
1694438008228 0.0 289
1694438008505 0.0 290
1694438008811 0.0 291
1694438009053 0.0 292
1694438009323 0.0 293
1694438009559 0.0 294
1694438009823 0.0 295
1694438010111 0.0 296
1694438010363 0.0 297
1694438010596 0.0 298
1694438010869 0.0 299
1694438011117 0.0 300
1694438011368 0.0 301
1694438011629 0.0 302
1694438011891 0.0 303
1694438012152 0.0 304
1694438012397 0.0 305
1694438012695 0.0 306
1694438012955 0.0 307
1694438013232 0.0 308
1694438013480 0.0 309
1694438013745 0.0 310
1694438014013 0.0 311
1694438014287 0.0 312
1694438014539 0.0 313
1694438014809 0.0 314
1694438015065 0.0 315
1694438015310 0.0 316
1694438015566 0.0 317
1694438015814 0.0 318
1694438016053 0.0 319
1694438016324 0.0 320
1694438016572 0.0 321
1694438016817 0.0 322
1694438017062 0.0 323
1694438017296 0.0 324
1694438017534 0.0 325
1694438017787 0.0 326
1694438018052 0.0 327
1694438018309 0.0 328
1694438018560 0.0 329
1694438018789 0.0 330
1694438019035 0.0 331
1694438019292 0.0 332
1694438019542 0.0 333
1694438019780 0.0 334
1694438020054 0.0 335
1694438020293 0.0 336
1694438020528 0.0 337
1694438020767 0.0 338
1694438021001 0.0 339
1694438021256 0.0 340
1694438021517 0.0 341
1694438021743 0.0 342
1694438021981 0.0 343
1694438022314 0.0 344
1694438022565 0.0 345
1694438022818 0.0 346
1694438023060 0.0 347
1694438023302 0.0 348
1694438023603 0.0 349
1694438023842 0.0 350
1694438024105 0.0 351
1694438024372 0.0 352
1694438024623 0.0 353
1694438024850 0.0 354
1694438025111 0.0 355
1694438025348 0.0 356
1694438025593 0.0 357
1694438025824 0.0 358
1694438026055 0.0 359
1694438026279 0.0 360
1694438026520 0.0 361
1694438026751 0.0 362
1694438026973 0.0 363
1694438027219 0.0 364
1694438027447 0.0 365
1694438027683 0.0 366
1694438027919 0.0 367
1694438028153 0.0 368
1694438028410 0.0 369
1694438028635 0.0 370
1694438028899 0.0 371
1694438029159 0.0 372
1694438029426 0.0 373
1694438029691 0.0 374
1694438029930 0.0 375
1694438030208 0.0 376
1694438030465 0.0 377
1694438030721 0.0 378
1694438030993 0.0 379
1694438031240 0.0 380
1694438031489 0.0 381
1694438031738 0.0 382
1694438032005 0.0 383
1694438032255 0.0 384
1694438032519 0.0 385
1694438032758 0.0 386
1694438033006 0.0 387
1694438033274 0.0 388
1694438033543 0.0 389
1694438033807 0.0 390
1694438034075 0.0 391
1694438034335 0.0 392
1694438034572 0.0 393
1694438034816 0.0 394
1694438035045 0.0 395
1694438035284 0.0 396
1694438035533 0.0 397
1694438035770 0.0 398
1694438036001 0.0 399
1694438036226 0.0 400
1694438036478 0.0 401
1694438036728 0.0 402
1694438036961 0.0 403
1694438037211 0.0 404
1694438037440 0.0 405
1694438037702 0.0 406
1694438037927 0.0 407
1694438038200 0.0 408
1694438038481 0.0 409
1694438038760 0.0 410
1694438039037 0.0 411
1694438039274 0.0 412
1694438039525 0.0 413
1694438039763 0.0 414
1694438040036 0.0 415
1694438040285 0.0 416
1694438040553 0.0 417
1694438040826 0.0 418
1694438041092 0.0 419
1694438041357 0.0 420
1694438041619 0.0 421
1694438041855 0.0 422
1694438042116 0.0 423
1694438042394 0.0 424
1694438042659 0.0 425
1694438042911 0.0 426
1694438043143 0.0 427
1694438043405 0.0 428
1694438043678 0.0 429
1694438043905 0.0 430
1694438044136 0.0 431
1694438044390 0.0 432
1694438044613 0.0 433
1694438044858 0.0 434
1694438045112 0.0 435
1694438045378 0.0 436
1694438045622 0.0 437
1694438045869 0.0 438
1694438046099 0.0 439
1694438046345 0.0 440
1694438046597 0.0 441
1694438046839 0.0 442
1694438047081 0.0 443
1694438047344 0.0 444
1694438047591 0.0 445
1694438047824 0.0 446
1694438048070 0.0 447
1694438048323 0.0 448
1694438048571 0.0 449
1694438048807 0.0 450
1694438049038 0.0 451
1694438049276 0.0 452
1694438049536 0.0 453
1694438049790 0.0 454
1694438050045 0.0 455
1694438050348 0.0 456
1694438050595 0.0 457
1694438050846 0.0 458
1694438051101 0.0 459
1694438051355 0.0 460
1694438051591 0.0 461
1694438051829 0.0 462
1694438052086 0.0 463
1694438052315 0.0 464
1694438052611 0.0 465
1694438052864 0.0 466
1694438053116 0.0 467
1694438053381 0.0 468
1694438053626 0.0 469
1694438053887 0.0 470
1694438054115 0.0 471
1694438054373 0.0 472
1694438054600 0.0 473
1694438054832 0.0 474
1694438055095 0.0 475
1694438055357 0.0 476
1694438055610 0.0 477
1694438055872 0.0 478
1694438056128 0.0 479
1694438056382 0.0 480
1694438056638 0.0 481
1694438056879 0.0 482
1694438057128 0.0 483
1694438057374 0.0 484
1694438057634 0.0 485
1694438057893 0.0 486
1694438058156 0.0 487
1694438058414 0.0 488
1694438058686 0.0 489
1694438058928 0.0 490
1694438059189 0.0 491
1694438059452 0.0 492
1694438059719 0.0 493
1694438059985 0.0 494
1694438060239 0.0 495
1694438060505 0.0 496
1694438060768 0.0 497
1694438061044 0.0 498
1694438061311 0.0 499
