1694440626034 0.0 0
1694440626410 0.0 1
1694440626739 0.0 2
1694440627086 0.0 3
1694440627490 0.0 4
1694440627815 0.0 5
1694440628125 0.0 6
1694440628455 0.0 7
1694440628738 0.0 8
1694440629057 0.0 9
1694440629388 0.0 10
1694440629689 0.0 11
1694440629982 0.0 12
1694440630266 0.0 13
1694440630579 0.0 14
1694440630908 0.0 15
1694440631184 0.0 16
1694440631477 0.0 17
1694440631786 0.0 18
1694440632096 0.0 19
1694440632426 0.0 20
1694440632746 0.0 21
1694440633057 0.0 22
1694440633393 0.0 23
1694440633694 0.0 24
1694440634016 0.0 25
1694440634346 0.0 26
1694440634679 0.0 27
1694440634991 0.0 28
1694440635314 0.0 29
1694440635637 0.0 30
1694440635959 0.0 31
1694440636286 0.0 32
1694440636618 0.0 33
1694440636938 0.0 34
1694440637234 0.0 35
1694440637580 0.0 36
1694440637840 0.0 37
1694440638124 0.0 38
1694440638439 0.0 39
1694440638754 0.0 40
1694440639025 0.0 41
1694440639340 0.0 42
1694440639672 0.0 43
1694440640001 0.0 44
1694440640283 0.0 45
1694440640571 0.0 46
1694440640882 0.0 47
1694440641204 0.0 48
1694440641493 0.0 49
1694440641850 0.0 50
1694440642153 0.0 51
1694440642466 0.0 52
1694440642787 0.0 53
1694440643097 0.0 54
1694440643405 0.0 55
1694440643716 0.0 56
1694440644047 0.0 57
1694440644393 0.0 58
1694440644715 0.0 59
1694440645062 0.0 60
1694440645341 0.0 61
1694440645686 0.0 62
1694440646006 0.0 63
1694440646334 0.0 64
1694440646663 0.0 65
1694440646991 0.0 66
1694440647296 0.0 67
1694440647663 0.0 68
1694440647999 0.0 69
1694440648277 0.0 70
1694440648569 0.0 71
1694440648869 0.0 72
1694440649151 0.0 73
1694440649417 0.0 74
1694440649706 0.0 75
1694440650026 0.0 76
1694440650300 0.0 77
1694440650615 0.0 78
1694440650934 0.0 79
1694440651236 0.0 80
1694440651525 0.0 81
1694440651834 0.0 82
1694440652155 0.0 83
1694440652483 0.0 84
1694440652771 0.0 85
1694440653066 0.0 86
1694440653369 0.0 87
1694440653741 0.0 88
1694440654099 0.0 89
1694440654434 0.0 90
1694440654744 0.0 91
1694440655015 0.0 92
1694440655355 0.0 93
1694440655683 0.0 94
1694440655990 0.0 95
1694440656334 0.0 96
1694440656656 0.0 97
1694440656948 0.0 98
1694440657291 0.0 99
1694440657611 0.0 100
1694440657886 0.0 101
1694440658214 0.0 102
1694440658534 0.0 103
1694440658855 0.0 104
1694440659143 0.0 105
1694440659442 0.0 106
1694440659782 0.0 107
1694440660097 0.0 108
1694440660435 0.0 109
1694440660771 0.0 110
1694440661069 0.0 111
1694440661390 0.0 112
1694440661708 0.0 113
1694440662010 0.0 114
1694440662314 0.0 115
1694440662623 0.0 116
1694440662904 0.0 117
1694440663197 0.0 118
1694440663492 0.0 119
1694440663801 0.0 120
1694440664121 0.0 121
1694440664446 0.0 122
1694440664711 0.0 123
1694440664982 0.0 124
1694440665278 0.0 125
1694440665595 0.0 126
1694440665890 0.0 127
1694440666168 0.0 128
1694440666478 0.0 129
1694440666798 0.0 130
1694440667126 0.0 131
1694440667443 0.0 132
1694440667758 0.0 133
1694440668063 0.0 134
1694440668361 0.0 135
1694440668685 0.0 136
1694440668996 0.0 137
1694440669285 0.0 138
1694440669616 0.0 139
1694440669917 0.0 140
1694440670219 0.0 141
1694440670516 0.0 142
1694440670836 0.0 143
1694440671132 0.0 144
1694440671405 0.0 145
1694440671716 0.0 146
1694440672008 0.0 147
1694440672321 0.0 148
1694440672636 0.0 149
1694440672957 0.0 150
1694440673267 0.0 151
1694440673613 0.0 152
1694440673929 0.0 153
1694440674248 0.0 154
1694440674581 0.0 155
1694440674914 0.0 156
1694440675223 0.0 157
1694440675510 0.0 158
1694440675836 0.0 159
1694440676153 0.0 160
1694440676483 0.0 161
1694440676779 0.0 162
1694440677109 0.0 163
1694440677431 0.0 164
1694440677762 0.0 165
1694440678086 0.0 166
1694440678405 0.0 167
1694440678723 0.0 168
1694440679039 0.0 169
1694440679350 0.0 170
1694440679640 0.0 171
1694440679960 0.0 172
1694440680277 0.0 173
1694440680574 0.0 174
1694440680856 0.0 175
1694440681174 0.0 176
1694440681493 0.0 177
1694440681808 0.0 178
1694440682101 0.0 179
1694440682429 0.0 180
1694440682699 0.0 181
1694440683034 0.0 182
1694440683320 0.0 183
1694440683658 0.0 184
1694440683995 0.0 185
1694440684298 0.0 186
1694440684598 0.0 187
1694440684913 0.0 188
1694440685214 0.0 189
1694440685542 0.0 190
1694440685877 0.0 191
1694440686197 0.0 192
1694440686505 0.0 193
1694440686802 0.0 194
1694440687085 0.0 195
1694440687397 0.0 196
1694440687706 0.0 197
1694440688029 0.0 198
1694440688324 0.0 199
1694440688667 0.0 200
1694440688982 0.0 201
1694440689300 0.0 202
1694440689603 0.0 203
1694440689925 0.0 204
1694440690234 0.0 205
1694440690551 0.0 206
1694440690875 0.0 207
1694440691190 0.0 208
1694440691538 0.0 209
1694440691870 0.0 210
1694440692191 0.0 211
1694440692509 0.0 212
1694440692807 0.0 213
1694440693124 0.0 214
1694440693462 0.0 215
1694440693777 0.0 216
1694440694095 0.0 217
1694440694419 0.0 218
1694440694695 0.0 219
1694440695003 0.0 220
1694440695326 0.0 221
1694440695647 0.0 222
1694440695954 0.0 223
1694440696267 0.0 224
1694440696570 0.0 225
1694440696842 0.0 226
1694440697148 0.0 227
1694440697474 0.0 228
1694440697795 0.0 229
1694440698114 0.0 230
1694440698434 0.0 231
1694440698751 0.0 232
1694440699064 0.0 233
1694440699363 0.0 234
1694440699678 0.0 235
1694440699995 0.0 236
1694440700315 0.0 237
1694440700635 0.0 238
1694440700917 0.0 239
1694440701210 0.0 240
1694440701510 0.0 241
1694440701821 0.0 242
1694440702148 0.0 243
1694440702433 0.0 244
1694440702744 0.0 245
1694440703053 0.0 246
1694440703371 0.0 247
1694440703677 0.0 248
1694440704000 0.0 249
1694440704329 0.0 250
1694440704649 0.0 251
1694440704946 0.0 252
1694440705268 0.0 253
1694440705573 0.0 254
1694440705850 0.0 255
1694440706142 0.0 256
1694440706460 0.0 257
1694440706766 0.0 258
1694440707071 0.0 259
1694440707386 0.0 260
1694440707699 0.0 261
1694440708018 0.0 262
1694440708343 0.0 263
1694440708670 0.0 264
1694440708940 0.0 265
1694440709250 0.0 266
1694440709587 0.0 267
1694440709912 0.0 268
1694440710229 0.0 269
1694440710540 0.0 270
1694440710829 0.0 271
1694440711128 0.0 272
1694440711420 0.0 273
1694440711740 0.0 274
1694440712060 0.0 275
1694440712396 0.0 276
1694440712723 0.0 277
1694440713020 0.0 278
1694440713361 0.0 279
1694440713675 0.0 280
1694440713963 0.0 281
1694440714287 0.0 282
1694440714616 0.0 283
1694440714951 0.0 284
1694440715242 0.0 285
1694440715539 0.0 286
1694440715881 0.0 287
1694440716229 0.0 288
1694440716578 0.0 289
1694440716881 0.0 290
1694440717176 0.0 291
1694440717490 0.0 292
1694440717806 0.0 293
1694440718129 0.0 294
1694440718441 0.0 295
1694440718739 0.0 296
1694440719038 0.0 297
1694440719372 0.0 298
1694440719690 0.0 299
1694440720022 0.0 300
1694440720347 0.0 301
1694440720682 0.0 302
1694440720975 0.0 303
1694440721281 0.0 304
1694440721580 0.0 305
1694440721882 0.0 306
1694440722190 0.0 307
1694440722505 0.0 308
1694440722826 0.0 309
1694440723129 0.0 310
1694440723433 0.0 311
1694440723790 0.0 312
1694440724115 0.0 313
1694440724414 0.0 314
1694440724708 0.0 315
1694440725007 0.0 316
1694440725284 0.0 317
1694440725602 0.0 318
1694440725875 0.0 319
1694440726191 0.0 320
1694440726504 0.0 321
1694440726795 0.0 322
1694440727083 0.0 323
1694440727412 0.0 324
1694440727734 0.0 325
1694440728038 0.0 326
1694440728334 0.0 327
1694440728669 0.0 328
1694440728997 0.0 329
1694440729316 0.0 330
1694440729613 0.0 331
1694440729968 0.0 332
1694440730293 0.0 333
1694440730607 0.0 334
1694440730902 0.0 335
1694440731218 0.0 336
1694440731532 0.0 337
1694440731852 0.0 338
1694440732135 0.0 339
1694440732462 0.0 340
1694440732770 0.0 341
1694440733070 0.0 342
1694440733396 0.0 343
1694440733707 0.0 344
1694440734003 0.0 345
1694440734281 0.0 346
1694440734619 0.0 347
1694440734942 0.0 348
1694440735262 0.0 349
1694440735593 0.0 350
1694440735879 0.0 351
1694440736185 0.0 352
1694440736492 0.0 353
1694440736789 0.0 354
1694440737102 0.0 355
1694440737405 0.0 356
1694440737691 0.0 357
1694440737970 0.0 358
1694440738280 0.0 359
1694440738610 0.0 360
1694440738946 0.0 361
1694440739247 0.0 362
1694440739577 0.0 363
1694440739890 0.0 364
1694440740216 0.0 365
1694440740502 0.0 366
1694440740790 0.0 367
1694440741095 0.0 368
1694440741415 0.0 369
1694440741681 0.0 370
1694440741991 0.0 371
1694440742292 0.0 372
1694440742611 0.0 373
1694440742899 0.0 374
1694440743174 0.0 375
1694440743509 0.0 376
1694440743822 0.0 377
1694440744133 0.0 378
1694440744427 0.0 379
1694440744734 0.0 380
1694440745029 0.0 381
1694440745363 0.0 382
1694440745681 0.0 383
1694440745978 0.0 384
1694440746280 0.0 385
1694440746594 0.0 386
1694440746908 0.0 387
1694440747182 0.0 388
1694440747492 0.0 389
1694440747794 0.0 390
1694440748095 0.0 391
1694440748400 0.0 392
1694440748727 0.0 393
1694440749060 0.0 394
1694440749371 0.0 395
1694440749676 0.0 396
1694440749962 0.0 397
1694440750243 0.0 398
1694440750567 0.0 399
1694440750888 0.0 400
1694440751208 0.0 401
1694440751498 0.0 402
1694440751805 0.0 403
1694440752072 0.0 404
1694440752371 0.0 405
1694440752667 0.0 406
1694440752988 0.0 407
1694440753264 0.0 408
1694440753578 0.0 409
1694440753891 0.0 410
1694440754218 0.0 411
1694440754551 0.0 412
1694440754871 0.0 413
1694440755184 0.0 414
1694440755502 0.0 415
1694440755819 0.0 416
1694440756157 0.0 417
1694440756466 0.0 418
1694440756789 0.0 419
1694440757111 0.0 420
1694440757398 0.0 421
1694440757717 0.0 422
1694440758037 0.0 423
1694440758310 0.0 424
1694440758602 0.0 425
1694440758921 0.0 426
1694440759238 0.0 427
1694440759552 0.0 428
1694440759877 0.0 429
1694440760185 0.0 430
1694440760489 0.0 431
1694440760808 0.0 432
1694440761145 0.0 433
1694440761463 0.0 434
1694440761751 0.0 435
1694440762048 0.0 436
1694440762352 0.0 437
1694440762652 0.0 438
1694440762968 0.0 439
1694440763281 0.0 440
1694440763598 0.0 441
1694440763916 0.0 442
1694440764299 0.0 443
1694440764643 0.0 444
1694440764961 0.0 445
1694440765260 0.0 446
1694440765570 0.0 447
1694440765896 0.0 448
1694440766237 0.0 449
1694440766560 0.0 450
1694440766878 0.0 451
1694440767201 0.0 452
1694440767491 0.0 453
1694440767809 0.0 454
1694440768132 0.0 455
1694440768448 0.0 456
1694440768756 0.0 457
1694440769036 0.0 458
1694440769346 0.0 459
1694440769644 0.0 460
1694440769918 0.0 461
1694440770237 0.0 462
1694440770531 0.0 463
1694440770842 0.0 464
1694440771153 0.0 465
1694440771484 0.0 466
1694440771805 0.0 467
1694440772127 0.0 468
1694440772470 0.0 469
1694440772794 0.0 470
1694440773084 0.0 471
1694440773407 0.0 472
1694440773731 0.0 473
1694440774037 0.0 474
1694440774377 0.0 475
1694440774681 0.0 476
1694440775012 0.0 477
1694440775330 0.0 478
1694440775685 0.0 479
1694440776029 0.0 480
1694440776346 0.0 481
1694440776609 0.0 482
1694440776934 0.0 483
1694440777257 0.0 484
1694440777563 0.0 485
1694440777887 0.0 486
1694440778182 0.0 487
1694440778483 0.0 488
1694440778801 0.0 489
1694440779100 0.0 490
1694440779422 0.0 491
1694440779766 0.0 492
1694440780094 0.0 493
1694440780410 0.0 494
1694440780730 0.0 495
1694440781046 0.0 496
1694440781372 0.0 497
1694440781689 0.0 498
1694440781960 0.0 499
