1694445534036 0.060116176588588366 0
1694445534326 0.00017566866921378717 1
1694445534596 0.019246029507646867 2
1694445534913 0.0011316976727994785 3
1694445535224 0.04302031178949326 4
1694445535507 0.03913064038261148 5
1694445535768 0.04100806939075503 6
1694445536027 0.0024031094729400388 7
1694445536280 0.04842020379168763 8
1694445536548 0.14592293326271158 9
1694445536788 0.04294003314903414 10
1694445537047 0.05011741328846443 11
1694445537313 0.22162886392225178 12
1694445537580 0.0018858943168373725 13
1694445537841 0.05083179416710204 14
1694445538108 0.138173880011961 15
1694445538380 0.03000104088944356 16
1694445538638 3.4121784351773005e-08 17
1694445538892 0.9026260646627985 18
1694445539160 0.8010173823621558 19
1694445539424 0.00018128282142298603 20
1694445539666 0.28289898396683216 21
1694445539937 0.022999738745759106 22
1694445540205 0.047456400275767474 23
1694445540495 0.03296241768726792 24
1694445540756 0.0748137785689757 25
1694445541030 0.018767145445237585 26
1694445541300 0.09637824920145188 27
1694445541552 0.019185592027056213 28
1694445541818 0.0073961565432665724 29
1694445542087 0.04697815798670453 30
1694445542366 0.0008915923672718501 31
1694445542647 0.04285416509468595 32
1694445542934 9.959736718322968e-05 33
1694445543192 0.12188302457875225 34
1694445543488 0.000588417630533926 35
1694445543806 0.003815710395384003 36
1694445544074 0.021071972974026684 37
1694445544356 0.0382989180362632 38
1694445544617 0.094440488111025 39
1694445544877 0.06395229781751989 40
1694445545124 0.12199910899524749 41
1694445545391 0.17975532921093892 42
1694445545634 0.2059896337478692 43
1694445545893 0.05807641980122175 44
1694445546120 0.17994288433661185 45
1694445546378 1.1255440596105586 46
1694445546600 0.06870190390566001 47
1694445546830 0.0024816574085543253 48
1694445547030 0.049305945948426605 49
1694445547310 0.1821743547777731 50
1694445547565 0.03297161689642289 51
1694445547843 0.000995629361018322 52
1694445548097 0.2650725161576839 53
1694445548360 0.003872619803470452 54
1694445548595 0.15534912496216546 55
1694445548859 0.0864285983726524 56
1694445549115 0.017319082392300355 57
1694445549389 0.004147773228666004 58
1694445549627 0.06797501526324037 59
1694445549876 0.03798514516867794 60
1694445550132 0.2815493515000648 61
1694445550377 0.0058359165736677765 62
1694445550622 0.07767379760243863 63
1694445550874 0.02363994037108154 64
1694445551144 0.002331540048333992 65
1694445551420 0.0001142991483815962 66
1694445551682 0.05917633136051468 67
1694445551931 0.008973821733856179 68
1694445552212 0.01772144596412635 69
1694445552503 0.5442726105587287 70
1694445552746 0.26651763176661936 71
1694445552995 0.012888961393501966 72
1694445553276 0.06045901794166552 73
1694445553535 0.20472256741661962 74
1694445553779 0.01578916082323361 75
1694445554024 0.016046898192273288 76
1694445554282 0.09337105550006504 77
1694445554554 0.006623424441387638 78
1694445554812 0.001533085338549815 79
1694445555085 0.1384301755815852 80
1694445555339 0.3896175667271306 81
1694445555594 0.003719238067909368 82
1694445555854 0.023240466976197513 83
1694445556114 0.014495360336470123 84
1694445556387 0.017066134257026737 85
1694445556662 0.4165995329259062 86
1694445556939 0.011928167394019279 87
1694445557195 0.3676251479317652 88
1694445557487 0.04871804316107256 89
1694445557737 0.002914047383641187 90
1694445557980 0.03393320717658564 91
1694445558233 0.2964530780781239 92
1694445558491 0.09039942141623117 93
1694445558738 0.013027805448194082 94
1694445558984 0.0019306992764448754 95
1694445559246 0.09510766081690814 96
1694445559517 0.0002294148882264653 97
1694445559782 0.5133929156778968 98
1694445559998 0.0007542466264522708 99
1694445560262 0.12846131242035985 100
1694445560522 0.0013488099531706187 101
1694445560772 0.024042991373705806 102
1694445561028 0.0038725561490475257 103
1694445561283 0.41869501234573264 104
1694445561536 0.19880234006578465 105
1694445561792 0.10389056643750999 106
1694445562044 0.057222409289957 107
1694445562297 0.2309351553837526 108
1694445562560 0.002029511498908053 109
1694445562813 0.007045989384436075 110
1694445563112 0.1533970921641956 111
1694445563374 0.040767718530081876 112
1694445563620 0.159265091307374 113
1694445563894 0.2038032931886698 114
1694445564167 0.10961519033180232 115
1694445564436 0.2462355485675414 116
1694445564692 0.0030637277411755966 117
1694445564966 0.17518850766081137 118
1694445565230 0.28804075367504656 119
1694445565491 0.06423971183267092 120
1694445565744 0.04838058423069817 121
1694445566010 0.0005155616215338514 122
1694445566287 0.05177383022921546 123
1694445566546 0.0336223703714752 124
1694445566793 0.1266387836869941 125
1694445567040 0.04639675550683946 126
1694445567268 0.017507690576119 127
1694445567504 0.012969700360360539 128
1694445567729 0.14463019851187042 129
1694445567955 0.002665702425762566 130
1694445568179 0.13178541768006433 131
1694445568406 0.04123762726327347 132
1694445568637 0.005787715428179995 133
1694445568884 0.044465772094146795 134
1694445569131 0.017807479020260943 135
1694445569382 0.05670938904139175 136
1694445569627 0.006056373518704383 137
1694445569873 0.026464742950854377 138
1694445570109 0.0578184135258185 139
1694445570360 0.0017197436338299403 140
1694445570588 0.031377956253504286 141
1694445570820 0.010552298528229266 142
1694445571072 0.034687893152204094 143
1694445571306 0.04212245620083309 144
1694445571579 0.10704026674010295 145
1694445571849 0.0095013986426204 146
1694445572096 0.003785393869244716 147
1694445572367 0.0017682055365009365 148
1694445572621 0.01134559427150179 149
1694445572901 0.06825517213146456 150
1694445573157 0.04092235757131275 151
1694445573428 0.12041934965953913 152
1694445573631 0.04356215683866306 153
1694445573910 0.0002275855769371196 154
1694445574172 0.12239354387411004 155
1694445574404 0.03300419789099012 156
1694445574633 0.15816138172036048 157
1694445574881 0.12464171229675641 158
1694445575143 0.017248602252847165 159
1694445575395 0.0005935782059061576 160
1694445575640 0.03815157211328352 161
1694445575900 0.07286854792546413 162
1694445576161 0.2869959875854777 163
1694445576481 3.958742626356395e-05 164
1694445576754 0.03292539969895626 165
1694445576999 0.3083463936696788 166
1694445577256 0.10343722857858251 167
1694445577527 0.0006127348071797129 168
1694445577799 0.578121712209183 169
1694445578049 0.019345889347720725 170
1694445578306 0.30524593702230696 171
1694445578573 0.029824426878210887 172
1694445578824 0.10918430808746554 173
1694445579066 0.27596322252510963 174
1694445579324 0.4681699455008945 175
1694445579598 0.011293005897955684 176
1694445579845 0.00196216509347174 177
1694445580065 0.09209645517613761 178
1694445580313 0.005039274154710161 179
1694445580548 0.13947587541231665 180
1694445580806 0.002552156763819529 181
1694445581063 0.152839485742194 182
1694445581331 0.3314411189342557 183
1694445581574 0.00044579527216086684 184
1694445581835 0.06969656340785663 185
1694445582095 0.19034944387744882 186
1694445582349 0.008337536093563313 187
1694445582601 0.025954118493342705 188
1694445582871 0.0032757750353524617 189
1694445583155 0.001934167792234227 190
1694445583407 0.00773775141286389 191
1694445583663 0.016418997484502595 192
1694445583900 0.1038407819940457 193
1694445584135 1.069906003893522 194
1694445584372 0.009257865185760415 195
1694445584606 0.2440144115918711 196
1694445584859 0.007686944834750579 197
1694445585105 0.05845091115534222 198
1694445585410 0.03915292403807101 199
1694445585677 0.006412400604769446 200
1694445585983 0.007536686786831127 201
1694445586229 0.1993255426392804 202
1694445586539 0.7294616581074369 203
1694445586814 0.018250880442273444 204
1694445587107 0.10533113597413017 205
1694445587396 0.1408512817686977 206
1694445587661 0.01440632883743186 207
1694445587918 0.004457480526750407 208
1694445588222 0.01135998810629868 209
1694445588504 0.023421030108079024 210
1694445588767 0.021220843422205884 211
1694445589033 0.00031725916726909177 212
1694445589338 0.3591728408087696 213
1694445589601 0.057550032950456693 214
1694445589869 0.37299716972968616 215
1694445590132 0.00046022212822564856 216
1694445590406 0.111652126560681 217
1694445590670 0.07194094924557473 218
1694445590939 0.4268228067379199 219
1694445591211 0.002746916654690204 220
1694445591471 0.002577838221703578 221
1694445591723 0.1322712120315081 222
1694445592002 0.036744030701938775 223
1694445592276 0.008404359546880916 224
1694445592545 0.07285939994304742 225
1694445592823 0.008890961247221009 226
1694445593104 0.024450687044912666 227
1694445593358 0.14425492608920737 228
1694445593635 0.040868640258753725 229
1694445593909 0.16055957069468976 230
1694445594176 0.00047118353121764926 231
1694445594435 0.001460357123239725 232
1694445594686 0.011605851319305912 233
1694445594952 0.25578606391218817 234
1694445595182 0.04947983110475135 235
1694445595441 3.31325230848818e-06 236
1694445595696 0.12770750910051354 237
1694445595959 0.08052598350106725 238
1694445596229 0.6952400103131157 239
1694445596529 0.17338686482593982 240
1694445596798 0.10819337339455794 241
1694445597039 0.000697788650953807 242
1694445597294 0.014037728680962319 243
1694445597558 0.011411188909375246 244
1694445597813 0.11882636840215507 245
1694445598076 0.026131264729566086 246
1694445598325 0.14329319598357543 247
1694445598575 4.842441069431075e-05 248
1694445598813 0.1849057307308986 249
1694445599074 0.034603978963263976 250
1694445599344 0.026111688112891857 251
1694445599604 0.17171516673028744 252
1694445599854 1.4557608731410931 253
1694445600098 0.011239570517319284 254
1694445600372 0.008748312055890316 255
1694445600627 0.11947626664707772 256
1694445600896 0.07046977329018587 257
1694445601192 0.00020133700799006624 258
1694445601452 0.04047804479523504 259
1694445601682 0.05734560020925265 260
1694445601964 0.04427297124539231 261
1694445602410 0.08885553692963544 262
1694445602680 0.022156184699642145 263
1694445602961 0.24877329628533795 264
1694445603251 0.0004897606990769409 265
1694445603511 0.0018231663187739781 266
1694445603766 0.017134232918764848 267
1694445604037 0.008935834403082437 268
1694445604302 0.04862918607781175 269
1694445604564 0.007761008251691654 270
1694445604830 0.047975768453087174 271
1694445605100 0.07836791181321431 272
1694445605363 0.006102813620572671 273
1694445605603 0.001951119434754939 274
1694445605859 0.2833090671570977 275
1694445606112 0.1941423593197257 276
1694445606386 0.012837670603378308 277
1694445606648 0.04894343333739755 278
1694445606922 0.006385847288315709 279
1694445607183 0.12453781993715612 280
1694445607445 0.28504135066684394 281
1694445607682 0.11224633286848636 282
1694445607966 0.03148381336936045 283
1694445608227 0.04613682793328128 284
1694445608496 0.02334765470877818 285
1694445608757 0.0011465528634912472 286
1694445609016 0.016104801629519196 287
1694445609272 0.29740247831724564 288
1694445609552 0.0008162322187450702 289
1694445609805 0.005914908327896725 290
1694445610070 0.7619586292136828 291
1694445610346 0.18465028350711543 292
1694445610607 0.0024423248402335473 293
1694445610875 0.1982313025949503 294
1694445611138 0.20412597351398 295
1694445611405 0.02712511154821194 296
1694445611671 0.053063859546483905 297
1694445611930 0.021362198525398033 298
1694445612202 0.06146266712806729 299
1694445612453 0.16677197876973002 300
1694445612708 0.1584223563755891 301
1694445612965 0.022085419284203496 302
1694445613226 0.030343198676020797 303
1694445613496 0.053003340388790114 304
1694445613744 0.08067016618303688 305
1694445614027 0.005824108527285945 306
1694445614297 0.004218819401070663 307
1694445614576 0.00026862946819623395 308
1694445614848 0.031106929518736025 309
1694445615105 0.0656074054699974 310
1694445615382 0.11715232646214406 311
1694445615637 0.10467710857113921 312
1694445615894 0.013859398660302487 313
1694445616152 0.16938016643490603 314
1694445616404 0.012843265263724172 315
1694445616673 0.0017315915317292867 316
1694445616947 0.0023241429753598627 317
1694445617200 0.017096820959930963 318
1694445617466 0.04576581579412618 319
1694445617722 0.06851247480235907 320
1694445617990 0.008043546162912885 321
1694445618295 0.0019961367558177746 322
1694445618566 0.5047636869026654 323
1694445618833 0.03941267312959116 324
1694445619119 0.05236930009311708 325
1694445619403 0.14473155947217914 326
1694445619665 0.18153937136601458 327
1694445619935 0.11431207364039926 328
1694445620210 0.06922303997287013 329
1694445620465 0.007457862673338245 330
1694445620734 0.0006037157306089196 331
1694445620994 0.0029928132976422194 332
1694445621261 0.14380344717453594 333
1694445621520 0.021108997376301095 334
1694445621779 0.00022235399787983663 335
1694445622044 0.13597143781173454 336
1694445622338 0.06439242994513457 337
1694445622586 0.03322812047935686 338
1694445622846 0.018478588148801094 339
1694445623125 0.040090100487782325 340
1694445623407 0.09772576081119724 341
1694445623676 0.03594411502120324 342
1694445623952 0.012743348431242554 343
1694445624223 0.08310551760777929 344
1694445624479 0.000681990733930229 345
1694445624735 0.014924970182357538 346
1694445624992 0.007237942939679064 347
1694445625239 0.19846506359672927 348
1694445625538 0.04484348986495559 349
1694445625797 0.10275407923204001 350
1694445626065 0.18774237990812964 351
1694445626331 0.1492542887512679 352
1694445626630 0.014950861440098351 353
1694445626904 0.038177918517232685 354
1694445627175 0.13315443651385903 355
1694445627443 3.0151731030620946e-06 356
1694445627712 0.005988708233357156 357
1694445627983 0.0002792230314590723 358
1694445628257 0.004100420814410656 359
1694445628483 1.8891149343932983 360
1694445628780 0.1552051443727547 361
1694445629042 0.017959568442460036 362
1694445629305 0.055231139803608616 363
1694445629571 0.13207740348010105 364
1694445629820 0.000893741942894863 365
1694445630082 0.024519976540620395 366
1694445630351 0.004763058023626343 367
1694445630598 0.05940032831269782 368
1694445630865 0.008795137801297988 369
