1694444072755 71.2215353986468 0
1694444073075 36.6352690068848 1
1694444073389 25.02160245514393 2
1694444073679 13.653953580731553 3
1694444073973 7.961053904732136 4
1694444074294 3.2473813097619755 5
1694444074591 1.7427095974948685 6
1694444074903 2.377997963374046 7
1694444075289 0.6901308660914114 8
1694444075558 0.7705782979829922 9
1694444075853 0.5271796638952582 10
1694444076133 0.9584970186514001 11
1694444076459 0.474614893729658 12
1694444076718 0.9467805924500361 13
1694444077000 1.2891394965874257 14
1694444077286 0.545142377563906 15
1694444077563 0.1535516536280546 16
1694444077831 0.7896440567934775 17
1694444078126 1.1443560381611806 18
1694444078403 0.10421042029714826 19
1694444078688 0.6105634565242725 20
1694444078968 1.1999878594892144 21
1694444079263 0.9220936091755717 22
1694444079542 1.1529074935461148 23
1694444079832 0.35908056126646604 24
1694444080116 0.6498243112856824 25
1694444080450 0.5086161461357583 26
1694444080720 1.0510721865076154 27
1694444080991 0.5556844218791438 28
1694444081249 0.36389913314421246 29
1694444081548 0.6986769342800548 30
1694444081829 0.528679270707194 31
1694444082105 0.7806675193628584 32
1694444082411 0.20648248539663017 33
1694444082703 0.4597623117928966 34
1694444082991 0.3956451489553165 35
1694444083264 0.7710723694272336 36
1694444083538 0.39262223183509076 37
1694444083807 0.3963676431828615 38
1694444084088 0.2023961273050851 39
1694444084376 1.8241849267220394 40
1694444084633 0.09154211442795837 41
1694444084901 0.07018369815777209 42
1694444085155 0.3255937482008175 43
1694444085414 0.007799802057141002 44
1694444085675 1.2976983059362066 45
1694444085956 1.822360017710814 46
1694444086246 0.5311390419589974 47
1694444086546 0.30552194609703714 48
1694444086836 1.1540302366686028 49
1694444087096 0.5313047833349134 50
1694444087382 0.3782849814869377 51
1694444087656 0.02390240891958044 52
1694444087928 0.003653613522429781 53
1694444088187 0.14656864706720743 54
1694444088430 1.3938080590780737 55
1694444088696 0.7679858170923125 56
1694444088985 0.8273788421522832 57
1694444089246 0.42200419361052693 58
1694444089534 1.0817473614214863 59
1694444089849 0.25637689934985597 60
1694444090121 0.42532739289786525 61
1694444090396 1.215214266287914 62
1694444090661 0.23090074567348332 63
1694444090922 0.4150319229127861 64
1694444091162 0.6125478668770433 65
1694444091428 0.04131582542963984 66
1694444091684 0.538262705157143 67
1694444091947 0.5909890016827417 68
1694444092216 0.7096481346514332 69
1694444092478 0.9365360917460178 70
1694444092724 0.3170939898473698 71
1694444092976 0.27163957067977473 72
1694444093254 0.20780850334610398 73
1694444093517 0.46513238128915674 74
1694444093786 0.5108388786042086 75
1694444094061 0.749031076702953 76
1694444094349 0.4182034588351304 77
1694444094633 1.3278762700221363 78
1694444094923 0.3672590402803628 79
1694444095189 0.6032391712072087 80
1694444095445 0.5287073414437368 81
1694444095740 1.2716735773004078 82
1694444095980 0.14738546717585943 83
1694444096268 0.1627412627211336 84
1694444096563 0.9123931691708939 85
1694444096832 0.2451512602488597 86
1694444097106 1.4084013310762131 87
1694444097371 1.8043014857827144 88
1694444097638 2.5260687757547635 89
1694444097906 0.7878368383491806 90
1694444098179 0.7972279147164618 91
1694444098435 0.5391320724143106 92
1694444098708 0.9416882117793091 93
1694444098953 0.09341516310759976 94
1694444099207 0.423198829043495 95
1694444099486 0.07248084530731584 96
1694444099762 0.11789295665931154 97
1694444100046 0.0452270821876143 98
1694444100334 1.3687439108432864 99
1694444100678 1.4090258554636 100
1694444100936 0.25679658421569723 101
1694444101221 0.4511761760835869 102
1694444101508 1.5743980815048446 103
1694444101779 0.49417755089726384 104
1694444102048 0.00035761209483365974 105
1694444102321 0.586525959703955 106
1694444102603 0.6906972974097624 107
1694444102863 0.7654134229406873 108
1694444103139 0.6203836437675013 109
1694444103403 0.05515462818513659 110
1694444103666 0.1867122437492696 111
1694444103926 0.023000671517472638 112
1694444104197 0.7693531643404228 113
1694444104461 0.9737853063795981 114
1694444104716 0.5394338811146253 115
1694444104974 0.20193564797109775 116
1694444105235 0.35185239325050865 117
1694444105521 0.17184863738055858 118
1694444105773 0.23876528423547133 119
1694444106064 0.7668777558718999 120
1694444106331 0.022697173520432365 121
1694444106606 0.24430566651618388 122
1694444106881 0.6247976237419415 123
1694444107121 0.8058368618213657 124
1694444107396 0.5760634593835811 125
1694444107662 0.9155036578882734 126
1694444107956 0.22543643350437315 127
1694444108229 0.2738210569247194 128
1694444108518 0.1817043061133401 129
1694444108803 0.0007490708101809144 130
1694444109075 0.169535618868335 131
1694444109346 0.15481017449807763 132
1694444109608 0.43789378775947135 133
1694444109881 1.568049995763655 134
1694444110164 0.4743175474242439 135
1694444110458 0.47589562201191377 136
1694444110872 0.13396323041927527 137
1694444111112 0.0009401498222019819 138
1694444111372 0.7742911010355481 139
1694444111631 0.6947411613481329 140
1694444111897 0.768515035041093 141
1694444112171 0.2576777471883173 142
1694444112449 0.7720290610101179 143
1694444112705 0.4161113150452866 144
1694444112956 0.34806759660375347 145
1694444113209 0.8567183594396803 146
1694444113468 0.9024653303623469 147
1694444113730 0.03791956819752768 148
1694444113996 0.7412936519429749 149
1694444114258 0.048434628372995774 150
1694444114537 0.41341279223645105 151
1694444114813 0.4552753107946265 152
1694444115080 0.8297248048145763 153
1694444115362 0.2560890125516842 154
1694444115639 0.9042693857012503 155
1694444115897 0.5678865415685473 156
1694444116157 0.6251895920406473 157
1694444116413 0.12988920801417456 158
1694444116690 0.005047696345520039 159
1694444116970 1.7651372601116897 160
1694444117241 0.3826491301984575 161
1694444117521 1.3304480839592514 162
1694444117825 0.17604730242077837 163
1694444118077 0.3705557450832052 164
1694444118322 0.4578488567363003 165
1694444118586 0.4564517145629743 166
1694444118857 0.4212964879977327 167
1694444119112 0.03717396987447302 168
1694444119374 0.04328202504851097 169
1694444119650 0.009467054463751795 170
1694444119930 0.1764586706858033 171
1694444120203 0.2837574191260807 172
1694444120466 1.486738586628304 173
1694444120614 0.11562111257554976 174
1694444121015 1.2869930031150585 175
1694444121255 0.37018688189679877 176
1694444121523 0.5065614472166895 177
1694444121799 0.37018597633350914 178
1694444122063 1.153232360664736 179
1694444122359 0.19375304046936523 180
1694444122618 0.27327900056850735 181
1694444122893 0.41959722381392545 182
1694444123167 0.7703774272728648 183
1694444123445 0.6123824017452681 184
1694444123727 1.228301390588307 185
1694444123996 0.6190455277504535 186
1694444124285 0.39361881541566585 187
1694444124552 0.10391623927795052 188
1694444124830 0.3769053216541645 189
1694444125096 0.00740762505351846 190
1694444125379 2.879514696831806 191
1694444125642 0.48913332361664114 192
1694444125926 0.13807317403666908 193
1694444126207 0.24435940818089313 194
1694444126473 0.020227536084308727 195
1694444126768 0.6476237969461378 196
1694444127035 1.0727197117858573 197
1694444127320 1.0342805703765958 198
1694444127588 0.2122351912808811 199
1694444127852 0.37320652375201935 200
1694444128129 0.5705057626179392 201
1694444128419 0.09908361935699411 202
1694444128697 1.1194471178846976 203
1694444128974 2.3460203372589574 204
