1694444072765 0.0 0
1694444073083 0.0 1
1694444073399 0.0 2
1694444073687 0.0 3
1694444073982 0.0 4
1694444074301 0.0 5
1694444074598 0.0 6
1694444074913 0.0 7
1694444075295 0.0 8
1694444075564 0.0 9
1694444075861 0.0 10
1694444076141 0.0 11
1694444076465 0.0 12
1694444076733 0.0 13
1694444077008 0.0 14
1694444077294 0.0 15
1694444077572 0.0 16
1694444077841 0.0 17
1694444078134 0.0 18
1694444078412 0.0 19
1694444078696 0.0 20
1694444078975 0.0 21
1694444079271 0.0 22
1694444079549 0.0 23
1694444079840 0.0 24
1694444080124 0.0 25
1694444080457 0.0 26
1694444080729 0.0 27
1694444080998 0.0 28
1694444081275 0.0 29
1694444081557 0.0 30
1694444081837 0.0 31
1694444082112 0.0 32
1694444082420 0.0 33
1694444082711 0.0 34
1694444083000 0.0 35
1694444083272 0.0 36
1694444083546 0.0 37
1694444083813 0.0 38
1694444084095 0.0 39
1694444084384 0.0 40
1694444084640 0.0 41
1694444084907 0.0 42
1694444085164 0.0 43
1694444085421 0.0 44
1694444085682 0.0 45
1694444085963 0.0 46
1694444086255 0.0 47
1694444086553 0.0 48
1694444086843 0.0 49
1694444087103 0.0 50
1694444087390 0.0 51
1694444087665 0.0 52
1694444087934 0.0 53
1694444088195 0.0 54
1694444088437 0.0 55
1694444088704 0.0 56
1694444088992 0.0 57
1694444089256 0.0 58
1694444089546 0.0 59
1694444089857 0.0 60
1694444090127 0.0 61
1694444090404 0.0 62
1694444090668 0.0 63
1694444090929 0.0 64
1694444091168 0.0 65
1694444091435 0.0 66
1694444091691 0.0 67
1694444091955 0.0 68
1694444092224 0.0 69
1694444092484 0.0 70
1694444092730 0.0 71
1694444092984 0.0 72
1694444093263 0.0 73
1694444093524 0.0 74
1694444093794 0.0 75
1694444094068 0.0 76
1694444094356 0.0 77
1694444094641 0.0 78
1694444094932 0.0 79
1694444095196 0.0 80
1694444095451 0.0 81
1694444095747 0.0 82
1694444096013 0.0 83
1694444096276 0.0 84
1694444096570 0.0 85
1694444096839 0.0 86
1694444097114 0.0 87
1694444097380 0.0 88
1694444097645 0.0 89
1694444097915 0.0 90
1694444098187 0.0 91
1694444098442 0.0 92
1694444098716 0.0 93
1694444098960 0.0 94
1694444099216 0.0 95
1694444099494 0.0 96
1694444099768 0.0 97
1694444100054 0.0 98
1694444100342 0.0 99
1694444100686 0.0 100
1694444100943 0.0 101
1694444101228 0.0 102
1694444101516 0.0 103
1694444101787 0.0 104
1694444102056 0.0 105
1694444102330 0.0 106
1694444102611 0.0 107
1694444102871 0.0 108
1694444103147 0.0 109
1694444103411 0.0 110
1694444103674 0.0 111
1694444103933 0.0 112
1694444104206 0.0 113
1694444104468 0.0 114
1694444104722 0.0 115
1694444104983 0.0 116
1694444105245 0.0 117
1694444105527 0.0 118
1694444105780 0.0 119
1694444106071 0.0 120
1694444106339 0.0 121
1694444106614 0.0 122
1694444106888 0.0 123
1694444107128 0.0 124
1694444107404 0.0 125
1694444107668 0.0 126
1694444107964 0.0 127
1694444108236 0.0 128
1694444108525 0.0 129
1694444108813 0.0 130
1694444109082 0.0 131
1694444109353 0.0 132
1694444109616 0.0 133
1694444109889 0.0 134
1694444110172 0.0 135
1694444110467 0.0 136
1694444110879 0.0 137
1694444111120 0.0 138
1694444111378 0.0 139
1694444111638 0.0 140
1694444111903 0.0 141
1694444112180 0.0 142
1694444112457 0.0 143
1694444112713 0.0 144
1694444112962 0.0 145
1694444113216 0.0 146
1694444113475 0.0 147
1694444113736 0.0 148
1694444114005 0.0 149
1694444114265 0.0 150
1694444114543 0.0 151
1694444114820 0.0 152
1694444115090 0.0 153
1694444115370 0.0 154
1694444115646 0.0 155
1694444115904 0.0 156
1694444116166 0.0 157
1694444116420 0.0 158
1694444116698 0.0 159
1694444116977 0.0 160
1694444117250 0.0 161
1694444117528 0.0 162
1694444117832 0.0 163
1694444118085 0.0 164
1694444118330 0.0 165
1694444118595 0.0 166
1694444118864 0.0 167
1694444119118 0.0 168
1694444119381 0.0 169
1694444119658 0.0 170
1694444119936 0.0 171
1694444120212 0.0 172
1694444120473 0.0 173
1694444120725 0.0 174
1694444121021 0.0 175
1694444121262 0.0 176
1694444121532 0.0 177
1694444121807 0.0 178
1694444122071 0.0 179
1694444122367 0.0 180
1694444122624 0.0 181
1694444122900 0.0 182
1694444123176 0.0 183
1694444123453 0.0 184
1694444123733 0.0 185
1694444124004 0.0 186
1694444124294 0.0 187
1694444124561 0.0 188
1694444124837 0.0 189
1694444125104 0.0 190
1694444125390 0.0 191
1694444125650 0.0 192
1694444125932 0.0 193
1694444126215 0.0 194
1694444126480 0.0 195
1694444126776 0.0 196
1694444127043 0.0 197
1694444127327 0.0 198
1694444127596 0.0 199
1694444127865 0.0 200
1694444128136 0.0 201
1694444128427 0.0 202
1694444128704 0.0 203
1694444128982 0.0 204
