1694438412619 0.0 0
1694438412893 0.0 1
1694438413148 0.0 2
1694438413403 0.0 3
1694438413667 0.0 4
1694438414051 0.0 5
1694438414319 0.0 6
1694438414575 0.0 7
1694438414832 0.0 8
1694438415090 0.0 9
1694438415356 0.0 10
1694438415606 0.0 11
1694438415861 0.0 12
1694438416077 0.0 13
1694438416326 0.0 14
1694438416591 0.0 15
1694438416878 0.0 16
1694438417144 0.0 17
1694438417405 0.0 18
1694438417660 0.0 19
1694438417916 0.0 20
1694438418170 0.0 21
1694438418436 0.0 22
1694438418677 0.0 23
1694438418931 0.0 24
1694438419181 0.0 25
1694438419427 0.0 26
1694438419670 0.0 27
1694438419933 0.0 28
1694438420214 0.0 29
1694438420462 0.0 30
1694438420738 0.0 31
1694438420992 0.0 32
1694438421258 0.0 33
1694438421524 0.0 34
1694438421779 0.0 35
1694438422056 0.0 36
1694438422314 0.0 37
1694438422578 0.0 38
1694438422843 0.0 39
1694438423100 0.0 40
1694438423350 0.0 41
1694438423618 0.0 42
1694438423865 0.0 43
1694438424168 0.0 44
1694438424472 0.0 45
1694438424716 0.0 46
1694438424967 0.0 47
1694438425233 0.0 48
1694438425482 0.0 49
1694438425750 0.0 50
1694438426007 0.0 51
1694438426256 0.0 52
1694438426518 0.0 53
1694438426761 0.0 54
1694438427000 0.0 55
1694438427232 0.0 56
1694438427464 0.0 57
1694438427702 0.0 58
1694438427924 0.0 59
1694438428159 0.0 60
1694438428405 0.0 61
1694438428674 0.0 62
1694438428960 0.0 63
1694438429215 0.0 64
1694438429480 0.0 65
1694438429741 0.0 66
1694438429995 0.0 67
1694438430232 0.0 68
1694438430512 0.0 69
1694438430757 0.0 70
1694438431021 0.0 71
1694438431278 0.0 72
1694438431533 0.0 73
1694438431793 0.0 74
1694438432051 0.0 75
1694438432323 0.0 76
1694438432577 0.0 77
1694438432837 0.0 78
1694438433083 0.0 79
1694438433349 0.0 80
1694438433603 0.0 81
1694438433856 0.0 82
1694438434119 0.0 83
1694438434426 0.0 84
1694438434690 0.0 85
1694438435039 0.0 86
1694438435317 0.0 87
1694438435568 0.0 88
1694438435824 0.0 89
1694438436082 0.0 90
1694438436329 0.0 91
1694438436603 0.0 92
1694438436881 0.0 93
1694438437159 0.0 94
1694438437420 0.0 95
1694438437672 0.0 96
1694438437921 0.0 97
1694438438184 0.0 98
1694438438427 0.0 99
1694438438686 0.0 100
1694438438943 0.0 101
1694438439210 0.0 102
1694438439463 0.0 103
1694438439726 0.0 104
1694438439970 0.0 105
1694438440234 0.0 106
1694438440488 0.0 107
1694438440751 0.0 108
1694438441016 0.0 109
1694438441276 0.0 110
1694438441549 0.0 111
1694438441797 0.0 112
1694438442060 0.0 113
1694438442321 0.0 114
1694438442581 0.0 115
1694438442844 0.0 116
1694438443096 0.0 117
1694438443354 0.0 118
1694438443629 0.0 119
1694438443897 0.0 120
1694438444170 0.0 121
1694438444443 0.0 122
1694438444693 0.0 123
1694438444940 0.0 124
1694438445270 0.0 125
1694438445532 0.0 126
1694438445769 0.0 127
1694438446015 0.0 128
1694438446264 0.0 129
1694438446510 0.0 130
1694438446762 0.0 131
1694438447019 0.0 132
1694438447288 0.0 133
1694438447544 0.0 134
1694438447794 0.0 135
1694438448048 0.0 136
1694438448303 0.0 137
1694438448563 0.0 138
1694438448818 0.0 139
1694438449069 0.0 140
1694438449335 0.0 141
1694438449580 0.0 142
1694438449828 0.0 143
1694438450094 0.0 144
1694438450357 0.0 145
1694438450616 0.0 146
1694438450868 0.0 147
1694438451117 0.0 148
1694438451374 0.0 149
1694438451658 0.0 150
1694438451900 0.0 151
1694438452153 0.0 152
1694438452419 0.0 153
1694438452672 0.0 154
1694438452915 0.0 155
1694438453187 0.0 156
1694438453469 0.0 157
1694438453721 0.0 158
1694438453969 0.0 159
1694438454225 0.0 160
1694438454524 0.0 161
1694438454779 0.0 162
1694438455037 0.0 163
1694438455318 0.0 164
1694438455576 0.0 165
1694438455833 0.0 166
1694438456101 0.0 167
1694438456362 0.0 168
1694438456611 0.0 169
1694438456880 0.0 170
1694438457154 0.0 171
1694438457426 0.0 172
1694438457676 0.0 173
1694438457944 0.0 174
1694438458188 0.0 175
1694438458452 0.0 176
1694438458738 0.0 177
1694438459002 0.0 178
1694438459260 0.0 179
1694438459518 0.0 180
1694438459770 0.0 181
1694438460042 0.0 182
1694438460305 0.0 183
1694438460555 0.0 184
1694438460816 0.0 185
1694438461062 0.0 186
1694438461345 0.0 187
1694438461605 0.0 188
1694438461854 0.0 189
1694438462114 0.0 190
1694438462378 0.0 191
1694438462620 0.0 192
1694438462897 0.0 193
1694438463163 0.0 194
1694438463424 0.0 195
1694438463676 0.0 196
1694438463928 0.0 197
1694438464179 0.0 198
1694438464452 0.0 199
1694438464711 0.0 200
1694438464962 0.0 201
1694438465214 0.0 202
1694438465492 0.0 203
1694438465743 0.0 204
1694438465960 0.0 205
1694438466226 0.0 206
1694438466477 0.0 207
1694438466724 0.0 208
1694438466975 0.0 209
1694438467240 0.0 210
1694438467502 0.0 211
1694438467752 0.0 212
1694438468005 0.0 213
1694438468263 0.0 214
1694438468531 0.0 215
1694438468782 0.0 216
1694438469038 0.0 217
1694438469317 0.0 218
1694438469605 0.0 219
1694438469866 0.0 220
1694438470124 0.0 221
1694438470389 0.0 222
1694438470633 0.0 223
1694438470878 0.0 224
1694438471157 0.0 225
1694438471400 0.0 226
1694438471669 0.0 227
1694438471946 0.0 228
1694438472229 0.0 229
1694438472486 0.0 230
1694438472729 0.0 231
1694438472990 0.0 232
1694438473285 0.0 233
1694438473582 0.0 234
1694438473840 0.0 235
1694438474097 0.0 236
1694438474365 0.0 237
1694438474648 0.0 238
1694438474914 0.0 239
1694438475169 0.0 240
1694438475420 0.0 241
1694438475670 0.0 242
1694438475933 0.0 243
1694438476183 0.0 244
1694438476439 0.0 245
1694438476696 0.0 246
1694438476959 0.0 247
1694438477212 0.0 248
1694438477503 0.0 249
1694438477761 0.0 250
1694438478033 0.0 251
1694438478290 0.0 252
1694438478544 0.0 253
1694438478805 0.0 254
1694438479067 0.0 255
1694438479341 0.0 256
1694438479601 0.0 257
1694438479872 0.0 258
1694438480135 0.0 259
1694438480394 0.0 260
1694438480653 0.0 261
1694438480899 0.0 262
1694438481147 0.0 263
1694438481415 0.0 264
1694438481687 0.0 265
1694438481980 0.0 266
1694438482278 0.0 267
1694438482538 0.0 268
1694438482805 0.0 269
1694438483054 0.0 270
1694438483305 0.0 271
1694438483570 0.0 272
1694438483836 0.0 273
1694438484088 0.0 274
