1694442108992 -0.0017778596237991717 0
1694442109036 -0.001777557863196444 1
1694442109090 -0.0017772560257451886 2
1694442109157 -0.0017769541114287524 3
1694442109241 -0.0017766521202329244 4
1694442109332 -0.0017763500521417175 5
1694442109421 -0.0017760479071387003 6
1694442109477 -0.0017757456852103282 7
1694442109550 -0.0017754433863388375 8
1694442109594 -0.0017751410105102394 9
1694442109670 -0.0017748385577083248 10
1694442109709 -0.0017745360279182165 11
1694442109779 -0.0017742334211241495 12
1694442109846 -0.0017739307373103586 13
1694442109922 -0.0017736279764619667 14
1694442109979 -0.0017733251385620985 15
1694442110046 -0.0017730222235965432 16
1694442110103 -0.0017727192315495355 17
1694442110205 -0.0017724161624053103 18
1694442110273 -0.0017721130161483245 19
1694442110333 -0.001771809792763035 20
1694442110399 -0.0017715064922343426 21
1694442110492 -0.0017712031145460383 22
1694442110544 -0.001770899659683245 23
1694442110607 -0.0017705961276293092 24
1694442110660 -0.0017702925183702423 25
1694442110718 -0.0017699888318896129 26
1694442110767 -0.0017696850681714338 27
1694442110806 -0.0017693812272014942 28
1694442110862 -0.0017690773089624745 29
1694442110919 -0.001768773313440386 30
1694442110967 -0.0017684692406187974 31
1694442111016 -0.0017681650904826096 32
1694442111068 -0.0017678608630158354 33
1694442111122 -0.0017675565582033759 34
1694442111191 -0.0017672521760290216 35
1694442111232 -0.0017669477164774516 36
1694442111277 -0.001766643179533789 37
1694442111321 -0.001766338565181158 38
1694442111369 -0.001766031152796499 39
1694442111417 -0.0017657236636792195 40
1694442111472 -0.001765416097814665 41
1694442111570 -0.001765108455187736 42
1694442111615 -0.001764800735783112 43
1694442111663 -0.0017644929395856934 44
1694442111749 -0.0017641850665803815 45
1694442111840 -0.0017638771167525213 46
1694442111927 -0.0017635690900859036 47
1694442111984 -0.0017632609865665394 48
1694442112057 -0.0017629528061784416 49
1694442112138 -0.0017626445489071774 50
1694442112227 -0.0017623362147374255 51
1694442112285 -0.0017620278036531989 52
1694442112344 -0.0017617193156405087 53
1694442112426 -0.0017614107506840337 54
1694442112516 -0.001761102108767565 55
1694442112609 -0.0017607933898768913 56
1694442112667 -0.0017604845939969138 57
1694442112740 -0.0017601757211125335 58
1694442112808 -0.0017598667712077631 59
1694442112907 -0.0017595577442686139 60
1694442112969 -0.0017592486402788765 61
1694442113048 -0.001758939459223896 62
1694442113109 -0.0017586302010883514 63
1694442113169 -0.0017583208658578098 64
1694442113229 -0.0017580114535153957 65
1694442113288 -0.0017577019640473424 66
1694442113341 -0.0017573923974383288 67
1694442113399 -0.0017570827536728117 68
1694442113456 -0.0017567730327359143 69
1694442113501 -0.0017564632346118714 70
1694442113544 -0.0017561533592853618 71
1694442113585 -0.0017558434067423967 72
1694442113621 -0.001755533376967211 73
1694442113665 -0.0017552232699440395 74
1694442113711 -0.0017549130856584494 75
1694442113749 -0.0017546028240946754 76
1694442113796 -0.0017542924852380626 77
1694442113845 -0.0017539820690728458 78
1694442113893 -0.001753671575583926 79
1694442113936 -0.0017533610047562043 80
1694442113979 -0.0017530503565748035 81
1694442114026 -0.0017527396310241805 82
1694442114076 -0.0017524288280885703 83
1694442114134 -0.001752117947754206 84
1694442114170 -0.00175180699000399 85
1694442114206 -0.001751495954823712 86
1694442114242 -0.0017511848421980503 87
1694442114287 -0.0017508736521121282 88
1694442114330 -0.0017505623845499585 89
1694442114366 -0.0017502510394971083 90
1694442114402 -0.0017499396169373682 91
1694442114446 -0.0017496281168563055 92
1694442114501 -0.001749316539238377 93
1694442114551 -0.0017490048840684835 94
1694442114599 -0.0017486931513308601 95
1694442114658 -0.0017483813410108517 96
1694442114718 -0.0017480694530926932 97
1694442114784 -0.0017477574875619517 98
1694442114826 -0.0017474454444019738 99
1694442114880 -0.0017471333235989928 100
1694442114927 -0.0017468211251365773 101
1694442114971 -0.0017465088490000724 102
1694442115013 -0.001746196495173935 103
1694442115048 -0.0017458840636435102 104
1694442115081 -0.0017455715543925887 105
1694442115127 -0.0017452589674058494 106
1694442115162 -0.0017449463026690815 107
1694442115198 -0.0017446335601660756 108
1694442115236 -0.001744320739881955 109
1694442115277 -0.0017440078418011762 110
1694442115315 -0.0017436948659084184 111
1694442115364 -0.0017433818121885825 112
1694442115419 -0.0017430686806263473 113
1694442115458 -0.00174275547120617 114
1694442115507 -0.0017424421839131732 115
1694442115561 -0.001742128818731592 116
1694442115615 -0.0017418153756463273 117
1694442115655 -0.001741501854641836 118
1694442115694 -0.001741188255703019 119
1694442115735 -0.0017408745788147773 120
1694442115785 -0.0017405608239615677 121
1694442115857 -0.0017402469911274032 122
1694442115919 -0.0017399330802982949 123
1694442115964 -0.0017396190914575893 124
1694442116001 -0.0017393050245908537 125
1694442116052 -0.0017389908796823228 126
1694442116092 -0.0017386766567164536 127
1694442116150 -0.001738362355678369 128
1694442116225 -0.001738047976552748 129
1694442116315 -0.0017377335193238252 130
1694442116399 -0.001737418983976502 131
1694442116448 -0.001737104370495235 132
1694442116499 -0.0017367896788651471 133
1694442116537 -0.0017364749090702514 134
1694442116581 -0.0017361600610954486 135
1694442116621 -0.0017358451349251958 136
1694442116660 -0.0017355301305446158 137
1694442116696 -0.0017352150479377215 138
1694442116731 -0.001734899887089636 139
1694442116765 -0.001734584647984816 140
1694442116801 -0.0017342693306072743 141
1694442116841 -0.0017339539349430222 142
1694442116885 -0.0017336384609754063 143
1694442116922 -0.0017333229086893276 144
1694442116957 -0.001733007278069465 145
1694442116994 -0.0017326915691007194 146
1694442117030 -0.001732375781767992 147
1694442117086 -0.001732059916054185 148
1694442117143 -0.0017317439719453098 149
1694442117232 -0.0017314279494260454 150
1694442117271 -0.0017311118484804044 151
1694442117309 -0.00173079566909351 152
1694442117360 -0.001730479411250041 153
1694442117406 -0.0017301630749329 154
1694442117477 -0.0017298466601285423 155
1694442117525 -0.0017295301668212026 156
1694442117572 -0.0017292135949946719 157
1694442117615 -0.001728896944634295 158
1694442117661 -0.001728580215725195 159
1694442117695 -0.0017282634082493864 160
1694442117726 -0.0017279465221937684 161
1694442117778 -0.00172762955754302 162
1694442117812 -0.001727312514280488 163
1694442117868 -0.0017269953923919612 164
1694442117914 -0.0017266781918598983 165
1694442117972 -0.0017263609126707546 166
1694442118020 -0.0017260435548085429 167
1694442118075 -0.00172572611825772 168
1694442118116 -0.0017254086030031868 169
1694442118174 -0.001725091009028512 170
1694442118219 -0.001724773336319263 171
1694442118262 -0.0017244555848603405 172
1694442118316 -0.001724137754634203 173
1694442118362 -0.0017238198456270837 174
1694442118410 -0.0017235018578232175 175
1694442118473 -0.0017231837912070613 176
1694442118511 -0.001722865645763072 177
1694442118602 -0.0017225474214757064 178
1694442118665 -0.0017222291183298655 179
1694442118716 -0.001721910736309562 180
1694442118760 -0.001721592275399253 181
1694442118809 -0.0017212737355840613 182
1694442118863 -0.0017209551168482218 183
1694442118903 -0.0017206364191753032 184
1694442118941 -0.0017203176425517608 185
1694442118992 -0.001719998786959831 186
1694442119031 -0.001719679852385303 187
1694442119078 -0.0017193608388128556 188
1694442119114 -0.0017190417462267238 189
1694442119156 -0.0017187225746104762 190
1694442119193 -0.001718403323949902 191
1694442119228 -0.00171808399422968 192
1694442119263 -0.0017177645854322687 193
1694442119303 -0.0017174450975434574 194
1694442119350 -0.001717125530548147 195
1694442119385 -0.0017168058844303502 196
1694442119424 -0.001716486159174302 197
1694442119461 -0.001716166354764459 198
1694442119501 -0.0017158464711861665 199
1694442119558 -0.001715526508422549 200
1694442119635 -0.0017152064664591737 201
1694442119682 -0.0017148863452796093 202
1694442119732 -0.0017145661448689786 203
1694442119777 -0.0017142458652110726 204
1694442119834 -0.0017139255062912362 205
1694442119907 -0.001713605068092816 206
1694442119959 -0.0017132845506016015 207
1694442120032 -0.0017129639538007169 208
1694442120075 -0.0017126432776743972 209
1694442120127 -0.0017123225222084315 210
1694442120162 -0.0017120016873863886 211
1694442120222 -0.0017116807731936134 212
1694442120278 -0.0017113597796130087 213
1694442120325 -0.0017110387066299193 214
1694442120417 -0.0017107175542285802 215
1694442120504 -0.0017103963223936702 216
1694442120554 -0.0017100750111092022 217
1694442120609 -0.001709753620359633 218
1694442120643 -0.0017094321501291976 219
1694442120708 -0.0017091106004034629 220
1694442120758 -0.0017087889711653315 221
1694442120817 -0.0017084672623997044 222
1694442120858 -0.0017081454740912605 223
1694442120912 -0.0017078236062242347 224
1694442120954 -0.0017075016587826397 225
1694442121014 -0.0017071796317511545 226
1694442121051 -0.001706857525114458 227
1694442121096 -0.0017065353388561189 228
1694442121143 -0.0017062130729614822 229
1694442121215 -0.0017058907274143387 230
1694442121256 -0.0017055683021993673 231
1694442121313 -0.0017052457973003587 232
1694442121355 -0.001704923212702214 233
1694442121398 -0.001704600548389168 234
1694442121441 -0.0017042778043456774 235
1694442121485 -0.0017039549805557552 236
1694442121525 -0.0017036320770043023 237
1694442121570 -0.0017033090936751094 238
1694442121618 -0.0017029860305524114 239
1694442121675 -0.0017026628876213312 240
1694442121749 -0.0017023396648652156 241
1694442121845 -0.0017020163622694096 242
1694442121889 -0.0017016929798177038 243
1694442121935 -0.0017013695174945553 244
1694442121977 -0.0017010459752837548 245
1694442122021 -0.0017007223531704252 246
1694442122063 -0.0017003986511383573 247
1694442122110 -0.001700074869172452 248
1694442122155 -0.0016997510072562783 249
1694442122214 -0.0016994270653749588 250
1694442122267 -0.0016991030435120624 251
1694442122328 -0.00169877894165249 252
1694442122375 -0.0016984547597800326 253
1694442122424 -0.0016981304978791467 254
1694442122463 -0.0016978061559342894 255
1694442122512 -0.0016974817339296955 256
1694442122560 -0.0016971572318498218 257
1694442122604 -0.001696832649678237 258
1694442122649 -0.0016965079874002864 259
1694442122686 -0.0016961832449995384 260
1694442122739 -0.001695858422460228 261
1694442122778 -0.0016955335197674781 262
1694442122834 -0.0016952085369046355 263
1694442122888 -0.001694883473856379 264
1694442122942 -0.0016945583306067213 265
1694442123002 -0.0016942331071403416 266
1694442123044 -0.0016939078034412525 267
1694442123090 -0.0016935824194934668 268
1694442123139 -0.0016932569552821075 269
1694442123181 -0.0016929314107902993 270
1694442123242 -0.001692605786002943 271
1694442123283 -0.0016922800809042737 272
1694442123319 -0.001691954295478526 273
1694442123359 -0.0016916284297099349 274
1694442123395 -0.001691302483582735 275
1694442123447 -0.0016909764570807173 276
1694442123485 -0.0016906503501890047 277
1694442123535 -0.0016903241628911658 278
1694442123572 -0.0016899978951716577 279
1694442123622 -0.001689671547014493 280
1694442123670 -0.0016893451184043506 281
1694442123719 -0.0016890186093250215 282
1694442123768 -0.0016886920197609623 283
1694442123802 -0.001688365349696408 284
1694442123854 -0.0016880385991151492 285
1694442123893 -0.001687711768001865 286
1694442123942 -0.001687384856341012 287
1694442123982 -0.0016870578641161593 288
1694442124025 -0.0016867307913117635 289
1694442124093 -0.0016864036379118374 290
1694442124176 -0.001686076403901282 291
1694442124219 -0.001685749089263 292
1694442124262 -0.0016854216939827804 293
1694442124313 -0.0016850942180435258 294
1694442124370 -0.001684766661429915 295
1694442124411 -0.0016844390241264051 296
1694442124465 -0.0016841113061167867 297
1694442124510 -0.0016837835073850727 298
1694442124567 -0.0016834556279161639 299
1694442124616 -0.001683127667693407 300
1694442124667 -0.0016827996267017031 301
1694442124707 -0.0016824715049246208 302
1694442124754 -0.001682143302346617 303
1694442124806 -0.0016818150189514824 304
1694442124859 -0.001681486654724118 305
1694442124898 -0.0016811582096483146 306
1694442124950 -0.001680829683707863 307
1694442124991 -0.0016805010768874418 308
1694442125044 -0.00168017238917062 309
1694442125083 -0.0016798436205422984 310
1694442125133 -0.0016795147709860458 311
1694442125174 -0.001679185840486097 312
1694442125222 -0.001678856829026909 313
1694442125267 -0.0016785277365922724 314
1694442125338 -0.001678198563165978 315
1694442125394 -0.0016778693087335927 316
1694442125452 -0.0016775399732777974 317
1694442125492 -0.0016772105567830486 318
1694442125553 -0.0016768810592335814 319
1694442125596 -0.0016765514806131865 320
1694442125631 -0.0016762218209065427 321
1694442125686 -0.0016758920800976629 322
1694442125743 -0.0016755622581705598 323
1694442125785 -0.0016752323551092463 324
1694442125826 -0.001674902370897735 325
1694442125871 -0.001674572305520039 326
1694442125910 -0.001674242158960837 327
1694442125951 -0.0016739119312039197 328
1694442125996 -0.0016735816222333 329
1694442126049 -0.0016732512320327686 330
1694442126095 -0.0016729207605867824 331
1694442126138 -0.0016725902078797983 332
1694442126233 -0.0016722595738951629 333
1694442126312 -0.001671928858617333 334
1694442126363 -0.0016715980620300996 335
1694442126423 -0.0016712671841179194 336
1694442126486 -0.0016709362248648052 337
1694442126536 -0.0016706051842545477 338
1694442126577 -0.0016702740622713819 339
1694442126632 -0.0016699428588995424 340
1694442126689 -0.001669611574122598 341
1694442126773 -0.0016692802079252278 342
1694442126844 -0.0016689487602905562 343
1694442126902 -0.0016686172312039282 344
1694442126972 -0.0016682856206482466 345
1694442127032 -0.0016679539286086342 346
1694442127122 -0.0016676221550675496 347
1694442127205 -0.0016672903000105599 348
1694442127295 -0.0016669583634205676 349
1694442127350 -0.0016666263452835839 350
1694442127405 -0.001666294245580735 351
1694442127468 -0.0016659620642978101 352
1694442127538 -0.001665629801418822 353
1694442127609 -0.0016652974569275614 354
1694442127670 -0.001664965030807819 355
1694442127733 -0.0016646325230436076 356
1694442127799 -0.0016642999336196063 357
1694442127835 -0.0016639672625187174 358
1694442127893 -0.001663634509725842 359
1694442127932 -0.001663301675224993 360
1694442127979 -0.0016629687589995168 361
1694442128026 -0.0016626357610338705 362
1694442128063 -0.0016623026813122888 363
1694442128100 -0.0016619695198178963 364
1694442128133 -0.001661636276535372 365
1694442128172 -0.0016613786456503021 366
1694442128213 -0.001661120949546957 367
1694442128259 -0.001660863188212236 368
1694442128298 -0.0016606053616332606 369
1694442128340 -0.00166034746979693 370
1694442128395 -0.0016600895126903659 371
1694442128448 -0.0016598314903004674 372
1694442128493 -0.001659573402614578 373
1694442128544 -0.0016593152496193753 374
1694442128588 -0.0016590570313022024 375
1694442128646 -0.0016587987476497368 376
1694442128693 -0.0016585403986488778 377
1694442128745 -0.001658281984287191 378
1694442128791 -0.0016580235045511316 379
1694442128847 -0.001657764959428265 380
1694442128891 -0.0016575063489048247 381
1694442128939 -0.001657247672968376 382
1694442129004 -0.0016569889316053743 383
1694442129067 -0.001656730124803829 384
1694442129120 -0.0016564712525499736 385
1694442129169 -0.0016562123148304853 386
1694442129227 -0.0016559533116333736 387
1694442129293 -0.0016556942429444277 388
1694442129369 -0.0016554351087516572 389
1694442129419 -0.0016551759090412954 390
1694442129471 -0.0016549166438009077 391
1694442129511 -0.0016546573130169495 392
1694442129548 -0.0016543979166767642 393
1694442129590 -0.001654138454767029 394
1694442129631 -0.0016538789272753096 395
1694442129678 -0.001653619334187173 396
1694442129714 -0.001653359675491739 397
1694442129753 -0.0016530999511734645 398
1694442129796 -0.0016528401612212473 399
1694442129850 -0.0016525803056217647 400
1694442129905 -0.001652320384361028 401
1694442129955 -0.0016520603974266024 402
1694442130005 -0.0016518003448060536 403
1694442130054 -0.0016515402264842827 404
1694442130100 -0.0016512800424504093 405
1694442130149 -0.0016510197926906667 406
1694442130210 -0.0016507594771921763 407
1694442130259 -0.0016504990959405053 408
1694442130311 -0.0016502386489243293 409
1694442130367 -0.0016499781361296595 410
1694442130420 -0.0016497175575438394 411
1694442130479 -0.0016494569131535464 412
1694442130524 -0.0016491962029456797 413
1694442130583 -0.0016489354269075829 414
1694442130625 -0.001648674585025045 415
1694442130664 -0.0016484136772865199 416
1694442130709 -0.0016481527036780186 417
1694442130749 -0.0016478916641868846 418
1694442130785 -0.0016476305587993512 419
1694442130821 -0.0016473693875025397 420
1694442130872 -0.0016471081502837936 421
1694442130920 -0.0016468468471297903 422
1694442130960 -0.0016465854780274292 423
1694442131001 -0.0016463240429633874 424
1694442131037 -0.0016460625419252306 425
1694442131084 -0.00164580097489897 426
1694442131137 -0.0016455393418719488 427
1694442131195 -0.0016452776428306226 428
1694442131244 -0.0016450158777627788 429
1694442131309 -0.0016447540466550947 430
1694442131368 -0.0016444921494931375 431
1694442131419 -0.0016442301862649167 432
1694442131467 -0.0016439681569577758 433
1694442131520 -0.001643706061557726 434
1694442131572 -0.0016434439000518886 435
1694442131626 -0.001643181672426941 436
1694442131677 -0.0016429193786700047 437
1694442131724 -0.001642657018767979 438
1694442131778 -0.0016423945927075412 439
1694442131828 -0.0016421321004751466 440
1694442131884 -0.0016418695420588048 441
1694442131929 -0.001641606917444749 442
1694442131977 -0.0016413442266194345 443
1694442132019 -0.0016410814695699827 444
1694442132064 -0.001640818646283293 445
1694442132112 -0.0016405557567464868 446
1694442132155 -0.0016402928009460194 447
1694442132196 -0.00164002977886879 448
1694442132242 -0.0016397666905019204 449
1694442132291 -0.0016395035358314214 450
1694442132345 -0.0016392403148453027 451
1694442132406 -0.0016389770275295756 452
1694442132466 -0.0016387136738713615 453
1694442132522 -0.0016384502538575596 454
1694442132576 -0.0016381867674744033 455
1694442132632 -0.001637923214709458 456
1694442132686 -0.001637659595549401 457
1694442132733 -0.00163739590998091 458
1694442132777 -0.0016371321579906617 459
1694442132823 -0.001636868339566 460
1694442132870 -0.0016366044546924918 461
1694442132925 -0.0016363405033581468 462
1694442132976 -0.0016360764855496424 463
1694442133032 -0.0016358124012532116 464
1694442133080 -0.001635548250455976 465
1694442133125 -0.0016352840331450569 466
1694442133171 -0.0016350197493066876 467
1694442133222 -0.0016347553989277674 468
1694442133273 -0.00163449098199564 469
1694442133337 -0.0016342264984963162 470
1694442133406 -0.0016339619484171397 471
1694442133457 -0.0016336973317445658 472
1694442133510 -0.0016334326484654937 473
1694442133558 -0.001633167898566823 474
1694442133600 -0.0016329030820350088 475
1694442133642 -0.0016326381988569505 476
1694442133692 -0.0016323732490197695 477
1694442133737 -0.0016321082325099212 478
1694442133770 -0.0016318431493136387 479
1694442133808 -0.0016315779994187096 480
1694442133844 -0.0016313127828115892 481
1694442133886 -0.0016310474994785107 482
1694442133927 -0.0016307821494070396 483
1694442133962 -0.001630516732583187 484
1694442134020 -0.0016302512489942966 485
1694442134056 -0.0016299856986263794 486
1694442134129 -0.001629720081466779 487
1694442134192 -0.0016294543975019504 488
1694442134230 -0.0016291886467190153 489
1694442134280 -0.0016289228291044289 490
1694442134326 -0.0016286569446450905 491
1694442134386 -0.0016283909933272334 492
1694442134434 -0.001628124975138423 493
1694442134484 -0.0016278588900646707 494
1694442134528 -0.0016275927380928756 495
1694442134566 -0.0016273265192103814 496
1694442134602 -0.001627060233402533 497
1694442134637 -0.001626793880657118 498
1694442134674 -0.0016265274609608138 499
