1694436747241 -0.0016174625776392837 0
1694436747271 -0.0018074427026752993 1
1694436747298 -0.0019907710589213146 2
1694436747328 -0.0015748211486892316 3
1694436747355 -0.0016412631989444204 4
1694436747383 -0.0015021972474804635 5
1694436747413 -0.001571999238581201 6
1694436747456 -0.002092002795810677 7
1694436747497 -0.0018088613563647105 8
1694436747555 -0.0014823282907165947 9
1694436747604 -0.0015908258697232558 10
1694436747644 -0.0018450732580075346 11
1694436747677 -0.0015603673433297605 12
1694436747709 -0.0014902296262240267 13
1694436747741 -0.0017267846765134376 14
1694436747771 -0.0012434470522224572 15
1694436747803 -0.001475793456863439 16
1694436747835 -0.001312616949147083 17
1694436747866 -0.0013059761029334815 18
1694436747901 -0.0010767758088678914 19
1694436747933 -0.0013910285911511444 20
1694436747969 -0.0011779023522071608 21
1694436748004 -0.0014259459465708613 22
1694436748041 -0.0013474154226804647 23
1694436748078 -0.0014901733632233238 24
1694436748111 -0.0012833138501038288 25
1694436748146 -0.0015944797079310291 26
1694436748179 -0.0011959934343108714 27
1694436748216 -0.0013297106375704804 28
1694436748250 -0.001162087941537271 29
1694436748282 -0.0010959326434796246 30
1694436748318 -0.0009617147244185276 31
1694436748356 -0.0010207432632776126 32
1694436748390 -0.0010000150598159507 33
1694436748428 -0.0013458451444459119 34
1694436748473 -0.0010085977290752446 35
1694436748530 -0.0009304207142872833 36
1694436748583 -0.0009779120754143111 37
1694436748618 -0.0009422127821929749 38
1694436748654 -0.0008811761291886988 39
1694436748690 -0.000869084483946736 40
1694436748734 -0.0006830893797320492 41
1694436748770 -0.000941770092228067 42
1694436748809 -0.0009265759990368938 43
1694436748844 -0.0008126371821743916 44
1694436748886 -0.0006407780282919884 45
1694436748922 -0.0009963021755559076 46
1694436748962 -0.0007590275346176512 47
1694436749007 -0.0008995602043593287 48
1694436749048 -0.0005446905106414324 49
1694436749091 -0.0006297167298485729 50
1694436749136 -0.0005774918369079174 51
1694436749177 -0.0008685164212052232 52
1694436749218 -0.0008076491117940954 53
1694436749259 -0.0007589880629046419 54
1694436749294 -0.0003070212509885817 55
1694436749329 -0.0006185216609939648 56
1694436749361 -0.000292427471130674 57
1694436749399 -0.0004079806493586524 58
1694436749454 -0.0005562215347714172 59
1694436749494 -0.00023852603838836473 60
1694436749534 -0.000271803795238057 61
1694436749576 -3.128413929309737e-05 62
1694436749620 -0.0006914360469401082 63
1694436749656 -0.0003348971661840672 64
1694436749698 0.00012976765632533027 65
1694436749739 3.5791076678282074e-05 66
1694436749778 -0.00018763867382665111 67
1694436749818 -0.00031372225194536973 68
1694436749859 -0.00044450767258186197 69
1694436749902 -0.00044855333561399924 70
1694436749936 0.0001604309711741303 71
1694436749970 -0.00030343688914258315 72
1694436750007 -0.00023925380625744452 73
1694436750038 -0.00023998392059265683 74
1694436750070 4.588999583676756e-05 75
1694436750103 -0.00010419460376542844 76
1694436750134 6.366018903380954e-05 77
1694436750162 0.0002742988154457171 78
1694436750194 2.714762926259162e-05 79
1694436750227 -2.3253754214414002e-05 80
1694436750262 0.0004591723833038408 81
1694436750295 4.6345144054882326e-05 82
1694436750327 0.0003386816939773274 83
1694436750362 0.00043476186680935225 84
1694436750395 0.0007556407844734325 85
1694436750428 0.0003371890065053673 86
1694436750461 0.0003836699620797246 87
1694436750493 0.0002916470102957147 88
1694436750526 0.00025899524736994195 89
1694436750557 0.00030727495664284454 90
1694436750587 0.0005051879558629624 91
1694436750620 0.0006703679528353712 92
1694436750651 0.0005999715765674374 93
1694436750684 0.0011002833855739969 94
1694436750714 0.00022502262603485423 95
1694436750744 0.0007974342993377626 96
1694436750780 0.000871850023813181 97
1694436750812 0.0007410291539717839 98
1694436750844 0.0006982480329876806 99
1694436750879 0.0009822539110032613 100
1694436750912 0.0003564208008487446 101
1694436750942 0.00028647264600412115 102
1694436750972 0.0012613562273381396 103
1694436751001 0.0012941888271479352 104
1694436751031 0.0012839781100376646 105
1694436751059 0.0009810284779731004 106
1694436751088 0.0010109764330489268 107
1694436751118 0.0007425372837012167 108
1694436751149 0.0010310033074637515 109
1694436751179 0.001496509941478652 110
1694436751209 0.001788086391586785 111
1694436751241 0.001492153537155927 112
1694436751270 0.0007809426370452011 113
1694436751300 0.0008250711182870019 114
1694436751330 0.0017239799347052998 115
1694436751364 0.0016604352120466181 116
1694436751393 0.0010940524181399791 117
1694436751423 0.001349045397365467 118
1694436751451 0.002078543551359835 119
1694436751483 0.002006898593614026 120
1694436751512 0.0015973630770862446 121
1694436751542 0.0015231646440049262 122
1694436751572 0.00166594836167 123
1694436751601 0.002244952609271045 124
1694436751631 0.0020655155840384465 125
1694436751659 0.002037641325510653 126
1694436751688 0.001288064536480782 127
1694436751718 0.00199852585688598 128
1694436751750 0.002271306523238592 129
1694436751785 0.00217774827807371 130
1694436751818 0.0021616283334805475 131
1694436751849 0.0018763474720085993 132
1694436751880 0.0021675930797154797 133
1694436751910 0.002485493606386502 134
1694436751936 0.0019311296696842284 135
1694436751966 0.0020470213469487852 136
1694436751997 0.0023077223917999934 137
1694436752028 0.002001808577460795 138
1694436752059 0.0029793021566889566 139
1694436752093 0.0022936889622873213 140
1694436752128 0.003028269817788032 141
1694436752164 0.0025166295632113034 142
1694436752200 0.003039884045440311 143
1694436752241 0.0028961305050556607 144
1694436752290 0.002911046786980953 145
1694436752334 0.0026007376869608967 146
1694436752383 0.002534727648949575 147
1694436752421 0.002654548896269704 148
1694436752456 0.0038023513129270547 149
1694436752495 0.002425277443034335 150
1694436752530 0.002798605963532097 151
1694436752562 0.0026909180118669385 152
1694436752597 0.0029664631160397636 153
1694436752630 0.00356365588175922 154
1694436752660 0.0028885115982333343 155
1694436752688 0.0037380240600296544 156
1694436752720 0.002669383450030982 157
1694436752752 0.002468621287618933 158
1694436752783 0.003684804893558491 159
1694436752816 0.004167614269588893 160
1694436752844 0.004043601729182611 161
1694436752873 0.004063115258704397 162
1694436752904 0.002998409246978806 163
1694436752935 0.003114012464146998 164
1694436752967 0.004139775189749728 165
1694436753018 0.004030945425183452 166
1694436753056 0.0032459562562101585 167
1694436753094 0.003076841926479501 168
1694436753127 0.004374776537404923 169
1694436753157 0.0034572499179568172 170
1694436753190 0.0038636975106383087 171
1694436753230 0.0039033361325383487 172
1694436753280 0.0034751655017412064 173
1694436753343 0.0037513550223510217 174
1694436753393 0.004626230111967389 175
1694436753444 0.0032027019430833636 176
1694436753489 0.003977863445673302 177
1694436753546 0.004768945816395642 178
1694436753592 0.0047643740010892 179
1694436753637 0.004485414446921521 180
1694436753674 0.004287886058433221 181
1694436753710 0.004602218228011212 182
1694436753741 0.005411026757011439 183
1694436753774 0.004801673236767057 184
1694436753808 0.004659326070324266 185
1694436753840 0.004870022248039563 186
1694436753876 0.0053333078007317125 187
1694436753914 0.004350700081870107 188
1694436753944 0.004622540710165435 189
1694436753971 0.005810580301175539 190
1694436754003 0.004727236949960689 191
1694436754036 0.0056676236908207445 192
1694436754069 0.005075349430984977 193
1694436754105 0.005716346381979931 194
1694436754137 0.004786098731433208 195
1694436754182 0.004667008242114523 196
1694436754213 0.0056919381178546224 197
1694436754250 0.005404950074770487 198
1694436754281 0.007079265400250834 199
1694436754312 0.005442923258707433 200
1694436754341 0.00562283473262748 201
1694436754370 0.00616342674728565 202
1694436754401 0.0059114385150363935 203
1694436754433 0.006084966119836666 204
1694436754466 0.006853945503218273 205
1694436754495 0.005162614355518791 206
1694436754528 0.005637198659241505 207
1694436754559 0.005807830380572199 208
1694436754586 0.005917418996427726 209
1694436754617 0.006400837342448451 210
1694436754648 0.0057755810335491375 211
1694436754678 0.0068156510665356995 212
1694436754713 0.006094577713315896 213
1694436754752 0.005643348947195537 214
1694436754788 0.006570539357521721 215
1694436754820 0.006564933912565629 216
1694436754852 0.006728191792493399 217
1694436754881 0.006762250484230625 218
1694436754911 0.0070703770608262495 219
1694436754945 0.007014515519269793 220
1694436754975 0.0072095008334222 221
1694436755006 0.007444220568325943 222
1694436755039 0.0071443531012520545 223
1694436755068 0.008592154626926751 224
1694436755097 0.006910759246392173 225
1694436755126 0.0064701208280447675 226
1694436755158 0.007233533913264645 227
1694436755186 0.007449646531808685 228
1694436755216 0.007817799646019585 229
1694436755256 0.0062569967175942764 230
1694436755302 0.007269716241968371 231
1694436755347 0.00841302351503781 232
1694436755390 0.007733964555973527 233
1694436755431 0.006060172115258555 234
1694436755465 0.008313319256627594 235
1694436755498 0.007843701215393128 236
1694436755530 0.007217095064238399 237
1694436755561 0.009126924047682228 238
1694436755593 0.007964863163573699 239
1694436755620 0.007297073144835742 240
1694436755649 0.007712090364219715 241
1694436755677 0.008159953612495219 242
1694436755710 0.008291220402689703 243
1694436755740 0.007771062104850457 244
1694436755771 0.009059200084605923 245
1694436755803 0.009450362411799307 246
1694436755832 0.009759030732766627 247
1694436755862 0.00799164990486878 248
1694436755891 0.009320285413085494 249
1694436755920 0.008727020160786858 250
1694436755950 0.008650844627892118 251
1694436755984 0.008722467340921858 252
1694436756014 0.01155335611757502 253
1694436756044 0.008785855307128165 254
1694436756071 0.007412295335765151 255
1694436756102 0.008878653177679663 256
1694436756134 0.010481762350664892 257
1694436756166 0.01159035685526899 258
1694436756197 0.009857265252044778 259
1694436756226 0.010285919115263886 260
1694436756256 0.009642046789183678 261
1694436756287 0.011028335524668642 262
1694436756315 0.009558822149248414 263
1694436756347 0.009019010058624377 264
1694436756379 0.00935215528806388 265
1694436756409 0.008947101836490612 266
1694436756438 0.01002848035287407 267
1694436756467 0.010476690142922407 268
1694436756499 0.010334183029854116 269
1694436756530 0.011905224449734186 270
1694436756561 0.010653935107271528 271
1694436756594 0.013378536213483061 272
1694436756622 0.011499934436469128 273
1694436756654 0.009303896233399667 274
1694436756685 0.009055862531858194 275
1694436756713 0.011302762580384651 276
1694436756744 0.012237643354251593 277
1694436756778 0.01045547191944396 278
1694436756806 0.008285911584013816 279
1694436756838 0.012049650027859182 280
1694436756869 0.009262433102841139 281
1694436756900 0.012650991943368939 282
1694436756931 0.012615434692221594 283
1694436756964 0.01115447151529414 284
1694436756993 0.012186278544374929 285
1694436757026 0.014121086611164957 286
1694436757059 0.011273591535563177 287
1694436757093 0.013168462029376493 288
1694436757123 0.010606115492046486 289
1694436757154 0.010573162806266856 290
1694436757185 0.01497730607179637 291
1694436757222 0.011215656673808305 292
1694436757271 0.009255697287332665 293
1694436757318 0.009750745492190127 294
1694436757375 0.013928355746765653 295
1694436757422 0.012253433414129322 296
1694436757462 0.013441162481017122 297
1694436757510 0.012227295637154745 298
1694436757565 0.012532208251145982 299
1694436757651 0.012743828310052496 300
1694436757725 0.010979433446254183 301
1694436757766 0.01268962964167264 302
1694436757800 0.012771582784658397 303
1694436757831 0.010507991063984812 304
1694436757859 0.011572952408426929 305
1694436757888 0.013830510825125764 306
1694436757921 0.01321420760140568 307
1694436757951 0.014939227310790448 308
1694436757984 0.012166517690039402 309
1694436758015 0.011274286636595576 310
1694436758046 0.015571828783493835 311
1694436758083 0.013825907345106025 312
1694436758120 0.01490632810434911 313
1694436758155 0.013723214114754634 314
1694436758191 0.01336872546964063 315
1694436758228 0.014469163526423912 316
1694436758262 0.010169633659565358 317
1694436758294 0.011617137341187411 318
1694436758322 0.011541875137452862 319
1694436758357 0.013134098076097889 320
1694436758388 0.01413421031365214 321
1694436758418 0.01215438407167535 322
1694436758450 0.015062376580034731 323
1694436758485 0.015633619692652645 324
1694436758517 0.014948174672498316 325
1694436758549 0.01594509735342886 326
1694436758584 0.014446403676501407 327
1694436758617 0.01486409416407819 328
1694436758648 0.01578292827073824 329
1694436758679 0.01445939855178735 330
1694436758711 0.012788035975722756 331
1694436758742 0.014943327899674896 332
1694436758770 0.014819713235920462 333
1694436758801 0.015398501099036732 334
1694436758833 0.01675594126694202 335
1694436758865 0.016802389572577958 336
1694436758896 0.01656718505904109 337
1694436758927 0.015311421404238246 338
1694436758962 0.016098504308160733 339
1694436758994 0.015573710922971551 340
1694436759030 0.014736489634199601 341
1694436759064 0.013395218777242701 342
1694436759100 0.015617359675904385 343
1694436759127 0.01495563301061087 344
1694436759157 0.01655589339841046 345
1694436759187 0.01695579430970895 346
1694436759217 0.020622795920369086 347
1694436759248 0.01648498096143114 348
1694436759279 0.01598740042273339 349
1694436759307 0.014878711648444787 350
1694436759337 0.018368405378560215 351
1694436759369 0.016920197203702858 352
1694436759399 0.018356059748903863 353
1694436759429 0.017988447637475757 354
1694436759457 0.018987178403731764 355
1694436759485 0.01662810405265258 356
1694436759514 0.01605266008760875 357
1694436759544 0.017938460485179553 358
1694436759575 0.01886049145420099 359
1694436759607 0.014748431110715443 360
1694436759636 0.01719195975171528 361
1694436759666 0.021292246737528164 362
1694436759702 0.0189310827188649 363
1694436759737 0.015363872483077023 364
1694436759771 0.017032574205916085 365
1694436759808 0.021776449810519627 366
1694436759843 0.017856718578070585 367
1694436759877 0.01640520388397959 368
1694436759909 0.0204041517387773 369
1694436759939 0.019584374523484605 370
1694436759970 0.019850230264392477 371
1694436759998 0.0184016014105568 372
1694436760029 0.015651758728571274 373
1694436760063 0.01860421919718258 374
1694436760093 0.017071905800653098 375
1694436760122 0.01650907151921366 376
1694436760153 0.017873284303742687 377
1694436760185 0.02021313611822262 378
1694436760213 0.020557058195448064 379
1694436760244 0.019938624459042376 380
1694436760273 0.015863609868513873 381
1694436760307 0.018203868548516966 382
1694436760344 0.020474725326638188 383
1694436760389 0.021177303024732308 384
1694436760433 0.020692904897648412 385
1694436760481 0.02140379034453821 386
1694436760531 0.020082265785344555 387
1694436760573 0.019041676237654293 388
1694436760619 0.022365390177654265 389
1694436760662 0.017724705506098393 390
1694436760709 0.022984734955400876 391
1694436760748 0.020983893542075305 392
1694436760792 0.02080834360716699 393
1694436760830 0.01966258144312849 394
1694436760864 0.01918042416148813 395
1694436760898 0.02247815590352631 396
1694436760932 0.024159249689997497 397
1694436760970 0.021817117345886206 398
1694436761019 0.020186591986354974 399
1694436761066 0.02276439529809393 400
1694436761109 0.018898343908567372 401
1694436761146 0.02166012925475347 402
1694436761187 0.021750859487420504 403
1694436761224 0.020353196745485302 404
1694436761260 0.02204344206540354 405
1694436761291 0.01872209749875431 406
1694436761322 0.023311040584921394 407
1694436761360 0.019878420933055807 408
1694436761395 0.027357601783659424 409
1694436761430 0.025785355817834588 410
1694436761459 0.022900049494141705 411
1694436761487 0.0265387662978106 412
1694436761518 0.024508993760152475 413
1694436761548 0.025810403495609036 414
1694436761580 0.021952883632709086 415
1694436761615 0.02322057311330572 416
1694436761651 0.01763432762030792 417
1694436761703 0.020170538868452326 418
1694436761750 0.02137339572250918 419
1694436761797 0.022448545732409286 420
1694436761841 0.022273118542654347 421
1694436761876 0.02186840896573461 422
1694436761912 0.023336333782790986 423
1694436761945 0.019561526783558936 424
1694436761975 0.023710223028332256 425
1694436762010 0.01990567617706207 426
1694436762040 0.017611991945119088 427
1694436762070 0.023332340422776432 428
1694436762099 0.026420586900290255 429
1694436762128 0.025934928531077928 430
1694436762161 0.026764293011665385 431
1694436762192 0.024363232243433508 432
1694436762225 0.024178188213369367 433
1694436762258 0.025366243623076823 434
1694436762285 0.022887058591414156 435
1694436762315 0.026778222083678305 436
1694436762346 0.021974541330892383 437
1694436762376 0.024404323152874885 438
1694436762406 0.023345293619497554 439
1694436762436 0.02270462708764054 440
1694436762466 0.02341187289808666 441
1694436762497 0.02426150862907006 442
1694436762529 0.024411753202874253 443
1694436762559 0.02828825758703213 444
1694436762588 0.02456434671977914 445
1694436762620 0.025396300329094235 446
1694436762656 0.027738879148853757 447
1694436762712 0.025373724175946744 448
1694436762765 0.026173233563284826 449
1694436762806 0.024904547225277796 450
1694436762843 0.02562303982068337 451
1694436762888 0.026805496962296504 452
1694436762926 0.026950302361557155 453
1694436762968 0.02414310026558597 454
1694436763003 0.030666234212970322 455
1694436763043 0.025511870718539997 456
1694436763083 0.02793903784364704 457
1694436763136 0.023770529897187198 458
1694436763179 0.02409330400402432 459
1694436763215 0.027219491165902054 460
1694436763254 0.023974036446499092 461
1694436763302 0.026336441868845206 462
1694436763344 0.027216220184851925 463
1694436763416 0.025216338711080755 464
1694436763475 0.025755269509846968 465
1694436763530 0.02360068983649266 466
1694436763601 0.027429534636948083 467
1694436763633 0.02402953736546176 468
1694436763672 0.027628500702079006 469
1694436763722 0.02676196113201712 470
1694436763763 0.028328309995931167 471
1694436763807 0.02577957612062709 472
1694436763846 0.028192054934917388 473
1694436763898 0.02996977519694133 474
1694436763947 0.030129984829834977 475
1694436763985 0.03049451766244582 476
1694436764017 0.03306788110353365 477
1694436764048 0.02858534506754984 478
1694436764078 0.027259112262829066 479
1694436764111 0.03048764892551603 480
1694436764148 0.02697848438483097 481
1694436764183 0.029677426590369316 482
1694436764212 0.028999816972547277 483
1694436764246 0.029344396104746817 484
1694436764298 0.0294571520920911 485
1694436764340 0.027050502824449207 486
1694436764392 0.02791987839884036 487
1694436764431 0.03260031856845913 488
1694436764461 0.028716657912401855 489
1694436764488 0.034009527729601974 490
1694436764517 0.029791498593061738 491
1694436764547 0.030082030875181465 492
1694436764578 0.028569822794319633 493
1694436764609 0.028901798418460856 494
1694436764638 0.028919702730819452 495
1694436764673 0.032662714442058594 496
1694436764716 0.027249696253606515 497
1694436764776 0.029574754106676426 498
1694436764817 0.029277550348717152 499
