1694444351328 -0.0004257357186967514 0
1694444351359 -0.0001740248112691578 1
1694444351389 -0.000696081323723563 2
1694444351421 -0.00027879192402213704 3
1694444351452 -0.0006455888125236342 4
1694444351484 -0.0005842908170503591 5
1694444351515 -0.0004034194095516863 6
1694444351552 -0.0003205584958454466 7
1694444351595 -0.0005532617150274532 8
1694444351634 -0.0003974965938673414 9
1694444351669 -0.00034942024032114105 10
1694444351701 -0.0005678758123210947 11
1694444351732 -0.0006820344849420845 12
1694444351764 4.9042839441737485e-06 13
1694444351795 -0.0004275458480302863 14
1694444351826 -0.0005421818160848968 15
1694444351857 -0.00042780444710399657 16
1694444351889 -0.000580312021944529 17
1694444351920 -0.00040607490180000205 18
1694444351951 -0.0003649309325379768 19
1694444351982 -0.00040870836590700677 20
1694444352014 -0.0007067060598326957 21
1694444352047 -0.00035961486455393654 22
1694444352077 -0.00030685292976273537 23
1694444352109 -0.00046567213360471094 24
1694444352142 -0.00020455173735833831 25
1694444352175 -0.0005266871979858756 26
1694444352209 -0.0004398973221069191 27
1694444352243 -0.0004960697934111025 28
1694444352279 -0.0005766831587166177 29
1694444352316 -0.0005669023720236144 30
1694444352351 -0.0006359326876452798 31
1694444352384 -0.0005158973023851043 32
1694444352418 -0.00031088226101116945 33
1694444352453 -0.0002957164652166444 34
1694444352486 -0.00024626984334674695 35
1694444352523 -0.0001364072966942853 36
1694444352562 -0.0007030539365111554 37
1694444352597 -0.000732772784359792 38
1694444352632 -0.00035782839114406606 39
1694444352668 -0.00028106002518435425 40
1694444352702 -0.0005639821322207528 41
1694444352737 -0.000642345065305916 42
1694444352769 -0.0007452075564922112 43
1694444352803 -0.0004940053757354068 44
1694444352834 -0.0006066379863738369 45
1694444352866 -0.0005249118596801772 46
1694444352898 -0.00033056820307475476 47
1694444352929 7.28909469319694e-05 48
1694444352961 -0.00031260056215254295 49
1694444352993 -0.0004337621993621976 50
1694444353023 -0.0005959856497494975 51
1694444353055 -0.0004090551705615564 52
1694444353086 -0.0004349230456770492 53
1694444353119 -0.0003097541309087237 54
1694444353152 -0.00045923704179462455 55
1694444353184 -0.0004134679231690974 56
1694444353216 -0.0004219076553009238 57
1694444353248 -0.00046191257723227075 58
1694444353277 -0.00028853137892936864 59
1694444353309 -0.0006439041824819469 60
1694444353340 -0.0005617975446639001 61
1694444353371 -0.00039298785500951894 62
1694444353403 -0.0005695130099356849 63
1694444353436 -0.00019990363278310497 64
1694444353466 -0.00042804972637178196 65
1694444353497 8.925678667603965e-05 66
1694444353527 1.467939704358212e-05 67
1694444353558 -0.0002561199123432001 68
1694444353588 -0.00036829610841282445 69
1694444353617 -0.0004062973615746035 70
1694444353649 -0.00045523234486566366 71
1694444353678 -8.068461228849522e-05 72
1694444353710 -0.0002574908411396848 73
1694444353742 -0.00041290896216206185 74
1694444353773 -0.0002393949760013392 75
1694444353804 -0.00033799031942627344 76
1694444353837 -0.0004657290656391311 77
1694444353869 -0.00013236646497705173 78
1694444353900 -0.0006249511050706591 79
1694444353931 -0.0003191721068818154 80
1694444353964 -0.00045655092910057427 81
1694444353996 -0.0005670716839911716 82
1694444354027 -6.785022746247371e-05 83
1694444354058 -0.00010710348833264938 84
1694444354089 -0.0002950988444745395 85
1694444354120 -0.0006091850653362485 86
1694444354153 -0.0001571077035349422 87
1694444354183 -0.0003345273969082019 88
1694444354215 -0.00010716331574944782 89
1694444354249 -0.00031445586632039557 90
1694444354281 -0.00013914047933871743 91
1694444354313 -0.00047278719627930066 92
1694444354344 -0.00035567763590171886 93
1694444354375 -0.00045061233168941506 94
1694444354406 -0.00021721903880322913 95
1694444354437 -0.00031080577659925446 96
1694444354468 -0.0004454209795616837 97
1694444354500 -0.0002060986002805354 98
1694444354533 -0.0003450388822578976 99
1694444354563 -0.0004838735419503415 100
1694444354594 -0.0001893528592824545 101
1694444354625 -0.0006678068220047351 102
1694444354657 -0.00020051926423092503 103
1694444354690 -0.0004331559898498316 104
1694444354721 -0.0007120385158971843 105
1694444354752 -0.00023185536115177818 106
1694444354783 -0.0003260372826623392 107
1694444354814 -0.0004630623852557303 108
1694444354843 -0.0005513025500507585 109
1694444354875 -0.00039163850282020185 110
1694444354906 -0.00017189011582074976 111
1694444354937 -0.0003567555205938877 112
1694444354970 -0.000156322270266962 113
1694444355001 -0.00028156153513525517 114
1694444355034 -0.0003357356113573573 115
1694444355065 -0.00030024633500169706 116
1694444355096 -0.00012621153637426552 117
1694444355128 -0.0002873196906776343 118
1694444355162 -0.0004478960502094509 119
1694444355192 -0.0003466815312163085 120
1694444355223 -0.00047822439137612527 121
1694444355255 -0.00016036431883104107 122
1694444355287 -0.0003177978911230728 123
1694444355320 -0.00036006933438481603 124
1694444355351 -0.0002795458555491237 125
1694444355384 -0.00016230245871984295 126
1694444355414 -0.0002112000158178695 127
1694444355444 -0.00018832811006652683 128
1694444355478 -0.0005175698271433493 129
1694444355511 -0.0003905397954708789 130
1694444355543 -0.0004104954270938155 131
1694444355573 -0.0002306566897105622 132
1694444355605 -0.00020414533031010151 133
1694444355639 -0.00023410219911457197 134
1694444355675 -0.0003130124041850202 135
1694444355706 -0.0002597812619091755 136
1694444355737 -0.0002939637734731271 137
1694444355769 -0.0002443082173637645 138
1694444355802 -0.00020923072329037673 139
1694444355832 -0.0001736184070688651 140
1694444355864 -2.2899091531192184e-05 141
1694444355895 -8.491643846686436e-05 142
1694444355928 -0.00030875152990406107 143
1694444355960 -0.00029459812415599806 144
1694444355991 -0.00020140916483213367 145
1694444356022 -0.0003293927113789952 146
1694444356053 -0.0002633482764808903 147
1694444356084 -0.00015380707833734242 148
1694444356115 -0.00012597877969766635 149
1694444356147 -0.0003237226163455009 150
1694444356180 2.4866030709724818e-05 151
1694444356214 -0.0005638831902212704 152
1694444356243 -0.00013076887753449284 153
1694444356274 2.9999353860499234e-05 154
1694444356305 -0.000307762994024241 155
1694444356336 -0.00029494129649365597 156
1694444356369 -0.00019231347418191547 157
1694444356399 -0.00035616099182700367 158
1694444356430 8.30107635461097e-05 159
1694444356464 -0.00026586731031597033 160
1694444356494 -0.00023536898940124118 161
1694444356526 -1.0550296746902887e-05 162
1694444356556 5.176044835009108e-05 163
1694444356587 -0.000449796903144728 164
1694444356618 -7.736942614378073e-05 165
1694444356655 -0.00028273619505503333 166
1694444356694 -0.00023354511519291243 167
1694444356726 -0.0002642889653283742 168
1694444356757 -0.00017854394101601834 169
1694444356788 -0.000316699467616921 170
1694444356817 -0.00021313133843126053 171
1694444356849 -0.00024259829149442247 172
1694444356881 -0.00032173881919739244 173
1694444356914 -0.00010926678798206524 174
1694444356945 -0.00025023323992678925 175
1694444356978 -0.00021294495220414156 176
1694444357009 -0.0003362239711672821 177
1694444357039 -0.00016492578883919862 178
1694444357071 0.00013715560168059415 179
1694444357103 -4.5066869987175906e-05 180
1694444357133 -0.00027126165382784784 181
1694444357166 -0.00014849864735300145 182
1694444357196 -0.00021302294994240967 183
1694444357229 -0.00017226209013210259 184
1694444357261 -0.00029016261665848475 185
1694444357292 7.907738185841673e-05 186
1694444357322 -0.00012037916144880256 187
1694444357353 -0.0004017674682428307 188
1694444357385 -2.9525542421193762e-05 189
1694444357417 -9.632510979407094e-05 190
1694444357447 -0.00018282461035967756 191
1694444357478 -0.00015387551498280416 192
1694444357509 -0.0004648737194039576 193
1694444357539 -0.00038263321105436177 194
1694444357571 -0.00010492650014359839 195
1694444357602 -0.00031761115053363653 196
1694444357635 -0.0003912424947400961 197
1694444357667 -0.0004023388823000129 198
1694444357701 -2.6653740002213766e-05 199
1694444357737 8.483816527293797e-06 200
1694444357772 -0.00032427126373812953 201
1694444357804 4.599898280022163e-05 202
1694444357836 -0.00020688779691080406 203
1694444357865 7.3897683947610204e-06 204
1694444357896 -0.00017776672661495851 205
1694444357926 -5.524291672620585e-05 206
1694444357957 -0.00012216752293947586 207
1694444357990 -0.00032826605844449297 208
1694444358023 -0.00015743089255182419 209
1694444358055 7.940089235769499e-06 210
1694444358087 0.00017655739568089857 211
1694444358118 -0.0003772399852466357 212
1694444358151 -0.00020362678212682006 213
1694444358181 -0.000251180725863831 214
1694444358212 -0.0003352293308573895 215
1694444358242 -2.7565348443836513e-06 216
1694444358275 -0.0005403915420598704 217
1694444358305 -0.00013563673604188864 218
1694444358337 -0.00046340756331808564 219
1694444358370 -0.00026189333699533357 220
1694444358402 -2.29531508804115e-05 221
1694444358433 -1.0539473133341914e-05 222
1694444358462 -3.6727288040605544e-05 223
1694444358494 -0.00028809452518374634 224
1694444358525 5.475855604775148e-05 225
1694444358557 -2.0636775219573522e-05 226
1694444358589 -0.00020398360937834425 227
1694444358624 -8.453817944609199e-05 228
1694444358658 0.00012895764918774422 229
1694444358690 -4.8919595484919753e-05 230
1694444358723 -0.0002419676596401299 231
1694444358755 -0.00021939317569241723 232
1694444358787 0.00014282332738657644 233
1694444358820 -1.3764181486353166e-05 234
1694444358854 -0.0004751116046517456 235
1694444358890 0.0003706899275340847 236
1694444358922 0.00015254253529506379 237
1694444358958 -0.0001597546850791165 238
1694444358997 6.368119602395694e-05 239
1694444359029 6.407536288643989e-05 240
1694444359064 0.0001288390785577631 241
1694444359099 7.30550572356492e-05 242
1694444359134 -0.0002681881226620497 243
1694444359168 4.543713026927687e-05 244
1694444359203 -0.0003091164486528353 245
1694444359238 6.533129939390037e-05 246
1694444359271 -8.097557369501907e-05 247
1694444359307 -1.0121962929376949e-05 248
1694444359341 -5.2778068596603944e-05 249
1694444359376 0.00013697937222056922 250
1694444359414 4.607758545016605e-05 251
1694444359448 0.00014931031270259965 252
1694444359479 3.7124048665182485e-05 253
1694444359515 0.00015839757229396678 254
1694444359551 -0.00018350957813684232 255
1694444359584 -0.00020589583564456504 256
1694444359617 3.510024557185076e-05 257
1694444359655 5.004308036149485e-05 258
1694444359688 -0.00015927720482467045 259
1694444359722 -5.0852007586588144e-05 260
1694444359754 -0.00038745239868687165 261
1694444359788 -0.0002059259873841146 262
1694444359821 5.499641247630471e-05 263
1694444359852 -7.540720233034648e-05 264
1694444359887 -0.00032433376420648585 265
1694444359920 -0.00030692701771806163 266
1694444359950 0.00024022548155766543 267
1694444359984 -8.357155220650725e-05 268
1694444360018 -0.00010374198302032234 269
1694444360051 -7.210360508858038e-05 270
1694444360084 0.00016120852617396153 271
1694444360116 -4.3658839028459795e-06 272
1694444360146 -6.205618917087818e-05 273
1694444360182 -8.888465113487953e-06 274
1694444360215 0.00011562554735300434 275
1694444360250 -0.0001242930445093382 276
1694444360280 4.3696761788059035e-05 277
1694444360312 0.00010486668499676277 278
1694444360342 -0.00015135743706951033 279
1694444360373 -1.36256598253226e-05 280
1694444360403 0.00033669530402757886 281
1694444360435 0.00011753445664819395 282
1694444360466 0.00012748710261123453 283
1694444360498 -0.0001696981790377805 284
1694444360528 0.0002435921695895793 285
1694444360561 5.324298391218285e-05 286
1694444360593 -4.825400097940857e-05 287
1694444360625 -2.5420384014873676e-05 288
1694444360658 4.4561742261972626e-05 289
1694444360691 8.238618318556767e-06 290
1694444360724 -0.00013226578621772234 291
1694444360756 4.89830595196139e-05 292
1694444360788 -0.0003396984080565879 293
1694444360819 0.000180266814074459 294
1694444360853 9.139472673191928e-05 295
1694444360883 4.2705890446637085e-05 296
1694444360913 -1.983413126427358e-05 297
1694444360941 5.833322750181669e-05 298
1694444360974 -5.981632927642977e-05 299
1694444361006 -0.00018490460300091272 300
1694444361036 0.00010896035307850216 301
1694444361067 0.00013755445642571473 302
1694444361099 0.00015730038153738413 303
1694444361130 0.00045081631178212067 304
1694444361164 5.814766002454341e-05 305
1694444361196 -0.00040721123395259795 306
1694444361227 0.0002078938207762393 307
1694444361259 0.0003292836983675995 308
1694444361291 -0.0003697811943181861 309
1694444361326 -0.00032481313304710824 310
1694444361358 0.0003254903965355105 311
1694444361388 -0.00016881735765128525 312
1694444361420 7.905940650454468e-05 313
1694444361451 -0.00026638206910756246 314
1694444361481 0.00042103248661928827 315
1694444361514 0.0002911289997861166 316
1694444361547 0.0002434802159522187 317
1694444361585 -0.000188783816612359 318
1694444361621 0.00029768031879340295 319
1694444361658 -9.757052921544052e-05 320
1694444361690 -0.00020809684637090875 321
1694444361721 0.0003614937330191914 322
1694444361754 6.173353185245922e-05 323
1694444361785 0.0002878832166682832 324
1694444361816 -9.119642304544762e-05 325
1694444361847 0.00017386942557018337 326
1694444361876 -0.00030668605835937335 327
1694444361907 2.535571842365858e-05 328
1694444361940 0.00014831335004616975 329
1694444361971 0.0001981443533399796 330
1694444362004 -0.00013895377609629556 331
1694444362035 9.74707900250893e-05 332
1694444362066 4.1460748146038284e-05 333
1694444362097 -9.310979273546849e-05 334
1694444362128 0.0003845838643121713 335
1694444362164 0.00018098595132820527 336
1694444362194 0.0006494332071644848 337
1694444362228 0.00047212165701970843 338
1694444362262 0.000432897991587633 339
1694444362294 0.0003317236479941643 340
1694444362327 0.0002875653005373069 341
1694444362359 -1.803609324713129e-05 342
1694444362392 0.0004365889219867247 343
1694444362423 5.935152854963377e-05 344
1694444362454 0.0003126125356049947 345
1694444362487 0.0003303661261674362 346
1694444362519 0.00012455482478312963 347
1694444362552 -0.00012572607839000938 348
1694444362584 2.3807617655746682e-05 349
1694444362615 3.2036030382265324e-05 350
1694444362648 0.00019617155272955156 351
1694444362678 0.00025439279479533283 352
1694444362710 0.0004600910671307412 353
1694444362741 0.000346874066202707 354
1694444362773 8.555466503856746e-05 355
1694444362806 0.0002857189164716667 356
1694444362839 -3.0355863545938888e-05 357
1694444362871 0.0005777278538012798 358
1694444362902 0.0001453594271624281 359
1694444362933 0.00016376439883492022 360
1694444362965 0.00032801225022716096 361
1694444362995 0.00044887094062806554 362
1694444363028 3.207290868767476e-05 363
1694444363060 6.881099770017496e-05 364
1694444363090 -4.0323417719978494e-05 365
1694444363123 0.0004343467552267999 366
1694444363159 0.0004662254449104841 367
1694444363192 0.0004384452910149994 368
1694444363224 0.0004945455066038829 369
1694444363255 0.00029644892214564234 370
1694444363284 -4.3653174615077006e-05 371
1694444363317 0.0004524732714819013 372
1694444363348 0.0003689572035477928 373
1694444363381 0.0001976810077333191 374
1694444363414 0.00032501296285369907 375
1694444363445 0.00029299294209261806 376
1694444363476 0.00018537062998502662 377
1694444363509 7.74156723828412e-05 378
1694444363540 0.0002784382153880882 379
1694444363571 0.00031296946005376913 380
1694444363602 4.700178005001554e-05 381
1694444363631 0.0003778619943449746 382
1694444363667 -0.00011940499658491532 383
1694444363697 -6.227011918458203e-05 384
1694444363728 -7.568943231084369e-05 385
1694444363758 0.0005136400614634828 386
1694444363789 0.0002688269607322713 387
1694444363820 0.0003245048765606606 388
1694444363851 0.0003221853813639708 389
1694444363882 0.00043439159640923375 390
1694444363913 0.0006230334783887681 391
1694444363942 0.00020039855856568423 392
1694444363974 0.00045434365922969455 393
1694444364005 0.0003120701629883982 394
1694444364037 0.00011446526449210292 395
1694444364068 0.00021486462847797316 396
1694444364099 0.00025108935201401117 397
1694444364130 0.00035692870777148666 398
1694444364165 0.00039896108812098596 399
1694444364196 0.0005499384440716959 400
1694444364230 0.0006249409302808706 401
1694444364263 0.0006066906595109112 402
1694444364293 0.0002602321605509328 403
1694444364324 0.00011915938206652488 404
1694444364357 0.00025940993441941895 405
1694444364389 0.00034059397676389214 406
1694444364421 0.0005964460023416551 407
1694444364452 0.0005491390017764441 408
1694444364483 0.0008880054871707177 409
1694444364515 0.0009500320612780833 410
1694444364547 0.0006236785416118273 411
1694444364578 2.9571710159825848e-05 412
1694444364608 0.000702052311703949 413
1694444364640 0.00036105336680647415 414
1694444364673 0.0004322441629187601 415
1694444364704 0.0003354188727014984 416
1694444364734 0.0005279750223242674 417
1694444364765 0.0002507447104760363 418
1694444364796 0.0002928455840566224 419
1694444364829 -1.9945079077654526e-05 420
1694444364860 0.00047838675172184875 421
1694444364889 0.0005468746369968747 422
1694444364921 4.663857373776725e-05 423
1694444364953 0.000916995700478318 424
1694444364985 0.0004383110879262464 425
1694444365016 0.00016160871351278416 426
1694444365046 0.0006992708923548863 427
1694444365077 0.0004676505258598418 428
1694444365108 0.0004699106593936131 429
1694444365140 0.000521769886063117 430
1694444365173 0.00014257232608860804 431
1694444365207 0.00013006090081602029 432
1694444365239 0.0002153288728011793 433
1694444365271 0.00037545918853121307 434
1694444365302 0.00032814139005454823 435
1694444365334 0.0007261358381956962 436
1694444365367 0.0003126940197795136 437
1694444365397 0.00044194589343427015 438
1694444365428 0.00023718839769582 439
1694444365457 0.00039500709361273145 440
1694444365488 0.0005436772773664833 441
1694444365519 0.0003094386525233084 442
1694444365551 0.0004929825285653333 443
1694444365583 0.0007939505721931139 444
1694444365614 0.0003150069537258826 445
1694444365645 0.00046813056315209156 446
1694444365678 0.00023317713866022327 447
1694444365708 0.00034137329467820443 448
1694444365740 0.0005712522833383193 449
1694444365771 0.0002539288844833898 450
1694444365803 0.0008571416213358773 451
1694444365836 0.0005127153212546309 452
1694444365871 0.0002883081397063725 453
1694444365902 0.0008547348613644479 454
1694444365935 0.00086646791767786 455
1694444365964 0.0006002704537830805 456
1694444365996 0.0005508451500894074 457
1694444366029 0.0002882217021522582 458
1694444366060 0.0004975213173402659 459
1694444366096 0.00043383574397803937 460
1694444366127 0.00013846062494504707 461
1694444366159 0.00015115279493949085 462
1694444366190 0.00020795556936914483 463
1694444366222 0.0003503381789080606 464
1694444366255 0.0003381217355119537 465
1694444366284 0.00025898741100061073 466
1694444366315 0.000419413388340506 467
1694444366347 2.5355144158578646e-05 468
1694444366379 0.0005257114926701112 469
1694444366408 0.0005851879639269253 470
1694444366440 0.0006212864989129097 471
1694444366472 0.0004914204784042253 472
1694444366505 0.00016975614952630114 473
1694444366538 0.0005652396431268247 474
1694444366570 0.0004722158501097029 475
1694444366602 0.0003578914119500842 476
1694444366633 0.000350486649392856 477
1694444366667 7.850932115172071e-05 478
1694444366701 0.00030639580572044967 479
1694444366734 0.00047127486484221937 480
1694444366765 0.0003603734254445934 481
1694444366796 0.00013676760189185178 482
1694444366827 0.00030029039357337695 483
1694444366858 0.0002187034491666351 484
1694444366889 0.0005111104272128575 485
1694444366921 0.00040628348111282353 486
1694444366954 0.0008598093094345227 487
1694444366986 0.0003901635389973457 488
1694444367019 0.00019090878437866277 489
1694444367050 0.0005138262917493419 490
1694444367082 0.0008612156816020233 491
1694444367112 0.0002763208525949912 492
1694444367147 0.00048127740242775996 493
1694444367180 0.000769957326447579 494
1694444367214 0.0005291841034607003 495
1694444367245 0.0001903046744935466 496
1694444367276 0.0006586889151150022 497
1694444367306 0.000464033121644003 498
1694444367339 0.00043077300927074624 499
