1694441127805 116.13373212626 0
1694441128148 34.493125973074115 1
1694441128455 17.812720493861573 2
1694441128797 9.366495022278567 3
1694441129167 5.08160552444605 4
1694441129459 3.3252642193241577 5
1694441129726 0.2793571505318486 6
1694441129990 2.2588673466756415 7
1694441130276 0.34194587201197724 8
1694441130599 0.19685233271589486 9
1694441130913 0.9537559716411339 10
1694441131232 0.047410459944635934 11
1694441131545 0.19103473613305438 12
1694441131824 0.09743235215285374 13
1694441132112 0.1841851760053922 14
1694441132394 0.3463460588697545 15
1694441132664 0.2317060421555549 16
1694441132956 0.2989017892334028 17
1694441133254 1.0472898934721062 18
1694441133567 0.011082320911719373 19
1694441133872 0.014607903741428615 20
1694441134183 0.0328705454063224 21
1694441134496 0.009021916875314822 22
1694441134798 0.0021339204142649605 23
1694441135091 0.23283313553664833 24
1694441135408 0.006699410798553846 25
1694441135669 0.01713497091591214 26
1694441135988 0.09443297679017253 27
1694441136328 2.739527405368437e-05 28
1694441136678 0.07417654347267183 29
1694441136959 0.1497119873099472 30
1694441137263 0.004114599086492861 31
1694441137563 0.13337530232692552 32
1694441137875 0.009233080794524035 33
1694441138138 0.10235667888750495 34
1694441138443 0.1525518965352882 35
1694441138749 0.009649743361822834 36
1694441139030 0.07678721596980491 37
1694441139344 0.3831057077291783 38
1694441139669 0.16195922949043523 39
1694441140065 0.19088926581182458 40
1694441140383 0.0661802974714001 41
1694441140690 0.009976393788013937 42
1694441140941 0.031636209605523574 43
1694441141194 0.009700815514415302 44
1694441141488 0.15226928020067898 45
1694441141798 0.19757621387864402 46
1694441142115 0.0004025562134763663 47
1694441142428 0.06782585091687922 48
1694441142684 0.0004180162624607734 49
1694441143007 0.0070550229255168205 50
1694441143286 0.2648172644450893 51
1694441143575 0.10190789485848324 52
1694441143867 0.05243970032172561 53
1694441144126 0.1792935345067685 54
1694441144393 0.8020043443226612 55
1694441144698 0.09811517026465492 56
1694441144987 0.0735943722481563 57
1694441145283 0.21331120911902823 58
1694441145575 0.019981023780190444 59
1694441145878 0.018605652364962474 60
1694441146131 0.0767080304217979 61
1694441146421 0.1137861507911946 62
1694441146689 0.009690211468160152 63
1694441146976 0.07981238339527229 64
1694441147281 0.07593606353973968 65
1694441147585 0.03908111089173338 66
1694441147837 0.367451467769292 67
1694441148126 0.2315193187789315 68
1694441148483 0.1499101156537548 69
1694441148790 0.11461701653389399 70
1694441149128 0.008404084246128854 71
1694441149449 0.15722914282984946 72
1694441149735 0.03131531588899016 73
1694441150030 0.0330170218905358 74
1694441150342 0.0006033839256501589 75
1694441150594 0.14624562249813713 76
1694441150915 0.15161081744290583 77
1694441151215 0.15090395754413125 78
1694441151538 0.11893954496751226 79
1694441151840 0.006019214474843805 80
1694441152123 0.07101138518140218 81
1694441152372 0.010112087214932253 82
1694441152635 1.4104637513938665 83
1694441152943 0.006074042148103132 84
1694441153251 0.6296806889566551 85
1694441153563 0.055702800511536386 86
1694441153892 0.17235659063573128 87
1694441154197 0.3674978525777572 88
1694441154526 0.1515388528825819 89
1694441154793 0.4343690975176969 90
1694441155101 0.1603728788106248 91
1694441155371 0.03784392492817259 92
1694441155690 0.15939764167589388 93
1694441156006 0.010075348838948733 94
1694441156269 0.18440205798013368 95
1694441156570 0.35895496448671976 96
1694441156879 0.26554649437966565 97
1694441157199 0.12897837732422351 98
1694441157481 0.034056947671477045 99
1694441157782 0.06423847140930052 100
1694441158083 0.4258752832067331 101
1694441158398 0.07898328666254434 102
1694441158686 0.04199846849279757 103
1694441159002 0.020490718747928977 104
1694441159254 0.05171692550714122 105
1694441159549 0.003280232807702877 106
1694441159864 0.1876186091001054 107
1694441160176 0.07553365540961755 108
1694441160521 0.0041598482403428965 109
1694441160852 0.06477777146305455 110
1694441161110 0.1775045753299754 111
1694441161405 0.00012202328974733885 112
1694441161724 0.041571211089520194 113
1694441162031 0.024508702882998838 114
1694441162313 0.001243048718730844 115
1694441162603 0.19574633205293776 116
1694441162925 0.10380696511249315 117
1694441163267 0.2590373840100961 118
1694441163619 0.2928439300193565 119
1694441163909 0.008567689814124764 120
1694441164199 0.006556464648119645 121
1694441164452 0.07572175522626538 122
1694441164728 0.07338304735466547 123
1694441165007 0.04065015554444001 124
1694441165288 0.6303299371839055 125
1694441165586 0.07326048881775848 126
1694441165842 0.002566100267871029 127
1694441166088 0.05038249303819317 128
1694441166388 0.34388488116589533 129
1694441166691 0.0837268360396038 130
1694441166991 0.10737784889989209 131
1694441167288 0.03245059250498823 132
1694441167610 0.03370775538844866 133
1694441167910 0.1485459213076921 134
1694441168243 0.03858231895370664 135
1694441168557 0.22219285872855687 136
1694441168872 0.18815889675181854 137
1694441169120 0.05226605220161976 138
1694441169376 0.040235065189272515 139
1694441169627 0.0006250212701535213 140
1694441169909 0.11851708190311734 141
1694441170236 0.3253165771936934 142
1694441170567 0.006842562309574732 143
1694441170832 0.06675777797600245 144
1694441171137 0.011679960645611985 145
1694441171417 0.012724512472968406 146
1694441171696 0.03434098681209751 147
1694441171953 0.09239236190811564 148
1694441172288 0.03372714182388316 149
1694441172607 0.4635484445420232 150
1694441172899 0.029900879061833002 151
1694441173177 0.3423838653143639 152
1694441173478 0.0032809174781562953 153
1694441173767 0.10497420010307584 154
1694441174027 0.08912700969113034 155
1694441174350 0.19602539458085577 156
1694441174673 0.5930510480320417 157
1694441174992 0.03331599335250609 158
1694441175318 0.00010270381632735667 159
1694441175646 0.10646649782595727 160
1694441175925 0.04161283047864513 161
1694441176257 0.00318516147689687 162
1694441176573 0.013631808827998616 163
1694441176899 1.0368693638114597 164
1694441177187 0.023360771920907783 165
1694441177446 0.024533695013673775 166
1694441177701 0.06130517202618006 167
1694441177957 0.0655171097161493 168
1694441178244 0.3677171185012888 169
1694441178535 0.08667895946836919 170
1694441178856 0.15236338185402867 171
1694441179132 0.6296734347424024 172
1694441179428 0.3302914931601808 173
1694441179740 0.17019051689306736 174
1694441180030 0.0005928963897661572 175
1694441180301 4.6801921553556435e-05 176
1694441180580 0.09026756882048526 177
1694441180899 0.09901038898593104 178
1694441181220 0.016946435424272297 179
1694441181502 0.3523048241344483 180
1694441181761 0.009019461105559462 181
1694441182034 0.07845067838762532 182
1694441182326 0.03352024213858159 183
1694441182609 0.39764388028712583 184
1694441182883 0.15187098380601172 185
1694441183128 0.037178365499364235 186
1694441183401 0.004262931775236458 187
1694441183707 0.0862075431902832 188
1694441184015 0.7165034643613035 189
1694441184326 0.2844821901857831 190
1694441184628 0.13575444477217036 191
1694441184938 0.08388816365385182 192
1694441185237 0.07479117856683715 193
1694441185508 0.02390867715155589 194
1694441185824 0.08151063523261129 195
1694441186081 0.00011900322977000604 196
1694441186389 0.08517147709459784 197
1694441186685 0.0006172542984476566 198
